0.00050111 0.27711162 0.58204588 0.3335578  0.34033719 0.36287842  0.51475587 0.44998219 0.44411745 0.38098864 0.50246853 0.45809662  0.4426108  0.41452704 0.4705883  0.46760634
0.00050111 0.27711162 0.58204588 0.3335578  0.34033719 0.36287842  0.51475587 0.44998219 0.44411745 0.38098864 0.50246853 0.45809662  0.4426108  0.41452704 0.4705883  0.46760634
0.00050111 0.27711162 0.58204588 0.3335578  0.34033719 0.36287842  0.51475587 0.44998219 0.44411745 0.38098864 0.50246853 0.45809662  0.4426108  0.41452704 0.4705883  0.46760634
0.00050111 0.27711162 0.58204588 0.3335578  0.34033719 0.36287842  0.51475587 0.44998219 0.44411745 0.38098864 0.50246853 0.45809662  0.4426108  0.41452704 0.4705883  0.46760634
0.00050111 0.27711162 0.58204588 0.3335578  0.34033719 0.36287842  0.51475587 0.44998219 0.44411745 0.38098864 0.50246853 0.45809662  0.4426108  0.41452704 0.4705883  0.46760634
0.00050111 0.27711162 0.58204588 0.3335578  0.34033719 0.36287842  0.51475587 0.44998219 0.44411745 0.38098864 0.50246853 0.45809662  0.4426108  0.41452704 0.4705883  0.46760634
0.00050111 0.27711162 0.58204588 0.3335578  0.34033719 0.36287842  0.51475587 0.44998219 0.44411745 0.38098864 0.50246853 0.45809662  0.4426108  0.41452704 0.4705883  0.46760634
0.00050111 0.27711162 0.58204588 0.3335578  0.34033719 0.36287842  0.51475587 0.44998219 0.44411745 0.38098864 0.50246853 0.45809662  0.4426108  0.41452704 0.4705883  0.46760634
0.00050111 0.27711162 0.58204588 0.3335578  0.34033719 0.36287842  0.51475587 0.44998219 0.44411745 0.38098864 0.50246853 0.45809662  0.4426108  0.41452704 0.4705883  0.46760634
0.00050111 0.27711162 0.58204588 0.3335578  0.34033719 0.36287842  0.51475587 0.44998219 0.44411745 0.38098864 0.50246853 0.45809662  0.4426108  0.41452704 0.4705883  0.46760634
0.00050111 0.27711162 0.58204588 0.3335578  0.34033719 0.36287842  0.51475587 0.44998219 0.44411745 0.38098864 0.50246853 0.45809662  0.4426108  0.41452704 0.4705883  0.46760634
0.00050111 0.27711162 0.58204588 0.3335578  0.34033719 0.36287842  0.51475587 0.44998219 0.44411745 0.38098864 0.50246853 0.45809662  0.4426108  0.41452704 0.4705883  0.46760634
0.00050111 0.27711162 0.58204588 0.3335578  0.34033719 0.36287842  0.51475587 0.44998219 0.44411745 0.38098864 0.50246853 0.45809662  0.4426108  0.41452704 0.4705883  0.46760634
0.00050111 0.27711162 0.58204588 0.3335578  0.34033719 0.36287842  0.51475587 0.44998219 0.44411745 0.38098864 0.50246853 0.45809662  0.4426108  0.41452704 0.4705883  0.46760634
0.00050111 0.27711162 0.58204588 0.3335578  0.34033719 0.36287842  0.51475587 0.44998219 0.44411745 0.38098864 0.50246853 0.45809662  0.4426108  0.41452704 0.4705883  0.46760634
0.00050111 0.27711162 0.58204588 0.3335578  0.34033719 0.36287842  0.51475587 0.44998219 0.44411745 0.38098864 0.50246853 0.45809662  0.4426108  0.41452704 0.4705883  0.46760634
0.01127263 0.27312044 0.56699535 0.39141017 0.23694552 0.39737547  0.44866587 0.45075845 0.41690237 0.39722444 0.48009993 0.47894387  0.47222712 0.42524697 0.45818264 0.47346974
0.02238699 0.26933158 0.55141352 0.44716364 0.13200308 0.43368392  0.38515266 0.45456251 0.39203695 0.41291259 0.4534861  0.49973982  0.50090471 0.43447086 0.45183801 0.48654995
0.02238699 0.26933158 0.55141352 0.44716364 0.13200308 0.43368392  0.38515266 0.45456251 0.39203695 0.41291259 0.4534861  0.49973982  0.50090471 0.43447086 0.45183801 0.48654995
0.02238699 0.26933158 0.55141352 0.44716364 0.13200308 0.43368392  0.38515266 0.45456251 0.39203695 0.41291259 0.4534861  0.49973982  0.50090471 0.43447086 0.45183801 0.48654995
0.07625376 0.24838614 0.45753117 0.5148986  0.14870998 0.39898578  0.44756061 0.40734793 0.45659483 0.44948942 0.57634522 0.49752454  0.42192154 0.45980837 0.4448313  0.4753452 
0.14768419 0.21828039 0.33290692 0.60011896 0.20344012 0.32284765  0.48761145 0.37200176 0.39087898 0.44397166 0.64603745 0.41775759  0.38515631 0.54271293 0.39860764 0.39749528
0.18384348 0.206233   0.27724386 0.62875865 0.20553323 0.31658638  0.52624513 0.35331123 0.45033218 0.46675093 0.67723952 0.431867  0.37242869 0.52566081 0.41597159 0.41105243
0.20122381 0.1982902  0.25403193 0.63236631 0.23342477 0.29234235  0.50573557 0.36952506 0.35351061 0.43871799 0.59417212 0.39063561  0.46244565 0.55411785 0.39345371 0.40435475
0.2204839  0.19174457 0.22081911 0.64822671 0.24413051 0.28462322  0.52565241 0.36143769 0.3829595  0.43871126 0.61171386 0.40733007  0.44466862 0.51428869 0.42371462 0.44563254
0.27485221 0.18518501 0.18469655 0.60089012 0.24974014 0.3133348  0.5805807  0.3840334  0.38699951 0.41323357 0.4505137  0.34376383  0.65075038 0.5524075  0.39945145 0.41247322
0.3689017  0.16541016 0.09851795 0.54297446 0.25404854 0.37430373  0.64271045 0.42061457 0.55977943 0.40580034 0.341507   0.45655439  0.73196953 0.39647503 0.47073927 0.51986619
0.44151099 0.17269902 0.1176569  0.39967639 0.20704364 0.46678128  0.70401597 0.44734202 0.57634093 0.41518552 0.29357104 0.4035191  0.71472687 0.53586364 0.3974028  0.38714195
0.57267386 0.66272197 0.10658932 0.4324501  0.20316061 0.52586879  0.73788964 0.43789627 0.37595694 0.10457133 0.41931935 0.31491441  0.50163331 0.35343525 0.39078237 0.43900618
0.69315104 0.84848448 0.19421056 0.39090639 0.25253904 0.49476615  0.49023978 0.40629729 0.43958339 0.34529884 0.45398449 0.31111346  0.50356119 0.33526253 0.21933502 0.33941869
0.7392358  0.86700038 0.24636501 0.37776484 0.25808894 0.43609103  0.46994751 0.39045783 0.33530257 0.42621215 0.42134524 0.40802298  0.41064343 0.24441251 0.37608133 0.37937373
0.80321562 0.88229396 0.36428775 0.37581559 0.27030792 0.37399778  0.33556023 0.29519035 0.42427884 0.57657401 0.41569608 0.28006037  0.36349355 0.31551521 0.38903601 0.55934616
0.80321562 0.88229396 0.36428775 0.37581559 0.27030792 0.37399778  0.33556023 0.29519035 0.42427884 0.57657401 0.41569608 0.28006037  0.36349355 0.31551521 0.38903601 0.55934616
0.83411583 0.886834   0.42655474 0.42848462 0.30956428 0.31495154  0.25825072 0.37881674 0.50085529 0.65676984 0.35018156 0.36056435  0.27952737 0.38804899 0.45110097 0.42634456
0.84516165 0.88540431 0.4596496  0.44926388 0.30464118 0.28800989  0.27511267 0.36854377 0.50226181 0.66318893 0.33837181 0.36693664  0.32059619 0.34002815 0.51608362 0.39378994
0.87155109 0.85634496 0.50807278 0.45113099 0.31604079 0.23817905  0.20824394 0.40002518 0.49508948 0.62908429 0.35812656 0.35628167  0.31491894 0.33823283 0.63102983 0.37321133
0.87155109 0.85634496 0.50807278 0.45113099 0.31604079 0.23817905  0.20824394 0.40002518 0.49508948 0.62908429 0.35812656 0.35628167  0.31491894 0.33823283 0.63102983 0.37321133
0.88439748 0.84968378 0.54102383 0.46134328 0.31604087 0.23090783  0.20069041 0.3855131  0.50840913 0.5886482  0.40067805 0.35115336  0.41810271 0.34032495 0.67385793 0.35634846
0.8803995  0.82092671 0.54710935 0.46076203 0.29671615 0.20078812  0.23454336 0.45151038 0.53526674 0.54180515 0.41092146 0.33172293  0.38875907 0.41204409 0.7069394  0.39376008
0.87775098 0.80216007 0.55142707 0.45672993 0.28718729 0.18526831  0.25479872 0.48232006 0.53224619 0.53957651 0.42110213 0.3533432  0.387188   0.46308532 0.72876902 0.41806562
0.86681375 0.74381254 0.54400428 0.41885555 0.23262354 0.17139135  0.3347432  0.53888737 0.47321885 0.44096521 0.50037677 0.29866817  0.37073035 0.30974516 0.57997456 0.52166973
0.8578957  0.6854712  0.55634991 0.40921962 0.20586083 0.12662721  0.38673249 0.61491352 0.47772395 0.44353058 0.52166017 0.3275316  0.37378741 0.38974671 0.56684151 0.59949883
0.86203889 0.64661368 0.57838403 0.39143903 0.19831508 0.12094594  0.36825419 0.5922366  0.48328633 0.38554215 0.60870516 0.32138828  0.50658825 0.36696819 0.54838928 0.60803045
0.84016115 0.51808486 0.60307737 0.37026909 0.15550743 0.0598826  0.43628243 0.66296543 0.48428042 0.46188066 0.60856612 0.37415338  0.54459993 0.40614226 0.46840523 0.66303498
0.82627046 0.48396967 0.57110085 0.3154067  0.13564713 0.10397293  0.47143926 0.62804374 0.38854213 0.42155869 0.66750467 0.38722437  0.50861734 0.38415231 0.45161282 0.77456496
0.81641267 0.43285942 0.58412811 0.31937718 0.13486156 0.07609794  0.45557862 0.62446721 0.44641071 0.48400303 0.63366336 0.3374373  0.55045352 0.34938063 0.3458822  0.74106124
0.8046408  0.3726106  0.5866688  0.29653456 0.11762334 0.07481928  0.4935624  0.61647714 0.39877363 0.52284516 0.64986531 0.3841404  0.58606671 0.31080277 0.314305   0.73608731
0.81484005 0.36259582 0.61745667 0.31723533 0.12541965 0.08687142  0.50160515 0.58217575 0.41228207 0.46297057 0.61417358 0.39330991  0.55081285 0.35673601 0.30205195 0.83759319
0.82421071 0.34303406 0.65032294 0.34061965 0.14940301 0.09299645  0.46035361 0.57512793 0.44465252 0.41140199 0.65600167 0.44743642  0.64379571 0.38349905 0.36695403 0.68181667
0.83421134 0.3309006  0.67885707 0.3613414  0.16358818 0.11472613  0.45756649 0.54616485 0.4590528  0.33165898 0.642018   0.47215422  0.61786891 0.43075343 0.32656448 0.7892252 
0.82922342 0.30534107 0.68318282 0.35894398 0.1621272  0.11063076  0.45740954 0.53820173 0.46763371 0.36501791 0.62765557 0.47578247  0.64437491 0.42938079 0.31850887 0.75124413
0.83279817 0.27354349 0.71666184 0.38281822 0.16996894 0.11329684  0.4649396  0.48387727 0.49786397 0.35582662 0.54277363 0.46448843  0.61047533 0.43928128 0.30540887 0.77436279
0.84130942 0.2607417  0.74052959 0.40504617 0.19165967 0.14464516  0.45699794 0.46253244 0.49389253 0.27182035 0.5499219  0.50386103  0.58628407 0.45978354 0.23604742 0.83555529
0.84130942 0.2607417  0.74052959 0.40504617 0.19165967 0.14464516  0.45699794 0.46253244 0.49389253 0.27182035 0.5499219  0.50386103  0.58628407 0.45978354 0.23604742 0.83555529
0.84130942 0.2607417  0.74052959 0.40504617 0.19165967 0.14464516  0.45699794 0.46253244 0.49389253 0.27182035 0.5499219  0.50386103  0.58628407 0.45978354 0.23604742 0.83555529
0.83481594 0.23358653 0.74432772 0.40490188 0.19805588 0.14943903  0.43980769 0.43257184 0.50765732 0.3076802  0.52149907 0.48440413  0.58202259 0.44145359 0.23804203 0.79189313
0.83535434 0.20459441 0.76196545 0.40824723 0.18363511 0.14388131  0.50363566 0.44747861 0.44705777 0.32015519 0.52933958 0.5694235  0.60131935 0.37392462 0.24288225 0.7112544 
0.83535434 0.20459441 0.76196545 0.40824723 0.18363511 0.14388131  0.50363566 0.44747861 0.44705777 0.32015519 0.52933958 0.5694235  0.60131935 0.37392462 0.24288225 0.7112544 
0.83535434 0.20459441 0.76196545 0.40824723 0.18363511 0.14388131  0.50363566 0.44747861 0.44705777 0.32015519 0.52933958 0.5694235  0.60131935 0.37392462 0.24288225 0.7112544 
0.8305991  0.18265819 0.76031471 0.40000134 0.17954616 0.15718962  0.52436917 0.43572712 0.42184176 0.32447146 0.52264757 0.59513862  0.59819065 0.38428551 0.28281215 0.68035807
0.8305991  0.18265819 0.76031471 0.40000134 0.17954616 0.15718962  0.52436917 0.43572712 0.42184176 0.32447146 0.52264757 0.59513862  0.59819065 0.38428551 0.28281215 0.68035807
0.8305991  0.18265819 0.76031471 0.40000134 0.17954616 0.15718962  0.52436917 0.43572712 0.42184176 0.32447146 0.52264757 0.59513862  0.59819065 0.38428551 0.28281215 0.68035807
0.79609954 0.09652358 0.70765103 0.33711952 0.19478103 0.29150169  0.48731071 0.26446116 0.38066193 0.27846598 0.4965862  0.46868425  0.53465973 0.38420942 0.51358836 0.61086286
0.78668174 0.10360531 0.67713848 0.31365739 0.18921241 0.28741257  0.46883709 0.29927861 0.37467411 0.3162536  0.55543501 0.45889091  0.59782473 0.3562786  0.50293035 0.54618446
0.7645811  0.10060329 0.61428149 0.27665648 0.20130402 0.35075803  0.43576467 0.32237643 0.37674773 0.27614808 0.6056288  0.44389763  0.58762353 0.46173973 0.42984453 0.53250767
0.70064017 0.12090885 0.45129295 0.18200373 0.18558033 0.35824606  0.37707157 0.42825776 0.3828329  0.49250709 0.67421835 0.36749945  0.66371848 0.45323243 0.5281561  0.222463  
0.67497344 0.11581292 0.39255455 0.17373779 0.20713857 0.4156756  0.35314976 0.45765909 0.40437473 0.42879977 0.67861839 0.39122679  0.66143188 0.51670295 0.51068233 0.16573552
0.58590304 0.10549749 0.24256381 0.23894365 0.28851075 0.47066428  0.2748509  0.54548222 0.53256087 0.35918434 0.54839078 0.55182093  0.62080536 0.46506264 0.43063139 0.19463378
0.49297567 0.12166865 0.12815591 0.33874438 0.31160287 0.41650551  0.33542551 0.55090136 0.52272779 0.44612643 0.32228069 0.60554698  0.42667379 0.31626354 0.5097762  0.46816852
0.41944686 0.12122631 0.12252555 0.47675681 0.34860778 0.31286105  0.29646444 0.51438891 0.43060328 0.43280917 0.39076693 0.61033263  0.37959789 0.2484914  0.57164468 0.56784444
0.29165091 0.15763251 0.19269931 0.57465481 0.33313992 0.25312436  0.34815208 0.46278993 0.21650869 0.38296034 0.37397347 0.45791105  0.53829238 0.39862329 0.52522056 0.54357619
0.18370093 0.20124065 0.30841648 0.55544077 0.28912166 0.27626255  0.36732095 0.45800836 0.10181425 0.35259877 0.34495793 0.37450084  0.61631684 0.52249546 0.4384309  0.45178698
0.11080928 0.23061438 0.40438823 0.52741425 0.23571848 0.31991557  0.37683614 0.45653864 0.12078233 0.34353018 0.32056438 0.33881646  0.69270755 0.56637755 0.37271161 0.42463697
0.05740721 0.25343865 0.48450996 0.50155395 0.16024487 0.38738886  0.40164818 0.43198229 0.3318991  0.40981994 0.48410729 0.44422426  0.50244522 0.50261115 0.4218663  0.4387413 
0.02238699 0.26933158 0.55141352 0.44716364 0.13200308 0.43368392  0.38515266 0.45456251 0.39203695 0.41291259 0.4534861  0.49973982  0.50090471 0.43447086 0.45183801 0.48654995
0.02238699 0.26933158 0.55141352 0.44716364 0.13200308 0.43368392  0.38515266 0.45456251 0.39203695 0.41291259 0.4534861  0.49973982  0.50090471 0.43447086 0.45183801 0.48654995
0.01127263 0.27312044 0.56699535 0.39141017 0.23694552 0.39737547  0.44866587 0.45075845 0.41690237 0.39722444 0.48009993 0.47894387  0.47222712 0.42524697 0.45818264 0.47346974
0.01127263 0.27312044 0.56699535 0.39141017 0.23694552 0.39737547  0.44866587 0.45075845 0.41690237 0.39722444 0.48009993 0.47894387  0.47222712 0.42524697 0.45818264 0.47346974
0.01127263 0.27312044 0.56699535 0.39141017 0.23694552 0.39737547  0.44866587 0.45075845 0.41690237 0.39722444 0.48009993 0.47894387  0.47222712 0.42524697 0.45818264 0.47346974
0.01127263 0.27312044 0.56699535 0.39141017 0.23694552 0.39737547  0.44866587 0.45075845 0.41690237 0.39722444 0.48009993 0.47894387  0.47222712 0.42524697 0.45818264 0.47346974
0.01127263 0.27312044 0.56699535 0.39141017 0.23694552 0.39737547  0.44866587 0.45075845 0.41690237 0.39722444 0.48009993 0.47894387  0.47222712 0.42524697 0.45818264 0.47346974
0.00050111 0.27711162 0.58204588 0.3335578  0.34033719 0.36287842  0.51475587 0.44998219 0.44411745 0.38098864 0.50246853 0.45809662  0.4426108  0.41452704 0.4705883  0.46760634
0.00050111 0.27711162 0.58204588 0.3335578  0.34033719 0.36287842  0.51475587 0.44998219 0.44411745 0.38098864 0.50246853 0.45809662  0.4426108  0.41452704 0.4705883  0.46760634
0.00050111 0.27711162 0.58204588 0.3335578  0.34033719 0.36287842  0.51475587 0.44998219 0.44411745 0.38098864 0.50246853 0.45809662  0.4426108  0.41452704 0.4705883  0.46760634
0.00050111 0.27711162 0.58204588 0.3335578  0.34033719 0.36287842  0.51475587 0.44998219 0.44411745 0.38098864 0.50246853 0.45809662  0.4426108  0.41452704 0.4705883  0.46760634
0.00050111 0.27711162 0.58204588 0.3335578  0.34033719 0.36287842  0.51475587 0.44998219 0.44411745 0.38098864 0.50246853 0.45809662  0.4426108  0.41452704 0.4705883  0.46760634
0.00050111 0.27711162 0.58204588 0.3335578  0.34033719 0.36287842  0.51475587 0.44998219 0.44411745 0.38098864 0.50246853 0.45809662  0.4426108  0.41452704 0.4705883  0.46760634
0.00050111 0.27711162 0.58204588 0.3335578  0.34033719 0.36287842  0.51475587 0.44998219 0.44411745 0.38098864 0.50246853 0.45809662  0.4426108  0.41452704 0.4705883  0.46760634
0.00050111 0.27711162 0.58204588 0.3335578  0.34033719 0.36287842  0.51475587 0.44998219 0.44411745 0.38098864 0.50246853 0.45809662  0.4426108  0.41452704 0.4705883  0.46760634
0.00050111 0.27711162 0.58204588 0.3335578  0.34033719 0.36287842  0.51475587 0.44998219 0.44411745 0.38098864 0.50246853 0.45809662  0.4426108  0.41452704 0.4705883  0.46760634
0.00050111 0.27711162 0.58204588 0.3335578  0.34033719 0.36287842  0.51475587 0.44998219 0.44411745 0.38098864 0.50246853 0.45809662  0.4426108  0.41452704 0.4705883  0.46760634
0.00050111 0.27711162 0.58204588 0.3335578  0.34033719 0.36287842  0.51475587 0.44998219 0.44411745 0.38098864 0.50246853 0.45809662  0.4426108  0.41452704 0.4705883  0.46760634
0.00050111 0.27711162 0.58204588 0.3335578  0.34033719 0.36287842  0.51475587 0.44998219 0.44411745 0.38098864 0.50246853 0.45809662  0.4426108  0.41452704 0.4705883  0.46760634
0.00050111 0.27711162 0.58204588 0.3335578  0.34033719 0.36287842  0.51475587 0.44998219 0.44411745 0.38098864 0.50246853 0.45809662  0.4426108  0.41452704 0.4705883  0.46760634
0.00050111 0.27711162 0.58204588 0.3335578  0.34033719 0.36287842  0.51475587 0.44998219 0.44411745 0.38098864 0.50246853 0.45809662  0.4426108  0.41452704 0.4705883  0.46760634
0.00050111 0.27711162 0.58204588 0.3335578  0.34033719 0.36287842  0.51475587 0.44998219 0.44411745 0.38098864 0.50246853 0.45809662  0.4426108  0.41452704 0.4705883  0.46760634
0.00050111 0.27711162 0.58204588 0.3335578  0.34033719 0.36287842  0.51475587 0.44998219 0.44411745 0.38098864 0.50246853 0.45809662  0.4426108  0.41452704 0.4705883  0.46760634
0.00050111 0.27711162 0.58204588 0.3335578  0.34033719 0.36287842  0.51475587 0.44998219 0.44411745 0.38098864 0.50246853 0.45809662  0.4426108  0.41452704 0.4705883  0.46760634
0.00050111 0.27711162 0.58204588 0.3335578  0.34033719 0.36287842  0.51475587 0.44998219 0.44411745 0.38098864 0.50246853 0.45809662  0.4426108  0.41452704 0.4705883  0.46760634
0.00050111 0.27711162 0.58204588 0.3335578  0.34033719 0.36287842  0.51475587 0.44998219 0.44411745 0.38098864 0.50246853 0.45809662  0.4426108  0.41452704 0.4705883  0.46760634
