0.00050111 0.27711162 0.58204588 0.3335578  0.34033719 0.36287842  0.51475587 0.44998219 0.44411745 0.38098864 0.50246853 0.45809662  0.4426108  0.41452704 0.4705883  0.46760634
0.00050111 0.27711162 0.58204588 0.3335578  0.34033719 0.36287842  0.51475587 0.44998219 0.44411745 0.38098864 0.50246853 0.45809662  0.4426108  0.41452704 0.4705883  0.46760634
0.00050111 0.27711162 0.58204588 0.3335578  0.34033719 0.36287842  0.51475587 0.44998219 0.44411745 0.38098864 0.50246853 0.45809662  0.4426108  0.41452704 0.4705883  0.46760634
0.00050111 0.27711162 0.58204588 0.3335578  0.34033719 0.36287842  0.51475587 0.44998219 0.44411745 0.38098864 0.50246853 0.45809662  0.4426108  0.41452704 0.4705883  0.46760634
0.00050111 0.27711162 0.58204588 0.3335578  0.34033719 0.36287842  0.51475587 0.44998219 0.44411745 0.38098864 0.50246853 0.45809662  0.4426108  0.41452704 0.4705883  0.46760634
0.00050111 0.27711162 0.58204588 0.3335578  0.34033719 0.36287842  0.51475587 0.44998219 0.44411745 0.38098864 0.50246853 0.45809662  0.4426108  0.41452704 0.4705883  0.46760634
0.00050111 0.27711162 0.58204588 0.3335578  0.34033719 0.36287842  0.51475587 0.44998219 0.44411745 0.38098864 0.50246853 0.45809662  0.4426108  0.41452704 0.4705883  0.46760634
0.00050111 0.27711162 0.58204588 0.3335578  0.34033719 0.36287842  0.51475587 0.44998219 0.44411745 0.38098864 0.50246853 0.45809662  0.4426108  0.41452704 0.4705883  0.46760634
0.00050111 0.27711162 0.58204588 0.3335578  0.34033719 0.36287842  0.51475587 0.44998219 0.44411745 0.38098864 0.50246853 0.45809662  0.4426108  0.41452704 0.4705883  0.46760634
0.00050111 0.27711162 0.58204588 0.3335578  0.34033719 0.36287842  0.51475587 0.44998219 0.44411745 0.38098864 0.50246853 0.45809662  0.4426108  0.41452704 0.4705883  0.46760634
0.00050111 0.27711162 0.58204588 0.3335578  0.34033719 0.36287842  0.51475587 0.44998219 0.44411745 0.38098864 0.50246853 0.45809662  0.4426108  0.41452704 0.4705883  0.46760634
0.00050111 0.27711162 0.58204588 0.3335578  0.34033719 0.36287842  0.51475587 0.44998219 0.44411745 0.38098864 0.50246853 0.45809662  0.4426108  0.41452704 0.4705883  0.46760634
0.00050111 0.27711162 0.58204588 0.3335578  0.34033719 0.36287842  0.51475587 0.44998219 0.44411745 0.38098864 0.50246853 0.45809662  0.4426108  0.41452704 0.4705883  0.46760634
0.00050111 0.27711162 0.58204588 0.3335578  0.34033719 0.36287842  0.51475587 0.44998219 0.44411745 0.38098864 0.50246853 0.45809662  0.4426108  0.41452704 0.4705883  0.46760634
0.00050111 0.27711162 0.58204588 0.3335578  0.34033719 0.36287842  0.51475587 0.44998219 0.44411745 0.38098864 0.50246853 0.45809662  0.4426108  0.41452704 0.4705883  0.46760634
0.00050111 0.27711162 0.58204588 0.3335578  0.34033719 0.36287842  0.51475587 0.44998219 0.44411745 0.38098864 0.50246853 0.45809662  0.4426108  0.41452704 0.4705883  0.46760634
0.00050111 0.27711162 0.58204588 0.3335578  0.34033719 0.36287842  0.51475587 0.44998219 0.44411745 0.38098864 0.50246853 0.45809662  0.4426108  0.41452704 0.4705883  0.46760634
0.00050111 0.27711162 0.58204588 0.3335578  0.34033719 0.36287842  0.51475587 0.44998219 0.44411745 0.38098864 0.50246853 0.45809662  0.4426108  0.41452704 0.4705883  0.46760634
0.00050111 0.27711162 0.58204588 0.3335578  0.34033719 0.36287842  0.51475587 0.44998219 0.44411745 0.38098864 0.50246853 0.45809662  0.4426108  0.41452704 0.4705883  0.46760634
0.00050111 0.27711162 0.58204588 0.3335578  0.34033719 0.36287842  0.51475587 0.44998219 0.44411745 0.38098864 0.50246853 0.45809662  0.4426108  0.41452704 0.4705883  0.46760634
0.00050111 0.27711162 0.58204588 0.3335578  0.34033719 0.36287842  0.51475587 0.44998219 0.44411745 0.38098864 0.50246853 0.45809662  0.4426108  0.41452704 0.4705883  0.46760634
0.00050111 0.27711162 0.58204588 0.3335578  0.34033719 0.36287842  0.51475587 0.44998219 0.44411745 0.38098864 0.50246853 0.45809662  0.4426108  0.41452704 0.4705883  0.46760634
0.01848443 0.27067554 0.55278576 0.35594356 0.33635368 0.35871604  0.53989411 0.43022316 0.49461022 0.40436763 0.57392311 0.47506277  0.37863999 0.42110577 0.46676566 0.45200861
0.03653717 0.26385409 0.52424377 0.37510461 0.33905072 0.35023992  0.55665428 0.41642285 0.52967411 0.42001692 0.63685113 0.48711237  0.30622413 0.42172199 0.46300527 0.43389076
0.07148256 0.24823091 0.45738219 0.43305937 0.35433946 0.3125591  0.57524445 0.38662416 0.51123864 0.43834121 0.71103791 0.46611577  0.24458141 0.47363844 0.44492146 0.38045455
0.14451279 0.22206916 0.3409053  0.48822146 0.39915889 0.27003801  0.65252512 0.35721184 0.54447837 0.44049703 0.719726   0.42180734  0.30741146 0.46833363 0.45098605 0.42101938
0.14451279 0.22206916 0.3409053  0.48822146 0.39915889 0.27003801  0.65252512 0.35721184 0.54447837 0.44049703 0.719726   0.42180734  0.30741146 0.46833363 0.45098605 0.42101938
0.2373652  0.32809241 0.23771709 0.47281634 0.43146344 0.39114258  0.72360773 0.2210692  0.51240073 0.47512607 0.7381559  0.56763167  0.40728849 0.51231104 0.61652742 0.31642019
0.28764569 0.50999579 0.1698911  0.47002396 0.54308802 0.48274052  0.71659771 0.04318954 0.31403491 0.62354706 0.81491499 0.91139551  0.57581381 0.57217406 0.5958984  0.47402813
0.4906333  0.61421703 0.08744365 0.28890158 0.54630942 0.58199395  0.82106798 0.11531384 0.19602695 0.49297426 0.52057585 0.79591675  0.81614554 0.55810317 0.50365656 0.45251381
0.53262355 0.66627865 0.09694998 0.25142505 0.53882094 0.61155167  0.82137014 0.1009351  0.19885908 0.46105493 0.48668783 0.72549031  0.74805156 0.49639946 0.48911711 0.4593782 
0.56162443 0.77036475 0.10786061 0.28171957 0.53330275 0.56958059  0.81624939 0.14510348 0.2293062  0.41744004 0.48319993 0.66200246  0.72286545 0.38330967 0.28256575 0.4785339 
0.58667141 0.86568973 0.13407077 0.33783009 0.55171422 0.47866465  0.73866601 0.22497776 0.36262072 0.46247262 0.4728263  0.611645  0.77190704 0.38654555 0.08813797 0.54770743
0.70654961 0.87744385 0.2083924  0.34893908 0.30804775 0.52391382  0.53775512 0.22840134 0.2492848  0.62418562 0.49615503 0.60920224  0.72008321 0.35249546 0.08402624 0.44639447
0.73563648 0.87400954 0.23549865 0.33895363 0.31878549 0.48449361  0.49667578 0.24368347 0.20649081 0.66160006 0.43966713 0.66935056  0.62173254 0.26494773 0.13914449 0.48531956
0.76489808 0.86669381 0.29355141 0.32264798 0.30645843 0.4593005  0.46530934 0.19241256 0.2211998  0.71344894 0.47293243 0.585338  0.6239083  0.29701546 0.10607255 0.60936113
0.79922771 0.8851145  0.35290224 0.33501302 0.31900782 0.40774373  0.37140813 0.17603272 0.3126158  0.7802429  0.45480448 0.50272551  0.59875489 0.31392483 0.12949776 0.66804097
0.79922771 0.8851145  0.35290224 0.33501302 0.31900782 0.40774373  0.37140813 0.17603272 0.3126158  0.7802429  0.45480448 0.50272551  0.59875489 0.31392483 0.12949776 0.66804097
0.81558785 0.87318349 0.36709462 0.31493859 0.33651772 0.39473081  0.28791631 0.1895261  0.31289353 0.79891047 0.47777069 0.50665258  0.53656814 0.29337271 0.13103591 0.67504127
0.82663367 0.8717538  0.40018948 0.33571784 0.33159462 0.36778916  0.30477825 0.17925312 0.31430005 0.80532956 0.46596094 0.51302487  0.57763697 0.24535186 0.19601856 0.64248665
0.82454617 0.85905142 0.39946036 0.32418686 0.32312556 0.36712616  0.32832648 0.18439609 0.27550644 0.80908074 0.48956873 0.5535685  0.57907827 0.23286226 0.18330119 0.67540197
0.82098196 0.8452767  0.39277761 0.3111225  0.3168113  0.38763331  0.35098459 0.16704178 0.23757852 0.78670174 0.49481739 0.55944  0.54684465 0.19646587 0.16873708 0.67781257
0.8291691  0.81946209 0.42614694 0.31757853 0.29837203 0.36983506  0.38870326 0.16553053 0.21225013 0.74459093 0.51711044 0.57242028  0.5827209  0.16468365 0.26234125 0.66360107
0.79837755 0.78494495 0.35838805 0.26108844 0.29762703 0.42868591  0.3948148  0.17270083 0.14895462 0.77037042 0.52883811 0.6311688  0.45512875 0.2238471  0.16919576 0.6996527 
0.79504312 0.76007218 0.36166682 0.25391024 0.27343288 0.41422696  0.42442892 0.21999308 0.1342766  0.72014182 0.55091469 0.626847  0.40455657 0.23394109 0.23020152 0.72056864
0.78424716 0.68292625 0.36754502 0.24050274 0.20333195 0.39650173  0.48984016 0.31250366 0.08015928 0.61189023 0.58645151 0.60730871  0.27356508 0.21665635 0.41262052 0.69921876
0.68125341 0.27574989 0.35161159 0.16999376 0.1206589  0.35655395  0.58473701 0.50039819 0.2669385  0.5601588  0.54512626 0.38472232  0.25040195 0.44909646 0.3880129  0.54085469
0.65776159 0.22749257 0.3310266  0.1713829  0.12555496 0.35714967  0.58296654 0.52840107 0.30429715 0.59342034 0.51737007 0.40140415  0.30960634 0.42611889 0.32074968 0.41377833
0.65191854 0.20277672 0.33399307 0.171795   0.12782809 0.35572664  0.57202299 0.50889406 0.32853958 0.62201667 0.49133693 0.38031677  0.33887175 0.40808855 0.29699167 0.37221859
0.64964491 0.14548724 0.3303658  0.14997115 0.17570208 0.38260073  0.43025599 0.4688315  0.34323594 0.64929914 0.47910976 0.34618896  0.31832906 0.46034981 0.45470181 0.32285684
0.63788485 0.1383785  0.30278187 0.13991844 0.18879239 0.42027147  0.40411394 0.46651656 0.36592461 0.61180615 0.48364775 0.33091252  0.3108447  0.53080245 0.43871047 0.34108638
0.63788485 0.1383785  0.30278187 0.13991844 0.18879239 0.42027147  0.40411394 0.46651656 0.36592461 0.61180615 0.48364775 0.33091252  0.3108447  0.53080245 0.43871047 0.34108638
0.63788485 0.1383785  0.30278187 0.13991844 0.18879239 0.42027147  0.40411394 0.46651656 0.36592461 0.61180615 0.48364775 0.33091252  0.3108447  0.53080245 0.43871047 0.34108638
0.65179154 0.13636569 0.33393634 0.13813167 0.18032447 0.40051268  0.40189369 0.43480029 0.36707145 0.63802047 0.48378569 0.29190874  0.30564694 0.53778458 0.4401929  0.41604341
0.65179154 0.13636569 0.33393634 0.13813167 0.18032447 0.40051268  0.40189369 0.43480029 0.36707145 0.63802047 0.48378569 0.29190874  0.30564694 0.53778458 0.4401929  0.41604341
0.65179154 0.13636569 0.33393634 0.13813167 0.18032447 0.40051268  0.40189369 0.43480029 0.36707145 0.63802047 0.48378569 0.29190874  0.30564694 0.53778458 0.4401929  0.41604341
0.66408375 0.13614559 0.3664064  0.14878205 0.17225997 0.37132135  0.41417801 0.40667991 0.36435445 0.66435884 0.45506311 0.27493129  0.28343846 0.51099775 0.47549009 0.48597151
0.66408375 0.13614559 0.3664064  0.14878205 0.17225997 0.37132135  0.41417801 0.40667991 0.36435445 0.66435884 0.45506311 0.27493129  0.28343846 0.51099775 0.47549009 0.48597151
0.68869019 0.13659315 0.42694139 0.16904707 0.15916974 0.32637938  0.43276654 0.39448277 0.35498542 0.66141574 0.49307661 0.28507942  0.39410658 0.44263723 0.53430953 0.45087909
0.75510365 0.11085129 0.61544756 0.27653425 0.16222594 0.2598809  0.48203143 0.28255103 0.39287553 0.52468991 0.4274981  0.33370054  0.49885221 0.38601204 0.69531742 0.56250773
0.76510428 0.09871782 0.6439817  0.297256   0.17641111 0.28161057  0.47924431 0.25358796 0.40727581 0.4449469  0.41351442 0.35841834  0.47292541 0.43326642 0.65492787 0.66991626
0.7761744  0.11754782 0.65725119 0.30038737 0.1596926  0.25558926  0.51895107 0.27701772 0.37579779 0.44060763 0.40774607 0.38349601  0.43541585 0.38100899 0.57915697 0.65917899
0.7761744  0.11754782 0.65725119 0.30038737 0.1596926  0.25558926  0.51895107 0.27701772 0.37579779 0.44060763 0.40774607 0.38349601  0.43541585 0.38100899 0.57915697 0.65917899
0.7761744  0.11754782 0.65725119 0.30038737 0.1596926  0.25558926  0.51895107 0.27701772 0.37579779 0.44060763 0.40774607 0.38349601  0.43541585 0.38100899 0.57915697 0.65917899
0.7761744  0.11754782 0.65725119 0.30038737 0.1596926  0.25558926  0.51895107 0.27701772 0.37579779 0.44060763 0.40774607 0.38349601  0.43541585 0.38100899 0.57915697 0.65917899
0.79999713 0.10689243 0.72834935 0.37167226 0.18953242 0.2610132  0.53983469 0.30714894 0.38320246 0.38324262 0.41632311 0.48798161  0.48781741 0.3231485  0.5536703  0.41337055
0.80850838 0.09409065 0.7522171  0.39390021 0.21122316 0.29236152  0.53189302 0.28580412 0.37923102 0.29923635 0.42347138 0.52735421  0.46362614 0.34365076 0.48430884 0.47456305
0.80850838 0.09409065 0.7522171  0.39390021 0.21122316 0.29236152  0.53189302 0.28580412 0.37923102 0.29923635 0.42347138 0.52735421  0.46362614 0.34365076 0.48430884 0.47456305
0.80850838 0.09409065 0.7522171  0.39390021 0.21122316 0.29236152  0.53189302 0.28580412 0.37923102 0.29923635 0.42347138 0.52735421  0.46362614 0.34365076 0.48430884 0.47456305
0.81328183 0.08714018 0.77040648 0.42027546 0.22796484 0.32813125  0.55512242 0.28613431 0.35877981 0.28917236 0.40584111 0.54066232  0.4118615  0.31258487 0.43125303 0.42963657
0.80221172 0.06831017 0.75713698 0.41714409 0.24468335 0.35415256  0.51541565 0.26270455 0.39025784 0.29351163 0.41160946 0.51558465  0.44937106 0.36484231 0.50702393 0.44037384
0.80221172 0.06831017 0.75713698 0.41714409 0.24468335 0.35415256  0.51541565 0.26270455 0.39025784 0.29351163 0.41160946 0.51558465  0.44937106 0.36484231 0.50702393 0.44037384
0.79477835 0.0650215  0.73222554 0.38726121 0.24109607 0.37785919  0.49983903 0.2382304  0.37287901 0.27146498 0.44363475 0.47734048  0.44473248 0.37926224 0.49971969 0.5221616 
0.79477835 0.0650215  0.73222554 0.38726121 0.24109607 0.37785919  0.49983903 0.2382304  0.37287901 0.27146498 0.44363475 0.47734048  0.44473248 0.37926224 0.49971969 0.5221616 
0.78502942 0.07769357 0.69438153 0.33398815 0.21149953 0.317523  0.44760394 0.2410314  0.41213996 0.28280525 0.50235455 0.44360657  0.57216928 0.43646686 0.58935925 0.62160013
0.76221455 0.06615311 0.63703548 0.30771378 0.23175835 0.39159755  0.4052514  0.2515413  0.43830876 0.21162582 0.54527657 0.41970912  0.59555255 0.56435979 0.56526474 0.59359826
0.75116873 0.06758281 0.60394062 0.28693453 0.23668145 0.4185392  0.38838946 0.26181428 0.43690224 0.20520674 0.55708632 0.41333684  0.55448373 0.61238063 0.50028209 0.62615288
0.7134701  0.06829838 0.50772438 0.25880806 0.26367765 0.49499944  0.34564551 0.32314299 0.46435972 0.158838   0.5688716  0.45096922  0.49757083 0.70904913 0.36148484 0.58063805
0.6404056  0.08252926 0.35309728 0.23033938 0.28358441 0.48234387  0.24043476 0.47006937 0.54747743 0.2915565  0.64878005 0.48491748  0.69949307 0.58882321 0.38669743 0.31550538
0.52357303 0.10564153 0.19398654 0.2993573  0.3177598  0.39404865  0.18916595 0.52389333 0.50301725 0.51205763 0.46994467 0.53751872  0.33551527 0.35257499 0.41211928 0.54837181
0.49113928 0.11143077 0.1493332  0.34466606 0.33187221 0.38632671  0.23323009 0.54997141 0.50090256 0.4670398  0.39641779 0.61160235  0.33782014 0.28428891 0.47909156 0.52586788
0.43517736 0.11175129 0.16057009 0.43965391 0.36047917 0.30339107  0.17107831 0.52130562 0.3858862  0.4612768  0.49141056 0.60827024  0.24223982 0.26285454 0.50761473 0.566131  
0.35256083 0.13505463 0.19017806 0.44543963 0.46965316 0.23054554  0.28610822 0.51076441 0.29215931 0.39504327 0.43242428 0.53965224  0.30980298 0.28753985 0.56160241 0.53849523
0.20455319 0.18029108 0.35930764 0.44695094 0.42647242 0.22305259  0.23263179 0.50112561 0.10197733 0.36571334 0.38301301 0.40443646  0.44090288 0.46206902 0.47386702 0.4392273 
0.09920964 0.23429617 0.41779423 0.48389381 0.32166291 0.29145416  0.44059997 0.44029539 0.1902789  0.3567275  0.41001761 0.35884456  0.58126269 0.55080136 0.39158783 0.39735427
0.08183966 0.24208254 0.45078133 0.45339799 0.31990751 0.30709704  0.4351821  0.4559948  0.1906422  0.3409806  0.35995607 0.35590913  0.6377226  0.52964183 0.39596411 0.43189239
0.04681944 0.25797547 0.51768489 0.39900768 0.29166572 0.3533921  0.41868658 0.47857502 0.25078006 0.34407325 0.32933488 0.41142469  0.63618209 0.46150154 0.42593582 0.47970104
0.02865296 0.26517764 0.54378343 0.39501782 0.26483705 0.37313144  0.42815631 0.46697228 0.32008081 0.3691915  0.39703253 0.43771249  0.56224408 0.45370402 0.43566476 0.46677206
0.01127263 0.27312044 0.56699535 0.39141017 0.23694552 0.39737547  0.44866587 0.45075845 0.41690237 0.39722444 0.48009993 0.47894387  0.47222712 0.42524697 0.45818264 0.47346974
0.00050111 0.27711162 0.58204588 0.3335578  0.34033719 0.36287842  0.51475587 0.44998219 0.44411745 0.38098864 0.50246853 0.45809662  0.4426108  0.41452704 0.4705883  0.46760634
0.00050111 0.27711162 0.58204588 0.3335578  0.34033719 0.36287842  0.51475587 0.44998219 0.44411745 0.38098864 0.50246853 0.45809662  0.4426108  0.41452704 0.4705883  0.46760634
0.00050111 0.27711162 0.58204588 0.3335578  0.34033719 0.36287842  0.51475587 0.44998219 0.44411745 0.38098864 0.50246853 0.45809662  0.4426108  0.41452704 0.4705883  0.46760634
0.00050111 0.27711162 0.58204588 0.3335578  0.34033719 0.36287842  0.51475587 0.44998219 0.44411745 0.38098864 0.50246853 0.45809662  0.4426108  0.41452704 0.4705883  0.46760634
0.00050111 0.27711162 0.58204588 0.3335578  0.34033719 0.36287842  0.51475587 0.44998219 0.44411745 0.38098864 0.50246853 0.45809662  0.4426108  0.41452704 0.4705883  0.46760634
0.00050111 0.27711162 0.58204588 0.3335578  0.34033719 0.36287842  0.51475587 0.44998219 0.44411745 0.38098864 0.50246853 0.45809662  0.4426108  0.41452704 0.4705883  0.46760634
0.00050111 0.27711162 0.58204588 0.3335578  0.34033719 0.36287842  0.51475587 0.44998219 0.44411745 0.38098864 0.50246853 0.45809662  0.4426108  0.41452704 0.4705883  0.46760634
0.00050111 0.27711162 0.58204588 0.3335578  0.34033719 0.36287842  0.51475587 0.44998219 0.44411745 0.38098864 0.50246853 0.45809662  0.4426108  0.41452704 0.4705883  0.46760634
0.00050111 0.27711162 0.58204588 0.3335578  0.34033719 0.36287842  0.51475587 0.44998219 0.44411745 0.38098864 0.50246853 0.45809662  0.4426108  0.41452704 0.4705883  0.46760634
0.00050111 0.27711162 0.58204588 0.3335578  0.34033719 0.36287842  0.51475587 0.44998219 0.44411745 0.38098864 0.50246853 0.45809662  0.4426108  0.41452704 0.4705883  0.46760634
0.00050111 0.27711162 0.58204588 0.3335578  0.34033719 0.36287842  0.51475587 0.44998219 0.44411745 0.38098864 0.50246853 0.45809662  0.4426108  0.41452704 0.4705883  0.46760634
