-1.111100000000000282e-01 -1.717400000000000315e-01 3.196599196883490368e+00
-1.113350000000000312e-01 -1.688550000000000328e-01 3.546652868175332873e+00
-1.119650000000000228e-01 -1.660700000000000509e-01 4.122649210341030823e+00
-1.116900000000000254e-01 -1.647650000000000503e-01 4.576585163809173906e+00
-1.112350000000000283e-01 -1.632050000000000445e-01 4.907097500141245128e+00
-1.107700000000000212e-01 -1.620650000000000146e-01 5.278521914424701755e+00
-1.102700000000000347e-01 -1.614550000000000152e-01 5.576585163809173906e+00
-1.098050000000000276e-01 -1.606450000000000378e-01 5.844127295916329956e+00
-1.094950000000000229e-01 -1.598250000000000504e-01 6.000000000000000000e+00
-1.091600000000000209e-01 -1.583700000000000385e-01 6.000000000000000000e+00
-1.088050000000000128e-01 -1.559400000000000230e-01 6.000000000000000000e+00
-1.083350000000000146e-01 -1.530100000000000349e-01 6.000000000000000000e+00
-1.076950000000000129e-01 -1.497300000000000297e-01 6.000000000000000000e+00
-1.068550000000000194e-01 -1.463850000000000429e-01 6.000000000000000000e+00
-1.058650000000000146e-01 -1.431650000000000145e-01 6.000000000000000000e+00
-1.044800000000000173e-01 -1.406950000000000145e-01 6.000000000000000000e+00
-1.031400000000000095e-01 -1.389250000000000207e-01 6.000000000000000000e+00
-1.020000000000000212e-01 -1.375650000000000484e-01 6.000000000000000000e+00
-1.013200000000000212e-01 -1.364050000000000262e-01 6.000000000000000000e+00
-1.008850000000000302e-01 -1.338900000000000368e-01 6.000000000000000000e+00
-1.005300000000000082e-01 -1.300350000000000394e-01 5.844127295916329956e+00
-9.989500000000001156e-02 -1.265900000000000358e-01 5.732457867892843950e+00
-9.922500000000002152e-02 -1.229750000000000287e-01 5.701936750615528737e+00
-9.855500000000001759e-02 -1.194400000000000184e-01 5.784448289800213416e+00
-9.850000000000001810e-02 -1.165100000000000302e-01 5.937029795775085717e+00
-9.895500000000001517e-02 -1.131900000000000128e-01 6.000000000000000000e+00
-9.889500000000001068e-02 -1.099750000000000172e-01 6.000000000000000000e+00
-9.885000000000002118e-02 -1.081250000000000266e-01 6.000000000000000000e+00
-9.850000000000001810e-02 -1.065650000000000208e-01 6.000000000000000000e+00
-9.827500000000002900e-02 -1.052500000000000241e-01 6.000000000000000000e+00
-9.834000000000002462e-02 -1.046450000000000158e-01 6.000000000000000000e+00
-9.830500000000003125e-02 -1.046700000000000130e-01 6.000000000000000000e+00
-9.810000000000002052e-02 -1.046750000000000180e-01 6.000000000000000000e+00
-9.766000000000002457e-02 -1.040450000000000125e-01 6.000000000000000000e+00
-9.703000000000001901e-02 -1.034300000000000219e-01 6.000000000000000000e+00
-9.637000000000001121e-02 -1.027650000000000230e-01 6.000000000000000000e+00
-9.588500000000002577e-02 -1.024100000000000288e-01 6.000000000000000000e+00
-9.567000000000001891e-02 -1.021100000000000341e-01 6.000000000000000000e+00
-9.577000000000002178e-02 -1.019750000000000240e-01 6.000000000000000000e+00
-9.595000000000000751e-02 -1.022400000000000253e-01 6.000000000000000000e+00
-9.598000000000000975e-02 -1.027900000000000202e-01 6.000000000000000000e+00
-9.579000000000001402e-02 -1.032150000000000151e-01 6.000000000000000000e+00
-9.574500000000002453e-02 -1.038000000000000311e-01 6.000000000000000000e+00
-9.595000000000000751e-02 -1.043950000000000156e-01 6.000000000000000000e+00
-9.622000000000002773e-02 -1.047200000000000075e-01 6.000000000000000000e+00
-9.659000000000000918e-02 -1.048000000000000181e-01 6.000000000000000000e+00
-9.725000000000003086e-02 -1.041850000000000137e-01 6.000000000000000000e+00
-9.814000000000001889e-02 -1.031800000000000217e-01 6.000000000000000000e+00
-9.907500000000002416e-02 -1.026550000000000240e-01 6.000000000000000000e+00
-9.982000000000001982e-02 -1.025400000000000200e-01 5.781157091691414784e+00
-9.999000000000002331e-02 -1.029150000000000204e-01 5.235093045159557867e+00
-9.939500000000001112e-02 -1.036300000000000138e-01 4.111669428023486894e+00
-9.884000000000001118e-02 -1.047400000000000136e-01 2.828465980708831040e+00
-9.907500000000002416e-02 -1.063400000000000178e-01 2.313978052691092913e+00
-1.000750000000000250e-01 -1.083800000000000180e-01 3.125656261659822910e+00
-1.017600000000000171e-01 -1.109300000000000147e-01 4.748522419592250188e+00
-1.036200000000000176e-01 -1.135300000000000198e-01 6.253859973324289889e+00
-1.051600000000000174e-01 -1.154650000000000121e-01 7.000000000000000888e+00
-1.063150000000000206e-01 -1.164850000000000191e-01 7.278521914424702643e+00
-1.070900000000000185e-01 -1.169600000000000223e-01 7.576585163809174794e+00
-1.073950000000000182e-01 -1.170450000000000101e-01 7.844127295916330844e+00
-1.070850000000000135e-01 -1.169200000000000239e-01 8.000000000000001776e+00
-1.060700000000000254e-01 -1.164600000000000218e-01 8.000000000000001776e+00
-1.042950000000000127e-01 -1.152400000000000230e-01 8.000000000000001776e+00
-1.021000000000000241e-01 -1.133250000000000229e-01 8.000000000000001776e+00
-9.970500000000001584e-02 -1.107200000000000267e-01 8.000000000000001776e+00
-9.707500000000002238e-02 -1.074000000000000232e-01 8.000000000000001776e+00
-9.416500000000002646e-02 -1.032700000000000284e-01 8.000000000000001776e+00
-9.094000000000002082e-02 -9.815500000000002001e-02 8.000000000000001776e+00
-8.754000000000002057e-02 -9.235000000000001541e-02 8.000000000000001776e+00
-8.407500000000002471e-02 -8.627000000000001334e-02 8.000000000000001776e+00
-8.098500000000002919e-02 -8.021500000000000852e-02 8.000000000000001776e+00
-7.834500000000002573e-02 -7.407000000000002471e-02 8.000000000000001776e+00
-7.621500000000001884e-02 -6.837000000000001410e-02 8.000000000000001776e+00
-7.435500000000001830e-02 -6.345500000000001140e-02 8.000000000000001776e+00
-7.251500000000001001e-02 -5.891000000000001097e-02 8.000000000000001776e+00
-7.065000000000001834e-02 -5.442500000000001503e-02 8.000000000000001776e+00
-6.885500000000001342e-02 -5.030000000000001137e-02 8.062970204224916060e+00
-6.688500000000000001e-02 -4.578500000000000625e-02 8.278521914424702643e+00
-6.491500000000001436e-02 -4.069000000000000394e-02 8.576585163809173906e+00
-6.298000000000000820e-02 -3.506000000000000782e-02 8.844127295916329956e+00
-6.119000000000000827e-02 -2.914499999999999730e-02 9.000000000000000000e+00
-5.956000000000001571e-02 -2.370500000000000038e-02 9.000000000000000000e+00
-5.808500000000000468e-02 -1.969499999999999723e-02 9.000000000000000000e+00
-5.665500000000001091e-02 -1.691999999999999754e-02 9.000000000000000000e+00
-5.528500000000000081e-02 -1.509500000000000078e-02 9.000000000000000000e+00
-5.389000000000000040e-02 -1.419999999999999908e-02 9.000000000000000000e+00
-5.243500000000000244e-02 -1.364499999999999741e-02 8.874059591550171433e+00
-5.074499999999999844e-02 -1.347999999999999893e-02 7.912367854674673850e+00
-4.880000000000000310e-02 -1.316999999999999768e-02 6.298063249384473927e+00
-4.655000000000000804e-02 -1.194499999999999729e-02 4.570725987632271448e+00
-4.407500000000000306e-02 -9.969999999999999696e-03 3.500656020842083826e+00
-4.169500000000000983e-02 -7.379999999999995938e-03 3.486385040415742154e+00
-3.952500000000000457e-02 -4.659999999999996610e-03 4.000000000000000000e+00
-3.742000000000000187e-02 -1.569999999999995011e-03 4.513614959584259623e+00
-3.529500000000000692e-02 1.625000000000005346e-03 4.814195000282489367e+00
-3.324500000000000371e-02 4.720000000000005441e-03 5.196599196883490812e+00
-3.101500000000000784e-02 7.950000000000003939e-03 5.710214156467749547e+00
-2.820000000000000284e-02 1.184500000000000483e-02 6.327809959866748102e+00
-2.571500000000000175e-02 1.615000000000000463e-02 6.844127295916330844e+00
-2.314499999999999891e-02 2.098000000000000906e-02 7.000000000000001776e+00
-2.045999999999999902e-02 2.529000000000000692e-02 7.000000000000001776e+00
-1.750000000000000167e-02 2.858000000000001165e-02 7.000000000000001776e+00
-1.521500000000000109e-02 3.153500000000000747e-02 7.000000000000001776e+00
-1.316500000000000135e-02 3.450000000000000289e-02 7.000000000000001776e+00
-1.127500000000000377e-02 3.698500000000000398e-02 7.000000000000001776e+00
-9.655000000000000387e-03 3.854000000000000481e-02 7.000000000000001776e+00
-8.045000000000000068e-03 3.999500000000000277e-02 7.000000000000001776e+00
-6.574999999999998380e-03 4.098500000000000754e-02 7.000000000000001776e+00
-5.399999999999998551e-03 4.139000000000001012e-02 7.000000000000001776e+00
-4.489999999999999200e-03 4.123500000000001470e-02 7.000000000000001776e+00
-3.950000000000000386e-03 3.913000000000001199e-02 7.281813112533501275e+00
-3.619999999999999520e-03 3.726500000000000645e-02 7.980458665040230493e+00
-3.750000000000000295e-03 3.600000000000000422e-02 8.874648413193646945e+00
-4.019999999999999268e-03 3.515000000000000069e-02 9.625284387607745629e+00
-4.159999999999998768e-03 3.586500000000000798e-02 1.015587270408367182e+01
-4.085000000000000089e-03 3.821000000000000785e-02 1.048638504041574393e+01
-3.419999999999997695e-03 4.184500000000001413e-02 1.100000000000000178e+01
-1.834999999999996356e-03 4.650500000000001161e-02 1.151361495958425962e+01
5.050000000000050109e-04 5.042000000000002036e-02 1.190709750014124424e+01
3.215000000000006481e-03 5.330500000000001903e-02 1.234149211864961693e+01
5.920000000000006854e-03 5.607500000000001372e-02 1.285510707823387655e+01
8.265000000000004982e-03 5.876500000000001167e-02 1.342071245972550564e+01
1.004500000000000358e-02 6.171500000000001290e-02 1.384412729591633173e+01
1.154500000000000318e-02 6.551000000000001267e-02 1.393702979577508927e+01
1.289000000000000389e-02 6.960500000000001408e-02 1.372147808557530091e+01
1.417500000000000530e-02 7.418500000000001482e-02 1.342341483619082787e+01
1.557500000000000377e-02 7.903000000000001690e-02 1.315587270408367182e+01
1.720500000000000501e-02 8.350000000000001865e-02 1.300000000000000178e+01
1.902000000000000565e-02 8.746000000000000996e-02 1.300000000000000178e+01
2.081500000000000711e-02 9.082000000000001183e-02 1.300000000000000178e+01
2.256000000000000713e-02 9.359000000000000652e-02 1.300000000000000178e+01
2.425500000000000572e-02 9.614000000000001711e-02 1.300000000000000178e+01
2.607000000000000289e-02 9.814000000000001889e-02 1.306297020422491606e+01
2.771500000000000699e-02 1.005150000000000210e-01 1.327852191442470442e+01
2.917500000000000648e-02 1.035950000000000204e-01 1.373245786789284573e+01
3.109000000000000652e-02 1.066500000000000087e-01 1.426754213210715960e+01
3.345000000000000751e-02 1.086750000000000216e-01 1.472147808557530091e+01
3.557500000000000939e-02 1.116650000000000142e-01 1.493702979577508749e+01
3.775500000000001077e-02 1.160100000000000020e-01 1.500000000000000533e+01
3.961500000000001132e-02 1.209400000000000197e-01 1.500000000000000533e+01
4.135000000000001175e-02 1.267600000000000116e-01 1.500000000000000533e+01
4.280000000000001165e-02 1.333900000000000086e-01 1.500000000000000533e+01
4.435000000000001441e-02 1.400900000000000201e-01 1.500000000000000533e+01
4.636000000000001231e-02 1.461600000000000121e-01 1.500000000000000533e+01
4.873500000000001442e-02 1.512850000000000028e-01 1.500000000000000533e+01
5.145000000000000961e-02 1.560100000000000375e-01 1.500000000000000533e+01
5.422000000000001124e-02 1.604850000000000165e-01 1.500000000000000533e+01
5.689000000000001001e-02 1.647450000000000303e-01 1.500000000000000533e+01
5.922000000000001568e-02 1.687700000000000311e-01 1.484412729591633529e+01
6.113500000000001572e-02 1.732200000000000129e-01 1.451361495958426318e+01
6.267500000000000848e-02 1.781950000000000478e-01 1.415587270408367182e+01
6.449500000000002453e-02 1.837800000000000267e-01 1.390979987660657180e+01
6.574000000000002064e-02 1.902600000000000402e-01 1.387735078965897095e+01
6.795500000000001539e-02 1.981450000000000433e-01 1.393702979577508927e+01
7.070000000000001283e-02 2.066900000000000404e-01 1.406297020422491784e+01
7.401000000000002021e-02 2.151150000000000284e-01 1.427852191442470442e+01
7.685000000000001552e-02 2.240600000000000369e-01 1.457658516380917568e+01
8.017500000000002403e-02 2.343100000000000183e-01 1.484412729591633173e+01
8.413000000000002421e-02 2.441400000000000514e-01 1.500000000000000533e+01
8.841000000000001635e-02 2.522100000000000453e-01 1.493702979577509105e+01
9.288000000000001810e-02 2.592750000000000332e-01 1.465850788135039018e+01
9.743000000000001659e-02 2.667550000000000754e-01 1.414489292176612700e+01
1.017300000000000149e-01 2.740050000000000541e-01 1.357928754027449791e+01
1.059100000000000319e-01 2.814850000000000407e-01 1.315587270408367182e+01
1.101400000000000157e-01 2.893100000000000671e-01 1.300000000000000178e+01
1.144500000000000239e-01 2.971200000000000507e-01 1.300000000000000178e+01
1.187300000000000300e-01 3.054700000000000193e-01 1.300000000000000178e+01
1.226900000000000213e-01 3.129600000000000715e-01 1.300000000000000178e+01
1.261349999999999971e-01 3.197250000000000369e-01 1.300000000000000178e+01
1.293650000000000355e-01 3.266900000000000914e-01 1.300000000000000178e+01
1.325350000000000139e-01 3.333500000000000352e-01 1.284412729591633173e+01
1.358200000000000518e-01 3.400000000000000799e-01 1.242071245972550386e+01
1.390450000000000297e-01 3.478150000000000963e-01 1.166619646555913015e+01
1.423450000000000548e-01 3.565150000000000818e-01 1.013121076298325995e+01
1.454200000000000492e-01 3.652050000000000574e-01 7.800109605007712332e+00
1.488100000000000533e-01 3.740050000000000874e-01 4.910574283401608398e+00
1.526450000000000307e-01 3.829700000000000326e-01 2.253994371721508738e+00
1.566700000000000315e-01 3.909150000000000680e-01 6.864610205595951253e-01
1.603800000000000225e-01 3.981550000000000922e-01 0.000000000000000000e+00
1.636100000000000332e-01 4.056500000000000661e-01 0.000000000000000000e+00
1.667650000000000521e-01 4.119000000000000994e-01 0.000000000000000000e+00
1.699550000000000227e-01 4.165300000000000669e-01 0.000000000000000000e+00
1.733700000000000518e-01 4.213350000000001261e-01 0.000000000000000000e+00
1.770750000000000379e-01 4.258750000000000591e-01 0.000000000000000000e+00
1.807200000000000473e-01 4.306000000000000938e-01 0.000000000000000000e+00
1.842700000000000449e-01 4.362350000000000949e-01 0.000000000000000000e+00
1.879750000000000310e-01 4.421100000000001140e-01 0.000000000000000000e+00
1.918450000000000433e-01 4.484950000000000880e-01 0.000000000000000000e+00
1.958050000000000346e-01 4.561300000000001464e-01 0.000000000000000000e+00
1.997950000000000559e-01 4.645100000000000895e-01 0.000000000000000000e+00
2.037400000000000322e-01 4.729450000000001153e-01 0.000000000000000000e+00
2.076900000000000412e-01 4.816200000000001591e-01 0.000000000000000000e+00
2.113700000000000578e-01 4.899400000000001532e-01 0.000000000000000000e+00
2.148150000000000615e-01 4.973050000000001081e-01 0.000000000000000000e+00
2.178800000000000459e-01 5.039450000000000873e-01 0.000000000000000000e+00
2.207650000000000445e-01 5.104000000000001869e-01 0.000000000000000000e+00
2.231500000000000705e-01 5.166250000000001119e-01 0.000000000000000000e+00
2.245550000000000601e-01 5.252350000000001184e-01 0.000000000000000000e+00
2.265950000000000464e-01 5.349850000000000438e-01 0.000000000000000000e+00
2.289700000000000624e-01 5.440150000000000263e-01 0.000000000000000000e+00
2.320300000000000418e-01 5.513550000000000395e-01 0.000000000000000000e+00
2.354050000000000309e-01 5.574800000000000866e-01 0.000000000000000000e+00
2.389750000000000485e-01 5.630700000000001815e-01 0.000000000000000000e+00
2.428700000000000581e-01 5.686350000000001126e-01 0.000000000000000000e+00
2.468300000000000494e-01 5.747250000000001524e-01 0.000000000000000000e+00
2.508100000000000329e-01 5.816650000000000986e-01 0.000000000000000000e+00
2.547250000000000347e-01 5.885850000000001359e-01 0.000000000000000000e+00
2.586500000000000465e-01 5.950050000000001171e-01 0.000000000000000000e+00
2.626150000000000428e-01 6.011000000000001897e-01 0.000000000000000000e+00
2.664950000000000374e-01 6.067850000000001298e-01 0.000000000000000000e+00
2.701100000000000168e-01 6.120550000000001267e-01 0.000000000000000000e+00
2.737700000000000689e-01 6.175400000000000889e-01 0.000000000000000000e+00
2.774450000000000527e-01 6.236400000000000832e-01 0.000000000000000000e+00
2.810850000000000293e-01 6.300650000000000972e-01 0.000000000000000000e+00
2.844950000000000534e-01 6.363250000000000295e-01 0.000000000000000000e+00
2.882000000000000117e-01 6.419799999999999951e-01 0.000000000000000000e+00
2.916800000000000503e-01 6.469600000000000906e-01 0.000000000000000000e+00
2.948550000000000892e-01 6.519400000000000750e-01 0.000000000000000000e+00
2.976250000000000839e-01 6.559750000000001968e-01 0.000000000000000000e+00
2.998500000000000609e-01 6.587050000000000960e-01 0.000000000000000000e+00
3.016900000000000692e-01 6.610550000000001702e-01 0.000000000000000000e+00
3.033600000000000740e-01 6.623550000000001381e-01 0.000000000000000000e+00
3.047700000000000409e-01 6.630000000000001448e-01 0.000000000000000000e+00
3.061100000000000487e-01 6.636250000000001315e-01 0.000000000000000000e+00
3.073900000000000521e-01 6.638850000000001694e-01 0.000000000000000000e+00
3.081850000000000422e-01 6.641400000000001747e-01 -6.297020422491454716e-02
3.089800000000000324e-01 6.650650000000002393e-01 -5.902673225920415101e-01
3.097100000000000408e-01 6.653050000000001463e-01 -1.423414836190826982e+00
3.104150000000001075e-01 6.654950000000001697e-01 -2.350053671291842505e+00
3.113550000000000484e-01 6.660850000000002602e-01 -3.215551710199787028e+00
3.122350000000000403e-01 6.665700000000001069e-01 -4.010979782317544817e+00
3.130900000000000905e-01 6.669100000000001138e-01 -4.844127295916329956e+00
3.138900000000001134e-01 6.668600000000001193e-01 -5.565605381491629089e+00
3.148450000000000415e-01 6.662650000000001071e-01 -5.937029795775085717e+00
3.153350000000001430e-01 6.660800000000001164e-01 -6.000000000000000000e+00
3.161000000000000476e-01 6.667350000000001886e-01 -6.000000000000000000e+00
3.165950000000000708e-01 6.669450000000001211e-01 -6.000000000000000000e+00
3.174100000000000810e-01 6.670650000000001301e-01 -6.000000000000000000e+00
3.183300000000000574e-01 6.664500000000000979e-01 -6.000000000000000000e+00
3.190550000000000330e-01 6.648650000000000393e-01 -6.000000000000000000e+00
3.193950000000000400e-01 6.629300000000000193e-01 -6.000000000000000000e+00
3.194000000000000172e-01 6.610400000000000720e-01 -6.000000000000000000e+00
3.190050000000000385e-01 6.591200000000000392e-01 -6.062970204224914283e+00
3.184500000000000108e-01 6.572000000000000064e-01 -6.278521914424701755e+00
3.178700000000000414e-01 6.550450000000000994e-01 -6.576585163809173906e+00
3.174850000000000172e-01 6.527850000000000597e-01 -6.844127295916330844e+00
3.172600000000000420e-01 6.504700000000001037e-01 -6.844127295916331732e+00
3.170400000000000995e-01 6.484200000000001074e-01 -6.576585163809173906e+00
3.163500000000000201e-01 6.463950000000000529e-01 -6.059679006116116540e+00
3.151750000000000940e-01 6.445950000000001401e-01 -5.361033453609387323e+00
3.133600000000000829e-01 6.429900000000001725e-01 -4.701936750615527849e+00
3.115250000000000519e-01 6.418100000000001026e-01 -4.218842908308585216e+00
3.105850000000000555e-01 6.411950000000001815e-01 -4.000000000000000888e+00
3.103400000000000603e-01 6.412700000000001177e-01 -4.000000000000000888e+00
3.104350000000000720e-01 6.424800000000001621e-01 -4.000000000000000888e+00
3.103100000000000858e-01 6.443100000000001604e-01 -4.000000000000000888e+00
3.094900000000000428e-01 6.457450000000000134e-01 -4.000000000000000888e+00
3.083050000000000512e-01 6.463550000000000129e-01 -4.000000000000000888e+00
3.070650000000000324e-01 6.476250000000001172e-01 -4.000000000000000888e+00
3.054750000000000520e-01 6.493150000000000865e-01 -4.000000000000000888e+00
3.037150000000000682e-01 6.516100000000000225e-01 -4.000000000000000888e+00
3.024400000000000976e-01 6.535350000000000881e-01 -4.000000000000000888e+00
3.008000000000000673e-01 6.548249999999999904e-01 -3.937029795775086605e+00
2.994050000000000877e-01 6.563150000000000928e-01 -3.721478085575299577e+00
2.983350000000000724e-01 6.573900000000001409e-01 -3.360444631965912698e+00
2.976900000000000657e-01 6.569900000000000739e-01 -2.814380585434054893e+00
2.970500000000000362e-01 6.557350000000001788e-01 -2.144892921766126115e+00
2.958400000000001029e-01 6.537700000000000733e-01 -1.579287540274497248e+00
2.941650000000000653e-01 6.512000000000001121e-01 -1.155872704083670266e+00
2.921450000000000990e-01 6.489000000000000323e-01 -1.155872704083670266e+00
2.904700000000000615e-01 6.478200000000000625e-01 -1.423414836190827204e+00
2.892850000000000699e-01 6.470350000000000268e-01 -1.721478085575299133e+00
2.887050000000001004e-01 6.473600000000001575e-01 -1.937029795775085717e+00
2.886200000000000987e-01 6.487450000000001271e-01 -2.062970204224915172e+00
2.889500000000000401e-01 6.504200000000002202e-01 -2.278521914424701755e+00
2.897250000000000103e-01 6.521000000000001240e-01 -2.795428072117758234e+00
2.908900000000000374e-01 6.540350000000001440e-01 -3.546064046531858249e+00
2.921550000000000535e-01 6.562550000000000328e-01 -4.361033453609386434e+00
2.932050000000000489e-01 6.586550000000001015e-01 -5.215551710199787472e+00
2.941850000000000298e-01 6.606800000000001560e-01 -6.062970204224915172e+00
2.944300000000000805e-01 6.622800000000000908e-01 -6.844127295916330844e+00
2.937200000000000366e-01 6.643600000000000616e-01 -7.513614959584259623e+00
2.922300000000001008e-01 6.648100000000001231e-01 -7.844127295916330844e+00
2.910500000000000309e-01 6.647600000000001286e-01 -8.000000000000001776e+00
2.904300000000000770e-01 6.656950000000001477e-01 -8.000000000000001776e+00
2.908050000000000357e-01 6.668150000000001576e-01 -8.000000000000001776e+00
2.920100000000000473e-01 6.677650000000001640e-01 -8.000000000000001776e+00
2.937300000000000466e-01 6.685700000000001086e-01 -8.000000000000001776e+00
2.956400000000000694e-01 6.690500000000001446e-01 -8.000000000000001776e+00
2.974050000000000304e-01 6.695700000000001095e-01 -8.000000000000001776e+00
2.989850000000000563e-01 6.691650000000001208e-01 -8.000000000000001776e+00
2.999650000000000372e-01 6.664150000000000906e-01 -8.000000000000001776e+00
3.004650000000000931e-01 6.627650000000001596e-01 -8.000000000000001776e+00
3.005250000000000421e-01 6.591750000000001775e-01 -8.000000000000001776e+00
3.005350000000000521e-01 6.558350000000001678e-01 -8.000000000000001776e+00
3.013600000000000723e-01 6.531400000000001649e-01 -8.000000000000001776e+00
3.020450000000000634e-01 6.510800000000001031e-01 -7.937029795775087493e+00
3.031250000000000888e-01 6.497100000000001208e-01 -7.565605381491630865e+00
3.033300000000000995e-01 6.454100000000000392e-01 -7.000000000000000888e+00
3.032950000000000923e-01 6.411450000000000760e-01 -6.434394618508371799e+00
3.029250000000001108e-01 6.383150000000001878e-01 -6.062970204224915172e+00
3.026350000000000984e-01 6.359500000000001263e-01 -6.000000000000000000e+00
3.030200000000000671e-01 6.325800000000001422e-01 -6.000000000000000000e+00
3.024150000000001004e-01 6.286250000000002114e-01 -6.000000000000000000e+00
3.010950000000000570e-01 6.264250000000001206e-01 -6.000000000000000000e+00
2.995450000000000612e-01 6.257650000000001267e-01 -6.000000000000000000e+00
2.984000000000000541e-01 6.255250000000001087e-01 -6.000000000000000000e+00
2.980900000000000771e-01 6.262500000000000844e-01 -6.000000000000000000e+00
2.982350000000000279e-01 6.268550000000001621e-01 -6.000000000000000000e+00
2.980050000000000754e-01 6.268950000000000911e-01 -6.000000000000000000e+00
2.972750000000000670e-01 6.275700000000001832e-01 -5.844127295916329956e+00
2.967100000000000293e-01 6.274950000000001360e-01 -5.420712459725502974e+00
2.972800000000000442e-01 6.266700000000000603e-01 -4.636264169925289558e+00
2.989950000000000663e-01 6.268000000000001348e-01 -3.483682663950418146e+00
3.002650000000001151e-01 6.265100000000001224e-01 -2.341492118649616039e+00
3.009350000000000636e-01 6.249950000000000783e-01 -1.341492118649616039e+00
3.004100000000000659e-01 6.219250000000000611e-01 -6.395553680340876346e-01
2.981100000000000971e-01 6.176250000000000906e-01 -2.785219144247012002e-01
2.944200000000000705e-01 6.137000000000001343e-01 -6.297020422491454716e-02
2.897850000000000703e-01 6.099900000000001432e-01 0.000000000000000000e+00
2.849500000000000366e-01 6.060400000000001342e-01 0.000000000000000000e+00
2.807700000000000196e-01 6.022200000000000886e-01 0.000000000000000000e+00
2.776000000000000689e-01 5.979150000000000853e-01 0.000000000000000000e+00
2.751700000000000257e-01 5.934500000000000330e-01 0.000000000000000000e+00
2.734350000000000946e-01 5.898900000000001365e-01 0.000000000000000000e+00
2.720000000000000195e-01 5.869900000000001228e-01 0.000000000000000000e+00
2.706050000000000400e-01 5.847150000000000958e-01 0.000000000000000000e+00
2.695800000000000418e-01 5.835400000000001697e-01 0.000000000000000000e+00
2.687200000000000699e-01 5.833700000000001662e-01 0.000000000000000000e+00
2.681100000000000705e-01 5.843600000000001016e-01 0.000000000000000000e+00
2.680200000000000360e-01 5.864700000000000468e-01 0.000000000000000000e+00
2.683900000000000730e-01 5.888250000000001538e-01 6.234908163346806198e-01
2.688900000000000734e-01 5.922150000000001580e-01 1.849532048846978416e+00
2.698700000000000543e-01 5.957000000000001183e-01 3.309327178492022625e+00
2.712600000000000566e-01 5.984750000000000902e-01 4.595537677125470566e+00
2.722550000000000248e-01 6.011550000000001059e-01 5.620014033074317794e+00
2.727300000000000280e-01 6.048300000000000898e-01 6.710214156467748658e+00
2.730650000000000022e-01 6.075800000000000090e-01 7.685552215367336792e+00
2.730950000000000322e-01 6.094450000000001255e-01 8.264839755641835595e+00
2.731649999999999912e-01 6.106950000000000989e-01 8.278521914424702643e+00
2.729300000000000059e-01 6.106750000000000789e-01 8.062970204224916060e+00
2.727100000000000080e-01 6.100850000000000994e-01 8.000000000000001776e+00
2.723849999999999882e-01 6.095700000000001673e-01 8.000000000000001776e+00
2.718650000000000233e-01 6.095300000000001273e-01 8.000000000000001776e+00
2.713700000000000556e-01 6.104250000000001064e-01 8.000000000000001776e+00
2.712000000000000521e-01 6.117200000000001525e-01 8.000000000000001776e+00
2.712900000000000311e-01 6.131650000000001821e-01 8.000000000000001776e+00
2.716650000000000453e-01 6.148900000000001587e-01 7.844127295916331732e+00
2.722950000000000648e-01 6.164500000000001645e-01 7.576585163809174794e+00
2.730500000000000149e-01 6.173300000000001564e-01 7.278521914424702643e+00
2.737250000000000516e-01 6.174300000000001454e-01 7.062970204224916060e+00
2.737700000000000689e-01 6.167750000000000732e-01 6.157666275356736385e+00
2.741600000000000703e-01 6.151750000000000274e-01 4.292658496453824135e+00
2.737200000000000744e-01 6.121150000000000757e-01 1.969194735932679352e+00
2.734250000000000291e-01 6.084750000000000991e-01 2.776755405764508300e-02
2.724400000000000710e-01 6.050700000000001078e-01 -8.110893873252565944e-01
2.722000000000000530e-01 6.011600000000001387e-01 -7.214780855752990218e-01
2.719450000000001033e-01 5.953750000000002096e-01 -4.234148361908270930e-01
2.709450000000000469e-01 5.897050000000001457e-01 5.935585207008395869e-01
2.692750000000000421e-01 5.860500000000001819e-01 2.250703173612710550e+00
2.669100000000000361e-01 5.844950000000000978e-01 4.039082669919541679e+00
2.641450000000000742e-01 5.829850000000000865e-01 5.436373774933001890e+00
2.615150000000000530e-01 5.812600000000001099e-01 6.000000000000000000e+00
2.589350000000000263e-01 5.782950000000001145e-01 6.000000000000000000e+00
2.561900000000000288e-01 5.738550000000001150e-01 6.000000000000000000e+00
2.529750000000000609e-01 5.683000000000000274e-01 6.000000000000000000e+00
2.495050000000000323e-01 5.621450000000001168e-01 6.000000000000000000e+00
2.462450000000000472e-01 5.562949999999999839e-01 6.000000000000000000e+00
2.432900000000000618e-01 5.512449999999999850e-01 6.000000000000000000e+00
2.406350000000000433e-01 5.470950000000001090e-01 6.000000000000000000e+00
2.383400000000000518e-01 5.443050000000000388e-01 6.000000000000000000e+00
2.362300000000000511e-01 5.421550000000000535e-01 6.000000000000000000e+00
2.343250000000000610e-01 5.400650000000000173e-01 6.000000000000000000e+00
2.328900000000000414e-01 5.371600000000000819e-01 6.000000000000000000e+00
2.311750000000000471e-01 5.341000000000000192e-01 6.000000000000000000e+00
2.297000000000000430e-01 5.323050000000000281e-01 6.000000000000000000e+00
2.288350000000000384e-01 5.315400000000001235e-01 6.000000000000000000e+00
2.282100000000000517e-01 5.316800000000000415e-01 6.000000000000000000e+00
2.274350000000000538e-01 5.328950000000001186e-01 6.000000000000000000e+00
2.269850000000000478e-01 5.350450000000001038e-01 6.000000000000000000e+00
2.269200000000000661e-01 5.374650000000000816e-01 6.000000000000000000e+00
2.274650000000000560e-01 5.393100000000001781e-01 6.000000000000000000e+00
2.286750000000000727e-01 5.407000000000001805e-01 6.000000000000000000e+00
2.299950000000000605e-01 5.429400000000002002e-01 6.000000000000000000e+00
2.315950000000000508e-01 5.462900000000001643e-01 5.937029795775085717e+00
2.337400000000000588e-01 5.502650000000001151e-01 5.721478085575299133e+00
2.362350000000000283e-01 5.552450000000000996e-01 5.423414836190827870e+00
2.386550000000000615e-01 5.607750000000001345e-01 5.311745408167340976e+00
2.409400000000000430e-01 5.654900000000001592e-01 5.549355244640656437e+00
2.432800000000000518e-01 5.699300000000001587e-01 6.341492118649616927e+00
2.459950000000000470e-01 5.742150000000001420e-01 7.368722037818133508e+00
2.489150000000000529e-01 5.781950000000002365e-01 8.264839755641832042e+00
2.520950000000000690e-01 5.828200000000001157e-01 8.844127295916329956e+00
2.550850000000000617e-01 5.877800000000001912e-01 9.000000000000000000e+00
2.577400000000000246e-01 5.928000000000001046e-01 9.000000000000000000e+00
2.604400000000000603e-01 5.978100000000001746e-01 9.000000000000000000e+00
2.624350000000000294e-01 6.045850000000000390e-01 9.000000000000000000e+00
2.645850000000000701e-01 6.125150000000001427e-01 9.000000000000000000e+00
2.672300000000000786e-01 6.201850000000000973e-01 9.000000000000000000e+00
2.699200000000000488e-01 6.273300000000001653e-01 9.000000000000000000e+00
2.724200000000000510e-01 6.344000000000001860e-01 9.000000000000000000e+00
2.744200000000000528e-01 6.418900000000001826e-01 9.000000000000000000e+00
2.762050000000000338e-01 6.498300000000001297e-01 9.000000000000000000e+00
2.776700000000000834e-01 6.575550000000001116e-01 8.844127295916329956e+00
2.790350000000000330e-01 6.649850000000001593e-01 8.576585163809173906e+00
2.806550000000000433e-01 6.720050000000001855e-01 8.215551710199788360e+00
2.823200000000000154e-01 6.782150000000001233e-01 7.784448289800215193e+00
2.841900000000000537e-01 6.843500000000001249e-01 7.267542132107158714e+00
2.861750000000000682e-01 6.897650000000001835e-01 6.888330571976513994e+00
2.882850000000000690e-01 6.937700000000002198e-01 6.920779658924114841e+00
2.904950000000000587e-01 6.963950000000000973e-01 7.954003152666752285e+00
2.926650000000000640e-01 6.967750000000001442e-01 9.505337553732040590e+00
2.946050000000000613e-01 6.947700000000001097e-01 1.094559134841731307e+01
2.950100000000001055e-01 6.925850000000001172e-01 1.181108938732525715e+01
2.942000000000000171e-01 6.925250000000001682e-01 1.200000000000000000e+01
2.940300000000000136e-01 6.954800000000000981e-01 1.200000000000000000e+01
2.949300000000000255e-01 6.990350000000000730e-01 1.200000000000000000e+01
2.968250000000000055e-01 7.028500000000001968e-01 1.200000000000000000e+01
2.994500000000001050e-01 7.068750000000001421e-01 1.200000000000000000e+01
3.024950000000000694e-01 7.105700000000001459e-01 1.200000000000000000e+01
3.058400000000001118e-01 7.136900000000001576e-01 1.200000000000000000e+01
3.093800000000000994e-01 7.179650000000000754e-01 1.200000000000000000e+01
3.129600000000000715e-01 7.235600000000002030e-01 1.206297020422491428e+01
3.163450000000000428e-01 7.295000000000000373e-01 1.212264921034103260e+01
3.194900000000000517e-01 7.358600000000001806e-01 1.199729762353467599e+01
3.221750000000000447e-01 7.425800000000001289e-01 1.163626416992529045e+01
3.241300000000000847e-01 7.490000000000001101e-01 1.075122479605757597e+01
3.258400000000000185e-01 7.548900000000000610e-01 9.639555368034088190e+00
3.273700000000000498e-01 7.599600000000001909e-01 8.712916532933073555e+00
3.283500000000000307e-01 7.646550000000000846e-01 8.125940408449830343e+00
3.289800000000000502e-01 7.696350000000001801e-01 8.000000000000001776e+00
3.294550000000000534e-01 7.742500000000001048e-01 7.844127295916331732e+00
3.300450000000000328e-01 7.773950000000001692e-01 7.513614959584260511e+00
3.303150000000000253e-01 7.805500000000001881e-01 7.000000000000000888e+00
3.311950000000000172e-01 7.833300000000001928e-01 6.486385040415742154e+00
3.318400000000000238e-01 7.846500000000001807e-01 6.155872704083670044e+00
3.327450000000000685e-01 7.864700000000002245e-01 6.000000000000000000e+00
3.335900000000000531e-01 7.886350000000001970e-01 5.844127295916329956e+00
3.341000000000000636e-01 7.909900000000001929e-01 5.231801847050759235e+00
3.342750000000000998e-01 7.951150000000002382e-01 3.863668630876100796e+00
3.345850000000000768e-01 8.012100000000001998e-01 2.188321791031270003e+00
3.354650000000000687e-01 8.078200000000002046e-01 8.091102309006261706e-01
3.374950000000001005e-01 8.143600000000001948e-01 6.297020422491454716e-02
3.402500000000000524e-01 8.201050000000001949e-01 0.000000000000000000e+00
3.435300000000000575e-01 8.255950000000001898e-01 0.000000000000000000e+00
3.467900000000000427e-01 8.302650000000001418e-01 0.000000000000000000e+00
3.495550000000000601e-01 8.345750000000001778e-01 0.000000000000000000e+00
3.521700000000000386e-01 8.391250000000001208e-01 0.000000000000000000e+00
3.548000000000001153e-01 8.433500000000001551e-01 0.000000000000000000e+00
3.574900000000000855e-01 8.471550000000001024e-01 0.000000000000000000e+00
3.603200000000000847e-01 8.506900000000001683e-01 0.000000000000000000e+00
3.631850000000000911e-01 8.544300000000001338e-01 0.000000000000000000e+00
3.658350000000000768e-01 8.586300000000002264e-01 0.000000000000000000e+00
3.684550000000000880e-01 8.628550000000001496e-01 0.000000000000000000e+00
3.712500000000000799e-01 8.667800000000001059e-01 0.000000000000000000e+00
3.742350000000000954e-01 8.705550000000001898e-01 0.000000000000000000e+00
3.772250000000000325e-01 8.739500000000002267e-01 0.000000000000000000e+00
3.797250000000000902e-01 8.768250000000001876e-01 0.000000000000000000e+00
3.818600000000000327e-01 8.784550000000002079e-01 0.000000000000000000e+00
3.840600000000000680e-01 8.788800000000001056e-01 0.000000000000000000e+00
3.859300000000000508e-01 8.773850000000001925e-01 0.000000000000000000e+00
3.869900000000000562e-01 8.751750000000002583e-01 0.000000000000000000e+00
3.880000000000000671e-01 8.725850000000001661e-01 0.000000000000000000e+00
3.883650000000000713e-01 8.692100000000001492e-01 0.000000000000000000e+00
3.881150000000000988e-01 8.656700000000001616e-01 0.000000000000000000e+00
3.872150000000000869e-01 8.629950000000001786e-01 0.000000000000000000e+00
3.859800000000001008e-01 8.607550000000001589e-01 0.000000000000000000e+00
3.849550000000001027e-01 8.586700000000001554e-01 0.000000000000000000e+00
3.841200000000000725e-01 8.568650000000002098e-01 0.000000000000000000e+00
3.836800000000000765e-01 8.550950000000001605e-01 0.000000000000000000e+00
3.834200000000000941e-01 8.525450000000001083e-01 0.000000000000000000e+00
3.832100000000000506e-01 8.499150000000001981e-01 0.000000000000000000e+00
3.827950000000001074e-01 8.466100000000000847e-01 0.000000000000000000e+00
3.820050000000000390e-01 8.424850000000001504e-01 0.000000000000000000e+00
3.807650000000000756e-01 8.379400000000001292e-01 0.000000000000000000e+00
3.793200000000001015e-01 8.325200000000001488e-01 0.000000000000000000e+00
3.776850000000000485e-01 8.269900000000001139e-01 -1.558727040836701550e-01
3.756200000000000649e-01 8.200750000000001094e-01 -4.863850404157415985e-01
3.734000000000000652e-01 8.119900000000002116e-01 -1.000000000000000222e+00
3.711150000000000837e-01 8.043450000000000877e-01 -1.513614959584258735e+00
3.694950000000000734e-01 7.969700000000001783e-01 -1.844127295916330178e+00
3.685500000000000442e-01 7.888600000000001167e-01 -2.000000000000000444e+00
3.683550000000000435e-01 7.826000000000001844e-01 -2.000000000000000444e+00
3.674900000000000388e-01 7.776000000000001799e-01 -2.000000000000000444e+00
3.658400000000000540e-01 7.729850000000001442e-01 -2.000000000000000444e+00
3.631150000000000766e-01 7.690450000000002007e-01 -2.000000000000000444e+00
3.598200000000000842e-01 7.653400000000001313e-01 -2.000000000000000444e+00
3.562300000000000466e-01 7.615850000000001785e-01 -2.000000000000000444e+00
3.525400000000000755e-01 7.578400000000001802e-01 -2.000000000000000444e+00
3.488250000000000517e-01 7.540650000000000963e-01 -2.000000000000000444e+00
3.450950000000000406e-01 7.509650000000001047e-01 -2.000000000000000444e+00
3.419300000000000672e-01 7.498800000000001020e-01 -2.000000000000000444e+00
3.391350000000000753e-01 7.494100000000001316e-01 -1.844127295916330178e+00
3.366100000000000758e-01 7.486050000000001869e-01 -1.513614959584258735e+00
3.339450000000000474e-01 7.476600000000002133e-01 -1.000000000000000222e+00
3.306300000000000905e-01 7.457950000000000967e-01 -4.863850404157415985e-01
3.274000000000000243e-01 7.427800000000001068e-01 -1.558727040836701550e-01
3.237900000000000222e-01 7.390600000000000502e-01 0.000000000000000000e+00
3.211950000000000638e-01 7.383100000000001328e-01 0.000000000000000000e+00
3.189800000000000413e-01 7.374500000000001609e-01 0.000000000000000000e+00
3.170750000000000512e-01 7.357050000000001644e-01 0.000000000000000000e+00
3.151200000000000667e-01 7.351800000000001667e-01 0.000000000000000000e+00
3.124600000000000710e-01 7.363650000000001583e-01 0.000000000000000000e+00
3.108600000000000807e-01 7.387200000000000433e-01 0.000000000000000000e+00
3.104700000000000792e-01 7.403100000000001346e-01 0.000000000000000000e+00
3.110400000000000387e-01 7.407700000000001506e-01 -6.297020422491454716e-02
3.116650000000000809e-01 7.402650000000000619e-01 -2.785219144247012002e-01
3.117700000000000471e-01 7.397800000000001042e-01 -5.765851638091731290e-01
3.116950000000000554e-01 7.395750000000000934e-01 -8.441272959163299561e-01
3.122700000000000475e-01 7.397600000000001952e-01 -1.000000000000000222e+00
3.140950000000000131e-01 7.401750000000001384e-01 -1.062970204224914728e+00
3.162750000000000838e-01 7.410750000000001503e-01 -1.278521914424701311e+00
3.178150000000000697e-01 7.429400000000001558e-01 -1.576585163809173240e+00
3.180950000000000166e-01 7.439100000000002932e-01 -1.844127295916330178e+00
3.183200000000000474e-01 7.447600000000001996e-01 -2.000000000000000444e+00
3.183500000000000218e-01 7.463450000000002582e-01 -2.000000000000000444e+00
3.183850000000000291e-01 7.495250000000002188e-01 -2.000000000000000444e+00
3.194750000000000645e-01 7.547950000000002158e-01 -2.000000000000000444e+00
3.219550000000000467e-01 7.608050000000001756e-01 -2.000000000000000444e+00
3.258400000000000185e-01 7.672500000000002096e-01 -2.000000000000000444e+00
3.305800000000000405e-01 7.739000000000001434e-01 -2.000000000000000444e+00
3.353450000000000597e-01 7.798850000000001614e-01 -2.000000000000000444e+00
3.396150000000000002e-01 7.850000000000001421e-01 -2.000000000000000444e+00
3.428350000000000564e-01 7.890150000000002439e-01 -2.000000000000000444e+00
3.451450000000000351e-01 7.917750000000002286e-01 -2.000000000000000444e+00
3.471150000000000624e-01 7.933400000000001562e-01 -2.000000000000000444e+00
3.487650000000000472e-01 7.927800000000002623e-01 -2.000000000000000444e+00
3.499000000000000998e-01 7.919050000000001921e-01 -1.844127295916330178e+00
3.510250000000000314e-01 7.915550000000002306e-01 -1.639555368034087746e+00
3.521800000000000486e-01 7.909950000000001147e-01 -1.557043828849402622e+00
3.529100000000000570e-01 7.898600000000002286e-01 -1.639555368034087746e+00
3.531200000000001005e-01 7.883200000000001317e-01 -1.844127295916330178e+00
3.527500000000001190e-01 7.857800000000001450e-01 -2.218842908308585216e+00
3.517850000000001254e-01 7.824250000000001481e-01 -2.857809454699198781e+00
3.505550000000000610e-01 7.785200000000001008e-01 -3.721478085575299133e+00
3.493100000000001204e-01 7.737550000000001926e-01 -4.502635177266714805e+00
3.480950000000000988e-01 7.686350000000001792e-01 -4.937029795775085717e+00
3.470500000000000806e-01 7.632150000000000878e-01 -4.532381887748990756e+00
3.458850000000001090e-01 7.576850000000001639e-01 -3.729755491427519498e+00
3.447100000000000719e-01 7.530050000000001464e-01 -2.835565743274103490e+00
3.436500000000000110e-01 7.488250000000001849e-01 -2.188910612674743739e+00
3.426550000000000429e-01 7.443600000000001327e-01 -2.000000000000000444e+00
3.416100000000000247e-01 7.401750000000002494e-01 -2.000000000000000444e+00
3.404400000000000759e-01 7.361200000000001076e-01 -2.000000000000000444e+00
3.390850000000000808e-01 7.319850000000002188e-01 -2.000000000000000444e+00
3.371750000000000580e-01 7.276600000000001955e-01 -2.000000000000000444e+00
3.349000000000000865e-01 7.222800000000002552e-01 -2.000000000000000444e+00
3.322650000000000325e-01 7.154600000000002069e-01 -2.000000000000000444e+00
3.295500000000000096e-01 7.087000000000001076e-01 -2.000000000000000444e+00
3.266600000000000059e-01 7.024600000000001954e-01 -2.000000000000000444e+00
3.237200000000000077e-01 6.975050000000001527e-01 -2.000000000000000444e+00
3.209899999999999975e-01 6.933050000000001711e-01 -1.844127295916330178e+00
3.181750000000000411e-01 6.891850000000001586e-01 -1.264839755641833152e+00
3.152449999999999974e-01 6.851500000000001478e-01 -6.505351503516318967e-01
3.117500000000000271e-01 6.804850000000002286e-01 -3.219507836898450326e-01
3.085550000000000237e-01 6.749100000000001209e-01 -4.240036578343009954e-01
3.057549999999999990e-01 6.691700000000002646e-01 -6.252843876077452956e-01
3.028950000000000253e-01 6.634350000000002190e-01 -5.765851638091731290e-01
2.998600000000000709e-01 6.571700000000001429e-01 -2.785219144247012002e-01
2.971550000000000580e-01 6.509450000000001069e-01 -6.297020422491454716e-02
2.950400000000000800e-01 6.443500000000000894e-01 0.000000000000000000e+00
2.934000000000000496e-01 6.373300000000001742e-01 0.000000000000000000e+00
2.923700000000000188e-01 6.308250000000001911e-01 0.000000000000000000e+00
2.918750000000000511e-01 6.259800000000002029e-01 0.000000000000000000e+00
2.914800000000000724e-01 6.232950000000001545e-01 0.000000000000000000e+00
2.911350000000000882e-01 6.228900000000001658e-01 0.000000000000000000e+00
2.909600000000001074e-01 6.238900000000001667e-01 0.000000000000000000e+00
2.909750000000000947e-01 6.258300000000001084e-01 0.000000000000000000e+00
2.913500000000001089e-01 6.280500000000002192e-01 0.000000000000000000e+00
2.919900000000000828e-01 6.300600000000000644e-01 0.000000000000000000e+00
2.930850000000000399e-01 6.316400000000002013e-01 0.000000000000000000e+00
2.945800000000000640e-01 6.335400000000001031e-01 0.000000000000000000e+00
2.961600000000000898e-01 6.356650000000001466e-01 0.000000000000000000e+00
2.971450000000000480e-01 6.389000000000001345e-01 1.558727040836701550e-01
2.984950000000000658e-01 6.426950000000001273e-01 4.234148361908270375e-01
2.998250000000000082e-01 6.448500000000001453e-01 8.474184940251281439e-01
3.007050000000000001e-01 6.458150000000001389e-01 1.649946328708158161e+00
3.013000000000000123e-01 6.469350000000001488e-01 2.576585163809173462e+00
3.024450000000000749e-01 6.476300000000001500e-01 3.409732677407959045e+00
3.035050000000000248e-01 6.468650000000002454e-01 3.937029795775086161e+00
3.044150000000000467e-01 6.462250000000002714e-01 4.000000000000000888e+00
3.048900000000000499e-01 6.472050000000002523e-01 4.000000000000000888e+00
3.048400000000000554e-01 6.489750000000000796e-01 4.000000000000000888e+00
3.045800000000000729e-01 6.504450000000001619e-01 4.000000000000000888e+00
3.043450000000000877e-01 6.512000000000001121e-01 4.000000000000000888e+00
3.038700000000000845e-01 6.510500000000001286e-01 4.000000000000000888e+00
3.030200000000000671e-01 6.499050000000001770e-01 4.000000000000000888e+00
3.021250000000000879e-01 6.480400000000001715e-01 4.000000000000000888e+00
3.011450000000000515e-01 6.457900000000000862e-01 4.000000000000000888e+00
2.998900000000000454e-01 6.431600000000001760e-01 4.000000000000000888e+00
2.980700000000000571e-01 6.405800000000001493e-01 4.000000000000000888e+00
2.957900000000000529e-01 6.374800000000001576e-01 3.688254591832660356e+00
2.933350000000000679e-01 6.343050000000001187e-01 2.841424919451006392e+00
2.912400000000000544e-01 6.312250000000001471e-01 1.866086860551418702e+00
2.896350000000000868e-01 6.282900000000001262e-01 1.106399073490058615e+00
2.880400000000000182e-01 6.262800000000001699e-01 9.733589024749571550e-01
2.878100000000000103e-01 6.231850000000001000e-01 1.931759441241657438e+00
2.880300000000000082e-01 6.179300000000000903e-01 3.557043828849402622e+00
2.880150000000000210e-01 6.134750000000001036e-01 5.284381090601604214e+00
2.880100000000000993e-01 6.105900000000000771e-01 6.562314183382832233e+00
2.877200000000000868e-01 6.078750000000001652e-01 7.000000000000001776e+00
2.872700000000000808e-01 6.057900000000000507e-01 7.000000000000001776e+00
2.867600000000000149e-01 6.035000000000001474e-01 7.000000000000001776e+00
2.860000000000000320e-01 6.004150000000001430e-01 7.000000000000001776e+00
2.850500000000000256e-01 5.973150000000001514e-01 7.000000000000001776e+00
2.839100000000001067e-01 5.947350000000001247e-01 7.000000000000001776e+00
2.830950000000000966e-01 5.928200000000001246e-01 7.000000000000001776e+00
2.822650000000000992e-01 5.909350000000000991e-01 7.000000000000001776e+00
2.812850000000001183e-01 5.891250000000001208e-01 7.000000000000001776e+00
2.804200000000000581e-01 5.880100000000001437e-01 7.000000000000001776e+00
2.793650000000000855e-01 5.874850000000000350e-01 7.000000000000001776e+00
2.780300000000000549e-01 5.878500000000002057e-01 7.062970204224916060e+00
2.767400000000000415e-01 5.892400000000000970e-01 7.059679006116118316e+00
2.771250000000000657e-01 5.887800000000001921e-01 7.123423617136071861e+00
2.778200000000000669e-01 5.870950000000001445e-01 7.270244508572482722e+00
2.774600000000000399e-01 5.851200000000000845e-01 7.508628751840837445e+00
2.764100000000000446e-01 5.834300000000001152e-01 7.751410381209141498e+00
2.747500000000000497e-01 5.811049999999999827e-01 8.092902499858755760e+00
2.724350000000000938e-01 5.795350000000001334e-01 8.423414836190827870e+00
2.702150000000000940e-01 5.794150000000000134e-01 8.721478085575299133e+00
2.682700000000000640e-01 5.796250000000000568e-01 8.937029795775085717e+00
2.665750000000000619e-01 5.778100000000001568e-01 9.155872704083670044e+00
2.650800000000000933e-01 5.744450000000000944e-01 9.423414836190829647e+00
2.636200000000000765e-01 5.717200000000001170e-01 9.721478085575299133e+00
2.621800000000000797e-01 5.698900000000001187e-01 9.937029795775085717e+00
2.611150000000000415e-01 5.682600000000002094e-01 1.000000000000000000e+01
2.606550000000000256e-01 5.670450000000001323e-01 1.000000000000000000e+01
2.602850000000000441e-01 5.666100000000000581e-01 1.000000000000000000e+01
2.600300000000000389e-01 5.665950000000000708e-01 1.015587270408367182e+01
2.602000000000000979e-01 5.665250000000001673e-01 1.042341483619082965e+01
2.608700000000000463e-01 5.661300000000000221e-01 1.072147808557530091e+01
2.618000000000000327e-01 5.659150000000001679e-01 1.093702979577508749e+01
2.625250000000000083e-01 5.673400000000001775e-01 1.115587270408367182e+01
2.632250000000000423e-01 5.693400000000001793e-01 1.142341483619082787e+01
2.637100000000000555e-01 5.719050000000001077e-01 1.172147808557529913e+01
2.639500000000000735e-01 5.763350000000001527e-01 1.193702979577508572e+01
2.647500000000000409e-01 5.824900000000001743e-01 1.200000000000000000e+01
2.659350000000000880e-01 5.889700000000001046e-01 1.200000000000000000e+01
2.685150000000000592e-01 5.951050000000001061e-01 1.200000000000000000e+01
2.719350000000000378e-01 6.001850000000000795e-01 1.221884290830858433e+01
2.757100000000000661e-01 6.046700000000000408e-01 1.270193675061553051e+01
2.792750000000000510e-01 6.086100000000000954e-01 1.329806324938447482e+01
2.820200000000000484e-01 6.124000000000000554e-01 1.362528438760774741e+01
2.840550000000000574e-01 6.166200000000001680e-01 1.373245786789284573e+01
2.852800000000000336e-01 6.202150000000001828e-01 1.370193675061553051e+01
2.861500000000000155e-01 6.240100000000001756e-01 1.378444828980021519e+01
2.868850000000000566e-01 6.272900000000001253e-01 1.393702979577508927e+01
2.875750000000000250e-01 6.295950000000001268e-01 1.393702979577508927e+01
2.884950000000000570e-01 6.316850000000000520e-01 1.365850788135038663e+01
2.896550000000001068e-01 6.339150000000001173e-01 1.314489292176612700e+01
2.911800000000000499e-01 6.364400000000001167e-01 1.257928754027449791e+01
2.929450000000000665e-01 6.394750000000001267e-01 1.237471561239225437e+01
2.945300000000000695e-01 6.430900000000001615e-01 1.270193675061553051e+01
2.958400000000000474e-01 6.475700000000000900e-01 1.329806324938447482e+01
2.971600000000000907e-01 6.522450000000000747e-01 1.378115709169141745e+01
2.985100000000000531e-01 6.552700000000001301e-01 1.400000000000000355e+01
2.991700000000000470e-01 6.582150000000001056e-01 1.384412729591633351e+01
3.000050000000000772e-01 6.618700000000001804e-01 1.357658516380917568e+01
3.009450000000000736e-01 6.649400000000001976e-01 1.327852191442470264e+01
3.022050000000000569e-01 6.683850000000001179e-01 1.306297020422491606e+01
3.042900000000000604e-01 6.725150000000001960e-01 1.300000000000000178e+01
3.068050000000000499e-01 6.764850000000001140e-01 1.300000000000000178e+01
3.093950000000000866e-01 6.812550000000001660e-01 1.300000000000000178e+01
3.120400000000000951e-01 6.867100000000001536e-01 1.300000000000000178e+01
3.145300000000000873e-01 6.925400000000001555e-01 1.300000000000000178e+01
3.169550000000000978e-01 6.989350000000000840e-01 1.300000000000000178e+01
3.193300000000000582e-01 7.055900000000001615e-01 1.256231418338283135e+01
3.217900000000000760e-01 7.117200000000001303e-01 1.115844068215177565e+01
3.245200000000000307e-01 7.164500000000001423e-01 8.844127295916331732e+00
3.268750000000000822e-01 7.197550000000001447e-01 6.418144481657399147e+00
3.286800000000000832e-01 7.231000000000000760e-01 4.716207731041870410e+00
3.298700000000001076e-01 7.253800000000001358e-01 4.062970204224915172e+00
3.306400000000000450e-01 7.265100000000002112e-01 4.000000000000000888e+00
3.311050000000000937e-01 7.278550000000001408e-01 4.000000000000000888e+00
3.313900000000000734e-01 7.295450000000001101e-01 4.000000000000000888e+00
3.313850000000000406e-01 7.314350000000000573e-01 4.000000000000000888e+00
3.313150000000000261e-01 7.327350000000001362e-01 4.000000000000000888e+00
3.317700000000000649e-01 7.350300000000000722e-01 3.937029795775086605e+00
3.324650000000000660e-01 7.378450000000000841e-01 3.409732677407959489e+00
3.330150000000000610e-01 7.399000000000001132e-01 2.420712459725502974e+00
3.330950000000000299e-01 7.418300000000002115e-01 1.289501696742245684e+00
3.329800000000000537e-01 7.451850000000002083e-01 4.044623228745302668e-01
3.331550000000000900e-01 7.500150000000002093e-01 6.297020422491454716e-02
3.338500000000000911e-01 7.546150000000001468e-01 0.000000000000000000e+00
3.351200000000000845e-01 7.578800000000001091e-01 0.000000000000000000e+00
3.371600000000000708e-01 7.603300000000001724e-01 0.000000000000000000e+00
3.392150000000000443e-01 7.631000000000001116e-01 0.000000000000000000e+00
3.411450000000000315e-01 7.660500000000001197e-01 0.000000000000000000e+00
3.431700000000000861e-01 7.698800000000001198e-01 0.000000000000000000e+00
3.453250000000001041e-01 7.742400000000001503e-01 0.000000000000000000e+00
3.476700000000000346e-01 7.785450000000001536e-01 0.000000000000000000e+00
3.501050000000001106e-01 7.826700000000001989e-01 0.000000000000000000e+00
3.526150000000000673e-01 7.863900000000001445e-01 0.000000000000000000e+00
3.551600000000000312e-01 7.900800000000001155e-01 0.000000000000000000e+00
3.576950000000000962e-01 7.942600000000001881e-01 0.000000000000000000e+00
3.599950000000000649e-01 7.989150000000002638e-01 0.000000000000000000e+00
3.623950000000000782e-01 8.037500000000001865e-01 0.000000000000000000e+00
3.649350000000000649e-01 8.078200000000002046e-01 0.000000000000000000e+00
3.674250000000001126e-01 8.115250000000002739e-01 0.000000000000000000e+00
3.697050000000000614e-01 8.150900000000000922e-01 0.000000000000000000e+00
3.717250000000000831e-01 8.180000000000001714e-01 0.000000000000000000e+00
3.738200000000000967e-01 8.196200000000002373e-01 0.000000000000000000e+00
3.756950000000001122e-01 8.207950000000001634e-01 0.000000000000000000e+00
3.775550000000000850e-01 8.218350000000000932e-01 0.000000000000000000e+00
3.789500000000000646e-01 8.222750000000000892e-01 0.000000000000000000e+00
3.798350000000000337e-01 8.222550000000001802e-01 0.000000000000000000e+00
3.804200000000000359e-01 8.223750000000000782e-01 0.000000000000000000e+00
3.810700000000000198e-01 8.218600000000001460e-01 0.000000000000000000e+00
3.817850000000000410e-01 8.210600000000001231e-01 0.000000000000000000e+00
3.824100000000000277e-01 8.204850000000001309e-01 0.000000000000000000e+00
3.823650000000000659e-01 8.199500000000001787e-01 0.000000000000000000e+00
3.815900000000000958e-01 8.197300000000001807e-01 0.000000000000000000e+00
3.805400000000001004e-01 8.191650000000001430e-01 -3.117454081673403099e-01
3.795900000000000940e-01 8.184900000000001619e-01 -8.468296723816540750e-01
3.789750000000000618e-01 8.175700000000001300e-01 -1.442956171150598044e+00
3.787750000000000838e-01 8.162000000000002586e-01 -1.874059591550171211e+00
3.789400000000000546e-01 8.144950000000001911e-01 -2.000000000000000444e+00
3.792100000000000470e-01 8.116550000000002374e-01 -2.000000000000000444e+00
3.790750000000000508e-01 8.078150000000001718e-01 -2.000000000000000444e+00
3.788600000000000856e-01 8.043300000000002115e-01 -2.000000000000000444e+00
3.774800000000000377e-01 8.001200000000001644e-01 -2.000000000000000444e+00
3.753900000000000570e-01 7.950400000000001910e-01 -2.155872704083670488e+00
3.730300000000000837e-01 7.900050000000001793e-01 -2.423414836190827870e+00
3.709100000000000730e-01 7.850200000000001621e-01 -2.721478085575299133e+00
3.687900000000000622e-01 7.798300000000001342e-01 -2.937029795775085717e+00
3.663650000000000517e-01 7.758300000000001306e-01 -3.000000000000000000e+00
3.639150000000000440e-01 7.738550000000001816e-01 -3.000000000000000000e+00
3.613650000000000473e-01 7.713300000000001821e-01 -3.000000000000000000e+00
3.585850000000000426e-01 7.679150000000001253e-01 -3.000000000000000000e+00
3.557050000000000489e-01 7.638600000000002055e-01 -2.874059591550170989e+00
3.529150000000000897e-01 7.590900000000000425e-01 -2.442956171150597822e+00
3.503600000000000603e-01 7.545100000000001250e-01 -1.846829672381653964e+00
3.482300000000000395e-01 7.500750000000001583e-01 -1.311745408167340310e+00
3.467150000000000509e-01 7.458600000000000785e-01 -1.062970204224914728e+00
3.454450000000000576e-01 7.419800000000000839e-01 -1.278521914424701311e+00
3.441800000000000415e-01 7.390200000000001213e-01 -1.576585163809173240e+00
3.430400000000000671e-01 7.363650000000001583e-01 -1.844127295916330178e+00
3.419600000000000417e-01 7.339550000000001351e-01 -2.000000000000000444e+00
3.409700000000000508e-01 7.322300000000001585e-01 -2.000000000000000444e+00
3.400600000000000289e-01 7.310200000000001141e-01 -2.000000000000000444e+00
3.387100000000000666e-01 7.307500000000001217e-01 -2.000000000000000444e+00
3.372050000000000880e-01 7.314250000000002139e-01 -2.000000000000000444e+00
3.359150000000000746e-01 7.327600000000001890e-01 -2.000000000000000444e+00
3.351350000000000717e-01 7.339750000000002661e-01 -2.000000000000000444e+00
3.341500000000000581e-01 7.342600000000001348e-01 -2.062970204224915172e+00
3.334750000000000769e-01 7.353350000000001829e-01 -2.434394618508371799e+00
3.332350000000000589e-01 7.375350000000000517e-01 -3.000000000000000444e+00
3.336700000000000776e-01 7.403050000000002129e-01 -3.565605381491629533e+00
3.348200000000000065e-01 7.430400000000001448e-01 -3.937029795775086161e+00
3.366400000000000503e-01 7.457450000000001022e-01 -3.937029795775086605e+00
3.387700000000000711e-01 7.478450000000002040e-01 -3.721478085575299577e+00
3.408650000000000846e-01 7.501650000000001928e-01 -3.423414836190827426e+00
3.431350000000000788e-01 7.532350000000002099e-01 -3.155872704083670488e+00
3.460100000000000398e-01 7.564850000000001851e-01 -3.000000000000000000e+00
3.494850000000001011e-01 7.608750000000001901e-01 -3.000000000000000000e+00
3.532450000000000312e-01 7.666800000000001392e-01 -3.000000000000000000e+00
3.567700000000000871e-01 7.732000000000001094e-01 -3.000000000000000000e+00
3.598900000000000432e-01 7.803600000000001646e-01 -3.000000000000000000e+00
3.625550000000000717e-01 7.876400000000001178e-01 -3.000000000000000000e+00
3.648950000000000804e-01 7.942450000000000898e-01 -3.000000000000000000e+00
3.671200000000000574e-01 8.000050000000001882e-01 -2.937029795775085272e+00
3.691250000000000919e-01 8.066250000000001474e-01 -2.721478085575298689e+00
3.710650000000000892e-01 8.137250000000001426e-01 -2.423414836190826982e+00
3.726550000000000695e-01 8.197650000000000770e-01 -2.000000000000000444e+00
3.743150000000000643e-01 8.245100000000000762e-01 -1.576585163809173240e+00
3.762100000000000444e-01 8.273600000000000954e-01 -1.278521914424701311e+00
3.782950000000001034e-01 8.282100000000001128e-01 -1.062970204224914728e+00
3.803900000000000614e-01 8.274550000000001626e-01 -1.000000000000000222e+00
3.819250000000000700e-01 8.254100000000001991e-01 -1.000000000000000222e+00
3.827400000000000801e-01 8.216000000000002190e-01 -1.062970204224914728e+00
3.824550000000000449e-01 8.174450000000001992e-01 -1.278521914424701311e+00
3.816100000000001158e-01 8.134500000000002284e-01 -1.639555368034087746e+00
3.807250000000000911e-01 8.088250000000001272e-01 -2.185619414565945995e+00
3.801000000000001044e-01 8.021100000000001007e-01 -2.981047486683704228e+00
3.791350000000001108e-01 7.939900000000001956e-01 -3.977756288574905597e+00
3.783250000000000779e-01 7.866850000000001897e-01 -4.997297623534675992e+00
3.770100000000000673e-01 7.797450000000001324e-01 -5.562314183382830457e+00
3.748050000000000548e-01 7.743150000000001976e-01 -4.630554742141173463e+00
3.721450000000000591e-01 7.703200000000001157e-01 -1.631143563784647643e+00
3.693550000000000999e-01 7.670800000000002061e-01 2.276103684749383405e+00
3.666150000000000242e-01 7.643950000000001577e-01 5.742998576959700507e+00
3.643900000000001027e-01 7.618800000000001127e-01 7.592246479016672822e+00
3.624850000000000572e-01 7.582600000000000451e-01 7.844127295916331732e+00
3.600850000000000994e-01 7.538750000000000728e-01 7.576585163809174794e+00
3.574550000000000782e-01 7.492350000000000954e-01 7.278521914424702643e+00
3.545800000000000618e-01 7.436950000000001060e-01 7.062970204224916060e+00
3.516500000000000181e-01 7.375550000000001827e-01 7.062970204224916060e+00
3.483350000000000612e-01 7.314850000000001629e-01 7.278521914424702643e+00
3.446350000000000247e-01 7.265600000000000946e-01 7.576585163809174794e+00
3.407800000000000828e-01 7.226100000000001966e-01 7.844127295916330844e+00
3.372900000000000342e-01 7.185200000000000475e-01 8.000000000000001776e+00
3.342350000000000598e-01 7.148150000000002002e-01 8.000000000000001776e+00
3.311500000000000554e-01 7.106900000000001549e-01 8.000000000000001776e+00
3.279100000000000348e-01 7.064600000000000879e-01 7.844127295916331732e+00
3.246400000000000396e-01 7.019800000000001594e-01 7.384568938177197950e+00
3.219600000000000795e-01 6.969300000000001605e-01 5.429558159157735098e+00
3.194750000000000645e-01 6.915550000000001418e-01 2.497060147879818448e+00
3.164950000000000818e-01 6.861050000000001869e-01 -6.004368613557671264e-01
3.135550000000000281e-01 6.795700000000001184e-01 -2.808387010859932698e+00
3.102350000000000385e-01 6.709300000000000264e-01 -3.201869551416918203e+00
3.069750000000000534e-01 6.616600000000001369e-01 -3.000000000000000000e+00
3.040300000000000225e-01 6.528250000000000997e-01 -2.360444631965912698e+00
3.011400000000000743e-01 6.447850000000001636e-01 -1.598828875234268088e+00
2.984750000000000458e-01 6.381200000000001316e-01 -8.468296723816541860e-01
2.960450000000000026e-01 6.321850000000001080e-01 -3.117454081673403099e-01
2.936800000000000521e-01 6.264900000000001024e-01 0.000000000000000000e+00
2.912700000000000289e-01 6.214750000000001107e-01 0.000000000000000000e+00
2.891900000000000581e-01 6.172300000000000564e-01 6.297020422491454716e-02
2.874750000000000361e-01 6.133900000000001018e-01 4.973648227332858607e-01
2.859300000000000175e-01 6.099450000000000705e-01 1.434394618508371577e+00
2.849150000000000293e-01 6.069650000000000878e-01 2.565605381491629089e+00
2.841500000000000692e-01 6.045250000000000901e-01 3.502635177266714805e+00
2.832450000000000245e-01 6.024950000000001138e-01 3.937029795775086161e+00
2.817150000000000487e-01 6.021050000000001123e-01 4.000000000000000888e+00
2.804850000000000398e-01 6.016950000000000909e-01 4.000000000000000888e+00
2.792050000000000365e-01 6.000950000000000450e-01 4.000000000000000888e+00
2.779650000000000176e-01 5.986200000000001520e-01 4.000000000000000888e+00
2.769350000000000422e-01 5.975200000000001621e-01 4.000000000000000888e+00
2.765250000000000208e-01 5.960400000000001253e-01 4.000000000000000888e+00
2.762500000000000511e-01 5.940750000000001307e-01 4.000000000000000888e+00
2.757750000000000479e-01 5.927800000000000846e-01 4.000000000000000888e+00
2.752050000000000329e-01 5.933100000000001151e-01 4.000000000000000888e+00
2.750800000000000467e-01 5.956000000000001293e-01 4.218842908308585216e+00
2.753850000000000464e-01 5.970000000000000862e-01 4.857809454699198781e+00
2.759900000000000686e-01 5.971550000000001024e-01 5.721478085575300021e+00
2.767150000000000443e-01 5.966850000000001319e-01 6.502635177266715694e+00
2.771950000000000802e-01 5.954000000000001513e-01 6.937029795775086605e+00
2.773100000000000565e-01 5.934600000000000986e-01 7.000000000000001776e+00
2.772150000000001002e-01 5.915650000000001185e-01 7.000000000000001776e+00
2.769200000000000550e-01 5.898600000000001620e-01 7.000000000000001776e+00
2.763500000000000401e-01 5.882750000000001034e-01 7.000000000000001776e+00
2.756900000000000461e-01 5.869800000000001683e-01 7.029932295633843253e+00
2.751649999999999929e-01 5.855700000000001459e-01 6.866371007341426136e+00
2.747000000000000552e-01 5.841800000000001436e-01 6.568307757956953097e+00
2.746200000000000307e-01 5.819050000000001166e-01 6.248775203942425804e+00
2.742100000000000648e-01 5.772450000000001191e-01 6.155872704083670044e+00
2.729000000000000314e-01 5.706850000000001089e-01 6.423414836190827870e+00
2.711750000000000549e-01 5.645250000000001656e-01 6.877350789658970065e+00
2.689100000000000934e-01 5.598300000000000498e-01 7.360444631965913587e+00
2.667500000000000426e-01 5.563050000000001605e-01 7.721478085575300021e+00
2.650350000000000206e-01 5.536850000000002048e-01 7.937029795775086605e+00
2.639850000000000252e-01 5.529200000000001891e-01 8.062970204224916060e+00
2.634950000000000347e-01 5.533400000000001651e-01 8.278521914424702643e+00
2.634700000000000375e-01 5.544100000000001804e-01 8.576585163809173906e+00
2.638000000000000345e-01 5.557800000000001628e-01 8.844127295916329956e+00
2.635800000000000365e-01 5.559800000000001408e-01 9.000000000000000000e+00
2.634250000000000203e-01 5.562750000000001860e-01 9.000000000000000000e+00
2.633750000000000258e-01 5.567650000000001764e-01 9.000000000000000000e+00
2.630600000000000716e-01 5.573000000000001286e-01 9.000000000000000000e+00
2.624300000000000521e-01 5.576900000000002411e-01 9.000000000000000000e+00
2.612850000000000450e-01 5.575250000000001593e-01 8.937029795775085717e+00
2.598100000000000409e-01 5.564850000000001184e-01 8.721478085575299133e+00
2.587300000000000155e-01 5.551500000000000323e-01 8.204571927882243543e+00
2.581400000000000361e-01 5.526150000000000784e-01 7.453935953468143083e+00
2.574000000000000732e-01 5.505600000000000493e-01 6.701936750615528737e+00
2.566900000000000848e-01 5.509450000000000180e-01 6.218842908308585216e+00
2.570850000000000635e-01 5.501400000000000734e-01 6.000000000000000000e+00
2.574400000000000577e-01 5.474400000000001487e-01 6.000000000000000000e+00
2.574800000000000422e-01 5.459600000000001119e-01 6.062970204224914283e+00
2.571000000000000507e-01 5.453400000000001580e-01 6.278521914424701755e+00
2.559000000000000163e-01 5.447000000000001840e-01 6.576585163809173906e+00
2.544450000000000323e-01 5.436850000000000849e-01 6.844127295916330844e+00
2.533300000000000551e-01 5.421850000000001391e-01 7.000000000000001776e+00
2.525700000000000722e-01 5.408550000000000857e-01 7.000000000000001776e+00
2.522300000000000653e-01 5.398750000000001048e-01 7.000000000000001776e+00
2.520100000000000673e-01 5.386350000000000859e-01 7.000000000000001776e+00
2.518750000000000711e-01 5.376000000000000778e-01 7.000000000000001776e+00
2.516900000000000803e-01 5.370700000000001584e-01 7.000000000000001776e+00
2.512500000000000289e-01 5.376750000000001251e-01 6.937029795775087493e+00
2.510450000000000736e-01 5.393400000000001526e-01 6.721478085575300021e+00
2.512850000000000361e-01 5.402900000000001590e-01 6.423414836190827870e+00
2.517650000000000166e-01 5.415150000000000796e-01 6.155872704083670044e+00
2.522300000000000653e-01 5.441150000000001263e-01 6.000000000000000000e+00
2.526300000000000212e-01 5.464850000000001096e-01 6.000000000000000000e+00
2.528400000000000647e-01 5.483150000000001079e-01 5.781157091691414784e+00
2.529050000000000464e-01 5.506900000000001238e-01 5.298063249384472151e+00
2.532300000000000662e-01 5.540100000000001135e-01 4.701936750615527849e+00
2.536400000000000876e-01 5.570250000000001034e-01 4.530588316475926192e+00
2.549050000000000482e-01 5.599250000000002281e-01 5.002702376465324896e+00
2.570350000000000690e-01 5.632400000000001850e-01 5.866371007341426136e+00
2.597500000000000364e-01 5.673700000000001520e-01 6.439664973041801410e+00
2.631050000000000333e-01 5.720750000000001112e-01 6.357742255500587802e+00
2.659800000000000497e-01 5.763150000000001327e-01 5.855107078233874773e+00
2.686950000000000172e-01 5.811350000000001792e-01 5.341492118649616927e+00
2.715550000000000463e-01 5.870650000000001700e-01 5.062970204224914283e+00
2.742450000000000720e-01 5.933800000000001296e-01 5.000000000000000000e+00
2.768650000000000277e-01 5.989500000000000934e-01 5.000000000000000000e+00
2.794000000000000927e-01 6.043000000000000593e-01 5.000000000000000000e+00
2.818850000000000522e-01 6.085500000000001464e-01 5.062970204224915172e+00
2.842050000000000409e-01 6.114950000000001218e-01 5.278521914424701755e+00
2.861050000000000537e-01 6.139450000000001850e-01 5.795428072117758234e+00
2.872900000000000453e-01 6.161100000000001575e-01 6.764906954840443909e+00
2.877049999999999885e-01 6.176050000000001816e-01 8.000000000000000000e+00
2.878300000000000303e-01 6.185950000000001170e-01 9.079220341075888712e+00
2.878250000000000530e-01 6.189200000000001367e-01 9.781157091691415673e+00
2.874800000000000688e-01 6.194950000000001289e-01 1.000000000000000000e+01
2.871550000000000491e-01 6.222450000000001591e-01 1.006297020422491606e+01
2.864900000000000779e-01 6.266450000000001186e-01 1.027852191442470264e+01
2.862900000000000444e-01 6.310050000000000381e-01 1.057658516380917568e+01
2.865100000000000424e-01 6.346950000000001202e-01 1.084412729591633173e+01
2.868200000000000749e-01 6.394650000000001722e-01 1.112594040844983034e+01
2.876200000000000978e-01 6.452300000000000813e-01 1.155704382884940351e+01
2.892600000000000726e-01 6.502300000000000857e-01 1.215317032761834959e+01
2.915250000000000341e-01 6.543650000000000855e-01 1.268825459183266169e+01
2.943300000000000916e-01 6.582500000000001128e-01 1.300000000000000178e+01
2.970700000000000562e-01 6.629900000000001903e-01 1.300000000000000178e+01
2.996350000000000402e-01 6.687000000000001831e-01 1.300000000000000178e+01
3.021000000000000352e-01 6.750600000000002154e-01 1.300000000000000178e+01
3.046650000000000746e-01 6.823750000000001759e-01 1.300000000000000178e+01
3.073700000000000321e-01 6.901900000000001922e-01 1.300000000000000178e+01
3.100300000000000278e-01 6.981900000000001993e-01 1.300000000000000178e+01
3.125500000000000500e-01 7.054650000000002308e-01 1.300000000000000178e+01
3.148000000000000798e-01 7.117850000000002231e-01 1.300000000000000178e+01
3.169350000000000778e-01 7.168050000000001365e-01 1.300000000000000178e+01
3.188250000000000250e-01 7.207250000000001711e-01 1.284412729591633173e+01
3.207900000000000196e-01 7.244850000000001566e-01 1.257658516380917391e+01
3.224050000000000527e-01 7.284050000000001912e-01 1.212264921034103260e+01
3.239650000000000585e-01 7.331100000000001504e-01 1.142071245972550386e+01
3.253800000000000581e-01 7.377700000000002589e-01 1.057658516380917391e+01
3.259100000000000885e-01 7.412550000000002193e-01 9.171348434139604322e+00
3.266000000000000569e-01 7.454800000000001425e-01 7.109741458353202148e+00
3.276450000000000751e-01 7.501300000000001855e-01 4.546064046531857805e+00
3.287950000000000594e-01 7.539850000000002384e-01 2.202592771457612120e+00
3.298750000000000293e-01 7.574750000000001204e-01 6.532375268169561267e-01
3.309000000000000830e-01 7.605700000000001904e-01 6.297020422491454716e-02
3.318900000000001294e-01 7.622950000000001669e-01 0.000000000000000000e+00
3.327100000000001168e-01 7.635550000000002058e-01 0.000000000000000000e+00
3.332550000000000789e-01 7.649050000000001681e-01 0.000000000000000000e+00
3.334500000000000797e-01 7.662000000000002142e-01 0.000000000000000000e+00
3.335050000000000514e-01 7.681750000000001632e-01 0.000000000000000000e+00
3.334750000000000769e-01 7.709250000000000824e-01 0.000000000000000000e+00
3.338800000000000656e-01 7.733050000000001312e-01 0.000000000000000000e+00
3.343750000000000888e-01 7.755800000000001582e-01 0.000000000000000000e+00
3.346900000000000430e-01 7.776700000000000834e-01 0.000000000000000000e+00
3.350250000000000727e-01 7.802000000000001156e-01 0.000000000000000000e+00
3.357350000000000612e-01 7.830350000000001476e-01 0.000000000000000000e+00
3.364450000000001051e-01 7.860950000000002102e-01 0.000000000000000000e+00
3.374800000000000577e-01 7.893800000000001926e-01 0.000000000000000000e+00
3.387200000000000211e-01 7.922800000000000953e-01 0.000000000000000000e+00
3.398400000000000309e-01 7.943550000000001443e-01 0.000000000000000000e+00
3.414150000000000240e-01 7.949900000000000855e-01 0.000000000000000000e+00
3.433800000000000185e-01 7.945900000000001295e-01 0.000000000000000000e+00
3.452600000000000113e-01 7.933350000000001234e-01 0.000000000000000000e+00
3.467300000000000937e-01 7.924350000000002225e-01 0.000000000000000000e+00
3.484850000000000447e-01 7.928250000000002240e-01 0.000000000000000000e+00
3.500400000000000733e-01 7.929050000000001930e-01 0.000000000000000000e+00
3.512400000000001077e-01 7.931250000000001910e-01 0.000000000000000000e+00
3.518800000000000816e-01 7.940900000000001846e-01 0.000000000000000000e+00
3.519200000000000661e-01 7.953500000000002235e-01 0.000000000000000000e+00
3.516150000000000664e-01 7.961700000000002664e-01 0.000000000000000000e+00
3.512100000000000222e-01 7.958200000000001939e-01 0.000000000000000000e+00
3.504800000000000137e-01 7.942700000000002536e-01 0.000000000000000000e+00
3.495850000000000346e-01 7.925450000000001660e-01 0.000000000000000000e+00
3.484300000000000175e-01 7.900900000000001810e-01 0.000000000000000000e+00
3.469550000000000134e-01 7.859600000000002140e-01 0.000000000000000000e+00
3.453550000000000231e-01 7.817350000000000687e-01 0.000000000000000000e+00
3.434900000000000175e-01 7.770850000000001367e-01 0.000000000000000000e+00
3.417450000000000210e-01 7.716150000000001619e-01 0.000000000000000000e+00
3.404449999999999976e-01 7.665050000000001029e-01 0.000000000000000000e+00
3.393000000000000460e-01 7.620750000000001689e-01 0.000000000000000000e+00
3.376750000000000584e-01 7.585000000000001741e-01 0.000000000000000000e+00
3.357350000000000612e-01 7.546650000000001413e-01 0.000000000000000000e+00
3.327850000000000530e-01 7.505450000000002397e-01 0.000000000000000000e+00
3.301300000000000900e-01 7.467100000000002069e-01 0.000000000000000000e+00
3.286600000000000632e-01 7.410250000000000448e-01 0.000000000000000000e+00
3.270500000000000629e-01 7.361000000000000876e-01 0.000000000000000000e+00
3.250050000000000439e-01 7.329600000000000559e-01 0.000000000000000000e+00
3.225600000000000689e-01 7.287500000000001199e-01 0.000000000000000000e+00
3.204550000000000454e-01 7.240650000000001807e-01 0.000000000000000000e+00
3.183300000000000574e-01 7.210300000000001708e-01 0.000000000000000000e+00
3.162000000000000366e-01 7.182550000000000878e-01 0.000000000000000000e+00
3.138150000000000661e-01 7.147700000000001275e-01 -1.259404084498290943e-01
3.109400000000000497e-01 7.114350000000001506e-01 -5.570438288494024004e-01
3.077950000000000408e-01 7.090950000000002529e-01 -1.153170327618346258e+00
3.047250000000000236e-01 7.069350000000002021e-01 -1.907097500141244684e+00
3.012650000000000605e-01 7.034850000000001380e-01 -2.701936750615528737e+00
2.983500000000000596e-01 6.998300000000001742e-01 -3.298063249384472595e+00
2.963650000000001006e-01 6.952850000000001529e-01 -3.907097500141245128e+00
2.947200000000000930e-01 6.894650000000002166e-01 -4.557043828849403511e+00
2.933350000000000679e-01 6.830650000000002553e-01 -5.153170327618346924e+00
2.919900000000000828e-01 6.764500000000002178e-01 -5.688254591832659912e+00
2.901750000000000718e-01 6.700000000000001510e-01 -6.000000000000000000e+00
2.881550000000000500e-01 6.644050000000001344e-01 -6.000000000000000000e+00
2.866950000000000331e-01 6.599950000000001094e-01 -6.000000000000000000e+00
2.859750000000000347e-01 6.563450000000001783e-01 -6.062970204224914283e+00
2.857950000000000212e-01 6.535250000000001336e-01 -6.278521914424701755e+00
2.858550000000000257e-01 6.509400000000000741e-01 -6.576585163809173906e+00
2.854499999999999815e-01 6.483550000000001257e-01 -6.844127295916330844e+00
2.849800000000000111e-01 6.464550000000001129e-01 -7.155872704083671820e+00
2.844550000000000134e-01 6.456150000000000500e-01 -7.423414836190828758e+00
2.843750000000000444e-01 6.456050000000000955e-01 -7.691545789941459432e+00
2.849800000000000666e-01 6.441000000000001169e-01 -8.070658788433661357e+00
2.864200000000000079e-01 6.406500000000001638e-01 -8.431692242043046903e+00
2.882950000000000790e-01 6.372550000000001269e-01 -8.751224796057574196e+00
2.901750000000000718e-01 6.349450000000002037e-01 -9.000000000000000000e+00
2.913200000000000234e-01 6.332250000000001489e-01 -9.000000000000000000e+00
2.917200000000000903e-01 6.322250000000001480e-01 -9.000000000000000000e+00
2.920950000000000490e-01 6.326100000000001167e-01 -9.000000000000000000e+00
2.923750000000000515e-01 6.337650000000001338e-01 -9.000000000000000000e+00
2.930400000000000227e-01 6.360600000000000698e-01 -9.000000000000000000e+00
2.941000000000000281e-01 6.381000000000001116e-01 -9.000000000000000000e+00
2.949100000000000055e-01 6.388550000000001727e-01 -9.000000000000000000e+00
2.956550000000000011e-01 6.383700000000001040e-01 -9.000000000000000000e+00
2.963950000000000196e-01 6.363750000000001350e-01 -9.000000000000000000e+00
2.969650000000000345e-01 6.325650000000001549e-01 -9.000000000000000000e+00
2.975450000000000594e-01 6.280850000000001154e-01 -9.000000000000000000e+00
2.978200000000000847e-01 6.230850000000001110e-01 -8.937029795775085717e+00
2.972850000000000770e-01 6.170300000000001894e-01 -8.502635177266714805e+00
2.959850000000000536e-01 6.118150000000002198e-01 -7.721478085575300021e+00
2.941500000000000781e-01 6.079050000000001397e-01 -6.794839250474284498e+00
2.917300000000000448e-01 6.045600000000002083e-01 -5.628575585716544261e+00
2.895700000000000496e-01 6.016850000000001364e-01 -4.639555368034087302e+00
2.876350000000000851e-01 5.992450000000002497e-01 -4.054408651582688705e+00
2.859500000000000375e-01 5.964500000000001467e-01 -4.044017690908618512e+00
2.836200000000000943e-01 5.925150000000001249e-01 -4.699234374150204729e+00
2.811100000000000820e-01 5.870400000000001173e-01 -5.420712459725502974e+00
2.788850000000000495e-01 5.818350000000001021e-01 -5.907097500141244240e+00
2.768150000000000333e-01 5.754300000000001081e-01 -6.278521914424701755e+00
2.748550000000000715e-01 5.675950000000001827e-01 -6.732457867892843950e+00
2.726350000000000717e-01 5.594350000000001266e-01 -7.267542132107157826e+00
2.704300000000000592e-01 5.512800000000001033e-01 -7.721478085575300021e+00
2.676050000000000373e-01 5.434450000000001779e-01 -7.937029795775086605e+00
2.633850000000000913e-01 5.353100000000000636e-01 -8.000000000000001776e+00
2.587550000000000683e-01 5.273550000000000182e-01 -8.000000000000001776e+00
2.548200000000000465e-01 5.188900000000000734e-01 -8.000000000000001776e+00
2.505100000000000104e-01 5.119800000000001017e-01 -7.187598570990576974e+00
2.469400000000000484e-01 5.063150000000000706e-01 -5.096059299570334211e+00
2.438750000000000362e-01 5.015750000000001041e-01 -1.947235171297590606e+00
2.411000000000000365e-01 4.968550000000001021e-01 1.302744782274426250e+00
2.384750000000000481e-01 4.918150000000001132e-01 3.584557894807925749e+00
2.364450000000000440e-01 4.860600000000001586e-01 4.751410381209140610e+00
2.343950000000000478e-01 4.805300000000001237e-01 5.360444631965912698e+00
2.321500000000000508e-01 4.747700000000001364e-01 5.721478085575299133e+00
2.298850000000000615e-01 4.690450000000001562e-01 5.937029795775085717e+00
2.270300000000000651e-01 4.639200000000001101e-01 6.155872704083670044e+00
2.257150000000000545e-01 4.606450000000000822e-01 6.423414836190827870e+00
2.252000000000000668e-01 4.591900000000000981e-01 6.721478085575300021e+00
2.236450000000000382e-01 4.570350000000001356e-01 6.937029795775086605e+00
2.215650000000000397e-01 4.545150000000001134e-01 7.000000000000001776e+00
2.191800000000000415e-01 4.512450000000001182e-01 7.000000000000001776e+00
2.174950000000000494e-01 4.462650000000001338e-01 7.000000000000001776e+00
2.151350000000000207e-01 4.382900000000000684e-01 7.000000000000001776e+00
2.116800000000000348e-01 4.292850000000000832e-01 6.844127295916331732e+00
2.082550000000000234e-01 4.195600000000000440e-01 6.420712459725503862e+00
2.048900000000000166e-01 4.100250000000000838e-01 6.010979782317545705e+00
2.022450000000000359e-01 4.021800000000000930e-01 5.234318638364517717e+00
1.999200000000000421e-01 3.945250000000000701e-01 4.328584366661787364e+00
1.972250000000000392e-01 3.881350000000000633e-01 2.561539776587791195e+00
1.947800000000000642e-01 3.830500000000000571e-01 3.726020575704048765e-01
1.923250000000000237e-01 3.786800000000000721e-01 -1.046869815766728218e+00
1.897200000000000553e-01 3.742100000000000426e-01 -1.414904470302946526e+00
1.867200000000000526e-01 3.692650000000000654e-01 -8.355657432741034896e-01
1.839250000000000329e-01 3.621900000000000674e-01 -1.889106126747436276e-01
1.801300000000000123e-01 3.557300000000001017e-01 0.000000000000000000e+00
1.765350000000000252e-01 3.481900000000001105e-01 0.000000000000000000e+00
1.736850000000000338e-01 3.389450000000001073e-01 3.117454081673403099e-01
1.709200000000000164e-01 3.303700000000000525e-01 1.158575080548994496e+00
1.682350000000000234e-01 3.232650000000000801e-01 2.289785843532252230e+00
1.659750000000000392e-01 3.158500000000000751e-01 3.317015762700769255e+00
1.633900000000000352e-01 3.085400000000000365e-01 3.874059591550171433e+00
1.605700000000000460e-01 3.024050000000000349e-01 4.000000000000000888e+00
1.570350000000000357e-01 2.968550000000000910e-01 4.000000000000000888e+00
1.533150000000000346e-01 2.921350000000000335e-01 4.000000000000000888e+00
1.501650000000000484e-01 2.871050000000000546e-01 4.000000000000000888e+00
1.466950000000000476e-01 2.816200000000000370e-01 4.000000000000000888e+00
1.429700000000000415e-01 2.752400000000000402e-01 4.000000000000000888e+00
1.388950000000000462e-01 2.674850000000000283e-01 4.062970204224916060e+00
1.351800000000000224e-01 2.588250000000000828e-01 4.278521914424701755e+00
1.317100000000000215e-01 2.485400000000000109e-01 4.576585163809173906e+00
1.286300000000000221e-01 2.372400000000000619e-01 4.844127295916329956e+00
1.258799999999999919e-01 2.270000000000000351e-01 5.000000000000000000e+00
1.233500000000000152e-01 2.172850000000000614e-01 5.000000000000000000e+00
1.210950000000000082e-01 2.075350000000000528e-01 5.000000000000000000e+00
1.193000000000000171e-01 1.991000000000000547e-01 5.000000000000000000e+00
1.179250000000000298e-01 1.921450000000000657e-01 5.000000000000000000e+00
1.167600000000000166e-01 1.863000000000000489e-01 5.000000000000000000e+00
1.154600000000000209e-01 1.806850000000000400e-01 5.000000000000000000e+00
1.136350000000000138e-01 1.760100000000000553e-01 4.937029795775085717e+00
1.109350000000000197e-01 1.718500000000000305e-01 4.721478085575299133e+00
1.076050000000000340e-01 1.671600000000000308e-01 4.423414836190827870e+00
1.043650000000000272e-01 1.608000000000000540e-01 4.155872704083670932e+00
1.011400000000000216e-01 1.522900000000000365e-01 3.688254591832660356e+00
9.841500000000003023e-02 1.423450000000000548e-01 3.153170327618346480e+00
9.590500000000001801e-02 1.311600000000000543e-01 2.557043828849402622e+00
9.280000000000002136e-02 1.194300000000000361e-01 2.125940408449829455e+00
8.858500000000002483e-02 1.097400000000000320e-01 1.688254591832660134e+00
8.339500000000001079e-02 1.023250000000000270e-01 1.153170327618346258e+00
7.758500000000001506e-02 9.468500000000003303e-02 5.570438288494024004e-01
7.206500000000001793e-02 8.585000000000003739e-02 1.259404084498290943e-01
6.716500000000001636e-02 7.655000000000003468e-02 0.000000000000000000e+00
6.339500000000002078e-02 6.798000000000002652e-02 0.000000000000000000e+00
6.014500000000001789e-02 6.047500000000002179e-02 0.000000000000000000e+00
5.724000000000001309e-02 5.417500000000002175e-02 0.000000000000000000e+00
5.394500000000001377e-02 4.777500000000001884e-02 2.188429083085847160e-01
5.076500000000000457e-02 4.095500000000001223e-02 9.837498631490275702e-01
4.794500000000000844e-02 3.352000000000001506e-02 2.341492118649616039e+00
4.505500000000001171e-02 2.345500000000001056e-02 4.620788439869357056e+00
4.230000000000001120e-02 1.189000000000000820e-02 7.392893718913512657e+00
3.902000000000001301e-02 9.850000000000067035e-04 1.000856155264222735e+01
3.548000000000001153e-02 -8.959999999999999215e-03 1.189030972840114408e+01
3.193500000000000505e-02 -2.014499999999999624e-02 1.278115709169141745e+01
2.786000000000000629e-02 -3.156500000000000278e-02 1.300000000000000178e+01
2.350500000000000506e-02 -4.172499999999999820e-02 1.300000000000000178e+01
1.887000000000000483e-02 -5.045499999999999985e-02 1.300000000000000178e+01
1.404000000000000387e-02 -5.782500000000000140e-02 1.300000000000000178e+01
9.725000000000001005e-03 -6.531000000000000694e-02 1.300000000000000178e+01
6.035000000000002168e-03 -7.351000000000000589e-02 1.300000000000000178e+01
3.115000000000000581e-03 -8.234500000000000153e-02 1.300000000000000178e+01
5.149999999999998329e-04 -9.202000000000001845e-02 1.300000000000000178e+01
-2.350000000000000526e-03 -1.008650000000000102e-01 1.300000000000000178e+01
-4.850000000000001012e-03 -1.079200000000000159e-01 1.300000000000000178e+01
-6.920000000000000803e-03 -1.157900000000000318e-01 1.300000000000000178e+01
-8.615000000000001129e-03 -1.232900000000000246e-01 1.271818688746650139e+01
-1.155500000000000277e-02 -1.277550000000000074e-01 1.151888531411768746e+01
-1.473500000000000504e-02 -1.313150000000000150e-01 9.817671783542852637e+00
-1.736000000000000390e-02 -1.353350000000000108e-01 8.327355536620494547e+00
-1.910500000000000392e-02 -1.402000000000000468e-01 7.613099855660611759e+00
-2.063500000000000403e-02 -1.460600000000000231e-01 7.718186887466502277e+00
-2.229000000000000425e-02 -1.516800000000000370e-01 8.000000000000001776e+00
-2.342500000000000138e-02 -1.562700000000000200e-01 8.000000000000001776e+00
-2.431000000000000522e-02 -1.605250000000000288e-01 8.000000000000001776e+00
-2.544500000000000234e-02 -1.643750000000000488e-01 8.000000000000001776e+00
-2.701500000000000429e-02 -1.671450000000000435e-01 8.000000000000001776e+00
-2.840500000000000663e-02 -1.683050000000000379e-01 8.155872704083671820e+00
-2.944000000000000436e-02 -1.683950000000000446e-01 8.423414836190827870e+00
-2.965500000000000774e-02 -1.684300000000000519e-01 8.784448289800213416e+00
-2.878000000000000350e-02 -1.679050000000000264e-01 9.215551710199786584e+00
-2.725000000000000339e-02 -1.660800000000000609e-01 9.576585163809173906e+00
-2.529500000000000498e-02 -1.637400000000000522e-01 9.844127295916329956e+00
-2.314000000000000432e-02 -1.617850000000000121e-01 1.000000000000000000e+01
-2.079500000000000445e-02 -1.598550000000000249e-01 9.625284387607745629e+00
-1.879000000000000462e-02 -1.575300000000000311e-01 8.718775709109976901e+00
-1.691500000000000295e-02 -1.554000000000000381e-01 7.557043828849402622e+00
-1.527500000000000212e-02 -1.536950000000000260e-01 6.560335026958200366e+00
-1.394500000000000427e-02 -1.526700000000000279e-01 6.062970204224915172e+00
-1.305500000000000410e-02 -1.522550000000000292e-01 6.000000000000000000e+00
-1.252500000000000488e-02 -1.520700000000000385e-01 6.000000000000000000e+00
-1.238000000000000211e-02 -1.516800000000000370e-01 6.000000000000000000e+00
-1.238000000000000211e-02 -1.516800000000000370e-01 6.000000000000000000e+00
