0.00050111 0.27711162 0.58204588 0.3335578  0.34033719 0.36287842  0.51475587 0.44998219 0.44411745 0.38098864 0.50246853 0.45809662  0.4426108  0.41452704 0.4705883  0.46760634
0.00050111 0.27711162 0.58204588 0.3335578  0.34033719 0.36287842  0.51475587 0.44998219 0.44411745 0.38098864 0.50246853 0.45809662  0.4426108  0.41452704 0.4705883  0.46760634
0.00050111 0.27711162 0.58204588 0.3335578  0.34033719 0.36287842  0.51475587 0.44998219 0.44411745 0.38098864 0.50246853 0.45809662  0.4426108  0.41452704 0.4705883  0.46760634
0.00050111 0.27711162 0.58204588 0.3335578  0.34033719 0.36287842  0.51475587 0.44998219 0.44411745 0.38098864 0.50246853 0.45809662  0.4426108  0.41452704 0.4705883  0.46760634
0.00050111 0.27711162 0.58204588 0.3335578  0.34033719 0.36287842  0.51475587 0.44998219 0.44411745 0.38098864 0.50246853 0.45809662  0.4426108  0.41452704 0.4705883  0.46760634
0.00050111 0.27711162 0.58204588 0.3335578  0.34033719 0.36287842  0.51475587 0.44998219 0.44411745 0.38098864 0.50246853 0.45809662  0.4426108  0.41452704 0.4705883  0.46760634
0.00050111 0.27711162 0.58204588 0.3335578  0.34033719 0.36287842  0.51475587 0.44998219 0.44411745 0.38098864 0.50246853 0.45809662  0.4426108  0.41452704 0.4705883  0.46760634
0.01161546 0.27332276 0.56646405 0.38931128 0.23539476 0.39918686  0.45124266 0.45378625 0.41925203 0.39667678 0.47585469 0.47889256  0.47128839 0.42375093 0.46424367 0.48068655
0.02238699 0.26933158 0.55141352 0.44716364 0.13200308 0.43368392  0.38515266 0.45456251 0.39203695 0.41291259 0.4534861  0.49973982  0.50090471 0.43447086 0.45183801 0.48654995
0.02238699 0.26933158 0.55141352 0.44716364 0.13200308 0.43368392  0.38515266 0.45456251 0.39203695 0.41291259 0.4534861  0.49973982  0.50090471 0.43447086 0.45183801 0.48654995
0.02238699 0.26933158 0.55141352 0.44716364 0.13200308 0.43368392  0.38515266 0.45456251 0.39203695 0.41291259 0.4534861  0.49973982  0.50090471 0.43447086 0.45183801 0.48654995
0.02238699 0.26933158 0.55141352 0.44716364 0.13200308 0.43368392  0.38515266 0.45456251 0.39203695 0.41291259 0.4534861  0.49973982  0.50090471 0.43447086 0.45183801 0.48654995
0.02238699 0.26933158 0.55141352 0.44716364 0.13200308 0.43368392  0.38515266 0.45456251 0.39203695 0.41291259 0.4534861  0.49973982  0.50090471 0.43447086 0.45183801 0.48654995
0.02238699 0.26933158 0.55141352 0.44716364 0.13200308 0.43368392  0.38515266 0.45456251 0.39203695 0.41291259 0.4534861  0.49973982  0.50090471 0.43447086 0.45183801 0.48654995
0.05794571 0.2550587  0.48827892 0.49700835 0.14155291 0.4074836  0.4234632  0.4207042  0.42445757 0.43886898 0.54906592 0.49277395  0.43175108 0.47180651 0.43430785 0.45205415
0.09362374 0.24059977 0.42454407 0.54539442 0.15046539 0.38334289  0.45297847 0.39164852 0.45623152 0.46523632 0.62640676 0.50045997  0.36546164 0.48096789 0.44045502 0.44080708
0.1488289  0.22320166 0.34503941 0.57968944 0.1498497  0.38370831  0.52287073 0.36156522 0.60489097 0.50431538 0.72340227 0.54927386  0.28255735 0.42471781 0.46735706 0.47202428
0.20282526 0.2003104  0.24944221 0.64296418 0.19289801 0.3273124  0.54987116 0.33980331 0.55103377 0.49336547 0.74511633 0.49709679  0.29020255 0.46032467 0.45927364 0.45427897
0.25786634 0.18016043 0.17020248 0.66021977 0.24490586 0.2917531  0.5590791  0.35553058 0.47789531 0.45020357 0.6373681  0.4619795  0.41628973 0.43582171 0.46577479 0.50147849
0.29416233 0.16679954 0.1265974  0.65248979 0.29122379 0.2665652  0.53159525 0.38867979 0.36823164 0.40365169 0.50115602 0.44065725  0.53616066 0.42031243 0.46488965 0.54101964
0.31292821 0.16578121 0.11539514 0.63034791 0.28338065 0.29186331  0.56481687 0.39460251 0.42985652 0.40529254 0.4577093  0.44359768  0.59710905 0.40318937 0.47161317 0.5481797 
0.31292821 0.16578121 0.11539514 0.63034791 0.28338065 0.29186331  0.56481687 0.39460251 0.42985652 0.40529254 0.4577093  0.44359768  0.59710905 0.40318937 0.47161317 0.5481797 
0.31292821 0.16578121 0.11539514 0.63034791 0.28338065 0.29186331  0.56481687 0.39460251 0.42985652 0.40529254 0.4577093  0.44359768  0.59710905 0.40318937 0.47161317 0.5481797 
0.31292821 0.16578121 0.11539514 0.63034791 0.28338065 0.29186331  0.56481687 0.39460251 0.42985652 0.40529254 0.4577093  0.44359768  0.59710905 0.40318937 0.47161317 0.5481797 
0.33195068 0.16319616 0.10378683 0.60566773 0.27910435 0.31673465  0.58032643 0.40825925 0.48104827 0.40235045 0.41465793 0.47357554  0.64124879 0.36546137 0.48509917 0.57288636
0.33195068 0.16319616 0.10378683 0.60566773 0.27910435 0.31673465  0.58032643 0.40825925 0.48104827 0.40235045 0.41465793 0.47357554  0.64124879 0.36546137 0.48509917 0.57288636
0.33195068 0.16319616 0.10378683 0.60566773 0.27910435 0.31673465  0.58032643 0.40825925 0.48104827 0.40235045 0.41465793 0.47357554  0.64124879 0.36546137 0.48509917 0.57288636
0.33195068 0.16319616 0.10378683 0.60566773 0.27910435 0.31673465  0.58032643 0.40825925 0.48104827 0.40235045 0.41465793 0.47357554  0.64124879 0.36546137 0.48509917 0.57288636
0.35087222 0.16154377 0.0990376  0.57106194 0.27926172 0.34063778  0.5751364  0.4282193  0.50497415 0.39573181 0.38596278 0.49927657  0.63483472 0.34354132 0.47783551 0.58073063
0.35087222 0.16154377 0.0990376  0.57106194 0.27926172 0.34063778  0.5751364  0.4282193  0.50497415 0.39573181 0.38596278 0.49927657  0.63483472 0.34354132 0.47783551 0.58073063
0.36909432 0.16394534 0.09732922 0.54225958 0.26482295 0.36829528  0.61735263 0.42867846 0.54421085 0.39664622 0.35127674 0.47400129  0.68995114 0.37032614 0.46936669 0.54710893
0.36909432 0.16394534 0.09732922 0.54225958 0.26482295 0.36829528  0.61735263 0.42867846 0.54421085 0.39664622 0.35127674 0.47400129  0.68995114 0.37032614 0.46936669 0.54710893
0.40343381 0.15039262 0.11278417 0.48782779 0.27773266 0.3765806  0.5366381  0.45843636 0.53454172 0.40586023 0.34497186 0.46950522  0.63195694 0.3950346  0.45848874 0.51206901
0.41979394 0.13846161 0.12697655 0.46775335 0.29524255 0.36356768  0.45314627 0.47192974 0.53481945 0.4245278  0.36793808 0.47343229  0.56977019 0.37448248 0.46002689 0.51906931
0.43810401 0.13237929 0.1269989  0.43520648 0.30611597 0.37126091  0.40473285 0.49758801 0.52305087 0.43158225 0.3611036  0.52566757  0.50122496 0.33971226 0.48680517 0.51350433
0.45683293 0.13219172 0.1234384  0.40131558 0.29549894 0.40117249  0.42490064 0.50948417 0.56254532 0.43411773 0.32263871 0.5339217  0.53682929 0.3439411  0.48091409 0.49410586
0.52702822 0.11744171 0.15818834 0.28005617 0.30036378 0.43469281  0.30026481 0.54928328 0.52831262 0.47461471 0.36117653 0.55192255  0.38515658 0.37802771 0.44805419 0.44858782
0.52702822 0.11744171 0.15818834 0.28005617 0.30036378 0.43469281  0.30026481 0.54928328 0.52831262 0.47461471 0.36117653 0.55192255  0.38515658 0.37802771 0.44805419 0.44858782
0.52702822 0.11744171 0.15818834 0.28005617 0.30036378 0.43469281  0.30026481 0.54928328 0.52831262 0.47461471 0.36117653 0.55192255  0.38515658 0.37802771 0.44805419 0.44858782
0.55993693 0.11658529 0.19488542 0.2316076  0.27655881 0.44939837  0.3040333  0.52679641 0.53244    0.5080059  0.38869946 0.47044443  0.39045386 0.46313942 0.39935116 0.42878692
0.57701576 0.11609897 0.21264047 0.20081772 0.26630553 0.46255462  0.28911535 0.52027297 0.52099254 0.52738918 0.42909898 0.44136958  0.38077547 0.50633988 0.36693325 0.40220631
0.59331639 0.11722831 0.23479047 0.17579827 0.25105307 0.46521007  0.29418606 0.50788991 0.49462703 0.55430589 0.46779308 0.39988542  0.3748327  0.55566833 0.35511512 0.38344771
0.60722307 0.1152155  0.26594494 0.1740115  0.24258514 0.44545128  0.29196581 0.47617364 0.49577386 0.58052022 0.46793102 0.36088164  0.36963494 0.56265045 0.35659755 0.45840474
0.62264641 0.12327223 0.28690101 0.15762031 0.22036209 0.43641255  0.33375601 0.46280972 0.44337058 0.59213974 0.47431088 0.33529845  0.32885429 0.5739522  0.38030873 0.4712548 
0.64344989 0.11025035 0.34323882 0.19049865 0.23398833 0.43856954  0.33809867 0.4133445  0.43668214 0.53447184 0.45273658 0.35769361  0.28245455 0.56766764 0.34624446 0.6023754 
0.67925594 0.0977256  0.41990921 0.21217696 0.23169837 0.46631487  0.3904204  0.33869752 0.41720478 0.40597037 0.40402719 0.36388417  0.18794017 0.66843098 0.31415216 0.76123861
0.71434844 0.07630074 0.51366236 0.25495425 0.24221547 0.461244  0.38162854 0.28623434 0.45280714 0.26331175 0.45845716 0.38817614  0.35192721 0.69956413 0.39298919 0.76007478
0.71434844 0.07630074 0.51366236 0.25495425 0.24221547 0.461244  0.38162854 0.28623434 0.45280714 0.26331175 0.45845716 0.38817614  0.35192721 0.69956413 0.39298919 0.76007478
0.71434844 0.07630074 0.51366236 0.25495425 0.24221547 0.461244  0.38162854 0.28623434 0.45280714 0.26331175 0.45845716 0.38817614  0.35192721 0.69956413 0.39298919 0.76007478
0.69874227 0.06667723 0.49631396 0.27469846 0.26648691 0.46728049  0.33456244 0.29761686 0.50019321 0.25219562 0.45749114 0.41587289  0.38526092 0.69198841 0.37243889 0.81012597
0.69874227 0.06667723 0.49631396 0.27469846 0.26648691 0.46728049  0.33456244 0.29761686 0.50019321 0.25219562 0.45749114 0.41587289  0.38526092 0.69198841 0.37243889 0.81012597
0.67102671 0.05884061 0.44288784 0.28043926 0.29677445 0.50551055  0.28048792 0.33910117 0.55531349 0.21423773 0.47983385 0.45843352  0.44825005 0.70747349 0.31343052 0.72734781
0.64876252 0.07258352 0.37942423 0.24676483 0.29120576 0.50869266  0.26956784 0.38843069 0.53600602 0.29246144 0.49613117 0.45376849  0.40823128 0.67745055 0.25994441 0.67953228
0.60015833 0.0734174  0.34104428 0.30039404 0.32064197 0.46278404  0.21414887 0.39403741 0.48990921 0.3482253  0.46569435 0.49588617  0.23122282 0.58952943 0.25721096 0.83101878
0.52357303 0.10564153 0.19398654 0.2993573  0.3177598  0.39404865  0.18916595 0.52389333 0.50301725 0.51205763 0.46994467 0.53751872  0.33551527 0.35257499 0.41211928 0.54837181
0.45788503 0.11112261 0.20657606 0.33042648 0.45141569 0.28937426  0.2142077  0.50879383 0.4382108  0.47280988 0.5380706  0.53460306  0.21996336 0.31304485 0.45004938 0.57411061
0.23035391 0.17049169 0.28590393 0.47081011 0.54299474 0.15095703  0.39644899 0.44516108 0.19177863 0.35611895 0.50163159 0.32351794  0.40727562 0.48029627 0.44367796 0.43371762
0.10783906 0.23297633 0.41462742 0.40247077 0.46247898 0.24816621  0.49946506 0.46889369 0.16002073 0.29308729 0.31640214 0.3170824  0.66426761 0.5024674  0.41309463 0.45193219
0.05362332 0.25412983 0.49886094 0.36861427 0.40859073 0.29685711  0.49794888 0.46369947 0.25992298 0.33041484 0.37582872 0.36664541  0.60138296 0.48153854 0.42463395 0.45493956
0.01788144 0.26916881 0.55883396 0.33716546 0.36822873 0.33863439  0.49424631 0.46619602 0.34729589 0.3529557  0.41940113 0.41686523  0.53262776 0.44298409 0.44807042 0.46090866
0.00050111 0.27711162 0.58204588 0.3335578  0.34033719 0.36287842  0.51475587 0.44998219 0.44411745 0.38098864 0.50246853 0.45809662  0.4426108  0.41452704 0.4705883  0.46760634
0.00050111 0.27711162 0.58204588 0.3335578  0.34033719 0.36287842  0.51475587 0.44998219 0.44411745 0.38098864 0.50246853 0.45809662  0.4426108  0.41452704 0.4705883  0.46760634
0.00050111 0.27711162 0.58204588 0.3335578  0.34033719 0.36287842  0.51475587 0.44998219 0.44411745 0.38098864 0.50246853 0.45809662  0.4426108  0.41452704 0.4705883  0.46760634
0.00050111 0.27711162 0.58204588 0.3335578  0.34033719 0.36287842  0.51475587 0.44998219 0.44411745 0.38098864 0.50246853 0.45809662  0.4426108  0.41452704 0.4705883  0.46760634
0.00050111 0.27711162 0.58204588 0.3335578  0.34033719 0.36287842  0.51475587 0.44998219 0.44411745 0.38098864 0.50246853 0.45809662  0.4426108  0.41452704 0.4705883  0.46760634
0.00050111 0.27711162 0.58204588 0.3335578  0.34033719 0.36287842  0.51475587 0.44998219 0.44411745 0.38098864 0.50246853 0.45809662  0.4426108  0.41452704 0.4705883  0.46760634
0.00050111 0.27711162 0.58204588 0.3335578  0.34033719 0.36287842  0.51475587 0.44998219 0.44411745 0.38098864 0.50246853 0.45809662  0.4426108  0.41452704 0.4705883  0.46760634
0.00050111 0.27711162 0.58204588 0.3335578  0.34033719 0.36287842  0.51475587 0.44998219 0.44411745 0.38098864 0.50246853 0.45809662  0.4426108  0.41452704 0.4705883  0.46760634
0.00050111 0.27711162 0.58204588 0.3335578  0.34033719 0.36287842  0.51475587 0.44998219 0.44411745 0.38098864 0.50246853 0.45809662  0.4426108  0.41452704 0.4705883  0.46760634
0.00050111 0.27711162 0.58204588 0.3335578  0.34033719 0.36287842  0.51475587 0.44998219 0.44411745 0.38098864 0.50246853 0.45809662  0.4426108  0.41452704 0.4705883  0.46760634
0.00050111 0.27711162 0.58204588 0.3335578  0.34033719 0.36287842  0.51475587 0.44998219 0.44411745 0.38098864 0.50246853 0.45809662  0.4426108  0.41452704 0.4705883  0.46760634
0.00050111 0.27711162 0.58204588 0.3335578  0.34033719 0.36287842  0.51475587 0.44998219 0.44411745 0.38098864 0.50246853 0.45809662  0.4426108  0.41452704 0.4705883  0.46760634
0.00050111 0.27711162 0.58204588 0.3335578  0.34033719 0.36287842  0.51475587 0.44998219 0.44411745 0.38098864 0.50246853 0.45809662  0.4426108  0.41452704 0.4705883  0.46760634
0.00050111 0.27711162 0.58204588 0.3335578  0.34033719 0.36287842  0.51475587 0.44998219 0.44411745 0.38098864 0.50246853 0.45809662  0.4426108  0.41452704 0.4705883  0.46760634
0.00050111 0.27711162 0.58204588 0.3335578  0.34033719 0.36287842  0.51475587 0.44998219 0.44411745 0.38098864 0.50246853 0.45809662  0.4426108  0.41452704 0.4705883  0.46760634
0.00050111 0.27711162 0.58204588 0.3335578  0.34033719 0.36287842  0.51475587 0.44998219 0.44411745 0.38098864 0.50246853 0.45809662  0.4426108  0.41452704 0.4705883  0.46760634
0.00050111 0.27711162 0.58204588 0.3335578  0.34033719 0.36287842  0.51475587 0.44998219 0.44411745 0.38098864 0.50246853 0.45809662  0.4426108  0.41452704 0.4705883  0.46760634
0.00050111 0.27711162 0.58204588 0.3335578  0.34033719 0.36287842  0.51475587 0.44998219 0.44411745 0.38098864 0.50246853 0.45809662  0.4426108  0.41452704 0.4705883  0.46760634
0.00050111 0.27711162 0.58204588 0.3335578  0.34033719 0.36287842  0.51475587 0.44998219 0.44411745 0.38098864 0.50246853 0.45809662  0.4426108  0.41452704 0.4705883  0.46760634
0.00050111 0.27711162 0.58204588 0.3335578  0.34033719 0.36287842  0.51475587 0.44998219 0.44411745 0.38098864 0.50246853 0.45809662  0.4426108  0.41452704 0.4705883  0.46760634
0.00050111 0.27711162 0.58204588 0.3335578  0.34033719 0.36287842  0.51475587 0.44998219 0.44411745 0.38098864 0.50246853 0.45809662  0.4426108  0.41452704 0.4705883  0.46760634
0.00050111 0.27711162 0.58204588 0.3335578  0.34033719 0.36287842  0.51475587 0.44998219 0.44411745 0.38098864 0.50246853 0.45809662  0.4426108  0.41452704 0.4705883  0.46760634
0.00050111 0.27711162 0.58204588 0.3335578  0.34033719 0.36287842  0.51475587 0.44998219 0.44411745 0.38098864 0.50246853 0.45809662  0.4426108  0.41452704 0.4705883  0.46760634
0.00050111 0.27711162 0.58204588 0.3335578  0.34033719 0.36287842  0.51475587 0.44998219 0.44411745 0.38098864 0.50246853 0.45809662  0.4426108  0.41452704 0.4705883  0.46760634
0.00050111 0.27711162 0.58204588 0.3335578  0.34033719 0.36287842  0.51475587 0.44998219 0.44411745 0.38098864 0.50246853 0.45809662  0.4426108  0.41452704 0.4705883  0.46760634
0.00050111 0.27711162 0.58204588 0.3335578  0.34033719 0.36287842  0.51475587 0.44998219 0.44411745 0.38098864 0.50246853 0.45809662  0.4426108  0.41452704 0.4705883  0.46760634
0.00050111 0.27711162 0.58204588 0.3335578  0.34033719 0.36287842  0.51475587 0.44998219 0.44411745 0.38098864 0.50246853 0.45809662  0.4426108  0.41452704 0.4705883  0.46760634
0.00050111 0.27711162 0.58204588 0.3335578  0.34033719 0.36287842  0.51475587 0.44998219 0.44411745 0.38098864 0.50246853 0.45809662  0.4426108  0.41452704 0.4705883  0.46760634
0.00050111 0.27711162 0.58204588 0.3335578  0.34033719 0.36287842  0.51475587 0.44998219 0.44411745 0.38098864 0.50246853 0.45809662  0.4426108  0.41452704 0.4705883  0.46760634
0.00050111 0.27711162 0.58204588 0.3335578  0.34033719 0.36287842  0.51475587 0.44998219 0.44411745 0.38098864 0.50246853 0.45809662  0.4426108  0.41452704 0.4705883  0.46760634
0.00050111 0.27711162 0.58204588 0.3335578  0.34033719 0.36287842  0.51475587 0.44998219 0.44411745 0.38098864 0.50246853 0.45809662  0.4426108  0.41452704 0.4705883  0.46760634
0.00050111 0.27711162 0.58204588 0.3335578  0.34033719 0.36287842  0.51475587 0.44998219 0.44411745 0.38098864 0.50246853 0.45809662  0.4426108  0.41452704 0.4705883  0.46760634
0.00050111 0.27711162 0.58204588 0.3335578  0.34033719 0.36287842  0.51475587 0.44998219 0.44411745 0.38098864 0.50246853 0.45809662  0.4426108  0.41452704 0.4705883  0.46760634
0.00050111 0.27711162 0.58204588 0.3335578  0.34033719 0.36287842  0.51475587 0.44998219 0.44411745 0.38098864 0.50246853 0.45809662  0.4426108  0.41452704 0.4705883  0.46760634
0.00050111 0.27711162 0.58204588 0.3335578  0.34033719 0.36287842  0.51475587 0.44998219 0.44411745 0.38098864 0.50246853 0.45809662  0.4426108  0.41452704 0.4705883  0.46760634
0.00050111 0.27711162 0.58204588 0.3335578  0.34033719 0.36287842  0.51475587 0.44998219 0.44411745 0.38098864 0.50246853 0.45809662  0.4426108  0.41452704 0.4705883  0.46760634
0.00050111 0.27711162 0.58204588 0.3335578  0.34033719 0.36287842  0.51475587 0.44998219 0.44411745 0.38098864 0.50246853 0.45809662  0.4426108  0.41452704 0.4705883  0.46760634
0.00050111 0.27711162 0.58204588 0.3335578  0.34033719 0.36287842  0.51475587 0.44998219 0.44411745 0.38098864 0.50246853 0.45809662  0.4426108  0.41452704 0.4705883  0.46760634
0.00050111 0.27711162 0.58204588 0.3335578  0.34033719 0.36287842  0.51475587 0.44998219 0.44411745 0.38098864 0.50246853 0.45809662  0.4426108  0.41452704 0.4705883  0.46760634
0.00050111 0.27711162 0.58204588 0.3335578  0.34033719 0.36287842  0.51475587 0.44998219 0.44411745 0.38098864 0.50246853 0.45809662  0.4426108  0.41452704 0.4705883  0.46760634
