2.808924645749061089e+00
2.891032948441837558e+00
3.196599196883489924e+00
3.568307757956953097e+00
3.997297623534675992e+00
4.442956171150598266e+00
4.844127295916329956e+00
5.152581505974872300e+00
5.423414836190827870e+00
5.576585163809173906e+00
5.721478085575299133e+00
5.844127295916329956e+00
5.937029795775085717e+00
6.000000000000000000e+00
6.000000000000000000e+00
6.000000000000000000e+00
6.000000000000000000e+00
6.000000000000000000e+00
6.000000000000000000e+00
6.000000000000000000e+00
6.062970204224914283e+00
6.281813112533499499e+00
6.590267322592041843e+00
6.980458665040230493e+00
7.423414836190826982e+00
7.874648413193646057e+00
8.287083467066928222e+00
8.625284387607745629e+00
8.874059591550171433e+00
9.000000000000000000e+00
9.000000000000000000e+00
9.000000000000000000e+00
8.937029795775085717e+00
8.844127295916329956e+00
8.721478085575299133e+00
8.576585163809173906e+00
8.360444631965915363e+00
8.122649210341032600e+00
7.877350789658970953e+00
7.702525572259003361e+00
7.579287540274498802e+00
7.557043828849403511e+00
7.579287540274498802e+00
7.639555368034089078e+00
7.721478085575300021e+00
7.844127295916330844e+00
7.937029795775086605e+00
8.062970204224916060e+00
8.218842908308587880e+00
8.560335026958201254e+00
9.013682158782870601e+00
9.620014033074319570e+00
1.036373583007471133e+01
1.109020012339343175e+01
1.177017730937387441e+01
1.234676247318304654e+01
1.274870800474381660e+01
1.298902021768245696e+01
1.305967900611611832e+01
1.321884290830858610e+01
1.337471561239225615e+01
1.355704382884940529e+01
1.384682967238165752e+01
1.415317032761834959e+01
1.444295617115060004e+01
1.475122479605757597e+01
1.502993229563384325e+01
1.527852191442470620e+01
1.542341483619083142e+01
1.557658516380917568e+01
1.572147808557530269e+01
1.578115709169141923e+01
1.584412729591633351e+01
1.594032099388388701e+01
1.601097978231754482e+01
1.612535158680635661e+01
1.627852191442470087e+01
1.651690615769305737e+01
1.678444828980021342e+01
1.705967900611611654e+01
1.736044463196591181e+01
1.757658516380917391e+01
1.772147808557529913e+01
1.784412729591632996e+01
1.793702979577508572e+01
1.800000000000000000e+01
1.800000000000000000e+01
1.800000000000000000e+01
1.800000000000000000e+01
1.800000000000000000e+01
1.800000000000000000e+01
1.800000000000000000e+01
1.800000000000000000e+01
1.800000000000000000e+01
1.800000000000000000e+01
1.800000000000000000e+01
1.800000000000000000e+01
1.800000000000000000e+01
1.793702979577508572e+01
1.784412729591632996e+01
1.772147808557529913e+01
1.770252557225900247e+01
1.773516024435816618e+01
1.777259553904918832e+01
1.784682967238165574e+01
1.793761861741856123e+01
1.801954133495977217e+01
1.811166942802348601e+01
1.815258150597487230e+01
1.821884290830858433e+01
1.821884290830858433e+01
1.834149211864961870e+01
1.851631733604958541e+01
1.869923437415020473e+01
1.886637100734142436e+01
1.880838701085993492e+01
1.867727480951511509e+01
1.844295617115059827e+01
1.822712031416080691e+01
1.806837495715556585e+01
1.796919473593267824e+01
1.803592587020796500e+01
1.818620823620942062e+01
1.837998596692568398e+01
1.868825459183265991e+01
1.887405959155017143e+01
1.900000000000000000e+01
1.900000000000000000e+01
1.900000000000000000e+01
1.900000000000000000e+01
1.900000000000000000e+01
1.900000000000000000e+01
1.900000000000000000e+01
1.900000000000000000e+01
1.900000000000000000e+01
1.900000000000000000e+01
1.900000000000000000e+01
1.900000000000000000e+01
1.900000000000000000e+01
1.893702979577508572e+01
1.884412729591632996e+01
1.872147808557529913e+01
1.851361495958425962e+01
1.826754213210715605e+01
1.800000000000000000e+01
1.773245786789284395e+01
1.748638504041574393e+01
1.727852191442470087e+01
1.721884290830858433e+01
1.715587270408367004e+01
1.705967900611611654e+01
1.698902021768245874e+01
1.687464841319364695e+01
1.672147808557530269e+01
1.654606404653186047e+01
1.637142441428346018e+01
1.621884290830858788e+01
1.606297020422491784e+01
1.593702979577508927e+01
1.584412729591633351e+01
1.572147808557530269e+01
1.557658516380917568e+01
1.542341483619083142e+01
1.527852191442470620e+01
1.515587270408367537e+01
1.506297020422491961e+01
1.500000000000000533e+01
1.500000000000000533e+01
1.500000000000000533e+01
1.500000000000000533e+01
1.487405959155017676e+01
1.468825459183266524e+01
1.437998596692568931e+01
1.393432741930976526e+01
1.341243505387328661e+01
1.285510707823387477e+01
1.231174540816734186e+01
1.182787715906535908e+01
1.137142441428345663e+01
1.087405959155017143e+01
9.939008952199715807e+00
8.742812991808134981e+00
7.326166136986469901e+00
5.666785287202605659e+00
3.952639924228237955e+00
2.220672316340428498e+00
6.675085072432983546e-01
-5.999350632254180082e-01
-1.505337553732038369e+00
-1.997297623534675992e+00
-2.379985966925683982e+00
-2.688254591832659912e+00
-2.874059591550170989e+00
-3.000000000000000000e+00
-3.000000000000000000e+00
-3.000000000000000000e+00
-3.000000000000000000e+00
-3.000000000000000000e+00
-3.000000000000000000e+00
-3.000000000000000000e+00
-3.000000000000000000e+00
-3.062970204224914283e+00
-3.281813112533499499e+00
-3.590267322592041843e+00
-3.980458665040229604e+00
-4.423414836190827870e+00
-4.874648413193645169e+00
-5.287083467066928222e+00
-5.625284387607745629e+00
-5.874059591550171433e+00
-6.000000000000000000e+00
-6.000000000000000000e+00
-6.000000000000000000e+00
-6.000000000000000000e+00
-6.000000000000000000e+00
-6.000000000000000000e+00
-6.000000000000000000e+00
-5.937029795775085717e+00
-5.844127295916329956e+00
-5.721478085575299133e+00
-5.576585163809173906e+00
-5.423414836190827870e+00
-5.278521914424700867e+00
-5.218842908308585216e+00
-5.218842908308585216e+00
-5.278521914424701755e+00
-5.423414836190827870e+00
-5.576585163809173906e+00
-5.721478085575299133e+00
-5.844127295916329956e+00
-5.937029795775085717e+00
-6.000000000000000000e+00
-6.000000000000000000e+00
-6.125940408449828567e+00
-6.311745408167340088e+00
-6.557043828849402622e+00
-6.846829672381654852e+00
-7.090200123393432641e+00
-7.224113262842014827e+00
-7.253859973324289889e+00
-7.172122840934643584e+00
-6.874059591550171433e+00
-6.390191342448187761e+00
-5.877350789658969177e+00
-5.372013235926931252e+00
-4.909799876606569136e+00
-4.494073624624488339e+00
-4.218842908308585216e+00
-4.003291198108798632e+00
-3.855107078233874773e+00
-3.846829672381654852e+00
-3.855107078233874773e+00
-3.751410381209140610e+00
-3.595352091973904596e+00
-3.191075354250939800e+00
-2.685552215367335904e+00
-2.011263929107550918e+00
-1.286799320276921677e+00
-5.819899167398213669e-01
3.849384827606745774e-02
5.323818877489896462e-01
8.110893873252564834e-01
1.000000000000000222e+00
1.000000000000000222e+00
1.000000000000000222e+00
1.062970204224914728e+00
1.155872704083670266e+00
1.278521914424701311e+00
1.423414836190827204e+00
1.576585163809173240e+00
1.784448289800213860e+00
2.000000000000000444e+00
2.215551710199787028e+00
2.360444631965913143e+00
2.420712459725502974e+00
2.442956171150597822e+00
2.420712459725502974e+00
2.360444631965912698e+00
2.278521914424701311e+00
2.155872704083670488e+00
2.062970204224915172e+00
2.000000000000000444e+00
2.000000000000000444e+00
1.937029795775085939e+00
1.844127295916330178e+00
1.532567472900555616e+00
7.311458262086755200e-01
3.043409376419006773e-02
-6.646476519690514007e-01
-1.287367613856933879e+00
-1.678993899561442626e+00
-1.822451878071247755e+00
-1.691877571137568648e+00
-1.223611464711664265e+00
-4.894906533729740383e-01
4.940736246244877838e-01
1.114371804488810902e+00
1.666785287202604771e+00
2.164434256725896955e+00
2.532381887748989868e+00
2.811089387325256705e+00
3.000000000000000000e+00
3.000000000000000000e+00
2.937029795775085272e+00
2.844127295916329512e+00
2.721478085575298689e+00
2.576585163809173018e+00
2.423414836190826982e+00
2.278521914424701311e+00
2.155872704083670488e+00
2.062970204224915172e+00
2.000000000000000444e+00
2.000000000000000444e+00
2.000000000000000444e+00
2.000000000000000444e+00
2.000000000000000444e+00
1.937029795775085939e+00
1.844127295916330178e+00
1.721478085575299133e+00
1.324704346909514996e+00
7.999240198561466952e-01
1.644342567258966215e-01
-5.377866406796378840e-01
-1.243370451011777789e+00
-1.885912342301195643e+00
-2.313538979440405097e+00
-2.529276274791757206e+00
-2.565605381491629089e+00
-2.298063249384472151e+00
-2.000000000000000000e+00
-1.701936750615528293e+00
-1.434394618508371355e+00
-1.218842908308584772e+00
-1.062970204224914728e+00
-1.000000000000000222e+00
-1.000000000000000222e+00
-1.000000000000000222e+00
-1.000000000000000222e+00
-1.000000000000000222e+00
-1.000000000000000222e+00
-1.000000000000000222e+00
-1.000000000000000222e+00
-1.000000000000000222e+00
-1.000000000000000222e+00
-1.000000000000000222e+00
-1.000000000000000222e+00
-1.000000000000000222e+00
-9.370297957750857165e-01
-8.441272959163300671e-01
-5.955376771254698998e-01
-2.018695514169183136e-01
3.524719009671599679e-01
1.317553397589896758e+00
2.604538303018384404e+00
4.084340947216529294e+00
5.660435851020669595e+00
7.295360872919149031e+00
8.853463255353597461e+00
1.022063647958165156e+01
1.137610594717341250e+01
1.230575183359322011e+01
1.286637100734142614e+01
1.326483975564183559e+01
1.359553767712547234e+01
1.384412729591633173e+01
1.393702979577508927e+01
1.400000000000000355e+01
1.400000000000000355e+01
1.400000000000000355e+01
1.400000000000000355e+01
1.400000000000000355e+01
1.400000000000000355e+01
1.400000000000000355e+01
1.406297020422491784e+01
1.415587270408367360e+01
1.427852191442470442e+01
1.454935524464066177e+01
1.488833057197651399e+01
1.527852191442470087e+01
1.569095696829798570e+01
1.609020012339343353e+01
1.644295617115059827e+01
1.668825459183265991e+01
1.687405959155017143e+01
1.693702979577508572e+01
1.684412729591633351e+01
1.672147808557530269e+01
1.651361495958426318e+01
1.626754213210715960e+01
1.593702979577508927e+01
1.557658516380917568e+01
1.520786312599104484e+01
1.485510707823387833e+01
1.464225774449941397e+01
1.449736482273328875e+01
1.443439461850837446e+01
1.448638504041574571e+01
1.463955536803408997e+01
1.487735078965897095e+01
1.512264921034103260e+01
1.536044463196591536e+01
1.557658516380917568e+01
1.572147808557530269e+01
1.584412729591633351e+01
1.593702979577508927e+01
1.600000000000000355e+01
1.600000000000000355e+01
1.587405959155017499e+01
1.562528438760774918e+01
1.528708346706693177e+01
1.481167820896873444e+01
1.426754213210716138e+01
1.370193675061553051e+01
1.316685248640121486e+01
1.270522794872432648e+01
1.234149211864961693e+01
1.215587270408367004e+01
1.206297020422491606e+01
1.200000000000000000e+01
1.200000000000000000e+01
1.200000000000000000e+01
1.200000000000000000e+01
1.200000000000000000e+01
1.200000000000000000e+01
1.193702979577508572e+01
1.178115709169141567e+01
1.156560538149162909e+01
1.129806324938447304e+01
1.100000000000000000e+01
1.070193675061553051e+01
1.030845421005854234e+01
9.781157091691415673e+00
8.942300150308515327e+00
7.846695273984435559e+00
6.574166934133855555e+00
5.153170327618346036e+00
3.715618909398396674e+00
2.398603146697628308e+00
1.306475053633912253e+00
5.636262250669984430e-01
1.259404084498290943e-01
0.000000000000000000e+00
0.000000000000000000e+00
0.000000000000000000e+00
0.000000000000000000e+00
0.000000000000000000e+00
0.000000000000000000e+00
0.000000000000000000e+00
0.000000000000000000e+00
0.000000000000000000e+00
0.000000000000000000e+00
-6.297020422491454716e-02
-2.188429083085847160e-01
-4.973648227332858607e-01
-9.207796589241130647e-01
-1.434394618508371577e+00
-2.000000000000000000e+00
-2.565605381491629089e+00
-3.079220341075887823e+00
-3.565605381491629533e+00
-3.937029795775086161e+00
-4.215551710199786584e+00
-4.423414836190827870e+00
-4.576585163809173906e+00
-4.721478085575299133e+00
-4.844127295916329956e+00
-4.937029795775085717e+00
-5.000000000000000000e+00
-5.000000000000000000e+00
-5.000000000000000000e+00
-5.000000000000000000e+00
-5.000000000000000000e+00
-5.000000000000000000e+00
-5.000000000000000000e+00
-5.000000000000000000e+00
-5.000000000000000000e+00
-5.000000000000000000e+00
-5.062970204224915172e+00
-5.155872704083670932e+00
-5.278521914424701755e+00
-5.486385040415742154e+00
-5.732457867892843950e+00
-6.062970204224915172e+00
-6.486385040415743042e+00
-6.948009578092631422e+00
-7.486385040415743042e+00
-8.000000000000000000e+00
-8.513614959584259623e+00
-8.989020217682455183e+00
-9.357742255500589579e+00
-9.595537677125470566e+00
-9.688254591832659912e+00
-9.658507881350384849e+00
-9.576585163809173906e+00
-9.423414836190827870e+00
-9.278521914424700867e+00
-9.155872704083670044e+00
-9.062970204224914283e+00
-9.000000000000000000e+00
-9.000000000000000000e+00
-9.000000000000000000e+00
-9.000000000000000000e+00
-9.000000000000000000e+00
-9.000000000000000000e+00
-9.000000000000000000e+00
-9.000000000000000000e+00
-9.000000000000000000e+00
-9.000000000000000000e+00
-9.000000000000000000e+00
-9.000000000000000000e+00
-9.000000000000000000e+00
-9.000000000000000000e+00
-9.062970204224914283e+00
-9.155872704083670044e+00
-9.278521914424700867e+00
-9.045593610841342169e+00
-8.389468122407496509e+00
-7.174974965792753956e+00
-5.503089600512968360e+00
-3.513899106374264836e+00
-1.392609572123506112e+00
6.804316092266938787e-01
2.461185464426201008e+00
3.909076656565875219e+00
4.748119183100342866e+00
5.215551710199787472e+00
5.423414836190827870e+00
5.576585163809173906e+00
5.721478085575299133e+00
5.844127295916329956e+00
5.937029795775085717e+00
6.000000000000000000e+00
5.937029795775085717e+00
5.844127295916329956e+00
5.721478085575299133e+00
5.576585163809173906e+00
5.423414836190827870e+00
5.278521914424700867e+00
5.155872704083670044e+00
5.062970204224914283e+00
5.000000000000000000e+00
5.000000000000000000e+00
5.000000000000000000e+00
5.000000000000000000e+00
5.000000000000000000e+00
5.000000000000000000e+00
5.062970204224915172e+00
5.155872704083670932e+00
5.215551710199786584e+00
5.267542132107157826e+00
5.298063249384473039e+00
5.298063249384473039e+00
5.267542132107157826e+00
5.215551710199786584e+00
5.155872704083670044e+00
5.062970204224914283e+00
4.937029795775085717e+00
4.844127295916329956e+00
4.721478085575299133e+00
4.450644755359345339e+00
3.796818406898914589e+00
3.005084769381863197e+00
2.072306163662181344e+00
1.071247610077134871e+00
9.753284599436429225e-02
-7.190598558999810042e-01
-1.373217985556521636e+00
-1.841021682959097738e+00
-2.062970204224915172e+00
-2.000000000000000444e+00
-2.000000000000000444e+00
-2.000000000000000444e+00
-2.000000000000000444e+00
-2.000000000000000444e+00
-2.000000000000000444e+00
-2.000000000000000444e+00
-2.000000000000000444e+00
-2.000000000000000444e+00
-2.188910612674744183e+00
-2.467618112251011020e+00
-2.835565743274103934e+00
-3.270244508572481390e+00
-3.792725695652434226e+00
-4.383277165034481726e+00
-4.966776506257361667e+00
-5.513026137940785887e+00
-6.000000000000000888e+00
-6.298063249384473039e+00
-6.565605381491629977e+00
-6.781157091691416561e+00
-6.937029795775086605e+00
-7.000000000000001776e+00
-6.937029795775087493e+00
-6.970067704366160299e+00
-6.718372472618067803e+00
-6.228325063790396854e+00
-5.502919324056721351e+00
-4.601701528155840215e+00
-3.275700448257475195e+00
-1.787885683953556626e+00
-2.412722048852454781e-01
1.211955837237520983e+00
2.601112706512366035e+00
3.544420223651580049e+00
4.220636479581649780e+00
4.685148978875428583e+00
5.000000000000000000e+00
5.000000000000000000e+00
5.000000000000000000e+00
5.000000000000000000e+00
5.000000000000000000e+00
5.000000000000000000e+00
5.000000000000000000e+00
5.000000000000000000e+00
5.000000000000000000e+00
5.000000000000000000e+00
5.000000000000000000e+00
5.062970204224915172e+00
5.155872704083670932e+00
5.278521914424701755e+00
5.423414836190827870e+00
5.576585163809173906e+00
5.721478085575299133e+00
5.844127295916329956e+00
5.937029795775085717e+00
6.000000000000000000e+00
6.000000000000000000e+00
6.000000000000000000e+00
6.000000000000000000e+00
5.874059591550170545e+00
5.688254591832659024e+00
5.191075354250939355e+00
4.403739102833836405e+00
3.358026402290594792e+00
2.213438155377936756e+00
1.035925870207963229e+00
-5.803518323583822802e-02
-9.726356824342633489e-01
-1.455326288249298550e+00
-1.684963393723861946e+00
-1.535858671009353582e+00
-1.216140531843260764e+00
-8.468296723816541860e-01
-5.570438288494024004e-01
-3.117454081673403099e-01
-1.259404084498290943e-01
0.000000000000000000e+00
1.889106126747436276e-01
7.194989291506685980e-01
1.584996968058613120e+00
2.759047778663540562e+00
4.136331369123899648e+00
5.596126498768944302e+00
6.994879393859358530e+00
8.207139905950347369e+00
9.157851860508301911e+00
9.718186887466501389e+00
9.937029795775085717e+00
1.000000000000000000e+01
1.000000000000000000e+01
1.000000000000000000e+01
1.000000000000000000e+01
1.000000000000000000e+01
1.000000000000000000e+01
1.012594040844983034e+01
1.031174540816734186e+01
1.055704382884940351e+01
1.084682967238165574e+01
1.115317032761834781e+01
1.137998596692568398e+01
1.153238188774898987e+01
1.159553767712547057e+01
1.157658516380917391e+01
1.142341483619082787e+01
1.127852191442470264e+01
1.128181311253350039e+01
1.150065602084208471e+01
1.186878923701674360e+01
1.246684370545597353e+01
1.315587270408367182e+01
1.374870800474381838e+01
1.424288019100674596e+01
1.458185551834260529e+01
1.474870800474381838e+01
1.469095696829798747e+01
1.443110342039957672e+01
1.415587270408367360e+01
1.384741849402512948e+01
1.357658516380917568e+01
1.342341483619082787e+01
1.327852191442470264e+01
1.315587270408367182e+01
1.306297020422491606e+01
1.300000000000000178e+01
1.300000000000000178e+01
1.300000000000000178e+01
1.318891061267474463e+01
1.346761811225101191e+01
1.383556574327410615e+01
1.427024450857248361e+01
1.479272569565243600e+01
1.532030696080956744e+01
1.581090380217369074e+01
1.623450422351608324e+01
1.657658516380917391e+01
1.672147808557529913e+01
1.684412729591632996e+01
1.693702979577508572e+01
1.700000000000000000e+01
1.700000000000000000e+01
1.700000000000000000e+01
1.700000000000000000e+01
1.700000000000000000e+01
1.700000000000000000e+01
1.700000000000000000e+01
1.700000000000000000e+01
1.700000000000000000e+01
1.700000000000000000e+01
1.687405959155017143e+01
1.662528438760774918e+01
1.628708346706693177e+01
1.587464841319364872e+01
1.542341483619082965e+01
1.498045866504023138e+01
1.459026732259204451e+01
1.428181311253350216e+01
1.406297020422491784e+01
1.400000000000000355e+01
1.400000000000000355e+01
1.406297020422491784e+01
1.428181311253350216e+01
1.459026732259204451e+01
1.498045866504023138e+01
1.542341483619082609e+01
1.587464841319364695e+01
1.628708346706692822e+01
1.662528438760774563e+01
1.687405959155017143e+01
1.700000000000000000e+01
1.700000000000000000e+01
1.700000000000000000e+01
1.700000000000000000e+01
1.700000000000000000e+01
1.700000000000000000e+01
1.700000000000000000e+01
1.700000000000000000e+01
1.693702979577508572e+01
1.684412729591633351e+01
1.672147808557530269e+01
1.657658516380917746e+01
1.642341483619082965e+01
1.627852191442470442e+01
1.615587270408367360e+01
1.606297020422491784e+01
1.600000000000000355e+01
1.600000000000000355e+01
1.600000000000000355e+01
1.600000000000000355e+01
1.587405959155017499e+01
1.568825459183266346e+01
1.544295617115060182e+01
1.515317032761834959e+01
1.472088926393182895e+01
1.411935801223223663e+01
1.312810515002602685e+01
1.162785236567585123e+01
9.828026907458145445e+00
7.894189748153417341e+00
5.868789237016742710e+00
3.947369569694810121e+00
2.297913500991685787e+00
1.031244337318008908e+00
1.589783170409025947e-01
-2.785219144247012002e-01
-4.234148361908270375e-01
-5.765851638091731290e-01
-7.214780855752990218e-01
-8.441272959163299561e-01
-1.000000000000000222e+00
-1.218842908308584772e+00
-1.434394618508371799e+00
-1.701936750615528293e+00
-2.000000000000000444e+00
-2.298063249384472151e+00
-2.565605381491629089e+00
-2.781157091691415673e+00
-2.937029795775085717e+00
-3.000000000000000000e+00
-3.062970204224914283e+00
-3.155872704083670044e+00
-3.341492118649616039e+00
-3.579287540274497470e+00
-3.855107078233874329e+00
-4.144892921766126115e+00
-4.420712459725503862e+00
-4.658507881350384849e+00
-4.844127295916329956e+00
-4.937029795775085717e+00
-5.000000000000000000e+00
-5.000000000000000000e+00
-5.000000000000000000e+00
-5.000000000000000000e+00
-5.000000000000000000e+00
-5.000000000000000000e+00
-5.000000000000000000e+00
-5.000000000000000000e+00
-5.000000000000000000e+00
-5.000000000000000000e+00
-5.000000000000000000e+00
-5.000000000000000000e+00
-5.000000000000000000e+00
-5.000000000000000000e+00
-5.000000000000000000e+00
-5.000000000000000000e+00
-5.000000000000000000e+00
-5.000000000000000000e+00
-5.000000000000000000e+00
-5.000000000000000000e+00
-5.000000000000000000e+00
-5.000000000000000000e+00
-4.937029795775085717e+00
-4.655216683241586217e+00
-4.190889769099374718e+00
-3.585146716451399929e+00
-2.874648413193645169e+00
-2.125351586806355275e+00
-1.414853283548600738e+00
-8.091102309006261706e-01
-3.447833167584137826e-01
-6.297020422491454716e-02
0.000000000000000000e+00
0.000000000000000000e+00
-6.297020422491454716e-02
-2.188429083085847160e-01
-4.343946185083713551e-01
-7.649069548404427987e-01
-1.281813112533499499e+00
-2.014270980426342561e+00
-2.857809454699198781e+00
-3.761615756731645277e+00
-4.658507881350384849e+00
-5.440253794685274258e+00
-6.068240558758343894e+00
-6.562314183382832233e+00
-7.000000000000001776e+00
-7.311745408167342752e+00
-7.620014033074318682e+00
-8.002702376465325784e+00
-8.431692242043048680e+00
-8.740430598891595793e+00
-9.016064551699408014e+00
-9.194366552359738876e+00
-9.212849333734462576e+00
-8.673580374914408253e+00
-7.919870853731855398e+00
-6.938677171003607036e+00
-5.790023319187109330e+00
-4.600168023261078432e+00
-3.548482276207176600e+00
-2.574791592536108453e+00
-1.675295653090485448e+00
-9.667765062573612234e-01
-5.988288752342679766e-01
-2.161405318432605416e-01
2.161405318432605416e-01
5.988288752342679766e-01
9.667765062573610013e-01
1.297474427740998193e+00
1.576585163809173240e+00
1.721478085575299133e+00
1.844127295916330178e+00
1.937029795775085717e+00
2.000000000000000444e+00
2.000000000000000444e+00
2.000000000000000444e+00
2.000000000000000444e+00
2.000000000000000444e+00
2.000000000000000444e+00
2.000000000000000444e+00
2.000000000000000444e+00
2.000000000000000444e+00
2.000000000000000444e+00
2.000000000000000444e+00
2.000000000000000444e+00
1.937029795775085939e+00
1.844127295916330178e+00
1.721478085575299133e+00
1.639555368034087746e+00
1.579287540274497470e+00
1.557043828849402622e+00
1.642257744499412198e+00
1.669487663667928778e+00
1.562314183382830901e+00
1.398752895090414450e+00
1.046771254128287865e+00
5.026351772667143614e-01
-1.863938213609851458e-01
-8.961177178237001995e-01
-1.562314183382830901e+00
-2.172122840934643140e+00
-2.502635177266714361e+00
-2.625284387607745185e+00
-2.658507881350384405e+00
-2.576585163809173018e+00
-2.486385040415741710e+00
-2.560335026958200810e+00
-2.683169822450797160e+00
-2.824585960956559560e+00
-2.863079809232627504e+00
-2.923936458635691515e+00
-2.822942138076280916e+00
-2.540070471957736054e+00
-2.144304100122651935e+00
-1.650535150351632119e+00
-1.096193697967553948e+00
-6.720044549816871493e-01
-3.714244142834567941e-01
-2.188429083085847160e-01
-6.297020422491454716e-02
0.000000000000000000e+00
0.000000000000000000e+00
0.000000000000000000e+00
0.000000000000000000e+00
0.000000000000000000e+00
0.000000000000000000e+00
0.000000000000000000e+00
0.000000000000000000e+00
0.000000000000000000e+00
0.000000000000000000e+00
0.000000000000000000e+00
0.000000000000000000e+00
0.000000000000000000e+00
0.000000000000000000e+00
0.000000000000000000e+00
-6.297020422491454716e-02
-1.558727040836701550e-01
-2.785219144247012002e-01
-4.234148361908270375e-01
-5.765851638091731290e-01
-7.214780855752990218e-01
-8.441272959163299561e-01
-9.370297957750856055e-01
-1.000000000000000222e+00
-1.000000000000000222e+00
-1.000000000000000222e+00
-1.000000000000000222e+00
-1.000000000000000222e+00
-1.000000000000000222e+00
-1.000000000000000222e+00
-1.000000000000000222e+00
-1.000000000000000222e+00
-1.000000000000000222e+00
-1.000000000000000222e+00
-1.000000000000000222e+00
-1.000000000000000222e+00
-1.000000000000000222e+00
-1.000000000000000222e+00
-1.000000000000000222e+00
-1.000000000000000222e+00
-1.000000000000000222e+00
-1.125940408449829455e+00
-1.311745408167340532e+00
-1.557043828849402622e+00
-1.846829672381654408e+00
-1.901289510718688236e+00
-1.756495150591002918e+00
-1.229383617375441329e+00
-4.342602201111512850e-01
5.653212347016227657e-01
1.732742014682849607e+00
2.890712964893052295e+00
3.912553439826238488e+00
4.747933597948776452e+00
5.423414836190827870e+00
6.044203276060184926e+00
6.557043828849402622e+00
7.114371804488810902e+00
7.666785287202604771e+00
8.164434256725895622e+00
8.532381887748989868e+00
8.811089387325255373e+00
9.062970204224914283e+00
9.218842908308586104e+00
9.434394618508372687e+00
9.701936750615530514e+00
1.000000000000000178e+01
1.029806324938447304e+01
1.056560538149163087e+01
1.078115709169141745e+01
1.093702979577508749e+01
1.100000000000000178e+01
1.118891061267474463e+01
1.146761811225101191e+01
1.183556574327410615e+01
1.227024450857248361e+01
1.260381508297769315e+01
1.285268884855855909e+01
1.297533805889958813e+01
1.296425971494360319e+01
1.290979987660657002e+01
1.271291653293307355e+01
1.265323752681695701e+01
1.264225774449941575e+01
1.263626416992529222e+01
1.264752809903284181e+01
1.262587320925122114e+01
1.259882887523426831e+01
1.268298423729923208e+01
1.287149161348206938e+01
1.321028135566636053e+01
1.364225774449941397e+01
1.420516074952571728e+01
1.473772822242627534e+01
1.525385997332429078e+01
1.559553767712547234e+01
1.579213687400896227e+01
1.584682967238165752e+01
1.585510707823387655e+01
1.587735078965897273e+01
1.597006770436616208e+01
1.609290249985875931e+01
1.627852191442470442e+01
1.642341483619082965e+01
1.657658516380917391e+01
1.672147808557529913e+01
1.684412729591632996e+01
1.693702979577508572e+01
1.700000000000000000e+01
1.700000000000000000e+01
1.700000000000000000e+01
1.700000000000000000e+01
1.700000000000000000e+01
1.700000000000000000e+01
1.700000000000000000e+01
1.700000000000000000e+01
1.700000000000000000e+01
1.700000000000000000e+01
1.693702979577508572e+01
1.690709750014124779e+01
1.687735078965896918e+01
1.685510707823387477e+01
1.684682967238165574e+01
1.685510707823387477e+01
1.687735078965896918e+01
1.690709750014124424e+01
1.693702979577508572e+01
1.700000000000000000e+01
1.700000000000000000e+01
1.700000000000000000e+01
1.700000000000000000e+01
1.700000000000000000e+01
1.700000000000000000e+01
1.700000000000000000e+01
1.693702979577508572e+01
1.684412729591633351e+01
1.672147808557530269e+01
1.657658516380917746e+01
1.642341483619082965e+01
1.627852191442470442e+01
1.615587270408367360e+01
1.606297020422491784e+01
1.600000000000000355e+01
1.600000000000000355e+01
1.600000000000000355e+01
1.600000000000000355e+01
1.600000000000000355e+01
1.600000000000000355e+01
1.600000000000000355e+01
1.593702979577508927e+01
1.584412729591633351e+01
1.572147808557530269e+01
1.557658516380917568e+01
1.542341483619083142e+01
1.521555171019979191e+01
1.500000000000000533e+01
1.478444828980021875e+01
1.457658516380917746e+01
1.442341483619082965e+01
1.427852191442470442e+01
1.415587270408367360e+01
1.406297020422491784e+01
1.400000000000000355e+01
1.393702979577508927e+01
1.346630607056684603e+01
1.259733124839853602e+01
1.124892495233521572e+01
9.516771759295837185e+00
7.557327975639409168e+00
5.548482276207177044e+00
3.680601844382693333e+00
2.104419917065428081e+00
9.350506393504552927e-01
3.447833167584137826e-01
6.297020422491454716e-02
0.000000000000000000e+00
0.000000000000000000e+00
-6.297020422491454716e-02
-1.558727040836701550e-01
-2.785219144247012002e-01
-4.234148361908270375e-01
-6.395553680340877456e-01
-8.773507896589691768e-01
-1.122649210341031045e+00
-1.360444631965912698e+00
-1.576585163809173240e+00
-1.721478085575299133e+00
-2.033037908591073695e+00
-2.404647908026096292e+00
-2.835565743274103934e+00
-3.333214712797396118e+00
-3.885628195511189986e+00
-4.505926375375512549e+00
-5.111669428023486894e+00
-5.666196465559131923e+00
-6.144892921766127003e+00
-6.420712459725503862e+00
-6.658507881350385738e+00
-6.844127295916330844e+00
-6.937029795775086605e+00
-7.000000000000001776e+00
-7.000000000000001776e+00
-7.000000000000001776e+00
-7.000000000000001776e+00
-7.000000000000001776e+00
-7.000000000000001776e+00
-7.000000000000001776e+00
-7.000000000000001776e+00
-7.000000000000001776e+00
-7.000000000000001776e+00
-7.000000000000001776e+00
-7.000000000000001776e+00
-7.000000000000001776e+00
-7.000000000000001776e+00
-7.000000000000001776e+00
-7.000000000000001776e+00
-7.000000000000001776e+00
-7.000000000000001776e+00
-7.000000000000001776e+00
-7.000000000000001776e+00
-6.937029795775087493e+00
-6.844127295916331732e+00
-6.721478085575300021e+00
-6.450644755359344451e+00
-6.111669428023486894e+00
-5.721478085575299133e+00
-5.309043031702016080e+00
-4.909799876606569136e+00
-4.431103420399574055e+00
-4.000000000000000888e+00
-3.568896579600427277e+00
-3.153170327618346480e+00
-2.846829672381654408e+00
-2.557043828849402622e+00
-2.311745408167340532e+00
-2.125940408449829455e+00
-2.000000000000000444e+00
-2.000000000000000444e+00
-2.062970204224915172e+00
-2.155872704083670488e+00
-2.278521914424701755e+00
-2.423414836190827870e+00
-2.702525572259002473e+00
-3.033223493742639221e+00
-3.464141328990646862e+00
-3.939732172240409724e+00
-4.431692242043047791e+00
-4.866371007341426136e+00
-5.327809959866747214e+00
-5.877350789658969177e+00
-6.434394618508371799e+00
-6.728577848140572470e+00
-6.892826519714901679e+00
-6.757269557386043068e+00
-6.426571635902406321e+00
-5.915070231139998747e+00
-5.286210498633448829e+00
-4.592969699057365851e+00
-3.649946328708157495e+00
-2.625284387607744740e+00
-1.574166934133855555e+00
-4.375514182199492508e-01
7.102141564677485475e-01
1.885912342301195643e+00
3.035605886659177521e+00
4.035202650167270200e+00
4.840836097807532212e+00
5.297474427740998415e+00
5.576585163809173906e+00
5.721478085575299133e+00
5.844127295916329956e+00
5.937029795775085717e+00
6.000000000000000000e+00
6.000000000000000000e+00
6.000000000000000000e+00
6.000000000000000000e+00
6.000000000000000000e+00
6.000000000000000000e+00
6.000000000000000000e+00
6.000000000000000000e+00
6.000000000000000000e+00
6.000000000000000000e+00
6.000000000000000000e+00
5.937029795775085717e+00
5.844127295916329956e+00
5.721478085575299133e+00
5.576585163809173906e+00
5.423414836190827870e+00
5.278521914424700867e+00
5.155872704083670044e+00
5.062970204224914283e+00
4.937029795775085717e+00
4.844127295916329956e+00
4.721478085575299133e+00
4.576585163809173906e+00
4.234504223516084132e+00
3.559022985274033157e+00
2.696816144474886379e+00
1.678638037953628981e+00
5.765851638091733511e-01
-4.707749119625885270e-01
-1.418294230050185067e+00
-2.313538979440405541e+00
-3.122834795492596349e+00
-3.712916532933072666e+00
-4.125351586806355719e+00
-4.576585163809173906e+00
-5.019541334959771284e+00
-5.409732677407959045e+00
-5.718186887466501389e+00
-5.937029795775085717e+00
-6.000000000000000000e+00
-6.062970204224914283e+00
-6.218842908308584327e+00
-6.371424414283457516e+00
-6.105272616957456933e+00
-5.630369156989608825e+00
-4.924995012220737323e+00
-4.088086568571581481e+00
-3.179455563535576346e+00
-2.321077815256365362e+00
-1.577493969001432461e+00
-1.017376593383575001e+00
-7.214780855752990218e-01
-8.441272959163299561e-01
-9.370297957750856055e-01
-1.000000000000000222e+00
-1.000000000000000222e+00
-1.000000000000000222e+00
-1.000000000000000222e+00
-1.062970204224914728e+00
-1.155872704083670266e+00
-1.278521914424701311e+00
-1.423414836190827204e+00
-1.576585163809173240e+00
-1.721478085575299133e+00
-1.844127295916330178e+00
-1.937029795775085717e+00
-2.000000000000000444e+00
-2.000000000000000444e+00
-2.000000000000000444e+00
-2.000000000000000444e+00
-2.000000000000000444e+00
-2.000000000000000444e+00
-2.000000000000000444e+00
-2.000000000000000444e+00
-2.000000000000000444e+00
-2.000000000000000444e+00
-2.000000000000000444e+00
-2.000000000000000444e+00
-2.000000000000000444e+00
-2.000000000000000444e+00
-2.000000000000000444e+00
-2.000000000000000444e+00
-2.000000000000000444e+00
-2.000000000000000444e+00
-2.000000000000000444e+00
-2.000000000000000444e+00
-2.000000000000000444e+00
-2.000000000000000444e+00
-2.000000000000000444e+00
-2.000000000000000444e+00
-2.000000000000000444e+00
-2.000000000000000444e+00
-2.000000000000000444e+00
-2.000000000000000444e+00
-2.000000000000000444e+00
-2.000000000000000444e+00
-2.000000000000000444e+00
-2.000000000000000444e+00
-2.000000000000000444e+00
-2.000000000000000444e+00
-1.937029795775085939e+00
-1.781157091691415673e+00
-1.565605381491629089e+00
-1.298063249384472151e+00
-1.000000000000000222e+00
-7.019367506155282932e-01
-4.343946185083713551e-01
-2.188429083085847160e-01
-6.297020422491454716e-02
0.000000000000000000e+00
0.000000000000000000e+00
0.000000000000000000e+00
0.000000000000000000e+00
6.297020422491454716e-02
1.558727040836701550e-01
2.785219144247012002e-01
4.234148361908270375e-01
5.765851638091731290e-01
7.214780855752990218e-01
8.441272959163299561e-01
9.370297957750856055e-01
1.000000000000000222e+00
1.000000000000000222e+00
1.000000000000000222e+00
1.000000000000000222e+00
1.000000000000000222e+00
1.000000000000000222e+00
1.000000000000000222e+00
1.000000000000000222e+00
1.000000000000000222e+00
1.000000000000000222e+00
1.000000000000000222e+00
1.000000000000000222e+00
1.000000000000000222e+00
1.000000000000000222e+00
1.000000000000000222e+00
1.000000000000000222e+00
1.000000000000000222e+00
1.000000000000000222e+00
1.000000000000000222e+00
1.000000000000000222e+00
1.000000000000000222e+00
1.000000000000000222e+00
1.000000000000000222e+00
9.370297957750857165e-01
8.441272959163300671e-01
7.214780855752990218e-01
5.765851638091731290e-01
4.234148361908270930e-01
2.785219144247012002e-01
1.558727040836701550e-01
6.297020422491454716e-02
0.000000000000000000e+00
0.000000000000000000e+00
0.000000000000000000e+00
0.000000000000000000e+00
0.000000000000000000e+00
0.000000000000000000e+00
0.000000000000000000e+00
0.000000000000000000e+00
0.000000000000000000e+00
0.000000000000000000e+00
0.000000000000000000e+00
0.000000000000000000e+00
0.000000000000000000e+00
0.000000000000000000e+00
0.000000000000000000e+00
0.000000000000000000e+00
0.000000000000000000e+00
0.000000000000000000e+00
0.000000000000000000e+00
