0.000000000000000000e+00
0.000000000000000000e+00
0.000000000000000000e+00
0.000000000000000000e+00
0.000000000000000000e+00
0.000000000000000000e+00
0.000000000000000000e+00
0.000000000000000000e+00
0.000000000000000000e+00
0.000000000000000000e+00
0.000000000000000000e+00
0.000000000000000000e+00
6.297020422491454716e-02
1.558727040836701550e-01
2.785219144247012002e-01
4.234148361908270375e-01
5.765851638091731290e-01
7.214780855752990218e-01
8.441272959163299561e-01
9.370297957750856055e-01
1.000000000000000222e+00
1.000000000000000222e+00
1.000000000000000222e+00
1.000000000000000222e+00
1.000000000000000222e+00
1.000000000000000222e+00
1.000000000000000222e+00
1.000000000000000222e+00
1.000000000000000222e+00
1.000000000000000222e+00
1.000000000000000222e+00
1.000000000000000222e+00
1.000000000000000222e+00
1.000000000000000222e+00
1.000000000000000222e+00
1.000000000000000222e+00
1.000000000000000222e+00
1.000000000000000222e+00
1.000000000000000222e+00
1.000000000000000222e+00
1.000000000000000222e+00
1.000000000000000222e+00
1.000000000000000222e+00
1.000000000000000222e+00
1.000000000000000222e+00
1.000000000000000222e+00
1.000000000000000222e+00
1.000000000000000222e+00
1.000000000000000222e+00
1.000000000000000222e+00
1.000000000000000222e+00
1.000000000000000222e+00
1.000000000000000222e+00
1.000000000000000222e+00
1.000000000000000222e+00
1.000000000000000222e+00
1.000000000000000222e+00
1.000000000000000222e+00
1.000000000000000222e+00
1.000000000000000222e+00
1.000000000000000222e+00
1.000000000000000222e+00
1.000000000000000222e+00
1.000000000000000222e+00
1.000000000000000222e+00
1.000000000000000222e+00
1.000000000000000222e+00
1.000000000000000222e+00
1.000000000000000222e+00
1.000000000000000222e+00
1.000000000000000222e+00
1.188910612674743961e+00
1.467618112251010798e+00
1.835565743274103712e+00
2.270244508572481390e+00
2.729755491427519498e+00
3.164434256725896955e+00
3.658322296198819323e+00
4.185804999717512409e+00
4.775886737157987838e+00
5.344194495114941823e+00
6.010979782317545705e+00
6.721478085575300021e+00
7.409732677407959933e+00
8.016250136850972652e+00
8.565605381491629089e+00
8.937029795775085717e+00
9.215551710199786584e+00
9.423414836190829647e+00
9.576585163809173906e+00
9.721478085575299133e+00
9.844127295916329956e+00
9.937029795775085717e+00
1.000000000000000000e+01
1.000000000000000000e+01
1.000000000000000000e+01
1.000000000000000000e+01
1.000000000000000000e+01
1.006297020422491606e+01
1.015587270408367182e+01
1.027852191442470264e+01
1.054935524464065821e+01
1.088833057197651577e+01
1.127852191442470264e+01
1.169095696829798747e+01
1.202722991916852102e+01
1.228708346706693000e+01
1.240973267740795905e+01
1.245064475535934534e+01
1.242341483619082787e+01
1.221555171019978836e+01
1.193702979577508572e+01
1.162857558571654337e+01
1.129806324938447304e+01
1.093702979577508572e+01
1.054606404653185869e+01
1.009290249985875576e+01
9.639555368034088190e+00
9.207863125991041287e+00
8.855107078233874773e+00
8.579287540274497914e+00
8.278521914424702643e+00
8.000000000000001776e+00
7.847418494025129476e+00
7.732457867892844838e+00
7.638966546390615342e+00
7.546064046531859582e+00
7.453935953468143971e+00
7.361033453609387323e+00
7.204571927882243543e+00
7.059679006116118316e+00
6.751410381209140610e+00
6.138899347192003475e+00
5.398752895090415116e+00
4.596126498768944302e+00
3.732457867892843062e+00
2.890258541646798296e+00
2.147311151441444466e+00
1.593558520700839587e+00
1.188910612674743739e+00
1.000000000000000222e+00
1.000000000000000222e+00
1.000000000000000222e+00
1.000000000000000222e+00
1.000000000000000222e+00
1.000000000000000222e+00
1.000000000000000222e+00
1.000000000000000222e+00
1.000000000000000222e+00
1.000000000000000222e+00
1.062970204224914728e+00
1.155872704083670266e+00
1.278521914424701311e+00
1.486385040415741710e+00
1.795428072117758012e+00
2.155872704083670488e+00
2.609034250756772977e+00
3.092902499858755760e+00
3.576585163809173462e+00
3.989020217682456071e+00
4.357742255500589579e+00
4.658507881350384849e+00
4.844127295916329956e+00
4.937029795775085717e+00
5.000000000000000000e+00
5.000000000000000000e+00
5.000000000000000000e+00
5.000000000000000000e+00
5.000000000000000000e+00
5.000000000000000000e+00
5.000000000000000000e+00
5.000000000000000000e+00
5.000000000000000000e+00
5.000000000000000000e+00
5.000000000000000000e+00
5.000000000000000000e+00
5.000000000000000000e+00
5.000000000000000000e+00
5.000000000000000000e+00
5.000000000000000000e+00
5.000000000000000000e+00
5.000000000000000000e+00
5.000000000000000000e+00
5.000000000000000000e+00
5.000000000000000000e+00
5.000000000000000000e+00
4.874059591550171433e+00
4.499343979157917062e+00
3.975338058899587690e+00
3.317604584344242991e+00
2.576585163809173462e+00
1.827288337421883568e+00
1.147311151441443799e+00
5.935585207008395869e-01
1.889106126747436276e-01
0.000000000000000000e+00
0.000000000000000000e+00
0.000000000000000000e+00
0.000000000000000000e+00
0.000000000000000000e+00
0.000000000000000000e+00
0.000000000000000000e+00
0.000000000000000000e+00
0.000000000000000000e+00
0.000000000000000000e+00
0.000000000000000000e+00
0.000000000000000000e+00
0.000000000000000000e+00
0.000000000000000000e+00
0.000000000000000000e+00
0.000000000000000000e+00
0.000000000000000000e+00
0.000000000000000000e+00
0.000000000000000000e+00
0.000000000000000000e+00
0.000000000000000000e+00
0.000000000000000000e+00
0.000000000000000000e+00
0.000000000000000000e+00
0.000000000000000000e+00
-1.259404084498290943e-01
-3.747156123922548154e-01
-7.129165329330725553e-01
-1.125351586806355275e+00
-1.576585163809173018e+00
-2.019541334959770840e+00
-2.409732677407959045e+00
-2.718186887466500945e+00
-3.062970204224914728e+00
-3.374715612392254371e+00
-3.712916532933072666e+00
-4.125351586806355719e+00
-4.576585163809173906e+00
-5.019541334959771284e+00
-5.535673085857787612e+00
-6.029932295633841477e+00
-6.494073624624488339e+00
-6.846829672381654852e+00
-7.153170327618346924e+00
-7.442956171150599154e+00
-7.688254591832660800e+00
-7.874059591550172321e+00
-8.000000000000001776e+00
-8.000000000000001776e+00
-8.000000000000001776e+00
-8.000000000000001776e+00
-8.000000000000001776e+00
-8.000000000000001776e+00
-8.000000000000001776e+00
-8.000000000000001776e+00
-8.000000000000001776e+00
-8.000000000000001776e+00
-8.000000000000001776e+00
-8.000000000000001776e+00
-8.000000000000001776e+00
-7.937029795775087493e+00
-7.655216683241587994e+00
-7.253859973324289889e+00
-6.741019420535070417e+00
-6.153170327618346924e+00
-5.548766422997182701e+00
-4.991438447357773533e+00
-4.530588316475925303e+00
-4.188910612674744627e+00
-4.000000000000000888e+00
-4.000000000000000888e+00
-4.000000000000000888e+00
-4.000000000000000888e+00
-3.874059591550171877e+00
-3.499343979157916618e+00
-2.975338058899587690e+00
-2.317604584344242991e+00
-1.576585163809173462e+00
-8.272883374218834573e-01
-2.102813556663582495e-01
1.875985709905758636e-01
3.766947688168851283e-01
2.980632493844719288e-01
0.000000000000000000e+00
-2.980632493844718733e-01
-5.656053814916287559e-01
-7.811570916914154505e-01
-9.370297957750856055e-01
-1.062970204224914728e+00
-1.155872704083670266e+00
-1.278521914424701311e+00
-1.423414836190827204e+00
-1.576585163809173240e+00
-1.721478085575299133e+00
-1.844127295916330178e+00
-1.937029795775085717e+00
-2.000000000000000444e+00
-1.937029795775085939e+00
-1.907097500141244684e+00
-1.877350789658969399e+00
-1.855107078233874551e+00
-1.846829672381654408e+00
-1.855107078233874551e+00
-1.877350789658969399e+00
-1.907097500141244684e+00
-1.937029795775085717e+00
-2.000000000000000444e+00
-2.000000000000000444e+00
-2.000000000000000444e+00
-2.000000000000000444e+00
-2.062970204224915172e+00
-2.155872704083670488e+00
-2.278521914424701755e+00
-2.423414836190827870e+00
-2.576585163809173462e+00
-2.784448289800213416e+00
-3.000000000000000000e+00
-3.215551710199787028e+00
-3.423414836190827426e+00
-3.450644755359344451e+00
-3.409732677407959045e+00
-3.287083467066927778e+00
-3.090200123393431753e+00
-2.720889263931825397e+00
-2.371238829131891546e+00
-2.129417191710193169e+00
-1.992027269001247713e+00
-1.972181259188009683e+00
-2.070658788433661357e+00
-2.049473630593612317e+00
-1.945405763265746657e+00
-1.737728222426271785e+00
-1.513614959584258735e+00
-1.125351586806355275e+00
-7.129165329330725553e-01
-3.747156123922548154e-01
-1.259404084498290943e-01
0.000000000000000000e+00
0.000000000000000000e+00
0.000000000000000000e+00
0.000000000000000000e+00
0.000000000000000000e+00
0.000000000000000000e+00
-6.297020422491454716e-02
-1.558727040836701550e-01
-2.785219144247012002e-01
-4.234148361908270375e-01
-5.765851638091731290e-01
-7.214780855752990218e-01
-8.441272959163299561e-01
-9.370297957750856055e-01
-1.000000000000000222e+00
-1.000000000000000222e+00
-1.000000000000000222e+00
-1.000000000000000222e+00
-1.000000000000000222e+00
-1.000000000000000222e+00
-1.000000000000000222e+00
-1.000000000000000222e+00
-1.000000000000000222e+00
-1.000000000000000222e+00
-1.000000000000000222e+00
-1.000000000000000222e+00
-1.000000000000000222e+00
-1.000000000000000222e+00
-1.000000000000000222e+00
-1.000000000000000222e+00
-1.000000000000000222e+00
-1.000000000000000222e+00
-1.000000000000000222e+00
-1.000000000000000222e+00
-1.000000000000000222e+00
-1.000000000000000222e+00
-1.000000000000000222e+00
-9.370297957750857165e-01
-8.441272959163300671e-01
-7.214780855752990218e-01
-5.136149595842586235e-01
-2.045719278822424048e-01
1.558727040836701550e-01
6.090342507567726438e-01
1.092902499858755760e+00
1.576585163809173462e+00
1.989020217682456071e+00
2.357742255500588691e+00
2.658507881350384405e+00
2.844127295916329956e+00
2.937029795775085717e+00
3.000000000000000000e+00
3.000000000000000000e+00
3.125940408449829011e+00
3.311745408167340088e+00
3.557043828849402178e+00
3.909799876606568247e+00
4.309043031702016080e+00
4.721478085575299133e+00
5.111669428023486894e+00
5.450644755359344451e+00
5.721478085575299133e+00
5.844127295916329956e+00
5.937029795775085717e+00
6.000000000000000000e+00
6.000000000000000000e+00
6.000000000000000000e+00
6.000000000000000000e+00
6.000000000000000000e+00
6.000000000000000000e+00
6.062970204224914283e+00
6.155872704083670044e+00
6.278521914424701755e+00
6.423414836190827870e+00
6.576585163809173906e+00
6.910388698250043760e+00
7.437685816617170431e+00
8.084340947216530182e+00
8.827288337421885345e+00
9.576585163809173906e+00
1.031760458434424343e+01
1.091236785467467385e+01
1.140644147929916130e+01
1.175141038120914061e+01
1.185510707823387477e+01
1.190979987660656825e+01
1.201097978231754482e+01
1.215587270408367182e+01
1.233051233633207211e+01
1.251361495958426140e+01
1.272147808557530091e+01
1.284412729591633173e+01
1.293702979577508749e+01
1.300000000000000178e+01
1.300000000000000178e+01
1.300000000000000178e+01
1.300000000000000178e+01
1.300000000000000178e+01
1.300000000000000178e+01
1.300000000000000178e+01
1.300000000000000178e+01
1.300000000000000178e+01
1.300000000000000178e+01
1.300000000000000178e+01
1.300000000000000178e+01
1.300000000000000178e+01
1.293702979577508749e+01
1.271818688746650139e+01
1.234676247318304476e+01
1.186366863087610035e+01
1.129806324938447304e+01
1.070193675061552874e+01
1.013633136912389965e+01
9.338386505692383821e+00
8.502449592115150168e+00
7.670360632101409060e+00
6.756985410596037411e+00
5.805328772786796598e+00
4.772595539049189206e+00
3.776661143953027544e+00
2.883158779081526291e+00
2.133628992658576085e+00
1.735160244358167514e+00
1.341492118649615817e+00
1.000000000000000222e+00
7.844482898002135274e-01
5.765851638091731290e-01
4.234148361908270930e-01
2.785219144247012002e-01
1.558727040836701550e-01
6.297020422491454716e-02
0.000000000000000000e+00
0.000000000000000000e+00
0.000000000000000000e+00
0.000000000000000000e+00
0.000000000000000000e+00
0.000000000000000000e+00
0.000000000000000000e+00
0.000000000000000000e+00
0.000000000000000000e+00
0.000000000000000000e+00
0.000000000000000000e+00
0.000000000000000000e+00
0.000000000000000000e+00
-6.297020422491454716e-02
-1.558727040836701550e-01
-2.785219144247012002e-01
-4.863850404157415985e-01
-7.324578678928432840e-01
-1.000000000000000222e+00
-1.267542132107156938e+00
-1.513614959584258735e+00
-1.721478085575299133e+00
-1.844127295916330178e+00
-1.937029795775085717e+00
-2.000000000000000444e+00
-2.000000000000000444e+00
-2.000000000000000444e+00
-2.000000000000000444e+00
-2.000000000000000444e+00
-2.000000000000000444e+00
-2.000000000000000444e+00
-2.000000000000000444e+00
-2.000000000000000444e+00
-2.000000000000000444e+00
-2.000000000000000444e+00
-2.000000000000000444e+00
-2.000000000000000444e+00
-2.000000000000000444e+00
-2.000000000000000444e+00
-2.000000000000000444e+00
-2.000000000000000444e+00
-2.000000000000000444e+00
-2.000000000000000444e+00
-2.000000000000000444e+00
-2.000000000000000444e+00
-2.000000000000000444e+00
-1.937029795775085939e+00
-1.844127295916330178e+00
-1.721478085575299133e+00
-1.513614959584258735e+00
-1.267542132107157160e+00
-1.000000000000000222e+00
-7.324578678928432840e-01
-5.493552446406561041e-01
-4.973648227332858607e-01
-5.902673225920415101e-01
-7.649069548404427987e-01
-1.000000000000000000e+00
-1.361033453609386878e+00
-1.784448289800213860e+00
-2.278521914424701755e+00
-2.731869046249369326e+00
-3.185619414565945995e+00
-3.598828875234268310e+00
-3.997297623534676436e+00
-4.412435053873283053e+00
-4.855107078233874773e+00
-5.248775203942426693e+00
-5.609034250756773865e+00
-5.937029795775086605e+00
-6.298063249384473039e+00
-6.565605381491629977e+00
-6.781157091691416561e+00
-6.937029795775086605e+00
-7.000000000000001776e+00
-7.000000000000001776e+00
-7.000000000000001776e+00
-7.000000000000001776e+00
-7.000000000000001776e+00
-7.000000000000001776e+00
-7.000000000000001776e+00
-7.000000000000001776e+00
-7.000000000000001776e+00
-7.000000000000001776e+00
-7.000000000000001776e+00
-7.000000000000001776e+00
-7.000000000000001776e+00
-7.000000000000001776e+00
-7.000000000000001776e+00
-7.000000000000001776e+00
-7.000000000000001776e+00
-7.000000000000001776e+00
-7.062970204224916060e+00
-7.155872704083671820e+00
-7.278521914424702643e+00
-7.423414836190828758e+00
-7.576585163809174794e+00
-7.721478085575300021e+00
-7.844127295916330844e+00
-7.937029795775086605e+00
-7.937029795775087493e+00
-7.844127295916331732e+00
-7.595537677125472342e+00
-7.264839755641833818e+00
-6.866371007341426136e+00
-6.431692242043048680e+00
-6.002702376465324008e+00
-5.620014033074317794e+00
-5.311745408167340088e+00
-5.125940408449830343e+00
-5.000000000000000000e+00
-5.062970204224915172e+00
-5.155872704083670932e+00
-5.278521914424701755e+00
-5.423414836190827870e+00
-5.576585163809173906e+00
-5.721478085575299133e+00
-5.844127295916329956e+00
-5.937029795775085717e+00
-6.000000000000000000e+00
-6.000000000000000000e+00
-6.000000000000000000e+00
-6.000000000000000000e+00
-6.000000000000000000e+00
-6.000000000000000000e+00
-6.000000000000000000e+00
-6.000000000000000000e+00
-6.000000000000000000e+00
-6.000000000000000000e+00
-6.000000000000000000e+00
-6.000000000000000000e+00
-6.062970204224914283e+00
-5.966962091408926305e+00
-5.810903802173690735e+00
-5.524878888691809209e+00
-5.150467951153022916e+00
-4.713200679723079212e+00
-4.256278202999607352e+00
-3.828062744216923274e+00
-3.467432527099445050e+00
-3.155872704083670488e+00
-3.062970204224914728e+00
-2.811089387325256261e+00
-2.532381887748989424e+00
-2.164434256725896510e+00
-1.729755491427519054e+00
-1.270244508572480946e+00
-8.355657432741034896e-01
-4.676181122510104649e-01
-1.889106126747436276e-01
0.000000000000000000e+00
0.000000000000000000e+00
-6.297020422491454716e-02
-1.558727040836701550e-01
-2.785219144247012002e-01
-4.234148361908270375e-01
-5.765851638091731290e-01
-7.214780855752990218e-01
-8.441272959163299561e-01
-9.370297957750856055e-01
-1.000000000000000222e+00
-1.000000000000000222e+00
-1.000000000000000222e+00
-1.000000000000000222e+00
-1.000000000000000222e+00
-1.000000000000000222e+00
-1.000000000000000222e+00
-1.000000000000000222e+00
-1.000000000000000222e+00
-1.000000000000000222e+00
-1.000000000000000222e+00
-1.000000000000000222e+00
-1.000000000000000222e+00
-1.000000000000000222e+00
-1.000000000000000222e+00
-1.000000000000000222e+00
-1.000000000000000222e+00
-1.000000000000000222e+00
-1.000000000000000222e+00
-1.000000000000000222e+00
-1.000000000000000222e+00
-1.000000000000000222e+00
-9.370297957750857165e-01
-8.441272959163300671e-01
-6.585078813503845163e-01
-1.688316428258447854e-01
4.785978945685547270e-01
1.258980579464930472e+00
2.114371804488810902e+00
2.964848536587076477e+00
3.730039638217525599e+00
4.313538979440405541e+00
4.748119183100342866e+00
5.000000000000000000e+00
5.000000000000000000e+00
5.000000000000000000e+00
5.000000000000000000e+00
5.000000000000000000e+00
5.000000000000000000e+00
5.000000000000000000e+00
5.000000000000000000e+00
5.000000000000000000e+00
5.000000000000000000e+00
5.000000000000000000e+00
5.188910612674743739e+00
5.467618112251011020e+00
5.835565743274104378e+00
6.270244508572481834e+00
6.729755491427519942e+00
7.164434256725897399e+00
7.532381887748990756e+00
7.937029795775087493e+00
8.311745408167341864e+00
8.557043828849403511e+00
8.846829672381655740e+00
9.090200123393431753e+00
9.287083467066928222e+00
9.409732677407959045e+00
9.450644755359343563e+00
9.423414836190827870e+00
9.278521914424700867e+00
9.155872704083670044e+00
9.062970204224914283e+00
9.000000000000000000e+00
9.000000000000000000e+00
9.000000000000000000e+00
9.000000000000000000e+00
9.000000000000000000e+00
9.000000000000000000e+00
9.000000000000000000e+00
8.937029795775085717e+00
8.844127295916329956e+00
8.721478085575299133e+00
8.576585163809173906e+00
8.423414836190829647e+00
8.152581505974874077e+00
7.844127295916331732e+00
7.505926375375513437e+00
7.216140531843261208e+00
6.939732172240410613e+00
6.679693039190434334e+00
6.456638329933467091e+00
6.216140531843260320e+00
5.989020217682455183e+00
5.844127295916329956e+00
5.669487663667929667e+00
5.486385040415742154e+00
5.278521914424700867e+00
5.029932295633841477e+00
4.751224796057575084e+00
4.442956171150598266e+00
4.153170327618346036e+00
3.846829672381654408e+00
3.557043828849402622e+00
3.311745408167340532e+00
3.125940408449829455e+00
3.000000000000000000e+00
3.000000000000000000e+00
3.000000000000000000e+00
3.125940408449829011e+00
3.311745408167340088e+00
3.557043828849402178e+00
3.909799876606568247e+00
4.309043031702016080e+00
4.721478085575299133e+00
5.111669428023486894e+00
5.450644755359344451e+00
5.721478085575299133e+00
5.781157091691415673e+00
5.781157091691415673e+00
5.721478085575299133e+00
5.576585163809173906e+00
5.423414836190827870e+00
5.278521914424700867e+00
5.155872704083670044e+00
5.000000000000000000e+00
4.844127295916329956e+00
4.721478085575299133e+00
4.576585163809173906e+00
4.423414836190827870e+00
4.278521914424701755e+00
4.155872704083670932e+00
4.062970204224915172e+00
4.000000000000000888e+00
4.000000000000000888e+00
4.000000000000000888e+00
4.000000000000000888e+00
4.000000000000000888e+00
4.000000000000000888e+00
4.000000000000000888e+00
4.000000000000000888e+00
4.000000000000000888e+00
3.937029795775086605e+00
3.781157091691416117e+00
3.565605381491629089e+00
3.298063249384472151e+00
3.000000000000000444e+00
2.701936750615528293e+00
2.434394618508371355e+00
2.218842908308585216e+00
2.062970204224915172e+00
1.874059591550171433e+00
1.688254591832660134e+00
1.442956171150598044e+00
1.153170327618346258e+00
8.468296723816541860e-01
5.570438288494024004e-01
3.117454081673403099e-01
1.259404084498290943e-01
0.000000000000000000e+00
0.000000000000000000e+00
0.000000000000000000e+00
0.000000000000000000e+00
0.000000000000000000e+00
0.000000000000000000e+00
0.000000000000000000e+00
0.000000000000000000e+00
0.000000000000000000e+00
0.000000000000000000e+00
0.000000000000000000e+00
0.000000000000000000e+00
0.000000000000000000e+00
0.000000000000000000e+00
0.000000000000000000e+00
0.000000000000000000e+00
0.000000000000000000e+00
0.000000000000000000e+00
0.000000000000000000e+00
0.000000000000000000e+00
0.000000000000000000e+00
0.000000000000000000e+00
0.000000000000000000e+00
0.000000000000000000e+00
-6.297020422491454716e-02
-2.818131125334992215e-01
-5.902673225920415101e-01
-9.804586650402293824e-01
-1.423414836190826982e+00
-1.874648413193645169e+00
-2.287083467066928222e+00
-2.625284387607745185e+00
-2.874059591550170989e+00
-3.000000000000000000e+00
-3.000000000000000000e+00
-3.000000000000000000e+00
-3.000000000000000000e+00
-3.000000000000000000e+00
-3.000000000000000000e+00
-3.000000000000000000e+00
-3.000000000000000000e+00
-3.000000000000000000e+00
-3.000000000000000000e+00
-3.000000000000000000e+00
-3.000000000000000000e+00
-3.000000000000000000e+00
-3.000000000000000000e+00
-3.000000000000000000e+00
-3.000000000000000000e+00
-3.000000000000000000e+00
-3.000000000000000000e+00
-3.000000000000000000e+00
-3.000000000000000000e+00
-3.000000000000000000e+00
-3.062970204224914283e+00
-3.155872704083670044e+00
-3.152581505974872300e+00
-3.111669428023486894e+00
-3.145481743409599851e+00
-3.186393821360985701e+00
-3.248000797147386542e+00
-3.340903297006142303e+00
-3.464915735785687012e+00
-3.568896579600427277e+00
-3.688254591832660356e+00
-3.874059591550171433e+00
-4.000000000000000888e+00
-4.000000000000000888e+00
-4.000000000000000888e+00
-4.000000000000000888e+00
-4.000000000000000888e+00
-4.000000000000000888e+00
-4.000000000000000888e+00
-4.000000000000000888e+00
-4.125940408449830343e+00
-4.374715612392256148e+00
-4.712916532933073555e+00
-5.125351586806356607e+00
-5.576585163809173906e+00
-5.956571130734857888e+00
-6.253859973324289889e+00
-6.439664973041800522e+00
-6.450644755359343563e+00
-6.267542132107157826e+00
-6.000000000000000000e+00
-5.732457867892843950e+00
-5.486385040415742154e+00
-5.278521914424700867e+00
-5.155872704083670044e+00
-5.062970204224914283e+00
-5.062970204224915172e+00
-5.092902499858755760e+00
-5.122649210341030823e+00
-5.081922717541211831e+00
-4.934327419309761709e+00
-4.710498303257755204e+00
-4.483682663950417258e+00
-4.248775203942425804e+00
-4.043428869265144776e+00
-3.857809454699198781e+00
-3.795428072117758234e+00
-3.784448289800214305e+00
-3.844127295916330400e+00
-3.937029795775086161e+00
-4.000000000000000888e+00
-3.937029795775086605e+00
-3.844127295916330844e+00
-3.721478085575299577e+00
-3.513614959584258735e+00
-3.267542132107156938e+00
-3.000000000000000000e+00
-2.732457867892843506e+00
-2.486385040415741710e+00
-2.278521914424701311e+00
-2.155872704083670488e+00
-2.062970204224915172e+00
-2.000000000000000444e+00
-2.000000000000000444e+00
-2.000000000000000444e+00
-2.000000000000000444e+00
-2.000000000000000444e+00
-2.000000000000000444e+00
-2.000000000000000444e+00
-2.000000000000000444e+00
-2.062970204224915172e+00
-2.155872704083670488e+00
-2.404462322874530766e+00
-2.735160244358167958e+00
-3.133628992658575640e+00
-3.568307757956953097e+00
-3.997297623534675992e+00
-4.379985966925683982e+00
-4.688254591832659912e+00
-4.874059591550171433e+00
-5.000000000000000000e+00
-5.062970204224915172e+00
-5.218842908308585216e+00
-5.497364822733286083e+00
-5.857809454699199669e+00
-6.278521914424701755e+00
-6.658507881350385738e+00
-6.797407228542389213e+00
-6.630554742141175240e+00
-6.084490695609316546e+00
-5.221410886376689042e+00
-4.144892921766126115e+00
-2.991438447357773978e+00
-1.934461817706981446e+00
-1.057699849691486227e+00
-4.376858166171694320e-01
-1.259404084498290943e-01
0.000000000000000000e+00
0.000000000000000000e+00
0.000000000000000000e+00
0.000000000000000000e+00
0.000000000000000000e+00
0.000000000000000000e+00
0.000000000000000000e+00
0.000000000000000000e+00
0.000000000000000000e+00
1.259404084498290943e-01
3.117454081673403099e-01
5.570438288494024004e-01
8.468296723816540750e-01
1.153170327618346258e+00
1.442956171150598044e+00
1.688254591832659912e+00
1.874059591550171211e+00
2.000000000000000444e+00
2.000000000000000444e+00
2.000000000000000444e+00
2.000000000000000444e+00
2.000000000000000444e+00
2.000000000000000444e+00
2.000000000000000444e+00
2.000000000000000444e+00
2.000000000000000444e+00
2.000000000000000444e+00
2.000000000000000444e+00
2.000000000000000444e+00
2.000000000000000444e+00
2.000000000000000444e+00
2.000000000000000444e+00
2.000000000000000444e+00
2.000000000000000444e+00
2.000000000000000444e+00
2.000000000000000444e+00
2.000000000000000444e+00
2.000000000000000444e+00
2.000000000000000444e+00
2.000000000000000444e+00
1.874059591550171433e+00
1.688254591832660134e+00
1.442956171150598044e+00
1.153170327618346258e+00
8.468296723816541860e-01
5.570438288494024004e-01
3.117454081673403099e-01
1.259404084498290943e-01
0.000000000000000000e+00
0.000000000000000000e+00
0.000000000000000000e+00
0.000000000000000000e+00
0.000000000000000000e+00
0.000000000000000000e+00
0.000000000000000000e+00
3.148510211245727497e-01
7.793635204183507748e-01
1.392609572123505890e+00
2.117074180954135354e+00
2.882925819045865090e+00
3.607390427876494332e+00
4.220636479581649780e+00
4.685148978875428583e+00
5.000000000000000000e+00
5.000000000000000000e+00
5.000000000000000000e+00
5.000000000000000000e+00
5.000000000000000000e+00
5.000000000000000000e+00
5.000000000000000000e+00
5.000000000000000000e+00
5.062970204224915172e+00
5.155872704083670932e+00
5.341492118649616039e+00
5.579287540274497914e+00
5.855107078233875662e+00
6.144892921766127003e+00
6.420712459725503862e+00
6.658507881350385738e+00
6.844127295916330844e+00
6.937029795775086605e+00
7.062970204224916060e+00
7.155872704083671820e+00
7.278521914424702643e+00
7.423414836190828758e+00
7.576585163809174794e+00
7.532567472900556282e+00
7.376509183665319824e+00
7.101464052500983115e+00
6.729755491427519942e+00
6.270244508572481834e+00
5.835565743274104378e+00
5.467618112251010132e+00
5.188910612674744627e+00
5.000000000000000000e+00
5.000000000000000000e+00
5.000000000000000000e+00
5.000000000000000000e+00
5.000000000000000000e+00
5.062970204224915172e+00
5.218842908308585216e+00
5.434394618508371799e+00
5.701936750615529625e+00
6.000000000000000888e+00
6.172122840934644472e+00
6.253859973324289001e+00
6.224113262842013938e+00
6.090200123393431753e+00
5.846829672381653964e+00
5.557043828849403511e+00
5.311745408167340088e+00
5.125940408449830343e+00
4.937029795775085717e+00
4.844127295916329956e+00
4.658507881350384849e+00
4.420712459725503862e+00
4.144892921766126115e+00
3.855107078233874329e+00
3.579287540274497470e+00
3.341492118649616039e+00
3.155872704083670488e+00
3.062970204224914728e+00
3.000000000000000000e+00
3.000000000000000000e+00
3.000000000000000000e+00
3.000000000000000000e+00
3.000000000000000000e+00
3.000000000000000000e+00
3.000000000000000000e+00
3.000000000000000000e+00
3.000000000000000000e+00
2.937029795775085272e+00
2.781157091691415228e+00
2.565605381491629089e+00
2.298063249384472151e+00
2.251880816899658022e+00
2.262457362725294185e+00
2.518549980573335567e+00
2.945725746814532364e+00
3.502939852120182884e+00
4.219127055098591761e+00
4.964074129792036771e+00
5.625469972759312043e+00
6.174639632248402066e+00
6.450644755359345339e+00
6.721478085575300021e+00
6.970067704366160299e+00
7.248775203942426693e+00
7.557043828849404399e+00
7.846829672381654852e+00
8.153170327618346036e+00
8.442956171150598266e+00
8.688254591832659912e+00
8.874059591550171433e+00
9.000000000000000000e+00
9.000000000000000000e+00
9.000000000000000000e+00
9.000000000000000000e+00
9.000000000000000000e+00
9.000000000000000000e+00
9.000000000000000000e+00
9.000000000000000000e+00
9.000000000000000000e+00
9.000000000000000000e+00
9.000000000000000000e+00
9.000000000000000000e+00
9.000000000000000000e+00
9.000000000000000000e+00
9.000000000000000000e+00
9.000000000000000000e+00
8.937029795775085717e+00
8.844127295916329956e+00
8.721478085575299133e+00
8.576585163809173906e+00
8.423414836190829647e+00
8.278521914424702643e+00
8.092902499858757537e+00
7.655216683241587994e+00
7.097987269240619845e+00
6.462497506110369550e+00
5.918666104102264569e+00
5.439799371439020703e+00
5.105526105056578778e+00
4.956705529132076293e+00
4.981636308327177964e+00
5.164434256725896510e+00
5.532381887748989868e+00
5.811089387325257150e+00
6.000000000000000000e+00
6.000000000000000000e+00
6.000000000000000000e+00
6.000000000000000000e+00
6.000000000000000000e+00
6.000000000000000000e+00
6.000000000000000000e+00
6.000000000000000000e+00
6.000000000000000000e+00
6.125940408449828567e+00
6.374715612392255260e+00
6.712916532933072666e+00
7.125351586806355719e+00
7.576585163809173018e+00
8.019541334959770396e+00
8.409732677407959045e+00
8.718186887466501389e+00
8.937029795775085717e+00
9.000000000000000000e+00
9.000000000000000000e+00
9.000000000000000000e+00
9.000000000000000000e+00
9.000000000000000000e+00
8.937029795775085717e+00
8.655216683241587106e+00
8.190889769099374718e+00
7.585146716451400373e+00
6.874648413193646057e+00
6.125351586806355719e+00
5.414853283548600515e+00
4.809110230900626171e+00
4.344783316758414671e+00
4.062970204224915172e+00
4.000000000000000888e+00
4.000000000000000888e+00
4.000000000000000888e+00
4.000000000000000888e+00
4.251880816899658910e+00
4.623490816334681064e+00
5.177057861923720417e+00
5.786561844622063688e+00
6.428989865577723783e+00
7.030805264067322646e+00
7.592649715508581920e+00
8.048884808950138137e+00
8.401171124765733467e+00
8.516317336049583631e+00
8.639555368034088190e+00
8.658507881350384849e+00
8.688254591832659912e+00
8.658507881350384849e+00
8.576585163809173906e+00
8.423414836190829647e+00
8.341492118649616927e+00
8.311745408167341864e+00
8.341492118649616927e+00
8.423414836190827870e+00
8.576585163809173906e+00
8.721478085575299133e+00
8.844127295916329956e+00
8.937029795775085717e+00
9.000000000000000000e+00
9.000000000000000000e+00
9.000000000000000000e+00
9.000000000000000000e+00
9.000000000000000000e+00
9.000000000000000000e+00
9.000000000000000000e+00
9.000000000000000000e+00
8.874059591550171433e+00
8.688254591832659912e+00
8.442956171150598266e+00
8.153170327618347812e+00
7.909799876606570024e+00
7.712916532933073555e+00
7.590267322592042731e+00
7.549355244640657325e+00
7.576585163809174794e+00
7.721478085575300021e+00
7.844127295916330844e+00
7.937029795775086605e+00
8.000000000000001776e+00
8.000000000000001776e+00
8.000000000000001776e+00
7.937029795775087493e+00
7.718186887466503165e+00
7.409732677407960821e+00
7.019541334959772172e+00
6.576585163809173906e+00
6.062381382581441436e+00
5.557043828849402622e+00
5.096193697967553504e+00
4.702525572259002473e+00
4.423414836190827870e+00
4.278521914424701755e+00
4.155872704083670932e+00
4.062970204224915172e+00
4.000000000000000888e+00
4.000000000000000888e+00
4.000000000000000888e+00
4.000000000000000888e+00
4.000000000000000888e+00
4.000000000000000888e+00
4.000000000000000888e+00
3.937029795775086605e+00
3.718186887466501833e+00
3.409732677407959489e+00
2.956571130734856556e+00
2.420712459725502974e+00
1.846829672381654186e+00
1.289501696742245684e+00
7.981304485830820195e-01
4.044623228745302668e-01
1.558727040836701550e-01
6.297020422491454716e-02
0.000000000000000000e+00
0.000000000000000000e+00
0.000000000000000000e+00
0.000000000000000000e+00
0.000000000000000000e+00
-6.297020422491454716e-02
-2.188429083085847160e-01
-4.343946185083713551e-01
-7.019367506155282932e-01
-1.000000000000000000e+00
-1.298063249384472151e+00
-1.565605381491629089e+00
-1.781157091691415673e+00
-1.937029795775085717e+00
-2.125940408449829455e+00
-2.311745408167340532e+00
-2.557043828849402622e+00
-2.846829672381654408e+00
-3.153170327618346480e+00
-3.442956171150598266e+00
-3.688254591832660356e+00
-3.874059591550171433e+00
-4.000000000000000888e+00
-4.000000000000000888e+00
-4.000000000000000888e+00
-4.000000000000000888e+00
-4.000000000000000888e+00
-4.000000000000000888e+00
-4.000000000000000888e+00
-4.000000000000000888e+00
-4.062970204224916060e+00
-4.218842908308585216e+00
-4.434394618508372687e+00
-4.701936750615528737e+00
-5.000000000000000888e+00
-5.298063249384472151e+00
-5.565605381491629089e+00
-5.781157091691415673e+00
-5.937029795775085717e+00
-6.000000000000000000e+00
-6.000000000000000000e+00
-6.000000000000000000e+00
-6.000000000000000000e+00
-6.000000000000000000e+00
-6.000000000000000000e+00
-6.000000000000000000e+00
-6.000000000000000000e+00
-6.000000000000000000e+00
-5.874059591550170545e+00
-5.499343979157915285e+00
-5.101278467349416701e+00
-4.629349992511582634e+00
-4.133628992658574752e+00
-3.674118009803537532e+00
-3.300481479059790058e+00
-3.036514691851437409e+00
-2.877165204507403651e+00
-2.874059591550170989e+00
-3.000000000000000000e+00
-3.000000000000000000e+00
-3.000000000000000000e+00
-3.000000000000000000e+00
-3.000000000000000000e+00
-3.000000000000000000e+00
-3.000000000000000000e+00
-2.937029795775085272e+00
-2.844127295916329512e+00
-2.721478085575298689e+00
-2.576585163809173018e+00
-2.423414836190826982e+00
-2.278521914424701311e+00
-2.155872704083670488e+00
-2.062970204224915172e+00
-2.000000000000000444e+00
-2.000000000000000444e+00
-2.000000000000000444e+00
-2.000000000000000444e+00
-2.000000000000000444e+00
-2.000000000000000444e+00
-2.062970204224915172e+00
-2.533693929433157965e+00
-3.213758138926722463e+00
-4.031576118514119678e+00
-4.961201476870465754e+00
-5.839496949780722090e+00
-6.593708269093626839e+00
-7.146686493039191568e+00
-7.414315648659473901e+00
-7.423414836190828758e+00
-7.062970204224915172e+00
-6.732457867892843950e+00
-6.486385040415742154e+00
-6.278521914424701755e+00
-6.155872704083670044e+00
-6.062970204224915172e+00
-6.000000000000000000e+00
-6.000000000000000000e+00
-6.000000000000000000e+00
-6.125940408449828567e+00
-6.311745408167340088e+00
-6.557043828849402622e+00
-6.846829672381654852e+00
-7.153170327618346924e+00
-7.442956171150599154e+00
-7.688254591832660800e+00
-7.874059591550172321e+00
-8.000000000000001776e+00
-8.000000000000001776e+00
-8.000000000000001776e+00
-8.000000000000001776e+00
-8.000000000000001776e+00
-8.000000000000001776e+00
-8.000000000000001776e+00
-8.000000000000001776e+00
-7.874059591550173209e+00
-7.562314183382832233e+00
-7.131210762983258178e+00
-6.596126498768944302e+00
-6.000000000000000888e+00
-5.403873501231056586e+00
-4.868789237016742710e+00
-4.437685816617170431e+00
-4.125940408449830343e+00
-4.000000000000000888e+00
-4.000000000000000888e+00
-4.000000000000000888e+00
-4.000000000000000888e+00
-4.000000000000000888e+00
-4.000000000000000888e+00
-3.811089387325257594e+00
-3.469411683524076029e+00
-3.008561552642226911e+00
-2.451233577002818187e+00
-1.846829672381654408e+00
-1.258980579464930694e+00
-7.461400266757116650e-01
-3.447833167584137826e-01
-6.297020422491454716e-02
0.000000000000000000e+00
0.000000000000000000e+00
0.000000000000000000e+00
0.000000000000000000e+00
0.000000000000000000e+00
0.000000000000000000e+00
0.000000000000000000e+00
-6.297020422491454716e-02
-1.558727040836701550e-01
-2.785219144247012002e-01
-4.234148361908270375e-01
-5.765851638091731290e-01
-7.214780855752990218e-01
-8.441272959163299561e-01
-9.370297957750856055e-01
-1.000000000000000222e+00
-1.000000000000000222e+00
-1.000000000000000222e+00
-1.000000000000000222e+00
-1.000000000000000222e+00
-1.000000000000000222e+00
-1.000000000000000222e+00
-1.000000000000000222e+00
-1.000000000000000222e+00
-1.000000000000000222e+00
-1.000000000000000222e+00
-1.000000000000000222e+00
-1.000000000000000222e+00
-1.000000000000000222e+00
-1.000000000000000222e+00
-1.000000000000000222e+00
-1.000000000000000222e+00
-1.000000000000000222e+00
-1.000000000000000222e+00
-1.000000000000000222e+00
-1.000000000000000222e+00
-1.000000000000000222e+00
-1.000000000000000222e+00
-9.370297957750857165e-01
-8.441272959163300671e-01
-7.214780855752990218e-01
-5.765851638091731290e-01
-4.234148361908270930e-01
-1.525815059748721059e-01
2.818131125334992770e-01
8.058190327918282048e-01
1.403873501231056586e+00
2.000000000000000000e+00
2.596126498768944302e+00
3.131210762983258178e+00
3.562314183382831345e+00
3.874059591550171433e+00
4.000000000000000888e+00
4.000000000000000888e+00
4.000000000000000888e+00
4.000000000000000888e+00
4.000000000000000888e+00
4.000000000000000888e+00
4.000000000000000888e+00
4.000000000000000888e+00
4.000000000000000888e+00
4.000000000000000888e+00
4.000000000000000888e+00
4.000000000000000888e+00
4.000000000000000888e+00
4.000000000000000888e+00
4.000000000000000888e+00
4.000000000000000888e+00
4.000000000000000888e+00
4.000000000000000888e+00
4.000000000000000888e+00
4.000000000000000888e+00
4.000000000000000888e+00
