#!MLF!#
"/PhraseLevel-general-36/ext/data/picklist_35.rec"
0 590000 sil -391.752625
590000 934000 a -273.724213
934000 1646000 e 216.099533
1646000 1884000 i -136.855667
1884000 2622000 m 168.970001
2622000 2930000 a -203.253067
2930000 3550000 e 250.324280
3550000 3850000 i -128.622223
3850000 4472000 m 216.754349
4472000 4734000 a -218.297440
4734000 5478000 e 139.100693
5478000 5826000 i -132.810242
5826000 6606000 m 272.569702
6606000 6650000 a -53.895752
6650000 7268000 e 241.546127
7268000 7590000 i -183.338913
7590000 8474000 m 518.439514
8474000 8486000 sil -147.060257
.
