0.00050111 0.27711162 0.58204588 0.3335578  0.34033719 0.36287842  0.51475587 0.44998219 0.44411745 0.38098864 0.50246853 0.45809662  0.4426108  0.41452704 0.4705883  0.46760634
0.00050111 0.27711162 0.58204588 0.3335578  0.34033719 0.36287842  0.51475587 0.44998219 0.44411745 0.38098864 0.50246853 0.45809662  0.4426108  0.41452704 0.4705883  0.46760634
0.52704963 0.76303618 0.09308206 0.33438726 0.5605825  0.556035  0.76320191 0.12366799 0.26571474 0.42148354 0.49888905 0.65088467  0.75477095 0.36858486 0.25711575 0.44564823
0.6064559  0.87457765 0.14161528 0.31391051 0.55983023 0.50273863  0.67990424 0.22689727 0.40389241 0.46319209 0.45806311 0.58477845  0.71627478 0.39909502 0.09173231 0.48316048
0.65704884 0.89141708 0.21361512 0.26731605 0.53436605 0.49385342  0.64278964 0.17561547 0.40467605 0.53541278 0.5245313  0.43619287  0.70608475 0.50098958 0.03487281 0.49844729
0.71518684 0.90453749 0.31211325 0.27735207 0.52370083 0.39302195  0.62210357 0.15445638 0.398617   0.65046277 0.4325534  0.45797442  0.5825554  0.397296   0.17456716 0.60070139
0.78073861 0.8917239  0.43714647 0.30940974 0.52042822 0.30071641  0.60965227 0.14351182 0.35551323 0.64293254 0.44908181 0.5210602  0.73580434 0.22466885 0.40955052 0.50649498
0.87267837 0.87712251 0.58359813 0.32070288 0.60121669 0.20858416  0.28780413 0.20728515 0.50033464 0.73454578 0.51532754 0.52556305  0.7054533  0.38885535 0.51681649 0.40754059
0.91258815 0.89037072 0.70794186 0.49838192 0.70250812 0.24254945  0.27495527 0.29038012 0.63659217 0.73479541 0.3726938  0.65235916  0.62649583 0.71163301 0.70936733 0.12544557
0.94812298 0.85665824 0.82716279 0.65678891 0.81037137 0.43023307  0.34785981 0.32219792 0.61081675 0.71125455 0.31756653 0.65192409  0.48955563 0.80295194 0.64694909 0.30195194
0.96695557 0.83018125 0.89064327 0.75958983 0.90027166 0.60454544  0.38534121 0.36817991 0.53971829 0.72774262 0.37452733 0.61706016  0.46022456 0.75664965 0.57910769 0.46232644
0.97604064 0.81841525 0.927819   0.84883534 0.97685161 0.77107967  0.43890844 0.47582119 0.45536794 0.91614132 0.45610551 0.47933227  0.49643902 0.67940803 0.65880533 0.64969947
0.97811412 0.81498015 0.93466855 0.8695175  1.00000375 0.82508  0.44145393 0.51060504 0.43622522 0.9678498  0.50853346 0.42242804  0.55441702 0.66358749 0.69751401 0.75161707
0.97811412 0.81498015 0.93466855 0.8695175  1.00000375 0.82508  0.44145393 0.51060504 0.43622522 0.9678498  0.50853346 0.42242804  0.55441702 0.66358749 0.69751401 0.75161707
0.97811412 0.81498015 0.93466855 0.8695175  1.00000375 0.82508  0.44145393 0.51060504 0.43622522 0.9678498  0.50853346 0.42242804  0.55441702 0.66358749 0.69751401 0.75161707
0.97811412 0.81498015 0.93466855 0.8695175  1.00000375 0.82508  0.44145393 0.51060504 0.43622522 0.9678498  0.50853346 0.42242804  0.55441702 0.66358749 0.69751401 0.75161707
0.97811412 0.81498015 0.93466855 0.8695175  1.00000375 0.82508  0.44145393 0.51060504 0.43622522 0.9678498  0.50853346 0.42242804  0.55441702 0.66358749 0.69751401 0.75161707
0.97811412 0.81498015 0.93466855 0.8695175  1.00000375 0.82508  0.44145393 0.51060504 0.43622522 0.9678498  0.50853346 0.42242804  0.55441702 0.66358749 0.69751401 0.75161707
0.97732021 0.81080032 0.93257844 0.86225175 0.9936078  0.82458976  0.45254398 0.50994634 0.4189189  0.95604366 0.52406849 0.42519699  0.55694153 0.62574832 0.66282637 0.76485443
0.97760236 0.81352624 0.93266764 0.86356215 0.99503193 0.82195152  0.44218445 0.50497019 0.43144418 0.95600303 0.51597214 0.41896738  0.56298147 0.63711179 0.67781139 0.74129586
0.97665586 0.80960567 0.92971721 0.85453243 0.98791351 0.82133996  0.45068888 0.50038775 0.41452797 0.94448129 0.53302157 0.4157404  0.57348155 0.588442   0.63667952 0.74742863
0.97760236 0.81352624 0.93266764 0.86356215 0.99503193 0.82195152  0.44218445 0.50497019 0.43144418 0.95600303 0.51597214 0.41896738  0.56298147 0.63711179 0.67781139 0.74129586
0.97779409 0.81454415 0.93318112 0.865034   0.99599053 0.81976883  0.43984995 0.50485366 0.43769077 0.95432342 0.50818116 0.42598687  0.55516793 0.65724177 0.68669935 0.73622562
0.97733727 0.81397276 0.93111778 0.85921405 0.99136332 0.81444761  0.43738783 0.4969364  0.43841386 0.93938923 0.51044814 0.42615482  0.56134846 0.64326283 0.67352756 0.7181539 
0.97779409 0.81454415 0.93318112 0.865034   0.99599053 0.81976883  0.43984995 0.50485366 0.43769077 0.95432342 0.50818116 0.42598687  0.55516793 0.65724177 0.68669935 0.73622562
0.97663953 0.81488036 0.92765109 0.84985911 0.98335806 0.79654502  0.42996047 0.48447927 0.45051173 0.90690016 0.50004648 0.4520841  0.5519366  0.6604024  0.64789751 0.68710595
0.97695957 0.81531636 0.92913853 0.85434261 0.98737128 0.80185619  0.43156445 0.49023066 0.44904618 0.92042654 0.50039878 0.44852527  0.55118568 0.66674812 0.65871217 0.7024974 
0.97597529 0.8165417  0.9248019  0.8428934  0.97720271 0.77925995  0.42432069 0.47497345 0.46099894 0.88931739 0.48760743 0.47437551  0.54210295 0.67696252 0.63816012 0.66586549
0.99674249 0.8094415  0.88892902 0.94397368 0.76005903 0.83395668  0.28442038 0.46360269 0.41918317 0.89070966 0.43803053 0.52613974  0.6101176  0.69963312 0.6047343  0.66653903
0.99727728 0.80950653 0.89149344 0.95107615 0.76584884 0.8435721  0.28875585 0.47322256 0.41431539 0.91227768 0.44017287 0.51710885  0.60963788 0.70162343 0.62167925 0.6880488 
0.99644775 0.81271776 0.89079072 0.9466314  0.75506316 0.81242195  0.29902846 0.46172377 0.41955509 0.91485512 0.3929737  0.54785577  0.55194135 0.71649054 0.62746723 0.63569521
0.99743203 0.81149242 0.89512735 0.95808061 0.76523173 0.8350182  0.30627222 0.47698098 0.40760233 0.94596427 0.40576504 0.52200553  0.56102408 0.70627614 0.64801928 0.67232712
1.         0.80720012 0.9040362  0.98312334 0.79166965 0.89588549  0.31185071 0.51518536 0.38414473 0.99977375 0.45955102 0.46407124  0.61271092 0.68353131 0.67876373 0.77056069
1.         0.80720012 0.9040362  0.98312334 0.79166965 0.89588549  0.31185071 0.51518536 0.38414473 0.99977375 0.45955102 0.46407124  0.61271092 0.68353131 0.67876373 0.77056069
1.         0.80720012 0.9040362  0.98312334 0.79166965 0.89588549  0.31185071 0.51518536 0.38414473 0.99977375 0.45955102 0.46407124  0.61271092 0.68353131 0.67876373 0.77056069
0.9996265  0.80356015 0.9042866  0.98336049 0.78490541 0.89055465  0.31513422 0.52959651 0.39209355 0.97210355 0.4606522  0.4429907  0.59022104 0.68027094 0.69409582 0.76127125
0.9987969  0.79242058 0.90584395 0.98733679 0.75758319 0.88013036  0.32054512 0.5816924  0.41540955 0.86381346 0.46474566 0.34783964  0.48590372 0.63958518 0.76959335 0.73097506
0.99579844 0.75858654 0.91069983 0.99737038 0.70660358 0.85167649  0.34815938 0.68311486 0.45239893 0.72355419 0.47373499 0.23503715  0.35772219 0.64630137 0.89535551 0.72192613
0.97324292 0.608862   0.94289837 0.97469149 0.63538812 0.73353577  0.4837829  0.89307995 0.47622833 0.70547395 0.52638449 0.30124667  0.3498762  0.88981281 0.91462754 0.90080752
0.94648513 0.45066247 0.96924896 0.94283012 0.56676757 0.65905622  0.5837839  0.99998815 0.46354636 0.74714618 0.54911725 0.32314731  0.3699335  0.86490156 0.76750389 0.99267918
0.92867042 0.35603847 0.97837866 0.91562677 0.54290441 0.64581434  0.63486031 0.99343481 0.41391628 0.80714717 0.55916389 0.38338891  0.40506181 0.80618248 0.70182704 0.9844329 
0.89911938 0.21709766 0.98116798 0.87188744 0.51861245 0.66031978  0.67799708 0.91039189 0.36404092 0.88960527 0.53185926 0.39131913  0.47054565 0.62233915 0.56048711 0.85964974
0.88354238 0.15592361 0.96305149 0.81876824 0.48997512 0.69465891  0.71961429 0.83764342 0.26322381 0.85186801 0.57989807 0.3702549  0.48286876 0.38803232 0.42593682 0.8121568 
0.87208367 0.122162   0.94385238 0.77394374 0.46978585 0.70646143  0.70543379 0.75519011 0.23458637 0.79258255 0.61299359 0.32533339  0.53788691 0.23726141 0.39743694 0.69797133
0.85000006 0.06503525 0.90968144 0.72010129 0.45866702 0.75041084  0.68344913 0.61543244 0.23051234 0.6789221  0.55661474 0.30961136  0.4819154  0.23993174 0.51229279 0.50508434
0.83912296 0.07718858 0.86531398 0.61250888 0.36564428 0.55287341  0.62181526 0.48388337 0.32531259 0.44977865 0.46081359 0.47417528  0.43267114 0.312488   0.40017871 0.2984179 
0.82569597 0.08374129 0.81887557 0.51046875 0.28185748 0.40366111  0.6004127  0.35223032 0.35719869 0.30822145 0.35504591 0.57200085  0.31966364 0.34096911 0.36580315 0.17057802
0.82154187 0.08648299 0.8033764  0.48139681 0.2614577  0.36861323  0.58828278 0.3292287  0.36108688 0.30596364 0.35375654 0.57116029  0.32899258 0.33892905 0.39852737 0.24198747
0.82154187 0.08648299 0.8033764  0.48139681 0.2614577  0.36861323  0.58828278 0.3292287  0.36108688 0.30596364 0.35375654 0.57116029  0.32899258 0.33892905 0.39852737 0.24198747
0.83921266 0.13427725 0.83231516 0.52587271 0.26455039 0.30067232  0.58695242 0.42545629 0.41447761 0.34140868 0.35101132 0.62152935  0.34721074 0.3827219  0.29437197 0.28057602
0.83921266 0.13427725 0.83231516 0.52587271 0.26455039 0.30067232  0.58695242 0.42545629 0.41447761 0.34140868 0.35101132 0.62152935  0.34721074 0.3827219  0.29437197 0.28057602
0.83443921 0.14122772 0.81412579 0.49949747 0.2478087  0.2649026  0.56372303 0.42512609 0.43492881 0.35147267 0.36864159 0.60822124  0.39897538 0.41378779 0.34742778 0.3255025 
0.82592795 0.1540295  0.79025803 0.47726951 0.22611797 0.23355427  0.57166469 0.44647092 0.43890026 0.43547894 0.36149332 0.56884864  0.42316664 0.39328553 0.41678923 0.26431   
0.81646765 0.14859815 0.75607686 0.41855555 0.19957125 0.22596808  0.55320622 0.39148176 0.4088546  0.40885367 0.40576579 0.5290954  0.45159616 0.34875989 0.43041436 0.41627604
0.8014695  0.15601263 0.71492846 0.3750922  0.1705539  0.20512532  0.56220001 0.35914025 0.39681468 0.47156373 0.35243776 0.46802481  0.37335109 0.34520171 0.43230769 0.60676462
0.8014695  0.15601263 0.71492846 0.3750922  0.1705539  0.20512532  0.56220001 0.35914025 0.39681468 0.47156373 0.35243776 0.46802481  0.37335109 0.34520171 0.43230769 0.60676462
0.8014695  0.15601263 0.71492846 0.3750922  0.1705539  0.20512532  0.56220001 0.35914025 0.39681468 0.47156373 0.35243776 0.46802481  0.37335109 0.34520171 0.43230769 0.60676462
0.78565851 0.15126973 0.67556999 0.33966206 0.15385056 0.21442601  0.57890384 0.36286754 0.3531821  0.52580515 0.37338673 0.4298647  0.39133951 0.283572   0.5268054  0.46855447
0.78068304 0.15699133 0.65591536 0.31276425 0.14099571 0.18985955  0.54989814 0.36599873 0.37199184 0.52708142 0.41447626 0.40943891  0.46701167 0.30971072 0.56338916 0.52306652
0.76617377 0.12968129 0.62871706 0.27966562 0.14550744 0.23385959  0.5217382  0.3059808  0.36139751 0.52035064 0.42172975 0.35877822  0.46134266 0.3337546  0.61954652 0.55177046
0.76617377 0.12968129 0.62871706 0.27966562 0.14550744 0.23385959  0.5217382  0.3059808  0.36139751 0.52035064 0.42172975 0.35877822  0.46134266 0.3337546  0.61954652 0.55177046
0.75441372 0.12257255 0.60113313 0.2696129  0.15859775 0.27153033  0.49559614 0.30366586 0.38408617 0.48285765 0.42626773 0.34350177  0.4538583  0.40420725 0.60355517 0.57      
0.75158603 0.11812102 0.59937772 0.2812318  0.16783451 0.29514876  0.51252096 0.27783644 0.38219157 0.46754953 0.34155675 0.34859262  0.30396322 0.45035143 0.5378147  0.72638789
0.70487632 0.09281905 0.4935643  0.24084395 0.2124108  0.41437892  0.41867019 0.2941314  0.44465628 0.39701869 0.38901011 0.32421463  0.32114522 0.65181333 0.50116591 0.72860858
0.69300886 0.09678447 0.45950506 0.22362344 0.21557633 0.43178444  0.40928215 0.31071282 0.44048369 0.41175291 0.3805816  0.3291766  0.2521502  0.67795166 0.43699972 0.74786164
0.62742295 0.09306725 0.32526694 0.21543402 0.26456662 0.47923309  0.29722144 0.41290918 0.52368258 0.44090261 0.4182556  0.39476895  0.30845427 0.65583808 0.30395494 0.66731914
0.57701576 0.11609897 0.21264047 0.20081772 0.26630553 0.46255462  0.28911535 0.52027297 0.52099254 0.52738918 0.42909898 0.44136958  0.38077547 0.50633988 0.36693325 0.40220631
0.54179513 0.1080431  0.19227815 0.27055493 0.30332102 0.42170615  0.23138218 0.52435248 0.54225395 0.51297204 0.43525863 0.51224344  0.39063168 0.37935981 0.40365046 0.5147501 
0.49113928 0.11143077 0.1493332  0.34466606 0.33187221 0.38632671  0.23323009 0.54997141 0.50090256 0.4670398  0.39641779 0.61160235  0.33782014 0.28428891 0.47909156 0.52586788
0.47267217 0.11054539 0.14580734 0.38362112 0.34201899 0.35860076  0.22446772 0.5391245  0.48700553 0.46545312 0.40949894 0.6194648  0.33879253 0.24996032 0.50844716 0.55389259
0.46532017 0.10334126 0.18354167 0.4202672  0.36325982 0.33786675  0.1675474  0.54199004 0.43421624 0.38567689 0.53463753 0.66234  0.40127928 0.24978155 0.50551648 0.4372239 
0.47383143 0.09053948 0.20740943 0.44249515 0.38495055 0.36921507  0.15960573 0.52064521 0.43024479 0.30167062 0.5417858  0.70171261  0.37708802 0.27028381 0.43615502 0.4984164 
0.4551025  0.09072705 0.21096993 0.47638606 0.39556759 0.33930349  0.13943795 0.50874906 0.39075034 0.29913515 0.58025069 0.69345847  0.34148369 0.26605497 0.44204611 0.51781487
0.4551025  0.09072705 0.21096993 0.47638606 0.39556759 0.33930349  0.13943795 0.50874906 0.39075034 0.29913515 0.58025069 0.69345847  0.34148369 0.26605497 0.44204611 0.51781487
0.4551025  0.09072705 0.21096993 0.47638606 0.39556759 0.33930349  0.13943795 0.50874906 0.39075034 0.29913515 0.58025069 0.69345847  0.34148369 0.26605497 0.44204611 0.51781487
0.41739166 0.09664044 0.23839512 0.51284797 0.39507251 0.30601874  0.11141217 0.49178014 0.30700796 0.29872141 0.62780531 0.65658346  0.30416548 0.32618667 0.42756954 0.46187533
0.41739166 0.09664044 0.23839512 0.51284797 0.39507251 0.30601874  0.11141217 0.49178014 0.30700796 0.29872141 0.62780531 0.65658346  0.30416548 0.32618667 0.42756954 0.46187533
0.41739166 0.09664044 0.23839512 0.51284797 0.39507251 0.30601874  0.11141217 0.49178014 0.30700796 0.29872141 0.62780531 0.65658346  0.30416548 0.32618667 0.42756954 0.46187533
0.40662013 0.10063161 0.25344565 0.45499561 0.49846419 0.27152169  0.17750217 0.49100388 0.33422304 0.28248561 0.6501739  0.6357362  0.27454916 0.31546674 0.4399752  0.45601192
0.40662013 0.10063161 0.25344565 0.45499561 0.49846419 0.27152169  0.17750217 0.49100388 0.33422304 0.28248561 0.6501739  0.6357362  0.27454916 0.31546674 0.4399752  0.45601192
0.38759766 0.10321667 0.26505396 0.47967579 0.50274049 0.24665035  0.1619926  0.47734714 0.28303129 0.28542769 0.69322527 0.60575834  0.23040942 0.35319474 0.4264892  0.43130526
0.34198692 0.11749888 0.2537935  0.48316709 0.60365467 0.19451378  0.31767032 0.46070364 0.29098893 0.23963107 0.66264221 0.58408435  0.27814152 0.34673077 0.49014025 0.41277842
0.34198692 0.11749888 0.2537935  0.48316709 0.60365467 0.19451378  0.31767032 0.46070364 0.29098893 0.23963107 0.66264221 0.58408435  0.27814152 0.34673077 0.49014025 0.41277842
0.34198692 0.11749888 0.2537935  0.48316709 0.60365467 0.19451378  0.31767032 0.46070364 0.29098893 0.23963107 0.66264221 0.58408435  0.27814152 0.34673077 0.49014025 0.41277842
0.32367888 0.12417144 0.28454125 0.46527684 0.5964976  0.20301161  0.29357291 0.47405992 0.25885166 0.22901063 0.6353629  0.57933376  0.28797106 0.35872891 0.4796168  0.38948736
0.28764282 0.13742896 0.34234336 0.42373004 0.59778407 0.21565011  0.2516745  0.50761925 0.17329501 0.18998235 0.5009803  0.550318  0.42435773 0.35153397 0.48719982 0.42320295
0.28667623 0.13587601 0.33613129 0.44788813 0.59605533 0.19950403  0.25492425 0.48643418 0.16720215 0.21053672 0.59118103 0.53330848  0.32610006 0.41196251 0.45030147 0.35047893
0.28667623 0.13587601 0.33613129 0.44788813 0.59605533 0.19950403  0.25492425 0.48643418 0.16720215 0.21053672 0.59118103 0.53330848  0.32610006 0.41196251 0.45030147 0.35047893
0.23889954 0.15700224 0.33811885 0.44676976 0.56908718 0.19572282  0.31027621 0.46578795 0.13507126 0.26596836 0.45339563 0.42320797  0.34362601 0.46341833 0.42349072 0.48367038
0.2204256  0.1642885  0.36844506 0.43129156 0.55731856 0.20794664  0.3013992  0.46926423 0.13314318 0.26888979 0.45122363 0.42145711  0.34532408 0.48258798 0.40601875 0.46201925
0.17463557 0.18882401 0.39325718 0.40341115 0.52085187 0.17808226  0.29639888 0.48696554 0.09617766 0.3550176  0.44429309 0.33658506  0.39388208 0.52470671 0.44482527 0.35334814
0.12279858 0.21667717 0.41474975 0.42276133 0.47072727 0.21836871  0.43385729 0.45384613 0.17727947 0.33829207 0.43293478 0.3127142  0.51682855 0.53798291 0.41253622 0.38256473
0.10522317 0.22451398 0.44862423 0.39530238 0.45719394 0.24040664  0.420685   0.46794542 0.19535163 0.33571468 0.40880954 0.33664623  0.52201136 0.50722599 0.42624375 0.40146281
0.10522317 0.22451398 0.44862423 0.39530238 0.45719394 0.24040664  0.420685   0.46794542 0.19535163 0.33571468 0.40880954 0.33664623  0.52201136 0.50722599 0.42624375 0.40146281
0.0719808  0.24673846 0.46968224 0.38028328 0.43238204 0.27549016  0.50474404 0.46473384 0.2192811  0.31234045 0.35197172 0.33034441  0.63549308 0.49568659 0.41214239 0.44301614
0.0719808  0.24673846 0.46968224 0.38028328 0.43238204 0.27549016  0.50474404 0.46473384 0.2192811  0.31234045 0.35197172 0.33034441  0.63549308 0.49568659 0.41214239 0.44301614
0.0719808  0.24673846 0.46968224 0.38028328 0.43238204 0.27549016  0.50474404 0.46473384 0.2192811  0.31234045 0.35197172 0.33034441  0.63549308 0.49568659 0.41214239 0.44301614
0.0719808  0.24673846 0.46968224 0.38028328 0.43238204 0.27549016  0.50474404 0.46473384 0.2192811  0.31234045 0.35197172 0.33034441  0.63549308 0.49568659 0.41214239 0.44301614
0.05381432 0.25394063 0.49578078 0.37629342 0.40555338 0.29522951  0.51421377 0.4531311  0.28858185 0.3374587  0.41966938 0.35663221  0.56155507 0.48788906 0.42187133 0.43008716
0.0357367  0.26148951 0.52802268 0.35542824 0.38898213 0.31514448  0.49941356 0.4629358  0.30230144 0.33981714 0.40662327 0.37897661  0.55893512 0.47049592 0.43116254 0.44057303
