0.00050111 0.27711162 0.58204588 0.3335578  0.34033719 0.36287842  0.51475587 0.44998219 0.44411745 0.38098864 0.50246853 0.45809662  0.4426108  0.41452704 0.4705883  0.46760634
0.00050111 0.27711162 0.58204588 0.3335578  0.34033719 0.36287842  0.51475587 0.44998219 0.44411745 0.38098864 0.50246853 0.45809662  0.4426108  0.41452704 0.4705883  0.46760634
0.14303707 0.217588   0.34497657 0.47622039 0.45933736 0.2165566  0.56313797 0.40859428 0.2446999  0.34827608 0.51697552 0.30384461  0.50064691 0.57102182 0.37458765 0.36149191
0.19718904 0.19584281 0.2509155  0.54008466 0.48001846 0.18019207  0.60153025 0.37606232 0.27840194 0.37172199 0.59648836 0.31328149  0.43265939 0.56101357 0.3982068  0.37189597
0.21555215 0.18952717 0.22262879 0.55707476 0.47636802 0.179652  0.62144653 0.36277046 0.332181   0.38811939 0.64941532 0.3388718  0.37843869 0.5423589  0.407129   0.37313576
0.25336079 0.17999766 0.17762291 0.55022159 0.48113151 0.19670357  0.66817275 0.36716409 0.43315425 0.39024668 0.60328314 0.37910491  0.44801278 0.44433494 0.4620072  0.47583719
0.35813018 0.16940133 0.11356848 0.4851221  0.35744021 0.33980668  0.70880045 0.41983831 0.58699451 0.38956454 0.3638756  0.43570714  0.70235321 0.38575511 0.48314493 0.51400279
0.39536178 0.16166663 0.1088416  0.41796944 0.368471   0.37140304  0.655197   0.46545663 0.5991518  0.39000035 0.32834597 0.51364344  0.62739392 0.32906483 0.50265955 0.51628208
0.45683293 0.13219172 0.1234384  0.40131558 0.29549894 0.40117249  0.42490064 0.50948417 0.56254532 0.43411773 0.32263871 0.5339217  0.53682929 0.3439411  0.48091409 0.49410586
0.49253184 0.12793507 0.13134605 0.33930095 0.29633553 0.41886468  0.39242932 0.53644384 0.51140484 0.44450624 0.30397963 0.55104451  0.46156627 0.38078763 0.50536062 0.44314119
0.52702822 0.11744171 0.15818834 0.28005617 0.30036378 0.43469281  0.30026481 0.54928328 0.52831262 0.47461471 0.36117653 0.55192255  0.38515658 0.37802771 0.44805419 0.44858782
0.54458201 0.12188821 0.16798714 0.24612647 0.28041794 0.45483268  0.33317949 0.54635106 0.51887785 0.48237135 0.35557209 0.51545321  0.38308035 0.4380538  0.43390553 0.37970238
0.57796147 0.12253123 0.20789219 0.19031715 0.25491219 0.47064439  0.32333226 0.52744455 0.48106488 0.52867134 0.43466572 0.4448942  0.36745918 0.53058271 0.38966948 0.33436317
0.57796147 0.12253123 0.20789219 0.19031715 0.25491219 0.47064439  0.32333226 0.52744455 0.48106488 0.52867134 0.43466572 0.4448942  0.36745918 0.53058271 0.38966948 0.33436317
0.59331639 0.11722831 0.23479047 0.17579827 0.25105307 0.46521007  0.29418606 0.50788991 0.49462703 0.55430589 0.46779308 0.39988542  0.3748327  0.55566833 0.35511512 0.38344771
0.6243459  0.13490855 0.27309493 0.13966287 0.20455857 0.45013486  0.38304236 0.48314346 0.39483768 0.57704155 0.47513897 0.34660549  0.30071834 0.57454579 0.3993766  0.34624658
0.67512957 0.1347159  0.39950126 0.16956131 0.16733688 0.34437969  0.43103995 0.39640693 0.36576097 0.67077793 0.44325337 0.28130357  0.32450728 0.46297691 0.54047273 0.45341689
0.7098119  0.14229093 0.49090655 0.21305619 0.14391252 0.25289962  0.48278053 0.36931561 0.34376474 0.72722313 0.40875986 0.30023905  0.37011904 0.30894565 0.62873344 0.46216569
0.72942895 0.12519441 0.55220697 0.25721909 0.15727745 0.26904088  0.5092969  0.30019677 0.363261   0.62956091 0.31421931 0.31920191  0.27170017 0.38280971 0.6271384  0.62834996
0.75227597 0.10639976 0.61369216 0.28815315 0.1714627  0.28349933  0.49895625 0.25672162 0.39098093 0.5093818  0.34278712 0.33879139  0.34895713 0.43215622 0.62957694 0.71889562
0.77077946 0.12851843 0.6518731  0.32116739 0.15833147 0.2337714  0.55423964 0.30462553 0.37688173 0.52708918 0.30499349 0.40211324  0.31608616 0.36547885 0.56111028 0.62637059
0.78360777 0.12083649 0.68216263 0.33027025 0.16327988 0.23188264  0.53452769 0.30149187 0.39317662 0.46265428 0.37572079 0.42174018  0.44005443 0.36658905 0.58646121 0.57739123
0.78941813 0.13771286 0.69298697 0.34497864 0.16579805 0.20085228  0.52061099 0.32672765 0.42240892 0.48815587 0.36875549 0.43518249  0.44799282 0.38096438 0.53235304 0.60819285
0.81001156 0.13237186 0.75967253 0.43696499 0.21850282 0.23444037  0.53228071 0.3479105  0.45854762 0.44235494 0.27835877 0.53331363  0.32171139 0.48283376 0.47963042 0.55665916
0.82543561 0.18783619 0.77152336 0.46152194 0.2213854  0.19762501  0.5309948  0.41122494 0.47568109 0.44700906 0.2883819  0.59205521  0.32531089 0.5648057  0.49925165 0.59261981
0.82543561 0.18783619 0.77152336 0.46152194 0.2213854  0.19762501  0.5309948  0.41122494 0.47568109 0.44700906 0.2883819  0.59205521  0.32531089 0.5648057  0.49925165 0.59261981
0.82722315 0.19199664 0.77813007 0.47824832 0.23298894 0.20073839  0.52941033 0.42665074 0.49291459 0.47688126 0.2580811  0.60686491  0.28895974 0.64257281 0.5449215  0.62671059
0.83741217 0.21870124 0.79284668 0.51409522 0.25128898 0.22035367  0.55735318 0.47803983 0.4763358  0.47815565 0.24317415 0.65268384  0.19517619 0.71309535 0.57547035 0.60888775
0.84850287 0.27056703 0.78280482 0.51223971 0.24700366 0.23062751  0.5783772  0.50375071 0.43264644 0.41617886 0.28485281 0.69809095  0.17193705 0.74604812 0.63120092 0.66668816
0.84887164 0.29051868 0.76890556 0.49436282 0.2399315  0.20926615  0.53725997 0.47901008 0.46660077 0.39711905 0.29989642 0.64246511  0.2145033  0.71925005 0.60916928 0.7496993 
0.84887164 0.29051868 0.76890556 0.49436282 0.2399315  0.20926615  0.53725997 0.47901008 0.46660077 0.39711905 0.29989642 0.64246511  0.2145033  0.71925005 0.60916928 0.7496993 
0.84887164 0.29051868 0.76890556 0.49436282 0.2399315  0.20926615  0.53725997 0.47901008 0.46660077 0.39711905 0.29989642 0.64246511  0.2145033  0.71925005 0.60916928 0.7496993 
0.84302858 0.26580282 0.77187202 0.49477492 0.24220463 0.20784312  0.52631642 0.45950306 0.4908432  0.42571538 0.27386328 0.62137773  0.24376871 0.70121971 0.58541127 0.70813956
0.83127453 0.21224801 0.78245367 0.49660134 0.24992615 0.19982972  0.49709932 0.4217162  0.53255202 0.49790264 0.22485497 0.57808397  0.2538428  0.66274089 0.53940045 0.64511193
0.82603772 0.18665446 0.78601477 0.49169119 0.24271692 0.18067572  0.49033714 0.41699976 0.56118221 0.50786011 0.21859689 0.54782694  0.29438879 0.62473707 0.46750241 0.60655363
0.8132094  0.1943364  0.75572523 0.48258833 0.23776852 0.18256448  0.51004909 0.42013342 0.54488732 0.57229501 0.1478696  0.5282  0.17042052 0.62362686 0.44215148 0.655533  
0.80598787 0.17679286 0.74364753 0.47151597 0.24302116 0.21912092  0.50152282 0.3754     0.54062956 0.54451964 0.13188636 0.48689097  0.14045109 0.62085088 0.50071751 0.6357576 
0.78873906 0.16193849 0.70323515 0.411654   0.2041094  0.20947244  0.53587377 0.3624842  0.47649943 0.60690107 0.15861003 0.46337902  0.15801683 0.5672452  0.58438242 0.61783081
0.7868294  0.15748022 0.69624432 0.3945377  0.19265069 0.20853175  0.53809226 0.34769573 0.45610099 0.57874294 0.19448934 0.44339955  0.20065068 0.48122691 0.54040841 0.58656269
0.7868294  0.15748022 0.69624432 0.3945377  0.19265069 0.20853175  0.53809226 0.34769573 0.45610099 0.57874294 0.19448934 0.44339955  0.20065068 0.48122691 0.54040841 0.58656269
0.78388746 0.14595906 0.68968767 0.37908242 0.18319015 0.22159793  0.55993129 0.33694096 0.41528126 0.56553679 0.22103492 0.44980385  0.21268504 0.42217982 0.51022658 0.58974291
0.78156528 0.13967321 0.68235207 0.36277359 0.1737045  0.2273075  0.56932863 0.32673012 0.38730429 0.5513145  0.25693866 0.43598134  0.24835238 0.35371545 0.47041836 0.60266016
0.76334608 0.12522976 0.62696165 0.29128452 0.1547442  0.25747802  0.53866302 0.28015138 0.3595029  0.50504253 0.33701877 0.36386907  0.31144758 0.37989878 0.55380604 0.70815835
0.75158603 0.11812102 0.59937772 0.2812318  0.16783451 0.29514876  0.51252096 0.27783644 0.38219157 0.46754953 0.34155675 0.34859262  0.30396322 0.45035143 0.5378147  0.72638789
0.75158603 0.11812102 0.59937772 0.2812318  0.16783451 0.29514876  0.51252096 0.27783644 0.38219157 0.46754953 0.34155675 0.34859262  0.30396322 0.45035143 0.5378147  0.72638789
0.74051592 0.09929102 0.58610822 0.27810043 0.18455301 0.32117008  0.47281419 0.25440668 0.4136696  0.4718888  0.3473251  0.32351495  0.34147277 0.50260886 0.61358559 0.73712516
0.68845752 0.09159268 0.47191879 0.25958931 0.23267926 0.40141712  0.37842653 0.3092705  0.48438963 0.43432321 0.34123153 0.36549435  0.25461628 0.61293566 0.42455259 0.84414423
0.69696878 0.07879089 0.49578655 0.28181726 0.25437    0.43276544  0.37048486 0.28792567 0.48041819 0.35031695 0.3483798  0.40486695  0.23042502 0.63343792 0.35519113 0.90533673
0.68591396 0.07435918 0.46602442 0.26559561 0.26153851 0.46916925  0.35427438 0.30075051 0.48389833 0.31663052 0.38676384 0.39624595  0.26129264 0.69087821 0.34708796 0.85910533
0.69874227 0.06667723 0.49631396 0.27469846 0.26648691 0.46728049  0.33456244 0.29761686 0.50019321 0.25219562 0.45749114 0.41587289  0.38526092 0.69198841 0.37243889 0.81012597
0.68331892 0.0586205  0.4753579  0.29108965 0.28870996 0.47631922  0.29277225 0.31098078 0.55259649 0.24057609 0.45111128 0.44145607  0.42604156 0.68068667 0.34872771 0.7972759 
0.69473281 0.05039804 0.50188998 0.30559385 0.30210765 0.48088332  0.26907354 0.31976905 0.56143208 0.16244071 0.53280314 0.48727171  0.5494767  0.66338484 0.35252055 0.68776727
0.68244059 0.05061815 0.46941993 0.29494346 0.31017214 0.51007465  0.25678922 0.34788943 0.56414908 0.13610234 0.56152571 0.50424915  0.57168519 0.69017166 0.31722336 0.61783918
0.68721404 0.04366767 0.4876093  0.32131871 0.32691383 0.54584438  0.28001861 0.34821963 0.54369787 0.12603834 0.54389544 0.51755726  0.51992054 0.65910577 0.26416755 0.5729127 
0.66966026 0.03922118 0.4778105  0.35524841 0.34685967 0.5257045  0.24710393 0.35115185 0.55313265 0.11828171 0.54949988 0.55402661  0.52199678 0.59907968 0.27831621 0.64179813
0.63513754 0.03569026 0.45736889 0.40907022 0.37655091 0.49539155  0.19981699 0.36307575 0.54026146 0.09045058 0.54549182 0.62078605  0.47282313 0.52296641 0.29860316 0.69417844
0.59414621 0.04117544 0.38513834 0.42320238 0.39651988 0.49035264  0.15874514 0.43075677 0.54495344 0.09536338 0.60475791 0.68440101  0.54896587 0.42109948 0.30903128 0.59820136
0.5965575  0.03702574 0.39392276 0.4420419  0.41379163 0.52803562  0.1667103  0.44665713 0.52645072 0.1109071  0.62535263 0.66823548  0.55177173 0.39139006 0.29045289 0.61349909
0.54786639 0.04519157 0.3544189  0.48476136 0.43188797 0.49685248  0.15596015 0.46176993 0.46295366 0.13031907 0.58584835 0.69949822  0.39731797 0.36322053 0.27331919 0.64978252
0.52939928 0.04430619 0.35089303 0.52371642 0.44203475 0.46912652  0.14719778 0.45092301 0.44905663 0.1287324  0.5989295  0.70736067  0.39829035 0.32889194 0.30267479 0.67780723
0.50589691 0.05144423 0.33626416 0.53123208 0.4359101  0.40344522  0.1038006  0.43869666 0.43001338 0.13626091 0.65502466 0.68579843  0.41445067 0.35572899 0.36162168 0.74213218
0.46155343 0.07102294 0.30125397 0.52690631 0.43163521 0.38744577  0.09168823 0.49554381 0.34312629 0.16346858 0.6764485  0.7104637  0.39859873 0.32292179 0.38668887 0.5434465 
0.44253096 0.073608   0.31286228 0.55158649 0.43591151 0.36257443  0.07617867 0.48188707 0.29193454 0.16641066 0.71949986 0.68048584  0.35445899 0.36064978 0.37320287 0.51873984
0.39025914 0.08974907 0.27116418 0.59461399 0.41533629 0.28452766  0.12530079 0.4358501  0.27072018 0.21363978 0.63912716 0.63122544  0.27677138 0.40873917 0.39184696 0.56320823
0.27883816 0.14240076 0.2789445  0.57953664 0.36345012 0.2580522  0.19743316 0.45656796 0.11805464 0.3135416  0.46734121 0.47690077  0.32950405 0.48397837 0.40098006 0.48449615
0.25141125 0.16062062 0.27546991 0.56864633 0.32333299 0.22764774  0.21234912 0.46097741 0.13486819 0.41606681 0.51333763 0.41761903  0.32384134 0.50744244 0.44870878 0.37706482
0.18063865 0.19399035 0.35376493 0.52879351 0.28417157 0.27546249  0.25387536 0.47835147 0.09695547 0.38134587 0.41114722 0.41028282  0.44712969 0.53506194 0.43448398 0.36607169
0.13378233 0.212669   0.40001332 0.47798721 0.36695996 0.25245797  0.36049501 0.46326855 0.12842051 0.34573277 0.38869166 0.32585864  0.55741227 0.55383324 0.40363495 0.38563245
0.12266797 0.21645786 0.41559515 0.42223373 0.47190239 0.21614952  0.42400822 0.45946448 0.15328593 0.33004463 0.4153055  0.30506269  0.52873468 0.54460935 0.40997957 0.37255224
0.0705515  0.24564701 0.4620065  0.41285542 0.40544599 0.27524447  0.50815465 0.43875546 0.25987243 0.34989399 0.46318077 0.3503285  0.50919854 0.52903881 0.41052208 0.37712434
0.0705515  0.24564701 0.4620065  0.41285542 0.40544599 0.27524447  0.50815465 0.43875546 0.25987243 0.34989399 0.46318077 0.3503285  0.50919854 0.52903881 0.41052208 0.37712434
0.05310669 0.25370313 0.49503559 0.38592406 0.39073754 0.2995016  0.50483143 0.44723639 0.30193813 0.35556404 0.45668481 0.38191204  0.50247522 0.49165544 0.42678626 0.4060349 
0.0357367  0.26148951 0.52802268 0.35542824 0.38898213 0.31514448  0.49941356 0.4629358  0.30230144 0.33981714 0.40662327 0.37897661  0.55893512 0.47049592 0.43116254 0.44057303
0.01835638 0.26943231 0.55123461 0.35182058 0.36109059 0.33938851  0.51992312 0.44672197 0.399123   0.36785008 0.48969068 0.420208  0.46891816 0.44203887 0.45368042 0.44727071
0.00050111 0.27711162 0.58204588 0.3335578  0.34033719 0.36287842  0.51475587 0.44998219 0.44411745 0.38098864 0.50246853 0.45809662  0.4426108  0.41452704 0.4705883  0.46760634
0.00050111 0.27711162 0.58204588 0.3335578  0.34033719 0.36287842  0.51475587 0.44998219 0.44411745 0.38098864 0.50246853 0.45809662  0.4426108  0.41452704 0.4705883  0.46760634
0.00050111 0.27711162 0.58204588 0.3335578  0.34033719 0.36287842  0.51475587 0.44998219 0.44411745 0.38098864 0.50246853 0.45809662  0.4426108  0.41452704 0.4705883  0.46760634
0.00050111 0.27711162 0.58204588 0.3335578  0.34033719 0.36287842  0.51475587 0.44998219 0.44411745 0.38098864 0.50246853 0.45809662  0.4426108  0.41452704 0.4705883  0.46760634
0.00050111 0.27711162 0.58204588 0.3335578  0.34033719 0.36287842  0.51475587 0.44998219 0.44411745 0.38098864 0.50246853 0.45809662  0.4426108  0.41452704 0.4705883  0.46760634
0.00050111 0.27711162 0.58204588 0.3335578  0.34033719 0.36287842  0.51475587 0.44998219 0.44411745 0.38098864 0.50246853 0.45809662  0.4426108  0.41452704 0.4705883  0.46760634
0.00050111 0.27711162 0.58204588 0.3335578  0.34033719 0.36287842  0.51475587 0.44998219 0.44411745 0.38098864 0.50246853 0.45809662  0.4426108  0.41452704 0.4705883  0.46760634
0.00050111 0.27711162 0.58204588 0.3335578  0.34033719 0.36287842  0.51475587 0.44998219 0.44411745 0.38098864 0.50246853 0.45809662  0.4426108  0.41452704 0.4705883  0.46760634
0.00050111 0.27711162 0.58204588 0.3335578  0.34033719 0.36287842  0.51475587 0.44998219 0.44411745 0.38098864 0.50246853 0.45809662  0.4426108  0.41452704 0.4705883  0.46760634
0.00050111 0.27711162 0.58204588 0.3335578  0.34033719 0.36287842  0.51475587 0.44998219 0.44411745 0.38098864 0.50246853 0.45809662  0.4426108  0.41452704 0.4705883  0.46760634
0.00050111 0.27711162 0.58204588 0.3335578  0.34033719 0.36287842  0.51475587 0.44998219 0.44411745 0.38098864 0.50246853 0.45809662  0.4426108  0.41452704 0.4705883  0.46760634
0.00050111 0.27711162 0.58204588 0.3335578  0.34033719 0.36287842  0.51475587 0.44998219 0.44411745 0.38098864 0.50246853 0.45809662  0.4426108  0.41452704 0.4705883  0.46760634
0.00050111 0.27711162 0.58204588 0.3335578  0.34033719 0.36287842  0.51475587 0.44998219 0.44411745 0.38098864 0.50246853 0.45809662  0.4426108  0.41452704 0.4705883  0.46760634
0.00050111 0.27711162 0.58204588 0.3335578  0.34033719 0.36287842  0.51475587 0.44998219 0.44411745 0.38098864 0.50246853 0.45809662  0.4426108  0.41452704 0.4705883  0.46760634
0.00050111 0.27711162 0.58204588 0.3335578  0.34033719 0.36287842  0.51475587 0.44998219 0.44411745 0.38098864 0.50246853 0.45809662  0.4426108  0.41452704 0.4705883  0.46760634
0.00050111 0.27711162 0.58204588 0.3335578  0.34033719 0.36287842  0.51475587 0.44998219 0.44411745 0.38098864 0.50246853 0.45809662  0.4426108  0.41452704 0.4705883  0.46760634
0.00050111 0.27711162 0.58204588 0.3335578  0.34033719 0.36287842  0.51475587 0.44998219 0.44411745 0.38098864 0.50246853 0.45809662  0.4426108  0.41452704 0.4705883  0.46760634
0.00050111 0.27711162 0.58204588 0.3335578  0.34033719 0.36287842  0.51475587 0.44998219 0.44411745 0.38098864 0.50246853 0.45809662  0.4426108  0.41452704 0.4705883  0.46760634
0.00050111 0.27711162 0.58204588 0.3335578  0.34033719 0.36287842  0.51475587 0.44998219 0.44411745 0.38098864 0.50246853 0.45809662  0.4426108  0.41452704 0.4705883  0.46760634
0.00050111 0.27711162 0.58204588 0.3335578  0.34033719 0.36287842  0.51475587 0.44998219 0.44411745 0.38098864 0.50246853 0.45809662  0.4426108  0.41452704 0.4705883  0.46760634
0.00050111 0.27711162 0.58204588 0.3335578  0.34033719 0.36287842  0.51475587 0.44998219 0.44411745 0.38098864 0.50246853 0.45809662  0.4426108  0.41452704 0.4705883  0.46760634
0.00050111 0.27711162 0.58204588 0.3335578  0.34033719 0.36287842  0.51475587 0.44998219 0.44411745 0.38098864 0.50246853 0.45809662  0.4426108  0.41452704 0.4705883  0.46760634
0.00050111 0.27711162 0.58204588 0.3335578  0.34033719 0.36287842  0.51475587 0.44998219 0.44411745 0.38098864 0.50246853 0.45809662  0.4426108  0.41452704 0.4705883  0.46760634
0.00050111 0.27711162 0.58204588 0.3335578  0.34033719 0.36287842  0.51475587 0.44998219 0.44411745 0.38098864 0.50246853 0.45809662  0.4426108  0.41452704 0.4705883  0.46760634
0.00050111 0.27711162 0.58204588 0.3335578  0.34033719 0.36287842  0.51475587 0.44998219 0.44411745 0.38098864 0.50246853 0.45809662  0.4426108  0.41452704 0.4705883  0.46760634
0.00050111 0.27711162 0.58204588 0.3335578  0.34033719 0.36287842  0.51475587 0.44998219 0.44411745 0.38098864 0.50246853 0.45809662  0.4426108  0.41452704 0.4705883  0.46760634
