7.652 0.319 5.760 -0.180 0.266 0.443
8.038 0.180 6.348 -0.162 0.276 0.488
7.847 -0.307 6.050 -0.122 0.078 0.535
7.307 -0.537 5.300 -0.001 0.194 0.395
7.477 -0.365 6.096 0.044 0.315 0.344
7.376 -0.633 5.921 0.053 0.269 0.281
6.837 -0.139 5.856 0.032 0.426 0.206
7.005 -0.580 6.482 0.036 0.537 0.149
7.185 -0.489 7.415 -0.056 0.524 0.048
7.329 -0.400 8.341 -0.122 0.293 0.026
6.856 -0.300 7.475 -0.149 0.080 -0.011
6.710 -0.106 7.240 -0.125 0.099 0.002
6.806 -0.082 7.204 -0.066 0.065 0.030
6.863 -0.177 7.070 0.023 0.076 0.047
6.974 -0.192 7.137 0.063 0.042 0.037
6.916 -0.074 6.926 0.071 0.000 0.067
7.046 -0.309 6.873 0.060 -0.023 0.098
7.125 -0.429 6.811 0.026 -0.037 0.095
7.024 -0.369 6.628 0.009 -0.081 0.077
6.978 -0.398 6.456 0.036 -0.062 0.072
7.007 -0.448 6.508 0.069 -0.030 0.053
6.990 -0.451 6.410 0.110 -0.040 0.016
6.830 -0.470 6.158 0.134 -0.083 -0.043
7.034 -0.468 5.962 0.119 -0.085 -0.094
7.854 -0.547 6.209 0.050 -0.018 -0.103
7.743 -0.700 6.372 -0.037 -0.049 -0.132
7.489 -0.571 5.806 -0.147 -0.034 -0.108
7.787 -0.945 5.751 -0.249 0.028 -0.068
7.775 -0.921 5.854 -0.276 0.145 -0.062
7.727 -0.918 6.163 -0.233 0.184 -0.047
7.758 -0.988 6.333 -0.178 0.124 -0.038
7.688 -1.146 6.213 -0.128 0.000 -0.048
7.365 -1.151 5.818 -0.098 -0.120 -0.091
7.197 -1.161 5.525 -0.105 -0.153 -0.076
7.192 -1.341 5.472 -0.131 -0.099 -0.060
7.489 -1.343 6.050 -0.174 -0.018 -0.026
7.974 -1.755 6.880 -0.179 -0.072 0.012
7.861 -1.791 6.806 -0.201 -0.245 -0.020
7.705 -1.667 6.422 -0.165 -0.235 0.020
8.722 -1.635 6.513 -0.134 -0.108 0.027
9.165 -1.914 8.168 -0.028 -0.062 -0.027
8.441 -0.827 7.230 -0.056 -0.260 -0.142
7.796 -0.341 6.288 -0.033 -0.065 -0.035
6.894 -0.036 6.446 0.006 0.120 0.027
7.261 0.002 6.357 0.059 0.196 0.069
7.456 -0.501 7.122 0.126 0.133 -0.029
6.844 0.218 6.427 0.143 0.056 -0.072
6.453 -0.034 6.211 0.097 0.097 -0.016
6.161 -0.403 5.954 0.000 0.087 -0.013
6.235 -0.688 5.799 -0.075 0.100 -0.038
6.353 -0.842 5.719 -0.145 0.097 -0.110
6.600 -0.950 6.038 -0.232 0.098 -0.165
6.796 -1.165 6.225 -0.345 0.084 -0.266
6.480 -1.408 6.211 -0.466 -0.027 -0.382
6.571 -1.386 6.082 -0.585 0.021 -0.526
7.019 -1.468 6.844 -0.666 0.076 -0.686
6.966 -0.916 6.990 -0.760 -0.032 -0.915
6.688 -0.201 6.799 -0.798 -0.051 -0.993
6.825 0.106 6.317 -0.815 0.034 -0.965
8.089 -0.621 7.703 -0.783 0.279 -0.884
8.062 -1.010 8.132 -0.752 0.232 -0.987
7.770 -1.245 7.727 -0.683 0.321 -1.063
6.683 -0.748 7.535 -0.740 0.414 -1.034
7.158 -1.252 7.736 -0.845 0.243 -0.845
7.278 -1.588 7.458 -0.961 0.029 -0.781
7.067 -1.482 6.734 -1.004 -0.077 -0.703
6.705 -2.034 5.993 -0.933 -0.070 -0.687
6.398 -1.959 5.513 -0.854 -0.029 -0.851
6.240 -1.201 5.398 -0.815 0.079 -0.891
6.585 -1.170 5.806 -0.780 0.170 -0.798
6.966 -1.317 6.427 -0.759 0.178 -0.742
6.458 -1.151 6.336 -0.739 0.011 -0.690
6.360 -1.074 6.026 -0.701 0.042 -0.563
6.950 -1.091 6.815 -0.641 0.048 -0.363
6.837 -1.235 6.583 -0.567 -0.020 -0.190
8.082 -1.863 7.005 -0.457 0.167 -0.009
7.892 -3.002 8.106 -0.250 0.143 -0.157
7.369 -1.878 7.223 -0.241 0.032 -0.407
7.235 -1.283 7.844 -0.242 0.271 -0.323
7.199 -1.194 8.062 -0.253 0.225 -0.317
6.249 -0.376 7.530 -0.283 0.113 -0.326
6.225 0.101 7.353 -0.249 0.013 -0.129
6.319 -0.384 6.861 -0.226 -0.117 -0.095
6.072 0.046 6.669 -0.146 0.034 -0.023
6.245 -0.614 7.492 -0.077 0.135 -0.010
6.050 0.180 7.954 -0.083 0.135 -0.081
6.432 0.230 8.760 -0.067 -0.100 0.113
6.122 -0.158 7.429 -0.104 -0.408 0.195
6.108 -0.458 6.662 -0.080 -0.389 0.288
6.350 -0.844 6.683 -0.072 -0.332 0.285
6.448 -1.072 6.640 -0.050 -0.333 0.251
6.146 -1.199 5.990 -0.100 -0.259 0.188
5.719 -1.029 5.866 -0.183 0.016 0.233
5.918 -1.422 6.612 -0.145 0.262 0.236
5.885 -1.201 7.134 -0.161 0.416 0.180
6.026 -1.161 7.842 -0.145 0.548 0.209
6.386 -1.460 8.873 -0.127 0.464 0.109
6.324 -0.185 8.283 -0.133 0.216 0.071
6.647 0.216 8.329 0.149 0.085 0.285
6.511 -0.350 7.688 0.423 -0.051 0.382
6.343 -0.233 7.151 0.610 -0.056 0.431
6.647 -0.894 7.302 0.722 0.004 0.476
6.321 -0.616 7.070 0.630 -0.073 0.557
6.153 -1.010 6.820 0.531 -0.040 0.747
6.173 -1.432 6.978 0.537 0.040 0.855
6.010 -1.784 7.043 0.637 0.190 0.887
6.077 -1.930 7.765 0.755 0.225 0.845
5.669 -1.667 7.600 0.865 0.101 0.879
5.662 -2.386 7.221 0.981 0.124 0.853
5.880 -2.372 7.652 0.983 0.142 0.715
5.861 -2.106 7.544 0.953 0.032 0.622
6.022 -1.693 7.540 0.823 -0.049 0.554
6.175 -1.017 7.607 0.705 -0.084 0.670
6.120 -1.403 7.211 0.687 -0.035 0.810
5.806 -1.297 7.014 0.691 0.056 0.813
5.626 -1.024 7.007 0.739 0.160 0.858
5.640 -0.859 7.504 0.818 0.250 0.935
5.808 -0.818 7.978 0.900 0.217 1.024
5.736 -0.753 7.957 0.940 0.109 1.118
5.727 -0.976 7.827 0.955 0.064 1.210
5.856 -1.204 7.811 0.937 0.030 1.244
5.789 -1.329 7.645 0.896 -0.033 1.279
5.861 -1.890 7.333 0.849 -0.060 1.274
5.830 -2.400 7.046 0.788 -0.050 1.155
5.894 -2.671 6.942 0.727 -0.014 0.973
6.077 -2.436 7.230 0.665 0.050 0.777
6.170 -2.201 7.691 0.616 0.029 0.628
6.326 -1.959 8.050 0.567 -0.078 0.527
6.365 -1.813 8.144 0.530 -0.209 0.460
5.986 -1.305 7.748 0.494 -0.297 0.440
5.767 -0.743 7.408 0.477 -0.272 0.520
7.525 -1.506 10.343 0.593 0.195 0.679
7.295 -0.799 10.863 0.627 -0.029 0.468
5.643 0.345 8.875 0.687 -0.207 0.364
5.218 0.950 7.794 0.699 -0.197 0.389
5.295 1.276 7.614 0.776 0.022 0.398
4.952 1.736 8.055 0.833 0.234 0.401
4.775 2.122 8.269 0.740 0.283 0.542
4.669 1.307 8.163 0.596 0.258 0.775
4.695 0.458 8.096 0.448 0.160 0.798
4.564 0.293 7.494 0.314 0.021 0.749
4.408 0.127 6.753 0.247 0.028 0.693
4.811 0.197 7.058 0.233 0.178 0.570
5.077 0.209 7.578 0.246 0.140 0.459
4.799 0.240 7.053 0.204 0.086 0.337
4.801 0.511 7.482 0.191 0.223 0.195
5.218 0.899 8.600 0.152 0.220 0.061
5.295 1.559 8.612 0.038 -0.031 0.024
5.338 1.950 8.230 -0.064 -0.119 0.138
5.496 1.590 8.012 -0.105 -0.159 0.307
5.365 0.353 7.400 -0.065 -0.152 0.284
6.026 0.278 6.911 -0.081 0.076 0.104
6.727 -0.221 10.046 -0.044 0.342 0.068
6.225 0.084 11.201 -0.240 0.086 0.087
3.695 0.916 8.667 -0.266 0.030 0.187
3.146 0.647 8.343 -0.211 0.243 0.514
4.794 -0.959 10.561 -0.116 0.212 0.770
4.350 -1.031 9.213 -0.027 -0.135 0.708
4.036 -0.746 8.305 0.223 -0.103 0.750
4.050 -0.748 7.974 0.429 -0.045 0.700
4.137 0.043 7.842 0.584 -0.012 0.658
4.432 0.609 8.091 0.747 0.029 0.768
4.398 0.801 7.933 0.804 -0.055 0.935
4.398 0.887 8.096 0.827 0.003 1.118
4.168 0.746 8.225 0.817 -0.036 1.301
4.026 0.072 8.024 0.777 -0.046 1.413
4.374 -0.216 8.808 0.708 -0.023 1.453
4.635 -0.734 9.175 0.694 -0.116 1.489
4.338 -0.935 8.717 0.677 -0.219 1.406
4.077 -0.213 8.638 0.682 -0.190 1.362
3.952 0.415 8.988 0.723 -0.198 1.479
3.643 1.242 9.374 0.864 -0.315 1.721
5.420 1.590 10.751 1.094 -0.216 2.089
6.508 1.564 13.552 1.432 -0.481 2.494
4.602 0.585 11.031 1.642 -0.973 2.751
2.659 0.177 7.247 1.724 -1.082 2.747
4.501 -0.892 7.249 1.796 -0.259 2.638
5.549 -1.448 8.535 1.685 -0.106 2.219
4.882 -0.583 7.283 1.360 -0.225 1.875
4.273 0.026 6.484 1.148 -0.059 1.776
4.312 0.144 7.163 0.957 0.087 1.745
4.384 -0.024 7.403 0.839 0.015 1.658
4.712 -0.118 7.604 0.813 0.009 1.556
5.249 -0.511 8.276 0.770 -0.060 1.401
5.204 -0.652 8.381 0.736 -0.198 1.208
5.309 -0.592 7.899 0.711 -0.277 0.944
5.513 0.149 7.592 0.669 -0.290 0.708
7.345 0.192 10.245 0.593 0.141 0.742
5.151 0.683 8.518 0.436 -0.359 0.764
3.866 0.530 6.532 0.435 -0.276 0.955
4.225 -0.348 7.446 0.530 0.351 1.092
5.882 -1.127 10.348 0.552 0.250 1.127
5.856 -1.424 9.333 0.551 -0.264 1.058
5.247 -1.472 8.067 0.641 -0.239 1.016
5.036 -1.609 7.650 0.672 -0.110 0.941
5.094 -1.537 7.724 0.657 0.006 0.874
5.264 -1.585 7.921 0.627 0.022 0.806
5.180 -1.650 7.612 0.479 -0.006 0.725
4.964 -1.038 7.647 0.378 -0.015 0.729
4.957 -1.249 7.787 0.396 -0.035 0.791
4.976 -1.261 7.801 0.411 -0.060 0.865
5.156 -1.480 7.825 0.460 -0.032 0.930
5.259 -1.676 8.312 0.489 -0.017 0.995
5.257 -1.918 8.245 0.475 -0.017 0.977
4.813 -1.691 8.139 0.511 0.065 0.884
5.278 -1.609 8.878 0.574 0.106 0.750
5.580 -1.257 8.811 0.530 -0.102 0.581
5.365 -0.266 7.844 0.421 -0.187 0.435
5.050 0.199 7.252 0.411 -0.014 0.403
5.091 0.592 7.588 0.372 0.215 0.350
5.026 0.882 7.933 0.362 0.295 0.324
4.662 1.434 8.321 0.289 0.399 0.329
4.640 1.568 8.813 0.324 0.477 0.334
4.758 2.022 9.796 0.280 0.373 0.350
4.357 2.264 9.470 0.248 0.104 0.559
4.333 1.549 8.954 0.253 0.140 0.784
3.259 2.017 8.837 0.302 0.080 0.903
4.086 1.043 9.376 0.496 0.019 1.134
3.882 1.930 9.228 0.701 -0.071 1.195
3.779 2.230 9.197 0.985 -0.103 1.414
3.782 1.489 8.966 1.152 -0.135 1.572
3.906 1.209 9.096 1.180 -0.126 1.597
4.492 0.544 9.350 1.089 -0.188 1.576
4.679 0.590 9.139 0.874 -0.338 1.443
4.422 0.779 8.504 0.835 -0.361 1.396
4.422 0.365 8.177 0.806 -0.268 1.295
4.273 1.005 8.451 0.754 -0.168 1.177
4.331 1.393 8.583 0.771 -0.186 1.250
4.365 1.676 8.571 0.865 -0.214 1.419
4.626 0.966 8.683 1.012 -0.201 1.585
4.609 0.120 8.580 1.009 -0.240 1.619
4.966 -0.945 8.333 0.919 -0.225 1.590
5.645 -2.125 8.712 0.784 -0.133 1.378
5.386 -2.161 8.341 0.638 -0.200 1.046
5.638 -2.297 7.964 0.542 -0.288 0.827
6.199 -2.333 7.612 0.387 -0.318 0.595
6.165 -1.628 7.163 0.240 -0.220 0.431
5.990 -1.580 7.031 0.196 -0.078 0.359
5.717 -1.530 6.731 0.119 0.028 0.244
5.640 -1.480 7.106 0.077 0.206 0.201
5.902 -1.602 7.861 0.058 0.196 0.115
5.585 -1.247 7.871 0.042 0.035 0.063
5.523 -1.288 7.683 0.048 -0.061 0.061
5.410 -1.165 7.679 0.069 -0.112 0.081
5.417 -1.242 7.813 0.082 -0.168 0.137
5.458 -1.403 7.950 0.102 -0.158 0.230
5.811 -1.578 8.573 0.130 -0.136 0.265
5.626 -1.245 8.496 0.112 -0.259 0.289
5.679 -1.134 8.348 0.132 -0.211 0.322
8.122 -1.398 10.971 0.129 0.072 0.401
7.153 -1.235 9.873 0.137 -0.405 0.220
5.923 -0.911 7.799 0.102 -0.536 0.045
5.269 0.233 7.772 0.114 -0.070 0.012
5.595 0.122 8.477 0.152 -0.178 0.037
5.856 0.206 7.894 0.133 -0.311 -0.006
5.463 0.600 7.180 0.160 -0.315 -0.015
5.331 0.899 6.755 0.188 -0.181 0.111
5.823 0.132 7.141 0.252 -0.052 0.206
5.595 0.199 6.928 0.200 -0.098 0.170
5.403 0.201 6.592 0.199 -0.037 0.251
5.748 -0.276 6.863 0.171 0.033 0.234
6.029 0.050 7.141 0.100 0.023 0.165
6.127 0.149 7.362 0.033 -0.086 0.208
5.986 0.036 6.871 -0.034 -0.176 0.158
5.916 0.379 6.743 -0.036 -0.195 0.184
5.990 -0.098 6.206 -0.012 -0.167 0.177
6.156 0.022 6.420 -0.032 -0.044 0.094
6.916 -0.300 7.410 -0.007 -0.046 -0.011
6.880 0.365 7.348 -0.023 -0.212 -0.202
6.578 0.902 7.134 -0.005 -0.240 -0.207
7.120 1.005 6.887 -0.005 -0.232 -0.159
9.348 0.403 11.072 -0.034 0.138 0.077
6.388 0.273 8.655 -0.084 -0.314 0.046
4.223 1.170 4.779 -0.161 -0.326 0.181
6.177 0.405 7.475 -0.029 0.614 0.590
7.245 -0.765 10.149 0.147 0.623 0.683
6.465 -1.146 9.151 0.180 0.039 0.577
5.388 -0.590 7.638 0.266 -0.014 0.525
5.734 -0.940 7.628 0.371 -0.028 0.427
5.595 -0.338 7.074 0.393 -0.167 0.310
5.456 -0.355 6.640 0.416 -0.152 0.327
5.933 -0.590 7.067 0.301 -0.066 0.322
6.501 -0.568 7.909 0.269 -0.110 0.355
6.770 -0.535 7.801 0.267 -0.314 0.255
6.170 0.460 7.005 0.293 -0.373 0.349
5.902 0.125 6.614 0.378 -0.244 0.604
6.012 -0.376 6.914 0.432 -0.111 0.736
6.345 -0.739 7.187 0.464 -0.012 0.883
6.501 -0.619 7.496 0.464 0.006 0.925
6.897 -0.878 8.228 0.514 -0.022 0.991
6.698 -1.089 8.516 0.485 -0.141 0.930
6.808 -0.930 8.321 0.485 -0.291 0.796
6.760 -0.535 8.441 0.460 -0.555 0.701
6.432 -0.429 7.122 0.507 -0.675 0.574
6.396 -0.048 6.839 0.541 -0.639 0.524
6.345 -0.110 6.115 0.573 -0.630 0.532
6.367 -0.129 5.544 0.557 -0.498 0.537
6.580 -0.019 6.098 0.609 -0.310 0.536
6.422 0.153 5.882 0.695 -0.177 0.542
6.249 0.257 6.125 0.722 -0.014 0.676
6.283 -0.357 6.489 0.678 0.141 0.845
6.444 -1.739 7.046 0.657 0.319 0.733
6.741 -1.789 7.983 0.446 0.269 0.374
6.823 -0.871 8.271 0.223 0.118 0.242
6.765 -0.583 7.861 0.143 -0.045 0.222
6.993 -0.475 7.573 0.201 -0.114 0.247
6.916 -0.566 7.103 0.272 -0.170 0.227
6.715 -0.638 6.590 0.292 -0.144 0.285
6.847 -1.034 6.532 0.211 -0.179 0.277
6.799 -0.940 5.995 0.157 -0.113 0.243
7.216 -0.635 6.535 0.116 -0.040 0.264
7.067 -0.540 6.141 0.101 -0.073 0.323
7.362 -0.657 6.427 0.145 -0.010 0.368
7.556 -0.645 6.609 0.206 -0.068 0.389
7.317 -0.777 6.252 0.237 -0.124 0.411
7.269 -0.978 6.132 0.271 -0.088 0.438
7.065 -1.501 6.173 0.268 -0.068 0.443
7.058 -1.993 6.098 0.261 0.035 0.332
6.777 -1.240 6.273 0.211 0.129 0.176
6.837 -1.000 6.566 0.182 0.174 0.269
7.266 -1.484 7.098 0.162 0.186 0.274
7.185 -1.149 7.247 0.179 0.056 0.249
6.894 -1.204 6.700 0.203 0.000 0.266
6.765 -1.223 6.528 0.174 0.005 0.290
6.549 -1.405 6.206 0.146 0.020 0.312
6.537 -1.727 6.187 0.121 0.143 0.264
6.799 -1.847 6.894 0.085 0.264 0.152
6.808 -1.863 7.199 0.026 0.226 0.001
6.875 -1.484 7.429 -0.040 0.216 -0.127
6.964 -0.796 7.988 -0.079 0.163 -0.133
7.113 -0.655 8.046 -0.063 -0.022 -0.068
6.890 -0.463 7.259 -0.066 -0.244 0.022
6.803 -0.422 6.544 -0.039 -0.302 0.157
6.559 -0.609 5.794 0.023 -0.235 0.289
6.489 -1.388 5.854 0.065 -0.013 0.377
6.760 -2.189 6.712 0.098 0.140 0.290
6.930 -1.791 7.341 0.077 0.096 0.128
6.897 -1.923 7.237 0.038 -0.039 0.055
7.060 -1.353 7.120 -0.021 -0.088 -0.038
7.216 -1.182 7.144 -0.034 -0.194 -0.054
7.141 -0.799 6.547 -0.003 -0.251 -0.067
7.283 -0.228 6.516 0.078 -0.231 0.023
7.139 -0.022 6.206 0.240 -0.197 0.165
6.911 0.209 5.923 0.420 -0.062 0.330
6.904 0.249 6.475 0.572 0.017 0.559
6.458 -0.259 6.367 0.693 0.018 0.814
6.098 -1.247 6.295 0.809 0.132 1.026
6.029 -2.060 6.525 0.885 0.280 1.004
6.048 -1.885 7.134 0.921 0.328 0.993
6.029 -2.199 7.357 0.888 0.302 0.987
5.918 -1.686 7.350 0.784 0.276 0.990
5.787 -1.549 7.612 0.824 0.273 1.089
5.640 -1.307 7.787 0.872 0.161 1.202
5.854 -1.986 7.935 0.989 0.007 1.353
6.012 -2.235 7.691 1.056 -0.126 1.379
6.357 -2.312 7.376 1.132 -0.178 1.408
6.305 -2.484 6.635 1.222 -0.052 1.442
5.731 -2.885 5.918 1.335 0.364 1.258
5.290 -1.880 6.753 1.284 0.751 1.055
4.976 -1.501 7.842 1.240 0.906 1.064
5.091 -1.703 9.002 1.150 0.889 1.001
5.204 -1.175 9.844 0.994 0.563 0.885
5.101 -0.525 9.278 0.826 0.215 0.898
4.882 -0.317 8.609 0.677 0.048 1.020
4.729 -0.357 8.120 0.597 0.034 1.144
4.933 -0.801 8.420 0.589 0.087 1.236
4.691 -1.077 8.446 0.632 0.042 1.247
4.492 -1.472 8.695 0.728 0.056 1.260
4.513 -1.875 8.995 0.818 0.001 1.150
4.453 -1.710 9.245 0.850 -0.071 1.043
4.223 -1.410 9.197 0.806 -0.187 0.990
3.875 -0.866 8.777 0.711 -0.223 1.018
5.436 -0.842 10.643 0.672 0.045 1.104
5.513 0.108 11.141 0.606 -0.248 1.131
4.947 -0.182 9.691 0.622 -0.412 1.179
3.938 0.118 8.707 0.605 -0.370 1.079
4.149 0.854 7.856 0.633 -0.247 0.944
4.616 1.801 8.422 0.705 -0.147 0.961
4.470 1.930 8.156 0.801 -0.097 1.082
4.400 2.026 8.206 0.836 0.012 1.170
4.494 2.012 8.703 0.822 0.051 1.350
3.969 1.300 8.065 0.774 -0.007 1.504
3.631 0.755 7.695 0.738 0.062 1.512
4.216 0.053 8.216 0.669 0.097 1.425
4.372 -0.127 8.125 0.537 0.019 1.264
4.271 0.218 7.705 0.396 0.014 1.154
4.434 0.058 7.873 0.269 0.046 1.045
4.650 0.451 8.089 0.199 -0.015 0.875
4.827 0.635 8.281 0.223 -0.028 0.803
4.770 0.808 8.633 0.239 -0.096 0.742
4.777 1.046 8.657 0.282 -0.184 0.714
4.600 1.158 8.453 0.296 -0.213 0.700
4.139 1.122 8.410 0.266 -0.233 0.742
4.564 0.384 8.185 0.244 -0.084 0.776
6.453 -1.242 11.959 0.165 0.291 0.867
6.338 -1.580 12.204 -0.049 -0.127 0.619
3.918 -0.285 9.153 -0.080 -0.391 0.518
3.602 -0.204 8.571 0.098 -0.143 0.738
4.561 -0.719 9.818 0.248 -0.263 0.978
3.971 -0.899 8.432 0.391 -0.457 1.063
3.679 -0.628 7.758 0.556 -0.341 1.150
3.590 -0.604 7.707 0.768 -0.136 1.225
3.851 -0.496 8.086 0.866 -0.032 1.281
3.897 0.084 8.338 0.856 -0.004 1.393
3.986 -0.153 8.444 0.858 0.000 1.519
4.041 0.115 8.789 0.849 -0.028 1.595
3.842 0.508 9.012 0.911 -0.132 1.815
3.808 -0.230 8.914 1.056 -0.210 2.023
3.875 -0.619 9.070 1.173 -0.243 2.091
3.722 -0.698 8.995 1.247 -0.268 2.155
3.698 -1.050 9.110 1.337 -0.247 2.193
3.588 -1.317 9.137 1.367 -0.273 2.149
3.216 -0.930 8.674 1.356 -0.267 2.095
3.432 -0.751 9.259 1.308 -0.236 2.114
4.429 -0.813 10.038 1.199 -0.240 2.182
4.381 -1.082 9.746 1.116 -0.410 2.180
4.782 -1.235 9.729 0.989 -0.299 2.179
4.691 -1.782 9.420 0.964 -0.245 2.007
5.000 -1.333 9.422 0.831 -0.356 1.735
4.314 -0.777 8.014 0.757 -0.555 1.621
4.084 -0.859 6.916 0.793 -0.457 1.503
4.590 -0.434 7.549 0.802 -0.246 1.304
4.365 -0.149 7.520 0.774 -0.241 1.264
4.285 -0.559 7.436 0.786 -0.021 1.134
4.707 -0.307 8.288 0.758 0.130 0.972
4.743 -0.086 8.595 0.704 0.146 0.903
4.770 -0.319 8.863 0.585 0.113 0.843
4.966 -0.022 8.926 0.495 -0.006 0.745
5.127 -0.038 8.782 0.479 -0.076 0.704
5.245 -0.036 8.662 0.463 -0.132 0.633
5.240 0.079 8.228 0.459 -0.131 0.498
5.151 0.427 8.070 0.427 -0.122 0.342
5.029 1.122 7.947 0.356 -0.032 0.283
5.295 1.429 8.612 0.288 -0.070 0.393
4.950 1.086 8.158 0.259 -0.170 0.513
4.679 0.868 7.808 0.259 -0.065 0.579
5.038 0.918 9.026 0.283 -0.091 0.688
4.667 0.626 8.350 0.389 -0.175 0.805
4.791 0.811 8.835 0.537 -0.096 0.898
5.007 0.379 8.969 0.679 -0.152 0.988
5.230 -0.031 8.811 0.661 -0.262 0.977
4.813 0.417 7.942 0.625 -0.329 0.968
4.954 -0.007 7.748 0.650 -0.232 1.032
5.283 -0.482 7.890 0.606 -0.168 0.949
5.480 -0.410 8.082 0.596 -0.136 0.866
5.628 -0.556 8.180 0.586 -0.166 0.797
5.585 -0.379 7.911 0.547 -0.219 0.763
5.753 -0.688 7.712 0.557 -0.196 0.759
5.875 -0.597 7.902 0.580 -0.126 0.722
5.813 -0.715 7.832 0.603 -0.197 0.759
5.830 -1.129 7.290 0.587 -0.261 0.742
6.170 -1.216 7.108 0.541 -0.145 0.688
6.151 -1.230 7.209 0.485 -0.034 0.655
5.791 -1.336 7.233 0.438 0.068 0.641
5.583 -1.314 7.252 0.411 0.174 0.599
5.573 -1.233 7.635 0.391 0.260 0.565
5.882 -1.424 8.264 0.376 0.201 0.519
5.882 -1.230 8.252 0.329 0.035 0.446
5.789 -1.129 7.777 0.293 -0.064 0.413
5.765 -0.969 7.731 0.265 -0.093 0.411
5.600 -1.101 7.703 0.265 -0.111 0.448
5.640 -1.300 7.933 0.269 -0.151 0.449
5.544 -1.319 7.974 0.272 -0.222 0.486
5.525 -1.451 7.990 0.278 -0.258 0.520
5.671 -1.504 7.942 0.290 -0.296 0.524
5.722 -1.518 7.832 0.298 -0.310 0.518
7.556 -1.640 9.067 0.302 -0.078 0.529
7.477 -1.703 9.374 0.301 -0.292 0.346
6.921 -0.695 8.082 0.222 -0.367 0.229
6.309 -0.269 7.698 0.252 -0.170 0.273
5.731 -0.199 7.609 0.285 -0.121 0.233
5.501 0.213 6.698 0.356 -0.121 0.127
5.945 0.252 7.228 0.396 -0.042 0.069
5.835 0.153 7.012 0.354 -0.047 0.019
5.763 0.211 7.050 0.230 0.014 -0.050
5.729 0.249 7.254 0.119 0.053 -0.060
5.695 0.259 7.043 0.001 0.064 -0.101
6.005 0.240 7.266 -0.066 0.083 -0.095
5.971 0.271 7.113 -0.084 0.082 -0.117
5.746 0.141 6.868 -0.081 0.077 -0.140
5.580 0.213 6.590 -0.144 0.148 -0.177
6.129 0.319 7.561 -0.235 0.160 -0.124
6.204 -0.098 7.516 -0.250 0.024 -0.157
5.854 0.492 7.384 -0.264 0.004 -0.240
6.046 0.691 7.736 -0.250 -0.047 -0.168
5.950 0.799 7.333 -0.199 -0.058 -0.143
5.523 1.281 7.290 -0.095 -0.012 -0.115
5.247 1.722 7.504 -0.011 0.027 0.046
6.566 1.132 8.182 0.061 0.135 0.306
7.755 -0.141 10.978 0.125 0.150 0.420
7.331 -0.400 10.293 0.102 -0.210 0.355
5.456 0.022 7.868 0.148 -0.261 0.397
4.343 -0.532 7.058 0.214 -0.017 0.534
5.436 -1.002 8.038 0.203 0.133 0.651
5.676 -1.537 8.388 0.209 -0.013 0.676
5.693 -1.542 8.103 0.160 -0.059 0.709
5.460 -1.998 7.849 0.200 -0.019 0.742
5.441 -2.070 7.535 0.261 -0.018 0.599
5.436 -1.657 7.336 0.368 -0.032 0.489
5.362 -1.415 7.000 0.417 -0.005 0.412
5.573 -1.113 7.149 0.441 0.034 0.380
5.544 -0.794 7.213 0.439 0.075 0.411
5.180 -0.765 7.094 0.445 0.128 0.503
5.362 -0.835 7.484 0.420 0.168 0.541
5.580 -0.559 7.736 0.407 0.100 0.672
5.758 -1.000 7.516 0.410 0.068 0.822
6.024 -1.295 8.034 0.460 0.210 0.864
6.295 -1.084 8.096 0.528 0.291 0.820
6.259 -0.842 8.863 0.565 0.360 0.749
5.691 -0.444 8.799 0.562 0.186 0.670
5.513 -0.007 7.856 0.600 0.091 0.524
5.309 1.031 7.640 0.645 0.015 0.383
4.108 2.410 6.602 0.703 0.148 0.412
3.959 2.525 8.000 0.742 0.481 0.737
4.400 1.329 9.055 0.750 0.448 0.820
4.007 1.597 9.146 0.675 0.338 0.760
3.662 1.583 8.789 0.700 0.291 0.799
3.909 1.254 9.149 0.691 0.300 0.739
3.863 1.489 9.211 0.684 0.278 0.636
3.698 1.633 9.173 0.679 0.309 0.550
3.489 1.875 9.305 0.602 0.343 0.481
3.420 2.170 9.715 0.475 0.396 0.445
3.496 2.434 10.544 0.309 0.323 0.470
3.460 2.400 10.391 0.144 0.065 0.601
3.645 2.094 10.019 0.093 -0.059 0.706
3.734 1.537 9.580 0.112 -0.175 0.766
3.669 1.074 8.914 0.125 -0.190 0.720
3.988 1.002 9.376 0.058 -0.179 0.698
4.029 0.640 8.854 0.012 -0.282 0.694
4.547 0.429 9.096 0.013 -0.245 0.626
4.753 0.235 9.031 0.064 -0.277 0.468
4.446 0.873 8.746 0.063 -0.234 0.306
4.463 1.312 9.089 -0.017 -0.273 0.380
4.110 0.667 8.218 -0.072 -0.301 0.461
4.242 0.576 8.391 -0.035 -0.231 0.454
4.897 0.288 8.600 0.077 -0.223 0.511
5.228 -0.302 8.470 0.130 -0.182 0.540
4.844 0.065 8.012 0.206 -0.199 0.508
4.501 0.225 7.307 0.357 -0.150 0.596
4.753 -0.221 7.523 0.444 -0.021 0.661
5.185 -0.288 8.228 0.499 -0.084 0.658
5.458 -0.585 7.928 0.585 -0.229 0.705
5.583 -0.703 7.547 0.567 -0.305 0.667
5.343 -0.403 6.952 0.594 -0.264 0.653
5.266 -0.053 6.880 0.654 -0.062 0.657
5.484 0.084 7.645 0.701 0.076 0.712
5.441 0.367 7.976 0.715 -0.009 0.817
5.309 0.165 7.715 0.783 -0.011 0.970
5.866 -0.206 8.252 0.776 -0.005 1.026
5.930 0.072 8.201 0.752 0.001 1.091
5.839 -0.225 8.153 0.769 0.068 1.176
5.566 -0.106 7.954 0.741 0.146 1.179
5.674 -0.254 8.182 0.681 0.196 1.188
5.566 0.079 8.086 0.610 0.121 1.187
5.317 0.084 7.703 0.600 0.072 1.212
5.271 0.137 7.492 0.636 0.083 1.211
5.240 0.357 7.767 0.667 0.101 1.267
5.199 0.077 7.561 0.719 0.115 1.364
5.333 -0.242 8.007 0.752 0.185 1.378
5.336 -0.511 8.252 0.763 0.125 1.383
4.890 -0.650 8.058 0.752 0.095 1.358
4.983 -1.017 8.520 0.763 0.151 1.312
5.146 -1.374 8.894 0.658 0.026 1.169
4.741 -0.746 8.412 0.543 -0.114 1.076
4.470 -0.281 8.290 0.507 -0.099 1.100
6.194 0.005 9.794 0.515 0.166 1.243
6.240 0.175 11.118 0.594 0.017 1.278
5.125 0.532 9.962 0.670 -0.171 1.236
4.165 0.926 8.638 0.801 -0.236 1.176
4.633 1.165 8.283 0.924 -0.082 1.031
4.281 2.089 8.602 0.979 0.053 0.972
3.921 2.626 8.513 0.944 0.064 1.175
4.141 2.000 8.650 0.841 0.059 1.424
3.755 1.647 8.374 0.717 -0.033 1.583
3.914 0.942 8.000 0.715 -0.091 1.681
4.031 0.201 7.741 0.775 -0.069 1.561
4.132 0.813 7.918 0.791 0.005 1.390
4.659 0.894 8.321 0.829 -0.001 1.335
4.436 1.257 8.230 0.806 -0.067 1.268
4.345 1.465 8.115 0.769 -0.099 1.306
4.844 0.767 8.297 0.699 -0.130 1.291
5.014 0.806 8.283 0.552 -0.224 1.168
4.957 1.031 8.259 0.495 -0.267 1.108
4.791 1.110 7.993 0.478 -0.282 1.088
4.492 1.024 7.964 0.515 -0.250 1.075
4.525 1.022 7.700 0.587 -0.168 1.052
7.000 0.312 11.772 0.667 0.216 1.150
6.247 0.353 11.403 0.632 -0.415 1.211
4.249 0.084 7.676 0.739 -0.517 1.225
4.259 -0.324 8.036 0.855 -0.081 1.261
5.002 -0.501 9.293 0.874 -0.120 1.311
4.638 -0.748 8.317 0.846 -0.259 1.386
4.576 -0.976 7.820 0.841 -0.096 1.398
4.456 -0.854 7.969 0.832 0.062 1.324
4.376 -0.753 8.060 0.871 0.181 1.249
4.525 -0.343 8.537 0.889 0.225 1.170
4.568 0.264 8.686 0.863 0.105 1.213
4.384 0.540 8.408 0.847 0.011 1.376
4.391 0.233 8.384 0.895 -0.026 1.559
4.108 0.067 8.173 0.934 -0.048 1.619
4.129 0.285 8.528 0.993 0.010 1.727
4.321 -0.060 8.947 1.084 -0.014 1.864
4.019 0.002 8.801 1.142 -0.020 1.919
4.317 -0.072 9.585 1.192 -0.026 2.048
4.393 -0.487 9.487 1.182 -0.185 2.101
4.077 -0.448 8.827 1.160 -0.235 2.114
4.290 -0.741 9.113 1.134 -0.200 2.159
4.578 -0.971 8.842 1.086 -0.194 2.113
4.564 -0.969 8.739 1.099 -0.132 1.985
4.914 -0.760 8.755 1.088 -0.109 1.860
5.254 -0.463 8.770 1.058 -0.141 1.747
4.592 0.235 8.144 0.972 -0.198 1.768
4.223 -0.089 7.353 0.999 -0.072 1.761
4.374 -0.144 7.799 0.990 0.078 1.682
4.276 -0.619 7.758 0.931 0.111 1.589
4.463 -0.777 8.139 0.847 0.215 1.412
4.854 -0.360 8.993 0.780 0.183 1.247
4.899 -0.106 9.144 0.752 0.042 1.140
4.842 0.314 9.110 0.768 -0.031 1.120
5.192 0.165 9.415 0.783 -0.143 1.141
5.067 0.010 8.758 0.781 -0.298 1.083
5.106 0.175 8.297 0.764 -0.305 1.058
5.235 -0.108 8.024 0.756 -0.323 0.999
5.293 0.010 7.772 0.711 -0.269 0.880
5.489 -0.002 7.782 0.660 -0.245 0.804
5.578 0.170 7.528 0.605 -0.196 0.650
5.556 0.818 7.621 0.557 -0.108 0.536
5.492 0.878 7.415 0.510 -0.031 0.438
5.295 1.532 7.616 0.398 0.111 0.384
5.549 1.460 8.388 0.340 0.151 0.441
5.712 1.353 8.885 0.277 0.033 0.486
5.475 1.096 8.561 0.247 -0.106 0.586
5.489 0.612 8.307 0.291 -0.181 0.660
5.127 0.554 7.851 0.375 -0.215 0.755
5.058 0.197 7.585 0.444 -0.103 0.830
5.420 0.317 8.511 0.530 -0.095 0.921
5.297 -0.580 7.950 0.654 -0.168 0.995
5.312 -1.173 7.784 0.597 -0.105 0.856
5.326 -0.954 7.832 0.543 -0.132 0.722
5.583 -1.144 7.616 0.483 -0.114 0.644
5.926 -1.271 7.918 0.408 -0.068 0.561
5.612 -1.067 7.523 0.334 -0.060 0.438
5.868 -1.031 7.621 0.275 0.021 0.396
6.129 -0.978 7.808 0.195 0.076 0.348
5.983 -0.839 7.782 0.162 0.075 0.343
5.679 -0.787 7.453 0.159 0.080 0.348
5.835 -0.760 7.743 0.191 0.142 0.357
5.775 -0.775 7.669 0.236 0.111 0.363
5.885 -1.005 7.686 0.271 0.092 0.356
5.930 -1.098 7.638 0.259 0.058 0.294
5.806 -0.736 7.561 0.236 0.049 0.281
5.801 -0.880 7.777 0.249 0.033 0.319
5.825 -0.983 7.995 0.256 -0.021 0.307
5.899 -0.978 8.273 0.258 -0.133 0.311
5.609 -0.959 7.873 0.264 -0.200 0.348
5.724 -1.182 8.065 0.288 -0.142 0.354
5.643 -0.909 8.185 0.297 -0.166 0.351
5.635 -0.909 8.396 0.306 -0.171 0.380
7.357 -1.182 10.233 0.337 -0.013 0.367
7.010 -0.520 9.899 0.306 -0.284 0.193
6.242 -0.163 8.353 0.236 -0.462 0.136
5.376 0.228 7.151 0.106 -0.365 0.116
5.607 0.559 6.904 0.088 -0.169 0.126
6.194 0.139 7.532 0.171 -0.084 0.040
5.868 0.612 7.108 0.194 -0.038 -0.045
5.530 0.624 7.048 0.183 0.102 0.035
5.369 -0.180 7.113 0.117 0.197 0.058
5.453 -0.173 7.477 0.002 0.196 -0.023
5.664 -0.321 7.494 -0.035 0.034 -0.054
5.484 -0.384 6.806 -0.022 -0.027 -0.121
5.523 -0.530 6.463 -0.006 0.052 -0.206
5.398 0.216 6.595 -0.082 0.160 -0.282
5.508 0.391 6.969 -0.064 0.242 -0.236
5.626 0.516 7.616 -0.050 0.321 -0.235
5.674 0.624 8.266 -0.039 0.225 -0.220
5.489 0.475 7.957 -0.065 0.103 -0.214
5.489 0.681 7.988 -0.122 0.109 -0.257
5.295 0.930 7.950 -0.153 0.070 -0.235
5.209 0.854 7.847 -0.135 0.116 -0.185
6.129 0.518 8.367 -0.145 0.153 -0.151
7.293 -0.396 10.170 -0.145 0.228 -0.157
7.094 -1.017 9.986 -0.242 -0.001 -0.381
5.633 -1.338 9.098 -0.298 0.000 -0.645
4.813 -1.523 8.760 -0.444 -0.014 -0.871
5.333 -1.472 9.369 -0.581 -0.033 -0.961
4.597 -1.355 8.391 -0.646 -0.176 -1.024
4.086 -1.487 7.528 -0.612 -0.001 -1.048
3.911 -1.710 8.189 -0.493 0.239 -1.245
3.695 -0.926 8.350 -0.452 0.163 -1.426
3.571 -0.127 8.326 -0.485 0.094 -1.444
3.969 0.463 8.604 -0.492 0.064 -1.356
4.499 0.604 8.909 -0.473 -0.018 -1.251
4.659 1.165 8.827 -0.511 -0.234 -1.136
4.489 1.266 7.892 -0.488 -0.323 -0.916
4.878 0.849 8.189 -0.483 -0.262 -0.757
5.168 0.775 8.614 -0.461 -0.334 -0.609
5.026 0.439 8.125 -0.430 -0.404 -0.432
5.326 1.235 9.508 -0.510 -0.625 0.093
4.655 -2.218 5.971 -0.063 -0.679 -0.180
6.415 -0.036 8.475 -0.482 0.176 -0.281
6.971 -0.784 9.583 -0.276 -0.026 -0.192
6.566 -0.331 8.763 -0.302 -0.148 -0.452
5.954 1.297 8.216 -0.296 -0.155 -0.515
5.966 0.729 8.074 -0.154 0.047 -0.419
5.765 1.501 8.571 -0.104 0.036 -0.579
5.235 2.470 8.048 -0.148 -0.147 -0.553
5.333 1.460 7.115 -0.165 -0.246 -0.412
5.101 2.108 6.981 -0.231 -0.033 -0.405
5.120 1.851 6.719 -0.104 0.136 -0.251
4.906 2.482 6.839 -0.080 0.257 -0.186
5.067 1.835 7.748 -0.188 0.262 -0.235
5.230 1.046 8.295 -0.179 0.036 -0.069
5.017 0.856 7.576 -0.255 0.066 -0.171
5.914 2.432 9.890 -0.344 0.241 -0.114
5.149 0.086 7.372 -0.649 -0.293 -0.148
4.813 1.146 6.739 -0.323 -0.174 -0.390
5.808 0.667 8.345 -0.630 -0.095 -0.192
6.324 0.532 8.763 -0.674 -0.239 -0.327
5.365 2.038 7.175 -0.610 -0.341 -0.316
5.365 2.038 7.175 -0.610 -0.341 -0.316
