2.652 0.460 9.118 -0.054 -0.104 0.014
2.758 1.050 9.640 -0.194 -0.283 0.117
2.662 -0.254 8.379 -0.194 -0.251 0.435
2.873 -2.058 8.216 -0.022 -0.046 0.318
2.962 -0.808 8.930 -0.119 0.113 0.037
3.022 0.307 9.199 -0.060 0.065 0.144
2.942 -0.086 10.283 0.021 0.054 0.213
3.026 0.480 9.108 0.060 -0.109 0.146
3.127 0.887 9.619 0.045 0.016 0.212
2.887 0.441 8.547 0.043 0.037 0.227
2.621 0.245 7.369 0.048 0.229 0.137
2.669 0.607 8.504 0.081 0.567 0.005
3.043 1.182 10.209 0.063 0.349 -0.028
3.010 1.264 9.046 0.069 0.102 -0.014
3.065 1.309 8.863 0.061 0.134 -0.010
2.998 1.688 9.067 0.012 0.055 0.044
2.597 1.612 8.357 -0.072 -0.081 0.174
2.640 1.695 8.484 -0.130 0.010 0.292
3.305 1.542 10.482 0.005 0.084 0.325
3.458 1.779 10.096 0.144 0.028 0.250
3.300 1.906 9.765 0.208 0.169 0.234
2.990 1.379 9.484 0.155 0.278 0.146
2.650 1.535 9.571 0.031 0.249 0.071
2.674 1.544 9.552 0.018 0.040 0.069
2.823 1.595 9.120 0.059 -0.182 0.096
3.019 1.691 8.374 0.076 -0.348 0.152
3.211 1.655 7.707 0.069 -0.338 0.235
3.429 1.727 7.779 0.027 -0.230 0.284
3.511 2.007 8.192 -0.026 -0.158 0.337
3.580 1.799 8.266 -0.032 -0.117 0.375
3.573 1.492 8.662 -0.046 -0.069 0.346
3.772 1.175 9.624 -0.021 -0.171 0.250
3.823 1.074 9.230 -0.017 -0.308 0.119
4.379 0.448 9.859 0.017 -0.106 0.026
4.859 0.079 12.894 0.068 -0.110 -0.154
4.947 0.626 12.468 0.039 -0.240 -0.307
4.345 0.132 11.307 0.077 0.010 -0.321
2.918 0.098 10.468 -0.063 0.133 -0.404
2.647 0.257 10.271 -0.120 0.114 -0.277
2.952 -0.525 9.566 -0.060 -0.050 -0.247
3.036 -0.621 8.403 -0.023 -0.114 -0.339
2.959 -0.062 7.571 0.018 -0.024 -0.443
2.604 0.400 6.976 0.053 0.020 -0.475
2.604 0.995 6.739 0.065 0.129 -0.438
2.722 1.317 7.132 0.075 0.170 -0.359
2.811 1.441 7.185 0.077 0.135 -0.258
2.921 1.185 7.249 0.039 0.163 -0.122
3.187 0.719 8.144 0.093 0.142 -0.068
3.022 0.604 8.523 0.115 0.089 -0.064
2.806 0.614 8.552 0.116 -0.018 0.005
3.547 0.463 10.631 0.121 0.026 0.064
3.535 0.237 11.014 0.220 -0.183 -0.042
3.384 0.595 10.741 0.297 -0.302 -0.129
3.681 0.566 15.233 0.335 -0.062 -0.253
3.223 1.679 12.739 0.130 -0.095 -0.538
2.369 1.918 11.249 0.102 -0.305 -0.679
1.501 1.671 9.101 -0.065 -0.280 -0.863
1.847 1.177 7.796 -0.096 -0.052 -1.033
1.777 0.671 8.295 -0.188 0.222 -1.364
1.743 1.266 8.885 -0.185 0.261 -1.567
1.506 0.868 8.388 -0.100 0.253 -1.702
1.257 1.113 8.460 -0.136 0.269 -1.849
1.379 1.566 9.249 -0.174 0.210 -1.833
1.477 1.511 9.477 -0.128 -0.039 -1.802
1.456 1.477 9.357 -0.112 -0.306 -1.830
1.290 1.693 8.125 -0.136 -0.445 -1.846
1.170 1.432 8.098 -0.193 -0.298 -1.883
1.110 1.729 8.803 -0.248 -0.274 -2.019
0.909 2.379 9.360 -0.237 -0.310 -2.037
0.861 2.216 9.537 -0.194 -0.417 -2.080
0.758 2.535 9.257 -0.273 -0.493 -2.153
0.583 2.787 9.060 -0.351 -0.501 -2.119
0.487 2.532 8.635 -0.364 -0.524 -2.039
0.168 2.288 8.199 -0.374 -0.440 -1.953
0.683 2.355 9.096 -0.296 -0.095 -1.913
2.422 3.170 13.257 -0.165 0.581 -1.940
0.065 3.528 9.928 -0.018 -0.112 -2.021
0.199 4.216 10.868 -0.204 0.335 -1.620
0.647 3.206 12.906 -0.466 0.371 -1.308
0.355 2.993 10.643 -0.660 0.078 -1.131
0.309 2.324 8.201 -0.716 0.083 -0.818
0.470 1.077 7.285 -0.695 0.282 -0.614
0.489 1.103 7.998 -0.570 0.084 -0.565
0.412 1.348 7.842 -0.420 -0.034 -0.427
1.216 1.300 8.691 -0.321 -0.229 -0.282
1.326 0.923 6.652 -0.281 -0.474 -0.157
0.894 0.489 5.472 -0.229 -0.208 -0.009
0.362 0.305 6.544 -0.236 0.128 0.114
0.285 -0.537 6.962 -0.151 -0.072 0.253
0.962 -0.950 6.772 -0.091 -0.076 0.161
0.362 0.077 8.739 -0.196 -0.018 0.091
-0.523 0.132 9.830 -0.188 -0.098 0.296
-0.185 -1.139 12.094 -0.010 -0.276 0.324
-0.770 0.122 11.583 0.035 0.080 0.160
-0.818 0.873 12.580 0.048 0.033 0.203
-0.703 0.288 11.724 0.003 -0.004 0.217
-0.432 0.314 12.079 -0.064 0.022 0.102
-0.525 0.659 11.624 -0.112 0.004 0.032
-0.712 0.489 11.624 -0.060 0.023 0.080
-0.719 -0.403 11.213 -0.007 0.029 -0.012
-0.739 0.175 10.978 -0.079 0.033 -0.181
-0.525 0.302 11.240 -0.071 0.065 -0.135
-0.225 0.319 10.832 -0.089 -0.023 -0.187
0.115 0.667 10.561 -0.020 -0.020 -0.155
0.002 0.892 11.118 0.004 -0.019 -0.089
0.017 0.782 11.199 -0.010 -0.010 -0.015
0.103 0.307 10.906 -0.005 0.072 -0.030
-0.468 0.391 12.053 -0.058 0.159 -0.081
-1.086 0.014 13.659 -0.077 0.086 -0.169
-1.062 0.034 13.607 -0.055 -0.122 -0.363
-1.285 1.072 12.544 -0.077 -0.261 -0.403
-1.384 0.367 12.624 0.024 -0.361 -0.290
-1.163 0.626 12.612 -0.002 -0.618 -0.326
-0.990 1.024 10.851 0.009 -1.021 -0.154
-0.436 -0.098 8.309 -0.009 -0.914 -0.042
0.422 -0.873 5.722 -0.098 -0.573 -0.206
1.233 -0.074 7.894 -0.237 0.136 -0.408
1.417 0.624 6.727 -0.251 0.012 -0.423
1.338 0.947 4.604 -0.289 0.406 -0.435
1.446 1.319 4.885 -0.344 0.934 -0.447
1.341 2.343 6.153 -0.477 1.166 -0.374
1.017 3.086 7.784 -0.472 1.183 0.002
0.743 2.731 9.194 -0.350 0.833 0.351
-0.031 3.053 8.271 -0.213 0.546 0.640
-0.405 3.600 10.643 -0.206 0.603 1.085
-0.494 2.875 11.799 -0.112 0.222 1.535
-0.830 2.420 11.026 0.001 -0.032 1.850
-1.513 3.062 10.902 0.047 -0.081 2.261
-1.820 2.484 11.048 0.121 -0.196 2.753
-2.343 1.799 9.770 0.168 -0.367 3.029
-3.082 1.978 8.664 0.185 -0.224 3.218
-3.463 1.839 10.556 0.392 0.147 3.492
-3.592 1.671 11.091 0.603 -0.152 3.513
-3.561 2.422 9.060 0.739 -0.386 3.614
-3.094 2.499 8.448 0.688 -0.293 3.767
-2.348 2.065 8.082 0.654 -0.200 3.904
-1.734 1.252 7.499 0.641 0.109 3.874
-0.808 1.050 9.492 0.542 0.583 3.718
-0.950 0.580 8.827 0.372 0.462 3.575
-1.106 0.002 8.710 0.264 0.438 3.446
-0.619 -0.614 8.878 0.193 0.493 3.174
-0.578 -0.501 10.324 0.059 0.399 2.886
-0.146 -1.422 10.698 0.080 0.136 2.587
0.626 -1.281 10.388 0.005 -0.212 2.091
1.417 -0.590 10.787 -0.064 -0.169 1.822
1.827 -1.072 11.465 -0.058 -0.129 1.581
2.110 -0.568 11.180 -0.102 -0.104 1.244
2.173 -0.168 10.930 -0.060 -0.136 1.095
2.036 -0.005 9.753 -0.040 -0.245 0.988
1.990 0.089 8.321 -0.049 -0.355 0.982
2.132 -0.110 7.456 -0.065 -0.340 0.985
2.357 -0.384 7.444 -0.100 -0.212 0.917
2.180 0.139 8.290 -0.158 -0.259 0.876
2.343 0.194 8.060 -0.146 -0.368 0.944
2.199 0.319 8.228 -0.169 -0.338 1.046
2.609 0.321 9.194 -0.164 -0.225 1.151
3.012 0.448 10.125 -0.121 -0.245 1.310
3.072 1.468 11.031 -0.080 -0.072 1.584
3.000 2.077 12.237 0.111 0.069 2.091
2.957 1.885 11.671 0.305 0.023 2.458
2.712 1.631 11.127 0.437 0.088 2.777
2.221 -0.468 9.115 0.812 0.049 2.888
2.240 0.314 7.990 0.745 0.329 2.455
1.813 1.652 8.815 0.892 0.492 2.480
2.120 0.849 9.321 0.787 0.547 2.432
2.149 0.700 9.367 0.642 0.497 2.240
1.902 0.779 9.065 0.515 0.367 2.023
1.710 1.127 8.458 0.422 0.333 1.878
1.775 0.993 8.573 0.334 0.271 1.830
1.914 1.048 8.875 0.224 0.145 1.784
1.741 0.842 8.297 0.231 -0.031 1.771
2.091 0.741 8.528 0.179 -0.027 1.681
2.141 0.580 9.070 0.211 -0.080 1.539
2.290 0.957 9.336 0.155 -0.085 1.275
2.376 1.384 10.115 0.113 -0.173 1.158
2.549 0.604 10.221 0.094 -0.343 1.044
4.535 1.460 12.199 -0.166 0.052 0.972
1.695 -0.197 9.218 0.278 -0.726 0.965
1.484 -0.343 7.583 0.169 0.149 0.810
0.662 1.453 10.662 0.281 0.826 0.952
0.381 0.705 10.266 0.425 0.547 1.093
0.281 0.911 10.583 0.292 0.423 1.212
0.743 0.290 10.343 0.253 0.228 1.319
0.957 0.403 9.976 0.150 0.077 1.366
1.168 0.314 9.472 0.232 -0.024 1.474
1.379 -0.106 8.221 0.371 -0.037 1.470
1.206 1.348 8.583 0.309 0.132 1.492
1.293 1.211 8.782 0.348 0.094 1.832
1.655 -0.312 8.314 0.315 0.028 1.917
1.655 -0.432 8.187 0.276 0.069 1.800
1.504 -0.353 8.206 0.305 0.202 1.749
1.446 -0.765 9.480 0.311 0.422 1.649
0.918 -0.384 9.820 0.246 0.291 1.490
0.530 -0.405 9.734 0.212 0.305 1.395
0.103 0.007 9.489 0.195 0.228 1.310
-0.446 0.674 9.405 0.187 0.213 1.318
0.276 1.861 10.947 0.052 0.428 1.457
0.894 2.523 12.530 -0.085 0.374 1.722
1.544 1.544 14.482 -0.104 0.160 1.984
1.170 0.082 11.122 0.177 0.129 1.768
0.789 1.921 9.715 0.167 0.154 1.494
0.492 2.782 9.849 0.192 0.316 1.669
0.254 1.480 8.842 0.223 0.184 1.614
-0.173 1.882 7.477 0.080 0.126 1.406
-0.288 2.065 7.616 0.019 0.302 1.399
0.026 1.686 8.844 0.048 0.335 1.371
0.420 1.743 9.230 0.037 0.316 1.278
0.671 1.602 10.309 0.167 0.049 1.175
0.590 1.686 9.058 0.116 0.063 1.001
0.398 1.758 9.300 0.021 0.130 0.812
0.024 2.070 9.899 -0.051 0.119 0.668
-0.170 1.930 9.916 -0.065 0.007 0.521
1.072 1.971 11.638 -0.175 0.097 0.384
0.612 1.715 10.283 -0.134 -0.170 0.187
-0.261 1.537 8.885 -0.089 -0.241 0.094
0.216 1.070 9.223 -0.081 -0.128 0.061
0.345 0.993 9.336 -0.116 -0.206 0.049
0.712 0.276 9.760 -0.144 -0.252 0.050
0.765 0.297 9.058 -0.197 -0.267 -0.061
0.549 0.552 8.820 -0.202 -0.164 -0.065
0.906 0.453 9.823 -0.225 -0.126 -0.047
0.731 0.098 8.794 -0.244 -0.209 -0.024
0.600 -0.396 8.307 -0.409 -0.016 0.003
0.729 -0.436 8.835 -0.502 0.211 -0.011
0.621 -0.307 9.710 -0.453 0.295 0.013
0.372 -0.619 9.933 -0.377 0.268 0.044
0.221 -1.369 9.710 -0.318 0.214 0.024
0.127 -1.564 9.523 -0.381 0.212 -0.079
-0.134 -1.882 9.801 -0.353 0.253 -0.137
-0.388 -2.122 10.412 -0.289 0.182 -0.203
-0.573 -2.566 9.904 -0.239 0.101 -0.273
-0.626 -3.165 9.602 -0.216 0.059 -0.400
-0.724 -3.422 9.151 -0.190 0.063 -0.583
-1.125 -3.559 9.297 -0.197 0.210 -0.756
-1.295 -4.091 9.873 -0.175 0.342 -0.946
-1.686 -4.096 10.204 -0.233 0.345 -1.239
-2.185 -3.448 10.141 -0.188 0.330 -1.412
-1.995 -3.492 9.825 -0.067 0.329 -1.551
-1.693 -2.552 9.669 0.024 0.281 -1.660
-1.556 -1.674 8.765 0.001 0.235 -1.602
-1.602 -1.041 8.192 -0.035 0.394 -1.382
-0.974 -0.400 10.050 0.051 0.358 -1.058
-0.489 0.971 10.561 0.132 0.170 -0.597
-0.535 1.926 11.216 0.381 -0.191 0.096
-0.408 1.863 10.353 0.607 -0.415 0.676
0.036 1.847 10.067 0.704 -0.438 1.146
-0.295 2.201 9.597 0.632 -0.326 1.619
-0.772 1.703 9.645 0.507 0.049 2.148
0.067 0.074 11.921 0.714 -0.024 2.130
0.034 1.516 10.635 0.603 -0.307 1.953
-0.110 2.309 9.441 0.622 -0.357 2.094
0.549 1.290 9.647 0.613 -0.249 2.176
0.950 1.501 9.717 0.618 -0.367 1.993
0.978 1.523 8.357 0.659 -0.403 1.843
0.964 1.918 8.132 0.619 -0.263 1.653
1.228 2.187 8.700 0.584 -0.212 1.553
1.628 1.902 9.153 0.594 -0.150 1.412
1.624 1.707 9.041 0.580 -0.144 1.162
1.528 2.794 9.540 0.447 -0.177 1.023
1.818 2.710 9.530 0.397 -0.246 1.056
2.074 2.110 9.242 0.351 -0.297 1.038
2.022 1.597 8.906 0.269 -0.365 0.923
1.923 1.463 7.844 0.151 -0.331 0.804
2.043 0.777 8.168 0.110 -0.176 0.655
2.588 0.808 9.067 0.094 -0.068 0.419
3.480 1.053 11.249 0.144 -0.044 0.199
3.132 1.295 10.906 0.199 -0.397 -0.065
3.170 1.580 10.844 0.051 -0.050 -0.038
2.681 0.376 10.710 0.000 0.053 -0.106
1.849 0.547 9.029 -0.138 0.052 -0.207
2.055 0.108 9.444 -0.126 0.019 -0.184
2.600 -0.552 9.242 -0.082 -0.149 -0.373
2.362 0.038 8.758 -0.081 -0.324 -0.576
2.487 0.077 8.062 -0.052 -0.223 -0.681
2.434 0.412 7.868 -0.049 -0.121 -0.780
2.568 0.875 8.727 -0.018 0.006 -0.794
2.460 1.261 8.988 -0.079 -0.048 -0.744
2.525 0.772 9.161 -0.096 -0.079 -0.640
2.638 0.460 9.185 -0.062 -0.179 -0.676
2.511 0.683 8.835 -0.021 -0.279 -0.682
2.410 0.820 8.427 -0.009 -0.374 -0.590
3.163 0.578 9.566 0.028 -0.275 -0.459
3.175 0.849 10.276 0.078 -0.276 -0.429
3.705 1.796 10.086 0.113 -0.264 -0.285
4.158 1.470 15.103 0.361 -0.045 -0.285
2.516 2.602 10.367 0.213 -0.282 -0.512
1.273 2.715 7.494 0.191 -0.162 -0.396
1.564 1.988 6.952 0.046 0.212 -0.419
2.098 2.511 10.204 0.084 0.265 -0.567
1.878 3.273 9.168 0.046 -0.039 -0.643
1.964 3.429 8.573 -0.035 -0.037 -0.556
2.317 2.844 8.983 -0.228 0.097 -0.509
2.540 2.849 9.468 -0.420 -0.065 -0.401
3.108 1.568 9.060 -0.441 -0.197 -0.283
3.314 1.161 8.561 -0.521 -0.302 -0.344
3.024 1.659 7.887 -0.638 -0.333 -0.342
3.137 1.113 7.986 -0.675 -0.224 -0.204
2.995 0.763 8.163 -0.671 -0.255 -0.215
2.691 1.237 8.297 -0.723 -0.081 -0.225
2.815 1.398 9.823 -0.656 -0.126 -0.108
2.748 0.609 8.894 -0.521 -0.211 -0.083
2.482 0.405 8.501 -0.464 -0.112 -0.230
2.657 0.345 9.700 -0.415 0.035 -0.406
3.429 0.367 11.122 -0.400 0.079 -0.599
3.484 0.813 13.523 -0.393 -0.160 -0.651
2.758 0.552 10.307 -0.214 -0.250 -0.649
2.477 1.568 11.662 0.024 -0.082 -0.410
2.225 0.583 9.362 0.192 -0.072 -0.133
1.739 1.026 9.921 0.055 0.022 0.168
1.947 -0.038 10.285 0.039 0.029 0.432
1.945 -0.954 9.343 0.051 -0.126 0.436
1.686 -0.633 7.990 0.082 -0.014 0.272
1.609 0.410 8.000 0.181 0.050 0.295
1.902 0.523 7.566 0.192 0.067 0.401
1.942 0.753 7.954 0.182 0.162 0.510
2.252 0.460 8.317 0.246 0.196 0.638
2.343 0.345 8.312 0.273 0.207 0.665
2.036 0.777 8.240 0.218 0.362 0.718
1.791 0.990 9.341 0.224 0.464 0.851
1.520 0.988 9.612 0.255 0.391 0.982
1.506 0.918 10.113 0.273 0.463 1.086
1.367 1.307 10.758 0.318 0.226 1.217
1.252 1.151 9.815 0.307 0.133 1.397
1.247 0.983 10.429 0.328 0.072 1.488
1.456 0.938 9.206 0.367 0.023 1.457
3.444 2.146 12.638 0.190 0.421 1.505
2.010 1.185 9.424 0.346 -0.078 1.499
2.000 1.892 9.249 0.231 0.206 1.349
1.122 2.494 8.436 0.095 0.580 1.425
1.144 1.542 8.811 0.035 0.813 1.463
1.230 1.458 10.336 -0.048 0.723 1.292
0.669 2.312 9.945 0.035 0.381 1.173
0.283 2.070 9.305 0.109 0.313 1.201
0.468 1.897 10.441 0.132 0.275 1.153
0.647 1.969 10.341 0.153 0.055 1.067
0.424 2.103 9.046 0.192 -0.046 1.038
0.448 1.962 8.525 0.193 0.088 1.042
0.600 1.827 9.508 0.181 0.159 0.966
0.487 2.101 9.715 0.182 -0.001 0.889
0.293 1.964 9.206 0.180 -0.062 0.860
0.245 1.835 9.921 0.160 -0.078 0.813
0.731 1.520 10.535 0.153 -0.147 0.683
0.904 1.501 10.928 0.165 -0.468 0.514
1.257 1.698 10.475 0.180 -0.487 0.453
1.386 1.374 9.779 0.196 -0.789 0.397
1.921 1.283 8.662 0.157 -0.777 0.393
2.767 0.751 8.966 0.125 -0.740 0.392
3.038 0.911 8.343 0.097 -0.669 0.282
3.165 1.293 8.873 0.086 -0.531 0.231
3.122 0.890 9.257 0.101 -0.456 0.162
2.983 1.103 9.233 0.071 -0.515 0.010
3.134 1.724 8.880 0.066 -0.639 0.014
3.681 1.305 8.588 -0.038 -0.607 0.127
3.753 0.806 8.197 -0.104 -0.512 0.208
4.209 0.453 8.669 -0.052 -0.513 0.271
4.151 0.072 8.002 -0.108 -0.447 0.307
4.257 -0.386 8.201 -0.080 -0.249 0.327
4.350 -0.758 8.189 -0.026 -0.124 0.246
4.309 -0.072 8.842 -0.010 0.010 0.157
4.408 0.206 8.832 0.102 -0.004 0.183
4.266 0.094 8.295 0.128 -0.006 0.207
4.228 -1.094 8.674 -0.013 0.106 0.175
4.264 -1.302 8.988 -0.067 0.168 -0.065
3.657 -0.163 9.094 -0.016 0.165 -0.250
3.645 -0.381 9.779 0.022 0.084 -0.292
3.791 0.427 9.969 0.029 -0.070 -0.405
4.072 1.556 9.516 0.095 -0.181 -0.286
4.540 0.070 8.185 0.106 -0.177 -0.217
4.600 0.460 7.844 -0.048 -0.049 -0.452
4.410 0.981 7.528 -0.019 0.111 -0.506
4.237 0.796 7.671 -0.058 0.321 -0.544
3.695 1.065 8.254 -0.122 0.527 -0.610
3.077 1.312 8.806 -0.161 0.649 -0.658
2.475 1.722 9.026 -0.261 0.633 -0.636
2.427 1.691 9.283 -0.248 0.662 -0.513
2.755 1.221 9.691 -0.182 0.583 -0.433
2.784 1.046 9.144 -0.167 0.510 -0.375
2.921 0.871 9.223 -0.162 0.495 -0.268
2.815 0.278 8.506 -0.105 0.588 -0.240
2.830 0.616 9.024 -0.227 0.657 -0.271
2.854 1.014 9.060 -0.267 0.610 -0.167
2.448 -0.072 7.916 -0.311 0.745 -0.143
1.861 0.297 9.436 -0.316 0.900 -0.258
1.074 0.686 9.022 -0.244 0.856 -0.174
0.396 0.187 8.386 -0.165 1.098 -0.148
0.305 0.182 11.201 -0.117 1.154 -0.243
-0.067 0.839 10.914 0.017 0.740 -0.415
-0.516 1.014 10.074 0.071 0.669 -0.460
-0.501 1.554 10.703 0.032 0.525 -0.498
-0.614 2.233 10.899 0.029 0.364 -0.417
-0.624 2.573 10.875 0.062 0.151 -0.226
-0.585 2.321 10.465 0.097 0.035 0.038
-0.276 1.734 10.139 0.115 -0.077 0.160
-0.144 1.724 9.436 0.073 -0.132 0.241
0.000 1.580 9.089 0.014 -0.082 0.330
0.070 1.480 8.983 -0.029 -0.005 0.395
0.144 1.333 9.420 -0.045 0.081 0.457
-0.060 1.707 9.580 -0.110 0.102 0.498
-0.300 1.468 9.528 -0.177 0.165 0.640
-0.403 1.417 9.789 -0.276 0.147 0.705
-0.520 1.635 9.691 -0.304 0.142 0.848
-0.496 1.014 9.703 -0.279 0.122 1.055
-0.561 0.405 9.305 -0.240 0.126 1.128
-0.566 0.357 9.882 -0.190 0.181 1.165
-0.621 0.269 9.921 -0.122 0.140 1.198
-0.590 0.113 9.640 -0.108 0.095 1.175
-0.767 0.350 9.602 -0.102 0.104 1.161
-0.784 -0.302 9.691 -0.019 0.056 1.070
-1.065 -0.254 9.400 -0.066 -0.004 0.789
-1.082 0.269 10.216 -0.056 -0.010 0.608
-1.048 0.547 10.789 0.045 -0.088 0.450
-1.153 1.516 10.942 0.080 -0.202 0.378
-1.151 2.252 11.165 0.049 -0.319 0.517
-0.626 2.091 11.103 0.086 -0.506 0.736
-0.118 2.019 10.384 0.100 -0.621 0.876
0.165 2.170 9.247 0.091 -0.662 1.042
0.612 1.954 8.242 0.150 -0.521 1.274
0.906 1.753 8.410 0.176 -0.275 1.445
0.938 1.631 8.647 0.161 -0.214 1.583
0.974 1.403 8.612 0.153 -0.105 1.684
1.257 1.094 9.331 0.143 0.065 1.738
1.101 0.983 9.592 0.071 0.021 1.741
1.010 0.751 9.158 0.032 0.124 1.776
1.070 0.326 9.899 0.060 0.224 1.786
1.103 -0.180 9.552 0.146 0.066 1.693
0.710 -0.134 8.072 0.135 -0.024 1.613
1.115 -0.595 8.058 0.183 0.133 1.545
1.345 0.132 10.400 0.125 0.132 1.401
0.698 0.506 8.894 0.171 0.076 1.462
0.794 0.211 9.573 0.197 0.326 1.505
0.933 0.228 11.266 0.218 0.440 1.469
0.863 0.120 10.453 0.232 0.315 1.376
0.734 0.216 9.966 0.135 0.311 1.296
0.739 0.072 9.679 0.022 0.245 1.210
0.796 0.201 9.592 -0.009 0.108 1.167
0.899 -0.101 8.909 0.021 0.040 1.168
0.952 -0.456 8.844 0.066 0.085 1.100
0.959 -0.487 9.110 0.114 0.054 1.001
0.892 -0.353 9.230 0.121 0.079 0.928
0.674 -0.276 9.240 0.153 0.022 0.896
0.796 -0.173 9.875 0.147 0.073 0.837
0.873 0.321 10.513 0.138 -0.028 0.785
0.993 1.161 11.592 0.087 0.089 0.813
1.007 1.710 11.976 0.110 -0.076 0.892
1.506 1.902 11.465 0.122 -0.036 0.925
1.211 2.484 11.669 0.075 -0.009 0.966
0.271 2.597 9.264 0.115 -0.080 1.048
0.158 2.854 8.926 0.127 0.151 1.188
0.223 2.871 10.151 0.169 0.115 1.255
-0.002 3.005 9.424 0.158 0.059 1.279
-0.295 2.914 8.995 0.070 0.063 1.365
-0.144 2.331 8.890 -0.065 0.110 1.478
0.077 1.520 8.806 -0.140 0.075 1.518
0.496 0.683 8.715 -0.109 0.047 1.439
0.530 0.496 8.818 -0.104 -0.013 1.296
0.643 0.573 8.866 -0.073 -0.102 1.180
0.861 0.499 9.125 -0.035 -0.215 1.046
0.926 0.537 9.007 -0.004 -0.257 0.868
0.849 0.588 8.669 0.036 -0.267 0.689
0.952 0.583 8.782 0.066 -0.212 0.524
0.935 0.667 9.024 0.054 -0.179 0.359
1.508 1.084 10.477 0.004 -0.086 0.269
1.564 0.847 13.580 0.017 -0.330 0.264
1.420 0.954 11.705 0.006 -0.290 0.242
1.127 0.633 10.705 0.076 -0.168 0.277
0.945 0.607 10.614 0.102 -0.160 0.296
1.235 1.062 10.187 0.081 -0.208 0.396
1.348 0.897 9.496 0.135 -0.185 0.569
1.535 1.225 9.532 0.207 -0.121 0.696
1.528 1.482 8.878 0.311 -0.103 0.832
1.501 1.360 8.082 0.347 -0.076 0.964
1.415 1.633 7.962 0.332 0.003 1.060
1.770 1.662 8.475 0.329 -0.032 1.219
1.842 1.283 7.789 0.316 -0.059 1.323
1.719 1.118 7.592 0.343 0.030 1.373
1.808 1.106 8.281 0.324 0.196 1.404
1.434 1.201 8.412 0.284 0.261 1.497
1.336 0.787 9.372 0.260 0.375 1.626
1.441 0.556 10.439 0.290 0.318 1.683
1.319 0.789 10.118 0.340 0.187 1.687
1.194 1.525 10.331 0.357 0.259 1.760
1.995 2.271 12.655 0.372 0.399 1.909
1.472 2.918 11.494 0.430 0.062 2.037
0.962 3.448 9.477 0.469 0.012 2.295
0.674 3.158 9.472 0.425 0.262 2.610
1.096 2.108 10.158 0.466 0.342 2.736
1.022 1.978 9.472 0.479 0.317 2.643
0.811 1.717 9.851 0.559 0.328 2.619
0.765 0.868 9.002 0.590 0.244 2.404
0.626 1.612 8.906 0.517 0.277 2.237
0.736 1.245 8.487 0.524 0.332 2.162
1.091 1.213 9.206 0.409 0.300 1.949
1.165 1.705 9.022 0.310 0.143 1.776
1.372 1.458 9.074 0.260 0.089 1.665
1.626 1.489 9.252 0.203 -0.022 1.469
1.643 1.839 9.012 0.179 -0.116 1.326
1.518 1.614 8.530 0.173 -0.181 1.179
1.477 1.753 8.576 0.157 -0.192 0.976
1.523 2.108 8.806 0.182 -0.153 0.841
3.734 2.731 10.715 0.131 0.233 0.837
2.293 1.794 11.906 0.194 -0.381 0.804
1.659 2.261 7.957 0.044 -0.068 0.808
0.983 1.988 9.053 0.019 0.613 1.097
1.305 0.842 10.307 0.011 0.389 1.111
1.415 1.187 10.194 -0.104 0.257 1.153
1.580 0.465 9.583 -0.009 0.252 1.253
1.405 0.261 9.365 0.067 0.301 1.232
1.448 0.528 9.240 0.196 0.321 1.253
1.624 0.372 9.247 0.274 0.377 1.277
1.559 0.350 9.578 0.273 0.321 1.249
1.499 0.506 9.595 0.246 0.223 1.239
1.398 0.403 9.405 0.276 0.164 1.235
1.199 0.441 9.046 0.315 0.101 1.190
1.012 0.602 8.686 0.290 0.082 1.169
1.161 0.880 9.120 0.204 0.128 1.218
1.777 0.775 9.938 0.160 0.249 1.273
1.849 0.513 11.719 0.148 0.249 1.250
1.209 0.715 10.405 0.193 0.137 1.131
1.165 1.141 9.803 0.245 0.190 1.082
1.237 1.209 10.149 0.273 0.129 1.026
1.412 1.240 9.444 0.321 0.005 0.904
1.552 1.609 8.882 0.318 -0.035 0.733
1.463 2.031 8.712 0.271 -0.012 0.619
1.264 2.043 8.691 0.289 0.058 0.545
1.115 2.218 8.930 0.219 0.152 0.480
1.149 2.125 9.453 0.226 0.098 0.426
1.228 2.403 9.683 0.226 0.163 0.421
0.559 2.288 8.516 0.206 0.082 0.425
0.650 2.360 8.796 0.142 0.299 0.538
1.005 1.856 10.338 0.184 0.309 0.564
0.887 2.012 10.084 0.241 0.151 0.495
0.775 2.050 9.638 0.271 0.048 0.457
1.158 2.038 9.489 0.274 0.030 0.419
1.036 2.091 9.204 0.227 0.046 0.301
0.854 1.974 8.976 0.173 0.149 0.164
0.607 2.542 8.993 0.046 0.233 -0.029
0.290 3.381 9.568 -0.060 0.304 -0.070
-0.058 3.386 10.343 -0.148 0.263 0.058
-0.211 2.530 10.506 -0.216 0.078 0.116
-0.125 1.635 10.722 -0.216 -0.024 0.111
0.074 0.662 9.897 -0.250 -0.181 -0.083
-0.074 0.916 9.403 -0.323 -0.119 -0.278
0.235 0.276 10.165 -0.261 -0.099 -0.476
0.187 0.861 9.290 -0.294 -0.148 -0.788
-0.005 1.189 8.930 -0.265 -0.017 -0.888
0.158 0.494 9.153 -0.280 0.111 -1.135
-0.058 2.144 9.640 -0.405 0.042 -1.387
0.031 2.664 9.357 -0.444 0.038 -1.281
0.643 2.199 9.259 -0.424 0.095 -1.155
0.621 2.252 8.494 -0.465 0.122 -1.133
0.060 2.185 7.957 -0.540 0.345 -1.019
0.098 2.094 10.525 -0.565 0.411 -0.865
-0.146 3.113 10.556 -0.401 0.093 -0.668
-0.345 3.189 10.837 -0.220 0.018 -0.108
-0.209 2.041 10.621 -0.086 -0.119 0.207
-0.108 2.108 10.669 -0.065 -0.195 0.422
-0.163 2.168 10.475 0.068 -0.298 0.740
-0.129 2.451 9.772 0.225 -0.364 1.083
-0.091 2.635 9.192 0.350 -0.316 1.522
-0.065 2.501 8.940 0.425 -0.216 1.937
-0.010 1.847 9.376 0.504 -0.133 2.289
0.038 0.976 9.295 0.594 -0.143 2.480
0.139 0.496 9.314 0.564 -0.106 2.542
0.470 -0.168 9.633 0.491 0.006 2.514
0.583 -0.614 10.115 0.406 0.040 2.370
0.353 -0.676 9.511 0.355 -0.018 2.166
0.799 -0.319 9.995 0.248 0.082 1.972
1.089 -0.528 10.386 0.194 0.023 1.827
1.230 -0.542 9.707 0.173 -0.071 1.629
1.412 -0.211 9.271 0.166 -0.039 1.530
1.763 -0.405 9.600 0.209 -0.005 1.449
2.053 -0.290 9.583 0.225 -0.075 1.293
2.266 -0.197 9.204 0.231 -0.125 1.170
2.504 -0.106 8.947 0.229 -0.129 1.039
2.659 -0.271 8.988 0.245 -0.113 0.942
2.590 -0.283 8.729 0.216 -0.113 0.827
2.511 -0.266 8.837 0.210 -0.087 0.754
2.592 -0.657 8.894 0.268 -0.070 0.668
2.520 -0.609 8.986 0.286 -0.078 0.521
2.609 -0.182 9.556 0.323 -0.045 0.431
2.602 0.098 10.002 0.335 -0.062 0.335
3.163 0.621 11.789 0.342 0.024 0.196
2.626 1.108 10.715 0.324 -0.195 0.021
2.890 1.679 11.187 0.276 -0.185 -0.077
2.904 1.746 11.118 0.245 -0.202 -0.162
1.746 1.942 8.667 0.164 -0.413 -0.261
1.849 2.271 7.309 0.096 -0.312 -0.188
2.791 1.444 9.604 0.103 -0.275 -0.239
2.619 2.043 8.343 0.069 -0.337 -0.410
2.391 2.070 8.360 -0.019 -0.191 -0.444
2.365 1.777 8.837 -0.196 -0.034 -0.472
2.547 1.669 9.775 -0.351 -0.013 -0.493
2.743 1.072 9.307 -0.335 -0.194 -0.559
2.683 0.556 8.357 -0.306 -0.214 -0.718
2.532 0.794 8.096 -0.374 -0.158 -0.879
2.556 1.074 8.655 -0.376 -0.125 -0.962
2.494 1.216 8.863 -0.335 -0.166 -1.033
2.381 1.089 8.590 -0.314 -0.188 -1.133
2.367 1.163 8.918 -0.350 -0.178 -1.276
2.141 1.542 8.494 -0.391 -0.134 -1.313
2.010 1.573 8.882 -0.406 -0.046 -1.285
2.420 1.643 10.050 -0.325 -0.013 -1.229
3.458 2.146 13.683 -0.258 -0.044 -1.167
2.633 1.489 9.458 -0.258 -0.132 -1.100
2.177 0.477 9.487 -0.290 0.069 -1.060
1.799 0.412 9.674 -0.346 0.079 -1.077
2.206 0.381 9.952 -0.252 -0.044 -0.994
2.429 0.600 9.365 -0.192 -0.088 -0.909
2.412 0.175 8.789 -0.094 -0.014 -0.743
2.520 -0.029 8.933 -0.082 0.089 -0.742
2.233 0.285 8.604 -0.083 0.144 -0.716
2.199 0.312 9.422 -0.082 0.152 -0.632
2.259 0.249 9.182 -0.106 0.047 -0.586
2.237 0.314 8.904 -0.144 -0.036 -0.563
2.338 0.257 8.695 -0.163 -0.043 -0.544
2.307 0.233 8.657 -0.194 -0.022 -0.522
1.847 0.281 9.106 -0.215 0.033 -0.465
1.540 -0.041 10.165 -0.183 -0.066 -0.394
1.477 0.089 10.295 -0.232 -0.267 -0.407
1.456 0.458 9.628 -0.266 -0.356 -0.388
2.576 1.506 10.216 -0.277 -0.181 -0.296
2.782 1.360 10.835 -0.066 -0.261 -0.144
3.218 1.796 10.906 -0.158 -0.012 -0.120
2.731 2.746 10.206 -0.119 0.011 0.061
2.381 2.106 9.067 -0.068 0.106 0.299
2.374 1.640 8.187 -0.026 0.201 0.377
2.269 1.631 8.777 0.039 0.302 0.480
2.633 1.151 9.767 0.038 0.302 0.518
2.180 1.065 8.976 0.019 0.215 0.452
1.866 0.974 8.837 0.019 0.212 0.417
1.818 1.137 8.743 -0.015 0.178 0.378
1.705 1.686 8.703 -0.070 0.038 0.407
1.724 1.715 8.048 -0.079 -0.032 0.521
1.775 2.204 8.360 -0.116 0.000 0.655
1.882 2.062 8.465 -0.081 0.051 0.794
1.916 1.576 8.806 -0.071 0.177 0.798
1.480 2.165 9.158 -0.126 0.131 0.739
1.118 1.446 9.460 -0.054 0.133 0.723
1.362 1.775 8.878 0.023 0.154 0.592
2.132 2.353 18.261 -0.300 0.227 0.968
0.777 0.607 8.861 0.163 -0.144 0.916
-0.552 1.971 8.600 -0.045 0.427 1.009
0.041 0.866 11.928 0.073 0.645 1.389
0.204 0.108 10.938 0.003 0.315 1.335
-0.019 0.741 10.348 0.073 0.183 1.368
0.173 0.451 9.609 0.219 0.165 1.447
0.420 0.223 9.367 0.244 0.062 1.409
0.595 0.772 9.091 0.204 0.055 1.414
0.878 0.216 9.453 0.217 0.033 1.441
0.760 0.031 9.458 0.194 -0.036 1.341
0.530 -0.067 10.981 0.215 -0.169 1.227
0.396 -0.110 9.561 0.182 -0.423 1.017
0.614 0.712 9.501 0.200 -0.335 1.021
0.650 0.348 8.998 0.309 -0.288 1.110
0.578 0.357 8.770 0.335 -0.219 1.150
0.734 0.333 9.127 0.322 -0.111 1.223
1.501 0.376 10.338 0.299 -0.092 1.307
2.038 0.293 10.091 0.345 -0.111 1.325
2.213 0.523 10.489 0.319 -0.080 1.275
2.290 1.096 9.966 0.298 -0.068 1.279
2.194 0.808 9.122 0.310 -0.078 1.293
2.259 0.791 9.077 0.273 -0.053 1.171
2.141 1.201 8.549 0.295 -0.147 1.081
2.197 0.823 8.782 0.384 -0.116 0.984
2.345 1.321 9.499 0.367 -0.106 0.789
2.158 2.024 9.537 0.441 -0.133 0.721
1.645 2.228 8.926 0.469 -0.104 0.744
1.863 1.964 9.424 0.463 -0.064 0.792
2.106 1.480 9.151 0.412 -0.145 0.710
2.225 1.496 8.767 0.350 -0.138 0.599
2.417 1.448 9.230 0.275 -0.103 0.448
2.410 1.806 9.348 0.184 -0.155 0.272
2.321 1.626 8.736 0.098 -0.089 0.146
2.381 1.655 8.921 0.012 0.062 0.020
2.468 1.005 9.034 -0.028 0.149 -0.126
2.129 1.156 8.537 -0.108 0.282 -0.335
1.811 2.177 9.520 -0.140 0.435 -0.440
1.432 1.933 9.264 -0.161 0.365 -0.497
1.245 1.830 9.453 -0.342 0.349 -0.639
1.770 2.060 10.631 -0.382 0.246 -0.659
1.928 1.403 9.652 -0.406 0.032 -0.696
1.691 0.971 8.396 -0.474 0.098 -0.725
2.038 0.153 9.115 -0.479 0.284 -0.764
1.940 -0.525 9.628 -0.363 0.289 -0.953
1.480 -0.472 9.429 -0.419 0.259 -1.132
1.338 -0.199 9.331 -0.382 0.262 -1.168
1.417 -0.432 9.918 -0.318 0.321 -1.144
1.221 -0.134 10.592 -0.318 0.246 -1.105
1.058 0.062 9.995 -0.271 0.105 -0.949
0.935 -0.168 9.125 -0.206 0.201 -0.804
0.978 -0.077 9.338 -0.146 0.327 -0.708
0.683 0.043 9.235 -0.064 0.399 -0.597
0.731 0.341 10.151 0.027 0.454 -0.487
0.602 0.794 10.182 0.015 0.315 -0.394
0.600 1.031 10.317 0.018 0.246 -0.222
0.942 0.990 10.472 0.049 0.159 -0.066
0.794 0.806 9.552 0.092 0.132 0.076
0.969 0.806 9.556 0.021 0.212 0.094
0.921 1.633 9.458 -0.031 0.147 0.190
0.782 1.679 9.297 -0.011 0.145 0.377
0.736 1.914 9.465 -0.006 0.142 0.532
0.547 2.324 9.187 0.049 0.147 0.768
0.357 2.640 9.504 0.087 0.151 1.046
0.026 2.264 9.041 0.101 0.204 1.314
-0.247 2.544 9.213 0.061 0.291 1.433
-0.695 2.952 9.434 0.035 0.342 1.627
-1.180 2.360 9.552 0.067 0.406 1.846
-1.659 2.247 10.084 0.062 0.455 1.880
-1.748 2.398 10.446 0.093 0.366 1.920
-1.775 2.204 10.096 0.071 0.292 1.930
-1.746 1.995 10.343 0.014 0.234 1.921
-1.676 1.930 10.038 -0.032 0.105 1.890
-1.319 1.659 9.882 -0.019 0.071 1.871
-1.108 1.803 9.861 -0.017 -0.018 1.834
-0.976 1.566 9.218 0.006 -0.066 1.831
-0.911 1.357 8.906 -0.040 -0.020 1.778
-0.664 1.554 9.468 -0.087 -0.003 1.732
-0.556 1.472 9.400 -0.109 -0.060 1.710
-0.588 1.376 9.137 -0.096 -0.051 1.714
-0.480 1.480 9.808 -0.068 0.004 1.728
-0.199 2.113 10.516 0.012 -0.046 1.820
-0.825 2.353 9.667 0.197 -0.196 2.119
-1.096 1.525 8.484 0.271 -0.125 2.430
-0.307 0.398 10.494 0.342 -0.088 2.561
0.645 -0.245 11.065 0.350 -0.155 2.433
0.362 -0.540 9.700 0.347 -0.170 2.233
0.348 -0.743 9.007 0.296 -0.020 1.995
0.806 -0.530 9.952 0.209 0.145 1.714
1.038 0.019 10.341 0.131 0.122 1.496
0.935 0.199 9.957 0.142 0.091 1.377
1.077 0.252 9.995 0.165 0.096 1.276
1.043 0.487 9.365 0.152 0.010 1.203
1.295 0.329 9.230 0.195 -0.034 1.198
1.528 0.343 9.153 0.225 -0.027 1.106
1.559 0.458 9.058 0.230 -0.059 1.083
1.609 0.161 8.849 0.232 -0.044 1.036
1.640 0.197 9.024 0.188 -0.029 0.918
1.552 0.312 9.002 0.138 -0.128 0.854
1.647 0.343 9.122 0.111 -0.178 0.807
1.645 0.362 9.408 0.105 -0.174 0.742
1.693 0.957 9.909 0.059 -0.212 0.699
2.300 1.734 10.369 0.050 -0.099 0.755
2.626 2.022 12.369 0.050 -0.002 0.808
2.201 2.189 11.175 0.068 -0.184 0.816
2.386 2.170 10.393 0.091 -0.087 0.826
1.957 2.293 9.554 0.101 -0.133 0.812
1.753 2.544 9.127 0.170 -0.013 0.839
1.664 2.686 8.942 0.256 0.005 0.860
1.633 3.098 8.588 0.220 0.109 0.885
1.398 3.199 8.667 0.166 0.179 0.991
1.343 2.880 8.779 0.091 0.231 1.108
1.132 2.302 8.530 0.059 0.280 1.215
1.249 1.873 8.897 0.053 0.263 1.228
1.283 1.748 8.947 0.056 0.159 1.223
1.297 1.439 8.868 0.087 0.099 1.208
1.405 1.273 9.019 0.113 0.034 1.128
1.597 1.321 9.269 0.134 -0.076 1.011
1.494 1.393 8.489 0.137 -0.170 0.901
1.628 1.412 8.424 0.146 -0.160 0.814
1.393 1.602 8.060 0.165 -0.142 0.735
1.204 1.647 7.595 0.225 -0.035 0.708
3.189 2.453 15.990 0.106 0.450 0.840
1.986 2.067 9.094 0.362 -0.070 0.791
1.849 2.177 10.048 0.307 0.237 0.931
1.664 2.000 10.453 0.280 0.319 1.021
1.549 2.201 10.758 0.167 0.319 1.169
1.444 2.151 10.125 0.124 0.274 1.398
1.324 1.655 9.544 0.236 0.281 1.586
1.278 1.707 9.084 0.353 0.297 1.719
1.192 1.751 8.384 0.432 0.298 1.841
1.185 2.048 8.511 0.471 0.353 2.019
1.278 1.429 8.628 0.539 0.380 2.196
1.194 1.158 8.552 0.534 0.403 2.214
0.928 1.168 8.863 0.462 0.482 2.245
0.628 0.475 9.002 0.416 0.496 2.232
0.592 0.108 9.710 0.328 0.444 2.125
0.444 -0.074 9.868 0.291 0.315 1.984
0.849 -0.417 10.671 0.260 0.190 1.785
1.170 0.221 10.405 0.211 0.083 1.535
1.285 0.906 10.393 0.180 -0.055 1.456
2.189 1.530 13.873 0.011 0.125 1.523
2.192 1.516 10.161 0.091 0.053 1.509
2.036 1.691 9.494 0.152 0.141 1.509
1.638 1.588 9.199 0.215 0.203 1.501
1.962 1.640 9.542 0.241 0.154 1.430
2.000 1.796 9.170 0.294 0.112 1.305
1.722 2.388 8.866 0.306 0.200 1.214
1.667 2.556 9.144 0.268 0.297 1.233
1.568 2.206 9.048 0.229 0.314 1.230
1.547 2.113 9.317 0.170 0.286 1.196
1.585 1.928 9.031 0.111 0.178 1.157
1.849 1.655 9.122 0.042 0.096 1.130
1.885 1.345 8.787 0.017 0.021 1.034
1.875 1.374 9.379 0.035 -0.015 0.930
1.811 1.266 8.969 0.114 -0.113 0.807
1.724 1.230 8.808 0.209 -0.111 0.643
1.628 1.525 8.489 0.256 -0.108 0.406
2.715 2.360 11.415 0.099 0.148 0.314
1.671 1.691 9.520 0.154 -0.268 0.226
1.688 1.763 9.079 -0.003 0.046 0.242
1.707 1.638 10.837 -0.035 0.252 0.359
1.408 0.779 10.089 0.044 0.062 0.393
0.854 1.098 8.511 0.012 0.066 0.420
1.309 1.079 10.276 -0.026 0.178 0.591
1.468 0.691 9.827 -0.009 0.079 0.653
1.592 0.583 10.187 0.035 0.059 0.717
1.564 0.329 9.559 0.149 0.078 0.735
1.456 0.523 9.283 0.212 0.106 0.684
1.492 0.959 9.705 0.168 0.096 0.714
1.436 0.859 9.010 0.149 -0.031 0.753
1.379 0.849 8.621 0.140 -0.036 0.809
1.456 0.492 8.345 0.161 -0.019 0.836
1.844 0.657 9.180 0.113 0.143 0.809
2.031 0.729 9.597 0.102 0.075 0.792
1.983 0.705 9.674 0.084 0.191 0.806
2.221 0.782 11.242 0.094 0.378 0.792
1.336 0.705 8.875 0.213 0.204 0.690
1.554 1.177 9.904 0.250 0.138 0.642
1.573 1.249 8.602 0.344 0.082 0.512
1.153 1.906 8.444 0.329 0.155 0.443
1.031 2.230 8.568 0.274 0.202 0.471
0.966 2.276 8.820 0.206 0.343 0.538
0.585 2.065 9.501 0.171 0.459 0.544
0.372 2.501 9.674 0.144 0.400 0.580
0.974 2.062 10.125 0.169 0.338 0.626
1.129 1.971 9.458 0.228 0.283 0.561
0.863 2.216 9.341 0.241 0.423 0.495
0.374 2.189 8.981 0.215 0.465 0.357
0.266 2.271 9.679 0.149 0.524 0.220
-0.141 2.712 10.158 0.030 0.504 0.138
-0.552 2.695 10.811 -0.002 0.370 0.162
-0.621 1.921 10.153 0.005 0.157 0.116
-0.640 1.698 10.031 -0.082 0.126 0.047
-0.765 1.204 9.859 -0.176 0.052 -0.091
-0.995 1.659 9.441 -0.245 0.061 -0.165
-0.897 1.427 10.312 -0.198 0.119 -0.134
-0.693 0.643 10.213 -0.150 -0.038 -0.337
-0.657 1.317 9.691 -0.149 -0.070 -0.553
-0.568 1.240 9.391 -0.168 -0.039 -0.724
-0.542 1.940 9.365 -0.214 -0.032 -0.831
-0.626 2.000 8.962 -0.219 -0.002 -0.827
-0.746 2.283 9.422 -0.289 0.024 -0.842
-0.664 2.638 9.218 -0.283 0.053 -0.767
-0.724 2.724 10.151 -0.249 0.128 -0.649
-0.935 2.950 9.787 -0.193 0.088 -0.567
-0.998 3.271 10.379 -0.191 0.069 -0.365
-0.794 2.624 10.273 -0.145 -0.145 -0.150
-0.535 2.631 9.753 -0.119 -0.253 -0.007
-0.331 3.348 9.952 -0.075 -0.313 0.227
-0.168 3.683 9.892 0.020 -0.410 0.538
0.002 3.597 9.108 0.163 -0.432 0.863
0.115 3.906 8.837 0.212 -0.351 1.263
0.266 3.811 8.986 0.213 -0.255 1.776
0.374 3.108 8.863 0.212 -0.162 2.213
0.036 2.926 8.700 0.182 -0.001 2.551
-0.024 2.110 10.072 0.192 0.151 2.913
-0.374 0.554 10.055 0.252 0.042 3.034
-0.935 0.086 8.686 0.274 0.068 3.039
0.070 -1.144 11.067 0.292 0.131 2.962
0.477 -2.101 10.072 0.219 -0.040 2.681
0.580 -2.153 8.703 0.135 -0.009 2.340
1.070 -1.911 9.396 0.118 0.275 1.963
1.391 -1.643 10.580 0.133 0.273 1.617
1.444 -1.118 10.022 0.190 0.092 1.361
1.775 -0.607 9.906 0.220 0.027 1.182
1.736 -0.151 8.995 0.235 -0.073 1.079
1.856 0.074 9.038 0.227 -0.051 1.029
1.940 -0.053 9.034 0.234 -0.028 0.969
1.928 -0.012 9.060 0.243 -0.003 0.927
1.916 -0.422 9.247 0.281 -0.009 0.858
1.746 -0.329 9.369 0.284 -0.044 0.743
1.523 -0.094 9.098 0.298 -0.136 0.673
1.633 0.067 9.336 0.302 -0.141 0.643
1.456 0.120 9.659 0.335 -0.095 0.578
2.141 0.679 10.748 0.296 0.047 0.483
1.753 1.034 12.604 0.276 -0.140 0.396
2.096 1.734 11.741 0.218 -0.208 0.293
2.156 1.988 10.736 0.227 -0.199 0.229
1.326 1.978 9.048 0.208 -0.242 0.187
1.048 1.957 7.029 0.178 -0.118 0.166
1.405 1.974 8.837 0.085 0.116 0.155
1.827 1.755 9.201 0.050 0.026 0.105
1.751 1.626 9.189 0.036 -0.011 -0.004
1.715 1.379 9.727 -0.032 -0.081 -0.085
1.770 1.084 9.125 -0.159 -0.167 -0.160
2.247 0.540 9.022 -0.246 -0.212 -0.269
2.494 0.326 8.571 -0.306 -0.218 -0.488
2.374 0.532 8.362 -0.301 -0.148 -0.642
2.604 0.326 8.882 -0.259 -0.125 -0.774
2.566 0.168 9.369 -0.208 -0.160 -0.931
2.302 0.302 8.923 -0.192 -0.241 -1.125
2.034 0.628 8.350 -0.245 -0.200 -1.288
1.703 0.659 8.657 -0.351 -0.095 -1.389
1.216 0.540 8.839 -0.424 -0.023 -1.448
1.818 0.559 10.288 -0.421 0.132 -1.464
2.775 0.086 12.496 -0.269 -0.005 -1.586
1.638 -0.103 10.053 -0.132 -0.334 -1.890
1.564 0.664 10.890 -0.224 -0.119 -1.941
0.859 0.204 9.825 -0.378 -0.078 -1.920
0.808 0.170 9.221 -0.497 -0.183 -1.924
1.499 0.074 9.724 -0.573 -0.190 -1.869
1.688 -0.559 9.156 -0.621 -0.236 -1.818
1.549 -1.038 8.873 -0.597 -0.122 -1.809
1.496 -1.223 8.887 -0.575 0.034 -1.923
1.101 -0.676 8.954 -0.557 0.135 -1.994
0.933 0.060 9.300 -0.547 0.179 -1.917
1.026 0.504 9.983 -0.504 0.124 -1.671
1.355 0.369 9.760 -0.360 -0.006 -1.368
1.312 0.218 9.516 -0.243 -0.024 -1.145
1.137 0.365 9.297 -0.167 -0.094 -0.956
0.914 0.393 8.398 -0.153 -0.071 -0.726
0.849 0.175 8.873 -0.140 0.033 -0.461
0.875 0.254 9.456 -0.138 0.170 -0.250
1.576 1.576 12.285 -0.118 0.233 0.002
0.695 2.595 10.053 0.063 0.010 0.428
1.098 0.794 11.477 0.310 0.173 0.810
0.921 0.139 10.782 0.246 0.053 0.656
1.276 0.091 10.525 0.191 -0.079 0.529
1.731 -0.209 9.681 0.099 -0.233 0.236
2.295 0.014 10.151 0.032 -0.206 -0.016
2.302 0.082 9.249 -0.022 -0.258 -0.255
2.108 0.436 8.465 -0.062 -0.248 -0.440
2.156 0.525 8.017 -0.068 -0.136 -0.528
2.091 0.460 7.240 0.032 0.023 -0.612
1.827 0.820 7.285 0.056 0.281 -0.694
1.803 1.576 8.662 0.003 0.329 -0.647
1.940 1.436 8.446 0.017 0.266 -0.515
1.964 1.175 7.986 0.047 0.334 -0.450
1.578 1.799 8.333 0.027 0.613 -0.361
1.463 1.707 11.703 0.082 0.564 -0.128
0.775 1.187 10.650 0.103 -0.054 -0.076
0.530 0.225 9.763 0.236 -0.056 -0.100
0.815 1.036 12.590 0.142 -0.112 -0.399
-0.113 1.674 11.508 0.153 -0.337 -0.565
0.022 2.504 12.393 0.038 -0.259 -0.668
-0.396 3.038 11.146 -0.020 -0.312 -0.599
-0.369 2.065 10.153 -0.084 -0.281 -0.356
0.369 1.108 9.094 -0.101 -0.227 -0.206
0.659 1.151 8.391 -0.096 -0.071 -0.110
1.156 0.952 10.074 -0.013 -0.039 0.167
1.480 -1.676 9.000 0.027 -0.154 -0.003
0.983 0.386 8.612 -0.030 0.020 -0.319
1.026 1.365 9.017 0.185 0.038 0.071
1.573 -1.269 8.796 0.118 -0.046 -0.109
1.153 -0.086 8.734 -0.159 -0.050 -0.644
1.043 1.847 9.528 -0.001 -0.154 -0.324
1.319 -0.149 7.218 0.010 0.006 -0.375
1.297 1.043 8.981 -0.023 0.093 -0.314
1.779 -0.089 9.724 -0.147 -0.056 -0.387
0.945 1.434 9.412 -0.158 -0.206 -0.556
0.945 1.434 9.412 -0.158 -0.206 -0.556
