4.612 1.429 8.108 0.065 -0.130 0.018
4.866 1.048 8.595 0.151 -0.127 0.111
4.657 1.281 7.271 0.211 -0.232 -0.006
4.679 2.360 6.777 0.178 0.080 0.085
5.269 1.659 9.182 0.207 0.145 0.151
5.084 2.257 7.784 0.060 -0.091 0.040
4.954 2.506 7.410 0.002 0.180 0.150
5.118 2.602 8.153 -0.068 0.237 0.135
5.264 3.022 8.520 -0.048 0.335 0.229
5.252 2.746 8.990 -0.033 0.268 0.337
5.014 2.441 8.233 -0.030 0.237 0.417
4.885 1.686 8.477 0.045 0.260 0.473
5.074 1.247 8.616 0.073 0.054 0.339
5.141 1.693 8.441 0.024 -0.116 0.191
5.170 1.427 7.945 0.037 -0.203 0.062
5.115 1.983 7.719 -0.051 -0.214 -0.155
4.631 3.108 7.062 -0.136 -0.121 -0.122
4.444 2.976 7.209 -0.167 0.143 0.114
4.681 2.194 8.746 -0.143 0.171 0.268
4.695 1.827 8.882 -0.153 0.020 0.313
5.712 1.228 9.103 -0.129 0.063 0.362
5.163 0.588 10.242 -0.122 -0.095 0.330
4.904 0.108 9.218 -0.058 -0.076 0.232
4.223 -0.585 8.631 0.007 0.233 0.020
3.823 0.209 10.072 -0.043 0.248 -0.151
3.360 0.365 9.405 -0.081 -0.105 -0.167
4.254 0.137 7.823 -0.234 -0.160 -0.131
4.911 -0.365 8.460 -0.297 -0.040 -0.052
5.036 -1.362 8.151 -0.173 0.069 -0.111
4.818 -1.398 8.333 -0.060 0.229 -0.314
4.412 -0.559 8.722 0.027 0.268 -0.436
4.137 -0.475 8.113 0.079 0.141 -0.503
3.868 0.005 7.343 0.021 0.097 -0.589
3.935 0.379 7.578 -0.043 0.122 -0.584
4.173 0.357 8.062 -0.068 0.075 -0.560
4.240 0.285 8.065 -0.065 -0.002 -0.557
4.213 0.492 8.113 -0.070 0.028 -0.541
4.261 0.535 9.158 -0.030 0.034 -0.479
4.597 0.590 9.456 0.044 -0.054 -0.490
4.566 1.552 10.132 0.010 -0.093 -0.454
6.007 1.890 11.930 0.003 0.231 -0.323
4.573 1.427 12.451 0.024 0.103 -0.370
2.818 1.614 9.393 0.056 -0.054 -0.599
2.880 2.811 9.098 -0.065 -0.014 -0.668
2.535 3.007 8.355 -0.212 -0.185 -0.535
2.811 2.472 7.691 -0.333 -0.178 -0.368
3.132 1.832 7.856 -0.360 -0.059 -0.291
3.329 1.719 7.892 -0.356 0.012 -0.281
3.542 1.484 8.213 -0.347 0.077 -0.226
3.743 0.983 8.314 -0.304 0.055 -0.246
3.679 0.885 7.969 -0.265 0.017 -0.326
3.638 0.942 7.583 -0.252 0.045 -0.375
3.532 0.573 7.655 -0.265 0.067 -0.459
3.388 0.444 7.472 -0.308 0.087 -0.627
3.285 0.446 8.257 -0.374 0.147 -0.775
3.564 0.499 9.417 -0.445 0.106 -0.907
3.242 0.012 8.806 -0.426 -0.078 -1.070
3.830 -0.036 12.240 -0.459 0.396 -1.244
2.811 -0.336 12.590 -0.497 0.232 -1.407
2.887 -0.139 12.341 -0.543 0.063 -1.368
3.079 -0.765 12.151 -0.552 0.103 -1.305
2.441 -0.950 11.580 -0.495 0.000 -1.288
2.161 -1.137 10.259 -0.325 -0.207 -1.329
1.691 -0.801 8.242 -0.194 -0.343 -1.440
1.604 -0.312 7.139 -0.191 -0.316 -1.496
2.060 0.225 7.911 -0.260 -0.248 -1.510
2.460 0.460 8.408 -0.325 -0.355 -1.488
2.432 0.422 7.489 -0.356 -0.347 -1.445
2.518 0.578 7.930 -0.384 -0.140 -1.377
2.484 0.712 8.885 -0.395 -0.037 -1.272
2.760 0.755 9.981 -0.343 -0.096 -1.146
2.818 0.544 9.930 -0.232 -0.350 -1.044
2.885 0.451 8.983 -0.137 -0.438 -0.982
3.487 0.638 9.098 -0.072 -0.361 -0.948
4.763 1.115 10.911 -0.015 -0.121 -0.963
2.933 1.482 9.825 0.024 -0.282 -1.019
2.434 1.911 7.540 0.047 -0.060 -1.099
2.518 3.300 9.859 -0.167 0.381 -1.049
2.506 3.453 11.525 -0.265 0.212 -0.837
2.400 2.520 10.288 -0.306 -0.023 -0.763
2.468 2.429 9.307 -0.307 -0.109 -0.724
2.470 2.271 8.388 -0.253 -0.169 -0.613
2.537 1.861 8.084 -0.202 -0.143 -0.541
2.590 1.813 8.343 -0.179 -0.143 -0.580
2.326 2.038 8.528 -0.206 -0.160 -0.597
2.005 1.947 8.019 -0.255 -0.171 -0.617
1.930 1.767 8.911 -0.304 -0.007 -0.677
2.026 2.235 9.585 -0.364 0.013 -0.744
1.969 2.523 10.465 -0.387 0.098 -0.655
2.561 2.266 11.698 -0.349 0.035 -0.610
2.516 2.484 10.659 -0.283 -0.252 -0.609
2.525 2.935 9.185 -0.244 -0.292 -0.432
2.600 2.710 7.904 -0.200 -0.215 -0.180
2.950 3.113 7.844 -0.165 -0.014 0.072
2.856 3.029 7.820 -0.072 0.152 0.371
2.882 2.242 8.410 0.003 0.286 0.571
2.818 2.034 8.914 0.023 0.284 0.671
2.787 1.693 8.691 0.039 0.324 0.775
2.789 1.408 9.041 0.038 0.386 0.816
2.698 1.338 9.106 0.065 0.363 0.832
2.597 1.230 9.079 0.089 0.374 0.857
2.568 0.976 9.825 0.117 0.348 0.912
2.480 0.554 9.564 0.192 0.195 0.881
2.472 0.249 9.012 0.281 0.214 0.800
2.309 0.621 9.496 0.262 0.226 0.735
1.969 0.079 9.230 0.319 0.217 0.687
1.878 -0.175 9.918 0.289 0.307 0.417
1.638 1.101 10.504 0.167 0.125 0.328
1.592 0.141 9.691 0.095 0.062 0.275
1.588 0.372 10.036 0.007 0.011 0.138
1.667 0.528 10.060 -0.032 -0.042 0.055
1.760 0.619 9.957 -0.053 -0.170 0.000
1.686 0.923 9.297 -0.099 -0.143 -0.042
1.715 0.988 9.806 -0.113 -0.104 0.029
1.808 0.681 9.794 -0.120 -0.111 0.051
1.868 0.667 9.942 -0.092 -0.138 0.073
2.089 0.628 10.151 -0.026 -0.181 0.075
2.110 0.698 9.962 0.030 -0.285 0.098
2.218 0.537 9.748 0.087 -0.284 0.094
2.343 0.782 10.086 0.126 -0.319 0.067
2.528 0.537 9.916 0.185 -0.406 0.064
2.746 0.561 9.468 0.131 -0.437 -0.053
2.926 0.827 9.146 0.036 -0.430 -0.077
3.098 0.520 8.945 -0.044 -0.400 -0.100
3.024 0.254 8.583 -0.087 -0.358 -0.150
3.096 0.228 8.540 -0.126 -0.271 -0.204
3.283 0.348 9.017 -0.149 -0.235 -0.241
3.353 0.504 8.911 -0.151 -0.275 -0.236
3.667 0.803 9.070 -0.118 -0.197 -0.255
3.818 1.516 9.137 -0.084 -0.178 -0.188
3.842 1.621 8.803 -0.055 -0.158 -0.081
3.861 1.875 8.681 0.014 -0.119 0.026
3.820 2.029 8.103 0.095 -0.093 0.136
3.674 2.743 7.767 0.113 0.010 0.321
3.585 2.633 7.698 0.235 0.148 0.517
3.799 2.813 8.422 0.316 0.241 0.624
3.796 3.554 8.753 0.405 0.168 0.858
4.089 3.120 8.540 0.640 0.167 1.091
4.106 3.866 8.576 0.774 0.263 1.192
3.863 4.365 8.487 0.833 0.341 1.370
3.576 4.446 8.487 0.827 0.407 1.603
3.448 3.976 8.561 0.845 0.406 1.831
3.393 3.655 8.439 0.883 0.404 1.963
3.350 3.249 8.386 0.889 0.437 1.998
3.343 3.472 8.695 0.829 0.483 2.000
3.338 3.319 9.127 0.806 0.461 2.031
3.386 3.110 8.892 0.793 0.396 1.982
3.192 3.542 8.835 0.766 0.386 2.011
3.062 3.072 8.465 0.767 0.398 2.047
3.002 2.923 8.655 0.732 0.414 2.033
3.024 2.607 8.631 0.700 0.383 2.012
3.199 2.384 8.746 0.686 0.391 1.952
3.465 2.134 9.379 0.698 0.294 1.906
3.595 1.775 8.511 0.688 0.168 1.797
3.609 1.621 7.966 0.721 0.262 1.691
3.240 1.995 8.223 0.688 0.413 1.622
3.350 1.938 9.046 0.658 0.461 1.671
3.962 1.336 9.228 0.611 0.435 1.666
3.918 0.511 9.058 0.571 0.537 1.597
3.657 0.221 9.698 0.504 0.612 1.420
3.357 0.482 9.271 0.506 0.553 1.223
2.837 0.861 9.101 0.435 0.551 1.117
2.890 0.928 9.501 0.312 0.344 1.079
3.005 0.645 8.434 0.308 0.170 1.026
3.141 0.947 8.132 0.360 0.202 0.990
3.300 0.835 8.460 0.442 0.230 1.001
3.489 0.909 8.655 0.448 0.219 0.964
3.573 0.899 8.741 0.456 0.209 0.952
3.820 0.825 9.141 0.457 0.194 0.889
4.026 1.293 9.667 0.472 0.135 0.834
3.863 2.094 9.580 0.405 0.081 0.819
4.269 2.825 11.242 0.312 0.244 0.945
3.926 2.564 10.767 0.360 0.127 0.913
3.297 3.487 8.683 0.387 -0.113 0.863
4.096 3.892 9.679 0.420 0.058 0.905
3.753 3.847 9.038 0.474 0.209 0.869
2.928 4.820 8.434 0.372 0.321 0.891
2.137 4.789 8.434 0.310 0.424 1.216
2.211 3.151 8.321 0.337 0.316 1.386
2.297 2.959 7.777 0.355 0.239 1.365
2.386 2.835 7.544 0.415 0.202 1.390
2.583 2.247 7.168 0.478 0.185 1.302
2.885 2.691 7.691 0.425 0.191 1.137
2.835 3.091 7.494 0.342 0.145 1.070
2.966 2.847 7.659 0.301 0.213 0.993
2.844 3.225 8.542 0.253 0.255 0.878
3.336 3.914 10.245 0.183 0.200 0.898
3.012 3.652 9.185 0.208 -0.018 0.972
3.899 3.971 13.002 0.131 0.388 1.269
2.429 2.070 11.185 0.302 -0.069 1.335
2.878 2.597 8.288 0.249 -0.130 1.351
3.058 2.031 9.259 0.356 0.497 1.614
2.964 2.053 11.463 0.337 0.433 1.596
2.376 2.211 9.928 0.374 0.360 1.681
2.103 1.815 9.492 0.430 0.388 1.772
2.007 1.851 8.916 0.496 0.312 1.817
1.882 2.048 8.048 0.577 0.269 1.934
1.734 1.600 7.552 0.630 0.362 2.061
1.902 1.206 8.201 0.688 0.432 2.072
2.000 1.036 8.288 0.740 0.449 2.037
2.125 0.933 8.844 0.740 0.508 1.990
2.273 1.098 9.628 0.677 0.453 1.949
2.439 0.885 9.444 0.706 0.392 1.913
2.456 1.079 9.760 0.756 0.388 1.806
2.496 1.686 9.736 0.720 0.347 1.763
3.228 2.216 9.966 0.627 0.358 1.833
2.444 1.715 10.118 0.600 0.310 1.914
2.501 1.930 9.791 0.587 0.291 1.728
2.300 2.983 10.012 0.544 0.353 1.771
2.906 2.118 10.369 0.608 0.260 1.766
2.657 2.252 9.055 0.595 0.154 1.580
2.158 2.844 7.847 0.501 0.257 1.560
2.285 2.525 8.621 0.456 0.446 1.587
2.168 2.451 9.158 0.482 0.401 1.521
2.046 2.456 9.144 0.480 0.346 1.490
2.288 2.137 9.499 0.490 0.315 1.433
2.746 1.964 10.031 0.482 0.177 1.241
2.837 2.029 9.012 0.447 -0.015 1.045
2.729 2.019 8.067 0.394 0.027 0.856
2.760 2.376 8.621 0.324 0.073 0.733
2.640 2.338 8.317 0.297 0.105 0.612
2.671 2.770 9.153 0.218 0.194 0.490
2.755 2.849 9.508 0.161 0.109 0.452
2.580 2.645 9.060 0.092 0.089 0.437
2.506 2.441 9.010 0.034 0.116 0.431
2.513 2.199 9.137 -0.011 0.134 0.439
2.463 1.823 9.288 -0.006 0.118 0.424
2.345 1.719 9.110 -0.001 0.111 0.398
2.261 1.398 9.223 0.012 0.143 0.390
2.403 1.331 9.645 -0.002 0.113 0.342
2.465 1.305 9.626 -0.021 0.038 0.335
2.566 0.957 9.456 -0.037 0.018 0.298
2.655 1.086 9.561 -0.044 -0.010 0.256
2.894 0.815 9.494 0.009 -0.068 0.200
2.940 1.312 9.338 0.015 -0.116 0.142
2.918 1.223 9.211 0.078 -0.132 0.178
2.806 0.976 8.892 0.075 -0.147 0.124
2.882 1.314 9.007 0.062 -0.091 0.108
2.875 1.175 9.271 0.035 -0.105 0.126
2.650 1.072 8.806 0.017 -0.076 0.128
2.703 0.940 9.122 -0.001 0.006 0.146
2.676 0.523 9.259 -0.023 0.000 0.111
2.633 0.624 9.333 -0.063 0.019 0.034
2.693 0.612 9.511 -0.080 0.019 0.015
2.722 0.343 9.319 -0.051 0.006 -0.042
2.803 0.336 9.302 -0.021 0.052 -0.161
2.863 0.825 9.986 -0.036 0.042 -0.297
2.815 0.945 9.693 -0.068 -0.087 -0.372
2.676 0.794 9.194 -0.117 -0.118 -0.432
2.669 0.854 9.144 -0.159 -0.115 -0.465
2.619 0.604 8.995 -0.185 -0.135 -0.472
2.674 0.357 9.113 -0.193 -0.099 -0.532
3.086 0.796 10.034 -0.179 -0.148 -0.583
2.942 0.911 9.300 -0.141 -0.252 -0.550
2.820 0.998 8.911 -0.124 -0.169 -0.501
2.772 1.038 9.084 -0.112 -0.119 -0.444
2.664 1.194 8.978 -0.102 -0.086 -0.350
2.789 1.170 9.017 -0.077 -0.030 -0.278
2.772 1.110 9.113 -0.060 0.028 -0.269
2.602 1.415 9.156 -0.047 0.050 -0.276
2.633 1.993 9.374 -0.055 0.067 -0.200
2.909 2.055 9.506 0.009 -0.002 -0.047
2.926 2.657 8.789 0.075 -0.039 0.096
2.863 3.110 8.225 0.169 0.026 0.386
2.916 3.249 8.451 0.318 0.100 0.663
3.326 3.245 8.890 0.480 0.083 0.902
3.583 3.559 8.640 0.593 0.109 1.088
3.412 3.616 8.782 0.679 0.307 1.199
3.252 4.132 9.436 0.620 0.374 1.279
3.165 4.175 9.837 0.548 0.255 1.417
3.019 3.875 8.799 0.534 0.096 1.502
2.962 3.995 8.230 0.524 0.150 1.649
3.228 3.743 8.734 0.526 0.162 1.803
3.369 3.046 8.194 0.555 0.152 1.846
3.458 2.784 7.835 0.535 0.230 1.789
3.583 2.703 8.115 0.480 0.333 1.717
3.719 2.408 8.477 0.403 0.340 1.616
3.729 2.247 8.398 0.305 0.276 1.478
3.868 2.048 8.424 0.249 0.253 1.359
4.065 1.966 8.659 0.201 0.219 1.236
3.868 1.815 8.456 0.175 0.169 1.153
3.839 1.245 8.441 0.192 0.171 1.042
4.070 1.141 9.712 0.187 0.186 0.866
4.305 0.681 9.849 0.196 -0.018 0.694
4.113 0.616 9.686 0.127 -0.164 0.538
4.077 0.477 8.592 0.076 -0.063 0.470
4.338 -0.113 10.403 0.072 0.319 0.413
3.635 -0.549 11.285 0.170 0.126 0.243
3.060 -0.307 9.245 0.160 -0.130 0.121
3.019 -0.621 8.173 0.094 -0.023 0.076
3.252 -0.578 8.734 -0.005 0.098 -0.009
3.026 -0.734 8.396 0.014 0.138 -0.124
2.861 -0.194 8.796 0.010 0.179 -0.243
3.218 0.204 9.314 -0.022 0.054 -0.212
3.470 -0.062 8.926 -0.036 -0.030 -0.174
3.516 -0.074 8.489 -0.026 -0.040 -0.181
3.511 -0.043 8.516 -0.022 0.032 -0.136
3.489 -0.480 8.796 -0.022 0.056 -0.125
3.398 -0.535 8.811 0.016 0.019 -0.151
3.266 -0.794 8.676 0.091 0.006 -0.204
3.317 -0.638 8.981 0.134 0.001 -0.322
3.341 0.043 9.360 0.161 -0.068 -0.423
3.362 0.736 9.405 0.096 -0.173 -0.446
3.194 1.307 9.482 -0.034 -0.211 -0.367
4.482 1.645 10.719 -0.112 -0.091 -0.294
4.022 1.899 11.321 -0.073 -0.272 -0.277
3.552 2.446 10.240 -0.023 -0.381 -0.358
3.223 2.616 8.041 0.076 -0.253 -0.403
3.223 3.597 9.041 -0.006 0.042 -0.384
2.990 3.851 9.271 -0.028 0.079 -0.272
2.717 3.803 8.787 -0.116 0.115 -0.093
2.743 2.671 8.542 -0.126 0.084 0.127
2.825 1.825 7.942 -0.121 -0.015 0.207
3.141 1.376 7.516 -0.127 0.005 0.208
3.276 1.252 7.635 -0.133 0.058 0.168
3.317 1.329 7.806 -0.120 0.095 0.109
3.249 1.626 8.091 -0.118 0.131 0.084
3.060 1.676 8.211 -0.100 0.141 0.058
2.882 2.156 8.667 -0.106 0.155 0.042
2.734 2.319 9.062 -0.149 0.152 0.063
3.046 2.453 10.084 -0.230 0.061 0.129
3.177 1.986 10.264 -0.240 -0.170 0.150
4.494 2.662 12.055 -0.340 0.032 0.200
3.933 1.436 11.314 -0.285 -0.207 0.337
2.844 0.928 9.036 -0.337 -0.266 0.347
1.695 0.621 8.017 -0.301 -0.119 0.448
2.859 0.007 9.487 -0.228 0.136 0.554
2.782 -1.026 9.897 -0.042 0.007 0.507
3.010 -0.499 9.266 0.102 0.036 0.301
2.748 0.662 9.348 0.196 0.133 0.341
2.741 0.547 9.427 0.290 0.110 0.468
2.854 0.595 8.782 0.332 0.003 0.527
2.916 0.576 8.170 0.329 0.021 0.622
3.058 0.360 8.482 0.329 0.082 0.698
2.811 0.163 8.326 0.359 0.086 0.718
2.559 0.180 7.892 0.389 0.155 0.729
2.365 0.429 8.808 0.416 0.277 0.770
2.487 0.540 9.662 0.470 0.240 0.841
3.185 0.671 10.477 0.532 0.215 0.862
3.036 0.976 10.048 0.563 0.108 0.874
3.988 1.530 11.084 0.524 0.264 0.898
2.204 1.139 8.854 0.535 0.046 0.933
2.259 1.523 7.719 0.455 0.173 0.874
2.444 1.782 9.038 0.450 0.457 0.898
2.628 1.624 10.012 0.442 0.414 0.799
2.398 2.223 9.612 0.381 0.276 0.683
2.336 2.350 9.254 0.330 0.183 0.674
2.578 2.110 8.827 0.345 0.117 0.600
2.592 2.384 8.482 0.387 0.180 0.473
2.640 2.894 8.837 0.361 0.258 0.401
2.643 3.225 9.247 0.300 0.255 0.391
2.655 3.288 9.048 0.241 0.169 0.399
2.631 3.525 8.535 0.178 0.198 0.459
2.734 3.257 8.909 0.146 0.265 0.585
2.655 2.861 8.760 0.134 0.272 0.620
2.612 2.863 8.957 0.142 0.310 0.642
2.415 2.921 9.213 0.103 0.307 0.675
2.468 2.643 9.271 0.076 0.260 0.722
2.463 2.353 9.221 0.091 0.262 0.706
2.429 2.314 9.559 0.104 0.249 0.663
2.369 2.396 9.511 0.082 0.169 0.617
2.652 2.259 9.448 0.056 0.063 0.578
2.724 2.213 8.722 0.032 -0.011 0.494
2.849 2.156 8.376 -0.006 0.051 0.420
3.079 2.225 8.818 -0.053 0.081 0.342
3.118 2.259 8.777 -0.085 0.065 0.323
3.132 1.760 8.362 -0.065 0.062 0.268
3.218 1.741 8.906 -0.064 0.209 0.167
3.571 1.854 10.034 -0.094 0.234 0.144
2.954 1.511 9.633 -0.124 0.050 0.160
2.329 1.460 8.266 -0.141 -0.085 0.251
2.156 0.564 8.115 -0.065 0.073 0.392
2.060 0.345 9.520 0.024 0.149 0.441
1.930 -0.326 9.736 0.132 0.063 0.410
1.674 0.436 9.808 0.132 0.023 0.339
1.602 0.278 9.796 0.292 0.009 0.386
1.480 0.535 9.734 0.262 -0.039 0.326
1.348 0.264 9.376 0.283 0.054 0.351
1.484 0.269 10.094 0.243 0.084 0.184
1.290 0.712 9.542 0.169 0.056 0.106
1.194 0.552 9.772 0.084 0.175 0.063
1.161 0.717 10.345 0.028 0.201 -0.066
1.106 1.151 10.662 0.031 0.134 -0.142
0.811 1.398 10.230 0.000 0.127 -0.175
0.746 1.520 10.588 -0.028 0.115 -0.155
0.743 1.314 10.456 -0.058 0.037 -0.144
0.777 1.228 10.506 -0.106 -0.032 -0.178
1.127 1.254 10.444 -0.140 -0.216 -0.179
1.341 0.904 9.564 -0.138 -0.282 -0.169
1.727 0.823 9.667 -0.113 -0.245 -0.217
1.796 1.245 9.614 -0.075 -0.229 -0.258
1.873 1.535 9.607 -0.093 -0.191 -0.220
1.892 1.281 9.729 -0.102 -0.153 -0.200
1.765 1.192 9.763 -0.129 -0.132 -0.230
1.719 0.909 10.161 -0.154 -0.126 -0.263
1.763 0.835 10.393 -0.162 -0.204 -0.325
1.871 0.633 9.993 -0.157 -0.293 -0.396
1.935 0.777 9.573 -0.217 -0.334 -0.495
2.199 0.811 9.679 -0.246 -0.374 -0.492
2.381 0.566 9.269 -0.240 -0.417 -0.507
2.453 0.362 8.681 -0.202 -0.409 -0.536
2.624 0.201 8.568 -0.225 -0.318 -0.593
2.777 0.285 8.981 -0.258 -0.278 -0.638
2.899 0.122 8.875 -0.241 -0.255 -0.698
2.820 0.381 8.926 -0.258 -0.204 -0.747
2.765 0.645 8.604 -0.267 -0.131 -0.745
2.851 1.118 9.012 -0.243 -0.043 -0.673
2.986 0.928 9.528 -0.160 -0.112 -0.578
2.935 1.101 8.859 -0.136 -0.149 -0.563
2.938 1.403 8.650 -0.140 -0.089 -0.501
3.139 1.408 9.101 -0.141 -0.023 -0.429
3.098 1.588 8.983 -0.129 -0.044 -0.377
3.197 1.729 8.484 -0.092 -0.006 -0.269
3.456 1.647 8.384 -0.039 0.037 -0.185
3.609 1.921 8.396 0.000 0.028 -0.131
3.875 2.098 8.317 0.059 0.015 -0.053
3.978 2.751 8.540 0.147 0.122 0.003
3.844 3.223 8.381 0.302 0.282 0.084
3.444 3.954 8.842 0.372 0.445 0.187
2.909 4.420 8.775 0.397 0.482 0.347
2.640 4.753 8.914 0.354 0.487 0.576
2.564 4.434 9.173 0.340 0.401 0.890
2.719 3.705 8.940 0.403 0.329 1.056
2.835 3.844 8.974 0.564 0.349 1.137
2.547 4.353 8.878 0.636 0.339 1.261
2.410 4.396 8.863 0.634 0.391 1.422
2.281 4.388 9.295 0.557 0.389 1.553
2.127 4.700 9.252 0.480 0.271 1.718
1.899 4.348 8.506 0.496 0.248 1.905
1.811 4.223 8.657 0.499 0.318 2.024
1.715 4.005 8.669 0.530 0.313 2.142
1.693 3.504 8.499 0.544 0.355 2.202
1.753 3.201 9.077 0.539 0.410 2.216
1.966 2.863 9.676 0.519 0.349 2.180
2.448 2.669 10.192 0.527 0.271 2.145
2.173 2.233 9.600 0.540 0.071 2.095
2.137 1.775 8.276 0.519 0.014 2.035
2.516 1.393 8.693 0.526 0.216 1.966
2.765 1.120 9.659 0.561 0.377 1.796
2.647 1.115 10.132 0.550 0.376 1.672
3.084 1.156 10.669 0.521 0.236 1.564
3.283 1.410 9.369 0.495 0.105 1.471
3.043 1.655 8.835 0.454 0.299 1.426
2.770 1.938 8.976 0.437 0.355 1.456
2.607 1.914 8.619 0.449 0.335 1.505
2.691 1.981 8.676 0.470 0.345 1.553
2.854 1.628 8.571 0.486 0.301 1.607
2.863 1.240 8.288 0.493 0.289 1.568
2.966 1.357 8.444 0.506 0.312 1.486
2.928 1.367 8.537 0.502 0.284 1.444
2.954 1.209 8.674 0.477 0.262 1.379
2.959 1.384 8.758 0.415 0.224 1.291
2.878 1.504 8.933 0.394 0.225 1.261
3.007 1.621 9.777 0.378 0.258 1.240
4.058 2.216 10.633 0.305 0.263 1.250
3.640 2.528 11.748 0.277 0.116 1.325
2.916 2.400 9.871 0.365 -0.076 1.262
3.307 2.976 8.523 0.464 -0.014 1.282
3.722 2.988 9.144 0.494 0.224 1.302
3.465 2.983 8.803 0.508 0.232 1.228
2.832 3.480 8.070 0.420 0.362 1.213
2.319 3.254 8.393 0.407 0.496 1.305
2.386 3.026 9.029 0.417 0.353 1.290
2.535 3.000 8.302 0.419 0.157 1.296
2.715 2.566 7.530 0.425 0.119 1.259
2.755 2.681 7.386 0.396 0.208 1.162
2.777 2.930 8.273 0.363 0.229 1.083
2.823 2.770 8.568 0.299 0.144 0.996
2.717 2.743 8.707 0.236 0.003 0.881
3.129 2.518 8.832 0.218 -0.054 0.787
2.887 2.408 9.036 0.210 -0.121 0.660
4.048 3.700 12.261 0.081 0.267 0.655
3.247 2.585 11.518 0.138 -0.088 0.807
2.506 2.161 8.818 0.105 -0.202 0.881
3.412 2.086 9.547 0.183 0.160 1.033
3.655 1.820 10.923 0.233 0.144 1.171
3.576 0.911 9.168 0.349 0.003 1.188
3.103 1.125 8.098 0.388 0.162 1.125
2.813 1.379 8.312 0.488 0.256 1.168
2.868 1.530 8.242 0.547 0.244 1.182
2.806 2.077 8.146 0.596 0.226 1.243
2.950 2.259 8.034 0.626 0.209 1.400
2.887 1.844 7.820 0.625 0.214 1.551
2.902 1.530 7.667 0.634 0.293 1.611
3.086 1.626 8.631 0.678 0.424 1.662
3.369 1.367 9.472 0.717 0.417 1.681
3.233 1.422 9.398 0.677 0.300 1.632
3.192 1.993 9.192 0.624 0.314 1.611
4.499 2.820 11.233 0.522 0.590 1.689
3.331 2.787 11.369 0.508 0.435 1.794
2.376 2.739 9.801 0.529 0.150 1.822
2.506 2.777 7.916 0.563 0.009 1.945
3.285 1.887 7.914 0.578 0.249 1.887
3.266 2.564 8.894 0.622 0.501 1.667
3.129 3.307 9.631 0.601 0.508 1.651
2.909 2.640 9.252 0.597 0.394 1.716
2.782 2.317 8.249 0.579 0.255 1.627
2.784 2.631 8.041 0.581 0.354 1.597
2.787 2.492 8.724 0.546 0.347 1.551
2.827 2.448 8.568 0.543 0.274 1.453
2.775 2.427 8.753 0.536 0.265 1.347
2.835 2.477 9.108 0.473 0.113 1.194
2.765 2.230 8.312 0.429 0.045 0.980
3.070 2.875 8.923 0.305 0.095 0.783
2.530 2.938 9.074 0.180 0.046 0.800
3.206 2.271 9.504 0.098 0.163 0.834
2.688 1.875 10.571 -0.006 0.055 0.911
2.463 1.216 8.348 0.030 -0.093 1.014
2.880 0.861 9.216 0.164 0.403 1.076
2.676 1.031 10.628 0.301 0.494 1.067
2.578 1.029 10.674 0.371 0.477 1.101
2.412 0.460 11.094 0.419 0.327 1.081
2.528 0.374 9.475 0.436 0.033 0.931
2.712 0.717 8.216 0.415 0.027 0.848
2.993 0.868 8.391 0.393 0.099 0.840
2.909 0.576 8.120 0.386 0.113 0.784
2.657 0.897 7.964 0.343 0.247 0.721
2.434 1.194 8.818 0.286 0.353 0.716
2.580 1.492 9.432 0.260 0.334 0.737
2.446 1.760 10.163 0.267 0.364 0.750
2.727 2.139 11.079 0.291 0.366 0.768
2.254 2.036 10.233 0.347 0.069 0.832
2.225 1.808 8.528 0.368 -0.001 0.792
2.561 2.293 8.918 0.309 0.069 0.846
2.715 1.523 8.528 0.283 0.083 0.863
2.717 1.554 8.624 0.243 0.173 0.774
2.743 1.703 9.019 0.250 0.225 0.753
2.911 1.686 9.597 0.267 0.191 0.709
2.851 2.137 9.444 0.319 0.101 0.714
2.942 1.405 9.432 0.433 0.047 0.698
2.688 2.168 9.038 0.396 -0.033 0.541
2.597 2.333 8.559 0.387 0.012 0.624
2.890 1.101 9.005 0.332 0.046 0.482
2.472 2.055 8.496 0.184 0.039 0.264
2.221 2.031 8.815 0.154 0.184 0.281
2.446 1.590 10.113 0.084 0.157 0.218
2.122 1.707 9.266 0.013 -0.017 0.104
2.017 1.947 9.096 -0.031 0.125 0.097
2.096 1.607 9.825 -0.015 0.105 0.087
2.024 1.420 9.506 -0.056 0.063 0.010
2.319 1.245 9.808 -0.084 0.047 -0.099
2.317 1.624 9.964 -0.126 -0.058 -0.259
2.237 1.871 9.139 -0.158 -0.129 -0.331
2.434 2.019 9.127 -0.191 -0.096 -0.311
2.681 1.796 8.813 -0.140 -0.061 -0.309
3.072 2.010 9.456 -0.085 -0.017 -0.331
2.892 1.722 8.832 -0.072 -0.122 -0.341
2.969 1.669 8.861 -0.138 -0.027 -0.368
3.041 1.679 9.424 -0.124 -0.113 -0.348
2.837 1.969 8.683 -0.145 -0.129 -0.314
2.986 2.070 8.916 -0.130 -0.051 -0.150
2.839 1.302 8.568 -0.081 -0.047 -0.076
2.271 2.153 8.321 -0.051 0.119 -0.053
2.942 2.264 9.580 0.067 0.206 0.118
3.065 2.400 10.038 0.109 0.077 0.167
2.847 2.772 9.115 0.217 0.010 0.265
2.631 2.933 8.784 0.216 0.160 0.400
2.616 4.113 9.995 0.163 0.126 0.659
2.787 3.170 9.089 0.310 0.002 0.944
2.746 3.444 8.801 0.334 0.035 1.029
2.691 3.758 8.619 0.398 0.106 1.186
2.652 3.307 8.758 0.435 0.226 1.311
2.403 3.624 8.849 0.400 0.267 1.361
2.288 3.470 9.072 0.400 0.298 1.460
2.381 3.345 9.583 0.383 0.249 1.491
2.422 3.312 9.388 0.376 0.130 1.526
2.590 2.983 8.935 0.364 0.089 1.546
2.779 2.938 8.851 0.347 0.052 1.525
2.938 2.628 8.561 0.356 0.026 1.532
3.177 2.187 8.489 0.376 0.053 1.470
3.225 2.204 8.341 0.374 0.083 1.374
3.482 2.012 8.640 0.370 0.125 1.299
3.549 1.635 8.590 0.325 0.084 1.190
3.506 1.213 8.331 0.278 0.075 1.075
3.772 0.657 8.698 0.283 0.121 0.944
3.674 0.300 8.624 0.262 0.119 0.755
3.894 0.060 9.647 0.224 0.143 0.571
4.225 -0.379 9.626 0.155 0.051 0.329
4.252 0.242 9.451 0.018 0.085 0.185
4.276 -0.153 9.580 -0.036 0.195 0.154
3.966 -0.240 9.710 -0.045 0.144 0.048
3.854 0.122 9.309 -0.010 -0.038 -0.036
3.902 0.043 8.540 -0.029 -0.185 -0.045
4.065 -0.106 8.144 -0.046 -0.219 -0.079
4.209 -0.029 8.237 -0.015 -0.212 -0.108
4.173 -0.046 7.969 0.013 -0.199 -0.097
4.177 -0.302 7.909 0.017 -0.098 -0.101
4.101 -0.376 8.487 0.017 -0.010 -0.128
3.894 -0.290 8.741 0.015 -0.017 -0.153
3.588 -0.386 8.695 0.005 -0.043 -0.143
3.981 -0.532 9.357 0.030 -0.031 -0.197
5.367 0.422 11.259 0.010 -0.051 -0.281
4.703 0.540 10.472 0.121 -0.293 -0.350
3.091 1.038 9.504 0.124 -0.143 -0.639
3.465 2.014 9.990 0.124 -0.014 -0.871
2.906 3.247 9.966 -0.044 -0.095 -0.957
2.379 3.458 9.060 -0.195 -0.092 -0.819
2.465 2.940 8.844 -0.345 -0.070 -0.656
2.772 2.113 8.432 -0.333 -0.162 -0.515
3.120 1.590 7.782 -0.282 -0.223 -0.476
3.420 1.499 7.343 -0.228 -0.191 -0.476
3.643 1.638 7.288 -0.192 -0.075 -0.488
3.799 1.729 7.731 -0.197 -0.005 -0.499
3.683 2.034 7.859 -0.234 0.004 -0.497
3.609 2.281 7.693 -0.268 0.004 -0.455
3.669 2.484 8.343 -0.306 0.043 -0.375
3.815 2.434 8.669 -0.307 0.005 -0.317
3.657 2.669 8.758 -0.334 -0.042 -0.187
3.974 1.950 9.499 -0.294 -0.083 -0.054
3.743 1.635 9.417 -0.218 -0.155 -0.073
4.861 2.127 11.372 -0.179 0.112 -0.058
3.734 1.501 10.950 -0.112 -0.081 -0.043
2.559 1.962 9.566 -0.162 -0.117 0.059
3.036 1.612 10.245 -0.154 0.032 0.321
3.326 1.058 10.791 -0.082 -0.079 0.458
3.276 0.513 9.199 0.066 -0.183 0.454
2.899 1.053 8.237 0.147 0.015 0.443
2.650 0.993 8.223 0.227 0.164 0.544
2.408 0.916 8.120 0.263 0.227 0.571
2.343 1.225 8.506 0.304 0.240 0.622
2.259 1.326 8.480 0.341 0.176 0.698
2.300 1.619 8.410 0.342 0.135 0.827
2.571 1.432 8.269 0.376 0.122 0.972
2.832 1.444 8.837 0.379 0.199 1.096
3.249 1.091 9.151 0.405 0.235 1.161
3.218 1.192 9.393 0.407 0.321 1.193
2.928 1.144 9.830 0.442 0.397 1.236
3.278 1.669 10.240 0.394 0.341 1.277
2.861 2.137 10.815 0.289 0.212 1.412
3.182 1.384 10.086 0.326 0.130 1.437
2.837 0.974 8.861 0.420 0.326 1.214
2.902 2.305 10.403 0.454 0.386 0.898
2.314 2.638 9.355 0.415 0.262 0.769
2.098 2.866 9.333 0.266 0.184 0.682
2.209 2.849 8.971 0.170 0.066 0.667
2.470 2.415 8.571 0.127 -0.003 0.645
2.566 2.372 8.427 0.129 0.005 0.559
2.446 2.374 8.338 0.186 0.021 0.469
2.590 2.628 8.741 0.214 0.072 0.393
2.823 2.561 9.074 0.242 0.067 0.339
2.873 2.633 9.074 0.185 0.051 0.283
2.835 2.230 8.995 0.095 0.079 0.321
3.170 2.024 9.674 0.058 0.040 0.272
3.396 2.146 9.499 0.078 -0.045 0.266
3.544 1.986 9.139 0.092 -0.088 0.286
3.528 2.091 8.638 0.122 -0.098 0.311
3.489 2.031 8.475 0.108 -0.062 0.394
3.249 2.019 8.293 0.078 -0.007 0.530
3.523 1.249 9.014 0.136 0.064 0.619
3.566 1.314 9.285 0.114 -0.039 0.546
3.393 1.621 8.782 0.175 -0.094 0.605
3.348 0.835 8.549 0.288 -0.001 0.574
3.132 1.333 8.626 0.277 0.059 0.552
3.170 0.504 8.818 0.272 0.187 0.483
2.947 0.859 9.161 0.186 0.201 0.314
2.743 1.388 8.952 0.125 0.239 0.255
2.715 1.302 9.511 0.097 0.239 0.258
2.518 0.902 9.285 0.092 0.187 0.241
2.602 0.554 9.683 0.033 0.194 0.135
2.707 0.508 10.194 0.007 0.100 0.002
2.818 0.626 9.703 -0.019 -0.046 -0.149
2.923 1.197 9.578 -0.019 -0.070 -0.277
3.007 1.906 9.405 -0.013 -0.178 -0.297
2.976 1.537 8.384 -0.050 -0.146 -0.250
2.993 1.139 8.772 -0.098 0.007 -0.317
3.024 1.516 9.511 -0.145 0.018 -0.419
2.966 1.849 9.338 -0.150 -0.078 -0.405
2.823 1.482 8.830 -0.195 -0.029 -0.370
2.978 1.295 9.647 -0.259 -0.051 -0.373
2.990 1.106 9.072 -0.286 -0.112 -0.389
3.026 0.930 8.906 -0.272 -0.077 -0.410
3.257 0.782 9.348 -0.242 -0.059 -0.437
3.180 0.669 9.504 -0.227 -0.161 -0.462
3.132 1.034 8.890 -0.233 -0.215 -0.436
3.221 0.739 8.580 -0.175 -0.140 -0.357
3.324 0.813 8.909 -0.131 -0.002 -0.392
3.273 1.247 9.281 -0.060 -0.028 -0.353
3.235 1.019 8.832 -0.032 -0.029 -0.347
3.168 1.432 8.830 -0.036 0.049 -0.381
3.305 1.695 9.209 -0.048 0.054 -0.334
3.451 1.571 9.041 -0.028 0.012 -0.308
3.410 2.017 8.820 -0.015 0.006 -0.285
3.228 2.518 8.741 -0.001 0.009 -0.137
3.508 2.427 8.475 0.061 0.016 0.038
3.655 2.633 8.688 0.148 0.058 0.157
3.544 3.103 8.573 0.203 0.122 0.300
3.388 3.456 8.844 0.223 0.166 0.578
3.376 3.530 8.703 0.371 0.210 0.837
2.916 3.849 8.787 0.461 0.342 1.059
2.746 4.132 9.324 0.480 0.362 1.301
2.468 3.966 9.535 0.569 0.318 1.502
2.367 4.077 9.261 0.645 0.259 1.652
2.257 3.988 9.062 0.686 0.211 1.836
2.242 3.494 8.516 0.765 0.231 1.908
2.317 3.789 9.012 0.767 0.256 1.938
2.446 3.628 9.036 0.807 0.198 1.985
2.489 3.976 8.638 0.802 0.187 2.006
2.465 3.952 8.501 0.770 0.239 2.128
2.532 3.254 8.456 0.715 0.256 2.202
2.626 2.715 8.595 0.690 0.289 2.195
2.861 2.336 9.194 0.672 0.277 2.144
3.077 1.827 9.549 0.669 0.187 2.072
3.158 1.297 9.772 0.644 -0.026 1.971
3.415 1.360 8.532 0.601 -0.058 1.885
3.422 0.926 8.724 0.638 0.163 1.883
3.974 0.710 9.782 0.673 0.211 1.780
4.257 1.432 9.866 0.693 0.117 1.710
4.053 0.868 8.494 0.743 0.266 1.672
3.597 1.571 8.722 0.732 0.478 1.600
3.365 1.839 9.120 0.741 0.475 1.638
3.317 1.664 8.763 0.695 0.360 1.682
3.571 1.218 8.221 0.652 0.272 1.722
3.650 0.942 7.683 0.689 0.275 1.647
3.647 1.293 7.583 0.728 0.390 1.597
3.671 1.086 8.053 0.776 0.436 1.597
3.698 1.110 8.216 0.797 0.409 1.546
3.724 1.312 8.396 0.842 0.366 1.531
4.233 1.082 9.041 0.838 0.350 1.490
4.710 1.065 9.165 0.770 0.315 1.357
4.710 1.609 9.281 0.694 0.324 1.245
5.194 2.484 10.686 0.569 0.453 1.237
4.559 2.376 10.324 0.602 0.399 1.197
3.182 3.573 8.964 0.620 0.308 1.110
3.959 4.362 9.285 0.701 0.357 1.247
3.820 3.942 9.218 0.792 0.374 1.251
3.501 4.681 8.278 0.738 0.386 1.174
2.477 5.403 7.823 0.588 0.535 1.363
2.158 4.300 7.906 0.585 0.543 1.583
2.281 3.705 7.837 0.578 0.429 1.621
2.391 3.341 7.547 0.604 0.347 1.597
2.600 3.386 7.240 0.586 0.313 1.509
2.926 3.561 7.693 0.528 0.354 1.443
2.986 3.683 8.072 0.405 0.315 1.339
2.974 3.736 8.218 0.292 0.267 1.267
3.086 3.518 8.482 0.193 0.215 1.198
3.405 3.482 9.942 0.086 0.161 1.161
4.914 3.775 10.106 0.049 0.204 1.131
3.269 2.612 10.237 0.038 0.078 1.342
2.628 1.470 9.341 -0.002 0.052 1.400
3.381 0.849 10.077 0.168 0.246 1.452
3.592 0.480 10.336 0.290 0.262 1.386
3.508 0.494 9.312 0.388 0.256 1.296
3.312 0.643 8.772 0.426 0.328 1.195
3.055 1.019 8.436 0.427 0.291 1.184
3.204 0.700 8.324 0.476 0.218 1.190
3.192 0.693 7.729 0.525 0.154 1.112
3.240 1.180 7.417 0.541 0.198 1.068
3.269 1.468 7.719 0.524 0.199 1.100
3.046 1.523 7.221 0.502 0.233 1.164
3.031 1.691 7.647 0.531 0.411 1.228
3.357 2.019 9.343 0.541 0.514 1.326
3.412 2.221 9.866 0.580 0.443 1.397
4.731 3.285 11.376 0.520 0.772 1.474
2.748 3.384 11.067 0.526 0.657 1.652
2.592 3.165 10.278 0.590 0.470 1.629
2.487 3.871 9.077 0.630 0.377 1.654
2.609 3.185 9.031 0.637 0.544 1.716
2.537 3.410 9.357 0.544 0.475 1.581
2.185 3.424 8.499 0.455 0.337 1.603
1.971 2.990 7.561 0.417 0.322 1.590
1.966 3.206 8.070 0.429 0.461 1.572
2.050 3.278 9.017 0.503 0.408 1.553
1.873 3.417 8.758 0.511 0.334 1.545
1.813 2.868 8.899 0.475 0.337 1.511
1.849 2.760 9.432 0.383 0.234 1.398
1.823 2.633 9.046 0.349 0.030 1.259
1.940 2.974 8.679 0.279 0.060 1.132
2.758 2.758 10.470 0.224 0.176 1.075
3.460 2.484 12.468 0.164 0.108 0.964
1.724 1.945 8.626 0.098 -0.248 0.895
1.288 1.480 6.436 -0.021 0.031 0.996
2.129 0.669 9.612 0.003 0.437 0.988
2.957 1.122 10.808 0.049 0.048 0.824
3.182 1.163 9.153 0.084 0.054 0.866
3.053 0.336 9.640 0.127 0.242 0.803
2.866 0.705 9.954 0.145 0.204 0.681
2.662 0.578 9.400 0.222 0.121 0.656
2.475 0.619 8.760 0.264 0.044 0.527
2.206 1.707 8.137 0.222 0.016 0.501
1.880 1.993 7.511 0.168 0.112 0.683
1.988 1.146 8.170 0.176 0.373 0.814
2.209 0.935 10.197 0.194 0.435 0.772
2.410 1.326 10.871 0.188 0.322 0.750
2.417 0.971 10.820 0.236 0.175 0.720
2.324 1.372 10.540 0.248 0.017 0.652
2.149 1.367 9.290 0.272 -0.167 0.650
2.717 0.976 8.547 0.240 -0.112 0.603
2.988 0.806 8.679 0.146 -0.039 0.359
2.844 2.029 8.638 0.079 -0.024 0.265
2.554 1.453 8.312 0.100 0.051 0.326
2.240 1.086 8.089 0.067 0.214 0.249
1.966 1.338 8.911 0.058 0.428 0.191
1.861 1.163 10.249 0.050 0.447 0.140
1.734 1.165 10.765 0.013 0.215 0.060
1.827 1.007 10.149 -0.022 0.078 -0.021
2.086 1.276 10.273 -0.031 -0.040 -0.105
2.235 1.331 9.547 -0.004 -0.127 -0.191
2.259 1.566 9.276 -0.007 -0.168 -0.234
2.412 1.432 9.053 -0.017 -0.131 -0.231
2.542 1.556 9.496 -0.059 -0.142 -0.231
2.446 1.604 9.048 -0.093 -0.196 -0.167
2.221 1.233 8.796 -0.091 -0.091 -0.133
2.096 1.755 9.609 -0.071 -0.042 -0.063
2.113 1.393 9.451 0.018 -0.076 0.079
2.187 1.516 9.856 0.063 -0.070 0.100
2.317 1.688 9.918 0.113 -0.181 0.137
2.470 1.410 9.000 0.101 -0.207 0.152
2.626 1.717 9.029 0.071 -0.138 0.158
2.755 1.585 8.794 0.081 -0.097 0.170
2.705 1.928 8.657 0.055 -0.058 0.181
2.741 2.084 8.324 0.046 -0.032 0.255
2.892 2.180 8.695 0.052 0.052 0.365
3.089 2.439 9.151 0.087 0.035 0.477
3.341 2.580 9.024 0.197 0.059 0.628
3.209 2.772 9.264 0.297 0.171 0.720
3.101 3.362 9.700 0.347 0.220 0.831
2.803 3.842 9.719 0.382 0.071 1.084
2.911 3.300 8.638 0.426 -0.011 1.296
2.892 3.715 8.640 0.482 0.070 1.457
2.986 3.300 8.712 0.593 0.100 1.584
3.086 3.077 8.707 0.595 0.122 1.583
3.163 3.074 8.628 0.546 0.136 1.561
3.245 2.933 8.547 0.462 0.158 1.518
3.209 2.830 8.588 0.386 0.147 1.457
3.249 2.597 8.302 0.318 0.136 1.399
3.374 2.230 8.564 0.265 0.159 1.329
3.573 1.966 8.813 0.241 0.095 1.210
3.501 1.823 8.341 0.260 0.040 1.082
3.456 1.559 7.983 0.272 0.095 0.971
3.837 1.300 8.784 0.259 0.190 0.848
3.693 1.225 9.540 0.232 0.056 0.724
4.053 1.108 9.784 0.231 -0.082 0.608
4.106 0.624 8.386 0.220 -0.020 0.535
4.199 0.415 10.074 0.122 0.353 0.536
3.923 -0.158 10.722 0.105 0.274 0.480
3.866 -0.082 10.482 0.044 0.093 0.453
3.784 -0.942 9.185 0.113 0.064 0.448
3.604 -1.206 8.758 0.154 0.045 0.249
3.504 -0.657 8.458 0.127 0.021 0.092
3.475 -0.705 8.031 0.093 -0.004 0.011
3.640 -0.242 8.151 0.040 0.003 -0.058
3.794 -0.141 8.504 0.072 0.001 -0.016
3.825 -0.350 8.170 0.113 -0.001 -0.031
3.892 -0.050 8.830 0.158 0.070 -0.017
3.784 -0.612 9.046 0.271 0.000 0.004
3.700 -1.017 8.463 0.288 -0.037 -0.145
3.544 -0.173 8.842 0.252 -0.032 -0.267
3.849 -0.094 9.489 0.257 -0.144 -0.325
3.988 0.518 9.554 0.211 -0.295 -0.447
4.854 1.544 10.350 0.111 -0.208 -0.461
4.038 1.686 10.415 0.095 -0.297 -0.491
3.132 2.285 9.424 -0.017 -0.249 -0.676
2.127 3.365 8.820 -0.140 -0.019 -0.719
2.626 4.029 10.918 -0.248 0.136 -0.571
2.669 3.583 10.288 -0.246 -0.029 -0.431
2.825 3.091 9.643 -0.272 -0.085 -0.321
2.703 2.604 8.794 -0.261 -0.162 -0.218
2.873 2.177 7.624 -0.256 -0.168 -0.120
3.149 1.664 7.518 -0.233 -0.111 -0.065
3.528 1.513 8.206 -0.200 -0.135 -0.067
3.616 1.353 7.724 -0.171 -0.250 -0.115
3.588 2.118 7.264 -0.229 -0.190 -0.128
3.837 2.019 7.626 -0.194 -0.093 -0.044
3.904 2.348 7.655 -0.178 -0.031 0.005
3.755 2.314 7.727 -0.146 0.080 0.083
3.600 2.139 8.240 -0.138 0.177 0.111
3.628 2.103 9.381 -0.150 0.188 0.114
3.436 1.933 9.616 -0.115 0.029 0.087
3.600 2.439 12.633 -0.249 0.147 0.161
3.048 1.861 11.528 -0.229 -0.030 0.261
2.751 1.592 9.319 -0.239 -0.098 0.453
2.827 0.365 9.945 -0.144 0.242 0.691
2.906 -0.417 11.252 0.018 0.255 0.657
2.866 -0.240 10.199 0.198 0.071 0.509
2.595 0.266 8.964 0.213 -0.013 0.420
2.528 0.782 7.986 0.224 -0.048 0.464
2.535 0.770 7.213 0.299 0.043 0.558
2.679 1.048 7.554 0.360 0.151 0.652
2.614 0.930 7.542 0.396 0.197 0.765
2.508 1.127 7.784 0.405 0.275 0.835
2.767 1.149 8.647 0.445 0.306 0.960
3.233 0.803 9.082 0.465 0.283 1.036
3.319 0.820 9.659 0.456 0.366 1.042
2.971 1.257 9.600 0.443 0.358 1.001
4.000 2.230 10.676 0.327 0.538 1.047
3.408 2.043 9.986 0.253 0.368 1.138
2.957 1.624 8.926 0.250 0.468 0.989
2.221 2.554 9.667 0.261 0.726 0.826
2.273 2.566 10.141 0.308 0.627 0.724
2.026 2.806 9.400 0.301 0.492 0.607
1.827 3.060 8.861 0.272 0.411 0.561
1.691 2.734 8.559 0.245 0.355 0.559
1.806 2.561 8.293 0.249 0.272 0.480
1.787 2.578 7.909 0.294 0.181 0.444
1.835 2.412 7.084 0.321 0.110 0.372
1.619 2.482 6.446 0.294 0.155 0.314
1.221 2.290 6.031 0.227 0.159 0.289
1.290 1.621 5.902 0.223 0.137 0.217
1.010 1.935 5.887 0.170 0.095 0.093
1.187 2.381 5.417 0.097 0.072 0.182
1.122 1.317 5.674 0.103 0.168 0.294
1.360 1.091 6.729 0.102 0.290 0.115
1.480 2.326 8.297 0.141 0.078 0.233
2.132 0.434 8.784 0.379 -0.035 0.121
1.818 2.892 9.446 0.239 -0.206 -0.097
1.878 3.026 9.177 0.340 -0.204 0.103
1.688 3.007 9.952 0.165 0.030 0.099
1.688 3.199 11.693 0.321 0.058 0.190
1.216 4.065 11.343 0.076 -0.018 0.154
1.317 3.134 12.796 0.162 0.173 0.392
1.827 2.161 13.914 0.168 -0.095 0.188
1.676 3.820 11.525 0.157 -0.250 0.054
2.074 3.120 12.806 0.304 -0.036 0.195
1.983 3.808 12.053 0.242 -0.143 0.001
1.619 3.849 11.784 0.233 -0.016 0.089
1.863 3.278 12.290 0.147 -0.117 0.020
1.861 3.880 11.127 0.129 -0.237 -0.036
1.520 4.031 10.604 0.026 -0.135 0.027
1.767 3.252 10.806 -0.125 -0.183 0.099
2.005 2.588 10.506 -0.146 -0.273 0.061
2.153 2.635 9.998 -0.147 -0.329 -0.047
2.523 2.784 9.679 -0.085 -0.398 -0.020
2.775 2.362 8.782 -0.093 -0.403 -0.084
2.998 3.010 9.170 -0.106 -0.289 -0.081
3.053 2.480 9.046 -0.103 -0.181 -0.101
2.938 3.230 10.079 -0.177 -0.020 -0.158
2.923 3.242 11.288 -0.175 -0.032 -0.114
2.832 3.353 11.659 -0.214 -0.194 -0.185
2.897 3.494 11.264 -0.244 -0.319 -0.109
3.213 2.878 11.139 -0.234 -0.345 -0.073
3.592 2.820 10.935 -0.240 -0.456 -0.081
3.480 2.372 9.875 -0.244 -0.470 -0.092
3.470 2.400 10.444 -0.239 -0.415 -0.129
3.525 2.501 9.890 -0.180 -0.593 -0.164
3.619 2.453 9.084 -0.175 -0.619 -0.155
3.297 2.247 7.933 -0.161 -0.589 -0.171
2.988 2.096 6.508 -0.293 -0.600 -0.082
3.139 0.671 3.923 -0.341 -0.640 0.112
4.014 -0.537 3.129 -0.158 -0.470 0.111
4.484 -0.465 3.552 0.122 -0.581 0.010
5.751 0.436 3.753 0.351 -0.576 -0.184
5.957 2.688 4.835 0.324 -0.294 -0.171
5.187 2.935 5.787 0.285 0.315 -0.179
4.868 4.897 10.235 0.000 0.968 -0.230
4.273 5.640 13.897 -0.091 0.729 -0.031
3.470 4.751 12.137 -0.089 0.370 0.121
3.247 2.911 11.940 -0.163 0.242 0.286
3.621 1.070 10.767 -0.250 0.059 0.117
3.628 1.309 9.050 -0.321 0.052 -0.164
3.552 1.173 8.122 -0.292 0.180 -0.236
3.460 1.240 7.914 -0.370 0.319 -0.344
3.779 1.674 8.667 -0.437 0.329 -0.282
3.859 1.036 8.141 -0.382 0.237 -0.278
3.281 0.882 6.978 -0.252 0.256 -0.301
3.273 1.508 8.540 -0.272 0.267 -0.255
3.448 0.871 7.880 -0.169 -0.059 -0.190
3.278 0.614 6.050 -0.158 -0.105 -0.262
3.240 0.520 5.494 -0.186 0.190 -0.322
3.875 0.604 7.847 -0.174 0.452 -0.465
3.971 1.283 8.818 -0.129 0.285 -0.527
3.482 1.518 7.540 -0.078 0.273 -0.492
3.225 1.789 8.652 -0.104 0.486 -0.411
3.300 1.839 9.477 -0.053 0.391 -0.322
3.199 1.698 8.950 0.015 0.331 -0.260
2.875 1.942 8.906 0.001 0.393 -0.251
2.767 2.480 9.266 -0.007 0.355 -0.165
2.674 2.297 8.751 0.021 0.298 -0.023
2.662 2.751 9.122 0.039 0.349 0.108
2.739 3.067 9.815 0.166 0.255 0.319
2.683 3.532 9.849 0.215 0.177 0.503
2.204 4.120 9.197 0.249 0.065 0.740
1.573 4.372 8.271 0.309 0.215 1.031
1.453 5.014 9.621 0.420 0.356 1.312
1.058 5.396 9.873 0.522 0.264 1.588
0.875 5.194 9.818 0.673 0.224 1.815
0.671 5.168 9.537 0.719 0.184 1.924
0.803 5.276 9.357 0.701 0.095 2.134
1.266 4.333 9.089 0.658 0.004 2.256
1.554 3.959 8.456 0.609 -0.021 2.256
1.935 3.643 8.492 0.583 0.020 2.249
2.211 3.369 8.432 0.551 0.014 2.201
2.141 3.062 7.791 0.565 0.044 2.174
2.084 2.928 7.923 0.594 0.234 2.133
2.381 2.463 8.679 0.640 0.253 2.140
3.765 1.880 10.549 0.638 0.378 2.044
2.789 1.535 9.060 0.603 0.104 1.870
2.604 1.686 8.468 0.507 0.342 1.885
3.441 0.580 11.036 0.559 0.510 1.800
3.254 1.475 10.084 0.459 0.185 1.595
2.921 1.806 8.669 0.446 0.295 1.669
2.748 1.484 8.832 0.443 0.470 1.720
2.547 1.827 9.024 0.454 0.471 1.785
2.607 1.556 8.928 0.556 0.435 1.902
2.688 1.295 8.662 0.628 0.401 1.958
2.676 1.031 8.544 0.637 0.395 1.952
2.775 0.887 8.532 0.655 0.397 1.906
2.894 0.695 9.014 0.714 0.398 1.817
3.005 0.782 8.847 0.731 0.283 1.656
3.127 0.863 8.655 0.678 0.256 1.501
3.487 1.031 9.074 0.601 0.231 1.356
3.688 1.350 9.293 0.551 0.146 1.251
3.842 1.885 9.216 0.562 0.043 1.214
3.887 1.887 8.691 0.530 0.039 1.209
4.775 2.465 9.556 0.412 0.266 1.216
4.379 2.988 11.101 0.321 0.337 1.264
2.904 2.906 10.312 0.334 0.146 1.328
3.758 2.432 9.276 0.454 0.098 1.363
3.873 2.211 8.791 0.610 0.124 1.197
3.468 3.216 7.906 0.567 0.183 1.042
2.693 3.856 7.290 0.426 0.334 1.125
2.556 3.650 8.110 0.375 0.469 1.274
2.436 3.458 8.434 0.363 0.327 1.415
2.604 2.827 7.940 0.431 0.286 1.538
2.775 2.460 8.233 0.501 0.283 1.547
2.890 2.252 8.163 0.534 0.253 1.458
2.916 2.477 8.408 0.489 0.225 1.390
3.153 1.892 8.501 0.464 0.176 1.261
2.983 2.213 8.777 0.372 0.098 1.031
3.595 2.137 9.698 0.305 0.049 0.912
5.379 2.453 11.175 0.220 0.086 0.770
4.372 2.691 11.122 0.145 -0.132 0.745
2.710 2.576 8.588 0.072 -0.140 0.821
2.062 1.856 7.887 0.136 0.271 1.080
3.242 1.302 11.549 0.214 0.407 1.161
3.211 1.005 10.046 0.360 0.125 1.120
3.137 1.151 8.921 0.404 0.182 1.116
3.058 1.161 9.470 0.412 0.227 1.145
3.036 1.007 8.530 0.477 0.060 1.126
3.158 1.429 7.492 0.559 0.052 1.111
3.199 1.638 7.158 0.606 0.177 1.174
3.245 1.602 7.571 0.577 0.285 1.235
3.230 1.295 8.005 0.581 0.283 1.296
3.197 1.664 7.887 0.544 0.258 1.322
3.285 1.861 8.379 0.535 0.363 1.460
3.436 1.727 9.194 0.563 0.471 1.559
3.755 1.782 9.674 0.626 0.521 1.546
3.297 3.484 12.767 0.470 0.707 1.642
2.530 2.573 10.252 0.675 0.370 1.710
2.535 3.849 8.782 0.720 0.387 1.579
2.583 4.285 9.887 0.720 0.645 1.701
2.664 3.640 10.434 0.602 0.556 1.681
2.132 4.043 9.489 0.415 0.386 1.681
1.820 3.141 8.643 0.400 0.253 1.776
1.871 2.715 7.667 0.445 0.246 1.765
1.902 2.513 8.115 0.515 0.301 1.739
2.201 2.444 8.168 0.570 0.251 1.640
2.326 2.705 8.573 0.551 0.268 1.540
2.477 2.707 8.974 0.487 0.225 1.454
2.664 2.412 9.276 0.456 0.133 1.357
2.882 2.357 9.235 0.412 0.044 1.212
3.065 2.317 9.408 0.363 -0.003 1.150
3.158 2.007 9.173 0.325 0.026 1.048
2.847 2.082 10.631 0.292 0.224 0.984
1.643 1.698 7.875 0.162 -0.001 0.950
1.990 1.540 7.585 0.040 0.235 1.059
2.909 0.926 10.712 0.050 0.498 1.071
3.108 0.856 10.818 0.195 0.294 0.875
2.763 1.367 10.376 0.272 0.318 0.837
2.719 1.225 10.511 0.264 0.183 0.807
2.683 1.218 9.367 0.260 0.013 0.804
2.674 0.801 8.199 0.283 -0.022 0.780
2.652 0.909 7.777 0.272 0.068 0.693
2.441 0.993 7.880 0.263 0.163 0.667
2.225 0.892 8.264 0.226 0.263 0.610
2.259 1.038 8.928 0.181 0.297 0.565
2.837 1.240 10.206 0.115 0.319 0.541
3.024 1.115 10.590 0.095 0.299 0.465
2.309 1.165 10.223 0.056 0.191 0.383
2.317 1.206 9.671 0.058 0.038 0.309
2.513 1.369 9.120 0.054 -0.030 0.273
2.681 1.384 8.818 0.043 -0.053 0.264
2.823 1.288 8.823 0.053 -0.003 0.217
2.635 1.501 8.873 0.086 0.083 0.151
2.506 1.468 9.132 0.098 0.109 0.137
2.480 1.353 9.077 0.083 0.115 0.113
2.532 1.647 9.554 0.063 0.114 0.114
2.652 1.367 9.571 0.103 0.049 0.134
2.691 1.775 9.712 0.118 -0.043 0.106
2.643 2.084 9.376 0.135 -0.101 0.204
2.947 1.755 9.595 0.164 -0.158 0.257
2.916 2.106 9.153 0.180 -0.228 0.255
2.923 1.988 9.074 0.259 -0.237 0.328
2.808 1.904 8.441 0.244 -0.219 0.280
2.691 2.091 8.127 0.180 -0.089 0.293
2.722 1.775 8.381 0.130 0.068 0.306
2.659 1.542 8.978 0.116 0.174 0.229
2.369 1.808 8.971 0.080 0.215 0.130
2.252 1.530 9.391 0.073 0.264 0.099
2.125 1.626 9.676 0.028 0.216 -0.026
2.101 1.897 10.019 -0.010 0.159 -0.082
2.161 1.950 9.993 -0.068 0.043 -0.125
2.285 1.902 9.480 -0.113 -0.054 -0.161
2.470 1.923 9.125 -0.095 -0.048 -0.195
2.590 1.950 9.345 -0.060 -0.039 -0.212
2.544 1.849 9.046 -0.093 -0.080 -0.248
2.487 2.168 8.866 -0.173 -0.097 -0.203
2.796 1.734 8.894 -0.171 0.029 -0.118
2.887 1.751 10.026 -0.131 0.028 -0.128
2.811 1.667 9.767 -0.093 -0.158 -0.099
2.909 1.353 9.218 -0.048 -0.222 -0.062
2.942 1.235 8.813 0.005 -0.210 -0.088
2.791 1.365 8.441 0.006 -0.153 -0.080
2.830 1.408 8.513 -0.023 0.015 -0.089
2.600 1.480 8.710 -0.014 0.108 -0.091
2.499 1.686 8.743 -0.063 0.216 -0.098
2.734 2.010 9.746 -0.108 0.237 -0.045
2.839 1.585 9.815 -0.052 0.087 0.009
2.681 1.693 9.216 -0.001 0.030 -0.002
2.803 1.789 9.146 0.069 0.034 0.037
2.755 1.986 9.091 0.083 0.024 0.059
2.803 2.094 8.971 0.076 0.034 0.115
2.873 2.189 9.017 0.045 0.053 0.202
2.820 2.513 9.010 0.054 0.108 0.337
2.772 2.818 9.321 0.100 0.116 0.540
2.916 2.600 9.141 0.157 0.042 0.723
2.998 2.808 8.710 0.200 0.088 0.845
2.868 2.767 9.185 0.313 0.240 0.991
2.400 3.386 9.273 0.301 0.265 1.072
1.950 3.360 9.048 0.313 0.241 1.284
1.964 2.837 9.000 0.318 0.224 1.349
1.966 3.046 9.153 0.340 0.222 1.370
2.091 2.892 9.264 0.380 0.202 1.396
2.034 2.899 9.331 0.395 0.186 1.396
2.026 2.851 9.216 0.425 0.173 1.359
1.892 3.122 9.108 0.433 0.192 1.333
2.034 3.293 9.719 0.380 0.175 1.348
2.144 2.863 9.405 0.300 0.015 1.351
2.432 2.446 8.731 0.251 -0.031 1.302
2.731 2.094 8.784 0.231 -0.043 1.208
3.072 1.923 8.698 0.220 -0.045 1.131
3.101 1.448 8.707 0.247 -0.056 1.047
3.894 1.149 8.873 0.290 -0.047 0.878
3.892 0.894 9.240 0.361 -0.017 0.729
3.897 1.283 8.676 0.297 0.080 0.627
3.597 0.978 9.664 0.173 0.265 0.745
3.813 -0.007 10.350 0.110 0.267 0.755
3.624 -0.225 9.787 0.113 0.122 0.670
3.571 -0.386 9.408 0.169 0.106 0.562
3.683 -0.041 8.861 0.171 0.023 0.478
3.700 -0.331 8.412 0.142 -0.036 0.403
3.727 -0.206 7.609 0.079 -0.009 0.290
3.935 0.223 8.259 0.007 0.114 0.230
3.918 0.077 8.470 -0.003 0.111 0.224
3.724 -0.024 8.261 0.005 0.146 0.202
3.518 -0.345 8.343 0.030 0.234 0.183
3.410 -0.484 9.007 0.046 0.249 0.137
3.177 -0.549 9.072 0.086 0.150 0.081
3.077 -0.556 9.230 0.132 0.132 0.039
3.218 -0.360 10.360 0.220 0.043 -0.014
2.995 0.151 10.012 0.264 -0.174 -0.070
3.043 0.815 10.194 0.210 -0.208 -0.039
4.185 1.189 12.520 0.160 0.005 0.007
3.962 1.259 12.439 0.212 -0.210 -0.115
1.815 1.489 8.084 0.213 -0.415 -0.234
2.165 1.887 7.374 0.191 -0.173 -0.269
2.849 2.499 9.065 0.142 -0.104 -0.256
3.007 2.700 7.969 0.095 -0.155 -0.202
3.151 2.947 7.727 0.000 0.101 -0.117
3.053 2.691 7.791 -0.063 0.349 0.069
3.264 2.005 9.194 -0.036 0.403 0.197
3.283 1.420 9.477 0.033 0.184 0.192
3.204 1.365 8.463 0.070 0.077 0.119
3.324 1.424 8.595 0.031 0.083 0.044
3.230 1.537 8.698 -0.087 -0.017 -0.011
3.257 1.494 8.489 -0.178 -0.044 -0.062
3.161 1.511 8.458 -0.206 -0.019 -0.147
3.163 1.923 8.882 -0.253 -0.005 -0.184
2.911 1.573 8.329 -0.262 0.000 -0.209
2.897 1.942 9.084 -0.253 0.059 -0.257
3.494 1.878 10.609 -0.200 0.244 -0.236
2.863 1.559 11.635 -0.192 0.168 -0.246
1.396 1.667 10.662 -0.319 -0.144 -0.202
2.261 0.899 10.326 -0.419 -0.092 0.021
2.513 -0.484 10.880 -0.355 -0.199 0.061
2.542 -0.753 9.652 -0.177 -0.264 -0.080
2.444 -0.101 9.554 0.019 -0.133 -0.162
2.271 0.264 9.422 0.153 -0.208 -0.148
2.482 0.410 8.523 0.177 -0.376 -0.126
2.832 0.511 7.602 0.143 -0.362 -0.082
3.055 0.343 7.484 0.099 -0.195 -0.061
3.110 0.552 8.221 0.069 -0.076 -0.055
3.074 0.739 8.659 0.122 -0.078 0.029
2.916 0.676 8.161 0.186 -0.069 0.124
3.048 1.029 8.806 0.201 0.021 0.220
3.273 1.365 9.890 0.201 0.022 0.362
3.312 0.983 9.302 0.242 -0.119 0.453
4.468 2.055 10.501 0.182 0.119 0.488
5.067 2.276 10.743 0.272 0.219 0.597
3.240 2.758 10.916 0.281 0.026 0.584
2.823 3.120 9.986 0.326 -0.049 0.623
2.626 3.091 8.058 0.360 -0.282 0.674
3.060 3.139 7.365 0.403 -0.182 0.710
3.496 3.417 7.722 0.384 -0.071 0.725
3.463 3.391 7.820 0.290 0.052 0.679
3.475 3.518 8.578 0.188 0.082 0.693
3.523 3.144 8.671 0.144 0.021 0.695
3.420 3.237 8.106 0.115 -0.033 0.673
3.408 2.811 7.945 0.145 0.003 0.702
3.436 2.758 8.249 0.131 0.056 0.597
3.285 3.067 8.281 0.061 -0.001 0.571
3.412 2.746 8.393 0.019 -0.050 0.585
3.480 2.324 8.635 0.031 -0.111 0.487
3.367 2.763 8.331 0.042 -0.167 0.341
4.396 3.118 9.089 0.042 -0.011 0.378
5.223 2.863 12.369 -0.016 0.157 0.396
4.177 2.163 9.597 -0.151 -0.302 0.319
3.240 1.902 7.161 -0.377 -0.388 0.528
3.583 0.106 7.410 -0.228 -0.026 0.698
4.477 0.101 9.978 -0.046 -0.091 0.604
4.863 0.288 9.530 0.132 -0.310 0.600
5.113 0.077 8.818 0.185 -0.273 0.573
4.777 0.523 8.456 0.159 -0.164 0.569
4.482 0.156 8.516 0.151 -0.079 0.646
4.388 -0.388 8.307 0.226 -0.174 0.642
4.439 -0.597 7.847 0.286 -0.154 0.578
4.612 -0.405 8.019 0.339 -0.116 0.475
4.602 0.218 7.933 0.326 -0.113 0.389
4.504 0.194 7.489 0.265 -0.081 0.392
4.957 0.554 8.223 0.225 0.121 0.362
5.019 0.429 9.079 0.237 0.143 0.357
4.727 0.233 8.616 0.181 0.133 0.249
4.518 0.691 8.422 0.081 0.240 0.169
4.549 0.811 9.046 0.035 0.118 0.190
4.511 0.360 8.508 0.001 0.026 0.196
4.568 0.201 8.496 0.016 0.059 0.163
4.621 -0.115 8.576 0.047 0.099 0.040
4.657 0.803 9.158 0.002 0.045 -0.046
4.583 0.376 8.326 0.028 -0.013 -0.051
4.664 1.005 8.427 0.045 0.029 -0.069
4.691 0.806 8.616 0.070 0.023 -0.026
4.633 0.710 8.199 0.080 -0.005 -0.072
4.432 1.113 8.074 0.029 0.076 -0.085
4.508 0.938 8.619 -0.012 0.097 -0.045
4.415 0.818 8.549 -0.047 0.142 -0.089
4.288 0.940 8.808 -0.026 0.162 -0.110
4.237 1.252 8.887 -0.042 0.077 -0.110
4.153 0.782 8.424 0.001 0.062 -0.030
4.343 0.899 8.923 -0.014 0.111 -0.070
4.283 1.089 8.871 -0.009 0.056 -0.012
4.290 0.453 8.506 -0.020 0.077 -0.009
4.240 0.734 8.823 -0.043 0.084 -0.077
4.141 0.703 8.609 -0.046 0.051 -0.030
4.350 0.317 8.794 -0.039 0.040 -0.079
4.300 0.669 8.633 -0.015 0.033 -0.131
4.307 0.765 8.566 -0.026 0.060 -0.135
4.381 0.882 8.866 -0.037 0.070 -0.113
4.271 0.839 8.748 -0.002 0.042 -0.083
4.264 0.791 8.799 0.021 0.065 -0.055
4.175 0.600 8.767 0.031 0.067 -0.091
3.954 0.758 8.859 -0.033 0.060 -0.104
4.012 0.580 8.974 -0.037 0.035 -0.105
4.084 0.588 9.189 0.000 -0.018 -0.151
4.041 0.686 8.705 -0.005 -0.076 -0.165
4.242 0.633 8.724 -0.014 -0.060 -0.181
4.295 0.715 8.667 -0.043 -0.080 -0.190
4.302 0.429 8.465 -0.058 -0.058 -0.199
4.463 0.405 8.748 -0.069 -0.038 -0.304
4.355 0.906 8.770 -0.084 -0.095 -0.362
4.343 0.827 8.254 -0.097 -0.077 -0.341
4.719 1.204 9.441 -0.087 -0.087 -0.331
4.659 1.257 8.911 -0.018 -0.212 -0.300
4.578 1.070 8.329 0.009 -0.173 -0.311
4.633 1.619 8.724 -0.010 -0.183 -0.307
4.650 1.532 8.314 0.039 -0.209 -0.234
4.808 1.602 8.060 0.066 -0.169 -0.236
4.918 1.964 8.007 0.034 -0.140 -0.187
5.012 1.959 7.638 -0.054 -0.082 -0.099
5.300 1.285 8.038 -0.124 -0.020 -0.033
5.329 0.808 7.856 -0.187 -0.030 -0.101
5.165 0.381 7.727 -0.185 0.059 -0.185
5.007 0.393 8.158 -0.264 0.106 -0.277
4.602 -0.074 8.417 -0.329 0.141 -0.274
4.619 -1.396 9.247 -0.370 0.081 -0.394
4.424 -2.259 8.715 -0.490 0.010 -0.620
4.492 -3.508 9.017 -0.470 0.051 -0.947
4.278 -3.525 9.019 -0.573 -0.038 -1.519
3.751 -1.691 8.698 -0.755 -0.023 -1.905
3.496 -1.216 8.930 -0.766 -0.027 -2.038
3.240 -0.201 9.309 -0.720 -0.017 -2.162
3.281 0.753 9.211 -0.715 -0.011 -2.129
3.062 1.504 9.456 -0.668 -0.068 -1.995
3.362 1.549 9.506 -0.592 -0.121 -1.766
3.602 1.446 9.333 -0.607 -0.084 -1.626
3.741 0.396 10.139 -0.570 -0.126 -1.712
3.429 1.410 9.938 -0.662 -0.343 -1.947
3.206 2.635 8.693 -0.696 -0.508 -1.885
3.309 2.935 7.614 -0.554 -0.443 -1.512
3.815 1.892 8.343 -0.375 -0.331 -1.197
4.230 1.902 8.357 -0.374 -0.276 -0.974
4.329 1.074 8.842 -0.355 -0.166 -0.820
3.861 0.482 8.079 -0.356 -0.036 -0.856
3.336 1.139 8.825 -0.417 0.146 -0.954
3.216 2.062 9.592 -0.465 0.067 -0.924
3.307 2.343 8.609 -0.428 -0.093 -0.834
3.693 2.345 8.487 -0.326 -0.011 -0.788
3.904 2.748 9.273 -0.252 0.068 -0.796
3.818 3.007 9.271 -0.188 0.100 -0.791
3.444 3.235 8.820 -0.209 0.050 -0.750
3.635 3.165 8.777 -0.225 -0.016 -0.642
3.811 2.894 8.405 -0.219 -0.089 -0.605
3.918 3.137 8.149 -0.227 -0.087 -0.553
4.038 2.885 8.000 -0.236 -0.037 -0.454
4.101 2.724 8.139 -0.284 0.012 -0.449
3.962 2.859 8.118 -0.310 0.016 -0.397
3.978 2.659 8.065 -0.345 0.040 -0.333
3.902 2.564 8.424 -0.412 0.044 -0.277
3.763 2.355 8.679 -0.457 0.006 -0.229
3.482 2.091 8.703 -0.435 0.009 -0.191
3.564 1.746 9.662 -0.420 0.028 -0.162
4.453 1.571 10.950 -0.361 0.063 -0.143
4.173 1.065 11.036 -0.256 -0.069 -0.169
2.827 1.146 10.132 -0.246 -0.148 -0.129
2.448 0.434 8.314 -0.264 -0.197 0.073
3.415 -0.187 9.161 -0.319 -0.058 0.153
3.175 -0.760 8.161 -0.275 0.032 0.129
3.640 -0.930 8.218 -0.092 0.249 0.012
3.659 -0.177 8.635 0.064 0.419 -0.144
3.777 -0.177 9.329 0.053 0.271 -0.231
3.494 0.360 7.851 -0.035 0.078 -0.391
3.355 0.504 7.561 -0.054 0.263 -0.406
3.381 0.703 9.657 -0.099 0.207 -0.432
2.799 1.177 8.333 -0.048 0.003 -0.341
2.918 0.513 8.813 -0.030 0.087 -0.207
2.703 0.571 9.209 -0.062 0.012 -0.046
2.532 -0.436 9.185 -0.002 -0.017 0.048
2.930 -0.516 10.324 0.015 0.020 0.023
2.647 -0.118 10.228 0.046 -0.257 0.002
3.309 0.333 11.571 -0.039 0.028 -0.051
2.420 1.806 11.635 0.024 0.178 -0.066
1.863 2.141 11.995 -0.028 0.203 -0.091
2.775 0.199 9.993 0.318 -0.324 -0.121
2.604 2.887 8.019 0.137 -0.413 -0.636
2.784 3.607 7.336 0.048 -0.088 -0.311
2.787 3.650 9.693 -0.188 0.279 -0.169
3.046 2.297 10.448 -0.152 -0.218 0.002
2.964 1.906 8.242 -0.161 -0.350 -0.002
3.412 1.753 8.269 -0.038 -0.366 0.089
3.429 2.125 7.602 -0.002 -0.122 0.190
3.614 1.158 8.019 0.061 -0.014 0.153
3.417 1.609 7.659 0.030 0.039 0.049
3.309 1.875 8.034 0.005 0.108 0.055
3.525 1.110 9.312 -0.160 0.016 -0.086
3.048 2.065 8.508 -0.128 -0.109 -0.051
3.856 1.343 9.779 -0.159 -0.122 -0.042
3.573 1.149 8.799 -0.186 -0.249 -0.201
4.758 1.439 9.851 -0.143 -0.002 -0.232
4.041 2.014 10.487 -0.289 0.150 -0.132
4.062 1.079 12.022 -0.171 0.023 0.141
2.424 0.647 8.950 -0.174 -0.304 -0.010
2.424 0.647 8.950 -0.174 -0.304 -0.010
