4.082 1.336 8.242 0.137 -0.159 0.113
4.223 0.954 8.544 0.195 0.003 0.216
4.652 1.192 9.561 0.190 -0.063 0.237
4.954 0.585 9.281 0.197 -0.348 0.267
4.818 0.520 8.120 0.131 -0.493 0.137
4.556 1.290 6.842 -0.002 -0.356 0.091
4.590 1.019 7.645 -0.003 0.072 0.144
4.894 0.463 9.444 0.152 0.027 -0.038
4.556 1.902 7.801 0.103 -0.193 -0.162
4.400 2.120 7.324 0.051 0.031 -0.022
4.851 1.436 8.624 0.021 0.128 0.020
4.976 1.600 8.496 0.003 -0.010 -0.048
4.871 1.986 8.127 -0.024 0.071 -0.029
4.801 1.659 8.439 -0.081 0.109 0.028
4.602 1.588 8.175 -0.124 0.108 0.075
4.537 1.436 8.237 -0.131 0.181 0.131
4.566 1.197 8.609 -0.103 0.194 0.176
4.460 1.189 8.535 -0.075 0.167 0.198
4.470 1.017 8.355 -0.040 0.141 0.200
4.525 0.911 8.295 -0.050 0.115 0.199
4.376 0.501 7.871 -0.067 0.082 0.186
4.528 0.134 7.707 -0.116 0.121 0.124
5.091 0.086 8.547 -0.183 0.210 0.099
5.412 -0.319 9.180 -0.210 0.252 0.120
5.508 -0.736 9.439 -0.176 0.241 0.083
5.333 -0.842 9.312 -0.149 0.163 0.012
4.962 -0.978 8.861 -0.105 0.029 -0.051
4.974 -1.022 8.400 -0.077 -0.134 -0.146
4.928 -1.058 7.573 -0.048 -0.157 -0.223
4.942 -0.923 7.568 -0.059 -0.047 -0.307
4.839 -0.957 7.957 -0.040 0.005 -0.354
4.669 -0.549 7.964 -0.001 0.048 -0.433
4.523 0.012 8.525 0.050 0.088 -0.416
4.583 0.293 9.072 0.092 0.021 -0.354
5.763 0.686 9.890 0.143 0.094 -0.300
5.269 0.686 9.942 0.186 -0.015 -0.244
4.669 1.259 9.983 0.154 -0.030 -0.248
3.815 1.463 9.180 0.096 0.007 -0.237
3.079 1.712 8.420 0.001 -0.059 -0.218
2.914 1.935 7.681 -0.064 -0.113 -0.151
3.487 1.945 7.460 -0.077 -0.068 -0.071
4.281 1.981 8.362 -0.063 0.043 -0.012
4.293 2.005 8.245 -0.072 0.132 0.021
4.331 1.976 8.940 -0.098 0.323 0.061
3.906 1.791 8.508 -0.116 0.285 0.104
4.007 1.506 8.609 -0.094 0.288 0.111
3.753 1.631 8.412 -0.096 0.169 0.137
3.871 1.281 8.094 -0.099 0.196 0.177
3.868 1.180 8.866 -0.046 0.094 0.137
3.813 1.252 8.448 0.010 0.010 0.136
3.796 1.091 8.722 0.022 0.017 0.112
3.667 0.976 8.600 0.007 -0.044 0.034
3.578 1.029 8.957 -0.065 -0.080 -0.081
3.823 0.866 9.185 -0.137 -0.167 -0.170
4.753 0.456 9.504 -0.164 -0.095 -0.309
4.775 0.719 11.041 -0.234 0.093 -0.479
3.935 0.448 10.194 -0.311 -0.084 -0.514
3.859 0.050 10.002 -0.401 0.232 -0.537
3.446 -0.302 11.161 -0.363 0.072 -0.546
3.525 -0.463 9.659 -0.326 -0.398 -0.515
3.808 -0.645 8.082 -0.314 -0.411 -0.504
3.966 -0.676 7.458 -0.317 -0.124 -0.486
4.017 -1.113 8.086 -0.271 0.070 -0.521
3.585 -0.935 7.875 -0.204 0.128 -0.597
3.659 -0.782 8.285 -0.105 0.167 -0.684
3.796 -0.149 8.719 -0.072 0.045 -0.724
3.811 -0.007 8.060 -0.083 -0.108 -0.677
3.878 0.043 7.916 -0.102 -0.067 -0.669
4.031 0.233 8.472 -0.117 -0.094 -0.630
4.084 0.305 8.302 -0.122 -0.133 -0.557
4.273 0.106 8.631 -0.068 -0.103 -0.479
4.475 -0.197 9.002 0.020 -0.147 -0.492
4.847 0.439 9.283 0.093 -0.149 -0.494
4.640 0.731 8.633 0.055 -0.120 -0.355
4.940 0.060 11.273 0.147 0.381 -0.416
4.012 0.580 11.782 0.131 0.438 -0.655
2.120 1.072 9.628 0.055 -0.092 -0.715
2.926 1.014 8.631 -0.035 -0.089 -0.887
3.175 1.825 8.978 -0.285 -0.111 -1.014
3.405 1.825 8.923 -0.437 -0.244 -1.022
3.094 1.856 8.245 -0.563 -0.168 -1.036
3.199 1.547 9.074 -0.629 -0.045 -1.002
3.281 0.945 8.535 -0.675 -0.180 -0.980
3.254 0.376 8.098 -0.665 -0.097 -1.095
3.242 0.679 8.686 -0.682 -0.070 -1.232
3.410 0.767 8.861 -0.704 -0.203 -1.290
3.434 0.614 8.341 -0.744 -0.244 -1.391
3.607 0.842 8.355 -0.750 -0.249 -1.502
3.424 1.153 8.146 -0.772 -0.187 -1.542
3.652 1.137 8.823 -0.757 -0.082 -1.550
3.444 1.259 9.285 -0.725 -0.127 -1.551
3.314 1.079 9.489 -0.667 -0.191 -1.523
4.650 0.789 10.297 -0.583 -0.062 -1.547
4.221 0.621 10.211 -0.567 0.062 -1.603
3.576 0.777 9.578 -0.661 0.076 -1.455
3.439 0.185 10.520 -0.715 0.280 -1.263
3.393 -0.197 11.149 -0.684 0.006 -1.113
3.012 -0.489 8.681 -0.554 -0.188 -0.947
3.012 -1.106 8.182 -0.397 -0.017 -0.951
2.933 -0.559 8.441 -0.359 0.040 -0.980
3.168 -0.360 8.899 -0.323 0.023 -0.930
3.384 -0.129 8.959 -0.318 -0.069 -0.873
3.420 0.072 8.511 -0.319 -0.079 -0.808
3.647 0.266 8.959 -0.326 -0.020 -0.710
3.796 0.269 9.149 -0.331 -0.086 -0.619
3.621 0.187 8.530 -0.331 -0.116 -0.541
3.588 0.151 8.741 -0.286 -0.018 -0.470
3.578 0.146 8.839 -0.281 0.023 -0.425
3.595 0.329 9.664 -0.298 0.006 -0.301
3.914 -0.046 9.446 -0.236 -0.162 -0.162
3.976 -0.360 8.839 -0.131 -0.171 -0.101
4.038 -0.022 9.209 -0.015 -0.153 -0.044
4.079 0.158 8.540 0.067 -0.190 0.053
3.995 0.129 8.731 0.109 -0.073 0.188
4.218 0.070 9.309 0.097 -0.091 0.239
4.213 0.305 9.535 0.136 -0.177 0.325
4.163 -0.050 8.971 0.239 -0.311 0.372
4.084 0.400 8.489 0.248 -0.331 0.367
4.242 0.110 8.084 0.292 -0.248 0.395
4.283 0.293 8.868 0.329 -0.202 0.293
4.141 0.899 8.492 0.307 -0.315 0.269
4.175 0.803 7.518 0.300 -0.140 0.290
4.098 0.873 8.715 0.276 0.058 0.234
3.827 1.086 8.235 0.225 0.047 0.198
3.549 1.300 8.331 0.164 0.253 0.204
3.530 1.115 9.367 0.157 0.328 0.201
3.254 1.225 9.600 0.087 0.212 0.187
3.273 1.046 9.683 0.012 0.153 0.191
3.520 0.736 9.950 0.017 -0.018 0.174
3.619 0.851 8.978 0.014 -0.133 0.138
3.818 0.830 8.609 0.022 -0.077 0.158
4.084 0.542 8.882 0.042 -0.016 0.113
4.038 0.612 8.671 0.062 -0.002 0.017
3.926 1.005 8.647 0.022 0.051 -0.075
3.830 1.257 8.609 -0.034 0.108 -0.088
3.671 1.336 8.859 -0.080 0.150 -0.105
3.638 1.784 9.257 -0.181 0.082 -0.009
3.729 1.038 8.357 -0.215 0.042 0.157
3.868 0.477 9.043 -0.109 0.233 0.128
3.880 0.830 9.700 -0.029 0.078 0.106
3.727 0.861 8.257 0.004 -0.028 0.199
3.801 0.480 8.647 0.050 0.211 0.245
3.866 0.513 9.844 0.087 0.076 0.264
3.803 0.225 8.621 0.117 -0.015 0.272
3.760 0.331 8.787 0.120 0.070 0.219
3.839 0.331 8.899 0.125 0.078 0.190
4.002 0.528 9.201 0.073 0.066 0.146
4.024 0.499 8.921 0.036 -0.049 0.160
3.926 0.333 8.113 0.027 0.032 0.142
3.859 0.458 8.470 0.044 0.184 0.111
3.902 0.602 9.151 0.059 0.209 0.112
3.880 0.475 9.094 0.085 0.114 0.131
3.871 0.683 8.796 0.099 0.089 0.109
4.137 1.034 8.830 0.148 0.047 0.171
4.453 1.213 8.679 0.196 0.022 0.256
4.266 1.580 8.108 0.236 0.040 0.366
4.034 1.988 8.010 0.327 0.210 0.555
3.683 2.400 8.619 0.388 0.297 0.813
3.516 2.746 9.189 0.487 0.251 1.144
3.400 2.559 9.489 0.558 0.116 1.411
3.513 2.535 9.041 0.696 0.049 1.594
3.405 2.422 8.739 0.951 0.274 1.708
3.374 2.914 9.573 1.040 0.397 1.725
3.031 3.257 9.305 0.954 0.335 1.788
2.923 3.422 9.060 0.840 0.314 1.847
2.772 3.484 8.844 0.764 0.286 1.933
2.643 3.295 8.933 0.727 0.312 2.050
2.573 3.041 9.048 0.760 0.295 2.145
2.640 2.715 9.211 0.805 0.263 2.159
2.580 2.528 9.134 0.792 0.178 2.137
2.650 2.187 8.686 0.740 0.114 2.070
2.942 1.918 8.835 0.669 0.101 1.949
3.345 1.554 9.065 0.595 0.004 1.813
4.249 1.115 9.307 0.520 -0.061 1.666
3.736 0.923 9.153 0.461 -0.257 1.539
3.880 0.964 8.235 0.460 -0.332 1.471
4.381 0.506 8.204 0.503 0.124 1.412
3.947 0.966 10.928 0.540 0.596 1.349
3.782 0.559 11.475 0.567 0.157 1.425
3.652 0.312 9.374 0.539 0.018 1.426
3.643 0.096 9.144 0.563 0.204 1.397
3.398 0.146 8.897 0.561 0.165 1.329
3.293 0.177 8.261 0.564 0.101 1.304
3.518 -0.017 7.782 0.567 0.085 1.217
3.801 0.151 7.652 0.542 0.086 1.116
3.806 0.415 7.441 0.505 0.110 1.058
3.926 0.456 7.472 0.534 0.212 1.027
3.906 0.537 8.242 0.568 0.260 0.977
3.722 0.775 8.189 0.577 0.184 0.969
3.671 0.897 8.065 0.596 0.259 0.949
3.748 1.319 8.945 0.584 0.337 0.953
3.873 1.580 10.235 0.538 0.239 1.010
4.871 2.223 10.317 0.425 0.052 1.046
4.508 2.770 10.276 0.330 0.010 1.193
3.871 2.525 10.671 0.373 -0.019 1.245
4.923 3.017 10.132 0.544 0.130 1.142
4.458 3.794 10.209 0.606 0.145 1.194
3.489 3.619 8.343 0.532 0.064 1.265
2.532 3.388 7.122 0.412 0.227 1.397
2.417 2.396 7.643 0.412 0.288 1.466
2.736 1.935 7.835 0.422 0.128 1.433
3.120 1.813 7.173 0.476 0.061 1.335
3.422 2.022 7.446 0.461 0.080 1.234
3.683 2.444 7.559 0.396 0.086 1.187
3.818 2.225 8.022 0.349 0.144 1.140
3.844 2.247 8.659 0.310 0.097 1.067
3.844 2.026 8.324 0.293 -0.020 0.967
4.113 1.794 9.233 0.237 0.039 0.896
5.118 1.568 10.017 0.159 -0.042 0.803
4.691 1.734 13.257 0.111 0.048 0.872
3.748 0.998 10.935 0.200 -0.379 0.900
4.055 0.436 7.530 0.323 -0.216 0.912
4.422 1.077 10.633 0.398 0.406 0.840
3.978 1.089 10.861 0.382 0.016 0.935
3.607 0.825 8.432 0.422 -0.038 0.924
3.132 1.317 8.034 0.509 0.111 0.925
3.285 1.324 7.928 0.599 0.001 1.022
3.501 1.451 6.856 0.641 -0.099 1.102
3.878 1.679 6.403 0.674 0.067 1.198
3.945 1.604 6.851 0.681 0.223 1.326
3.894 1.026 7.091 0.710 0.297 1.381
3.767 1.319 7.468 0.733 0.404 1.394
4.132 1.242 8.863 0.751 0.556 1.498
3.959 0.161 10.216 0.701 0.332 1.493
3.686 0.225 9.012 0.652 0.191 1.275
5.362 2.141 10.132 0.555 0.456 1.183
3.700 2.077 11.185 0.450 0.117 1.366
4.504 2.631 9.930 0.437 0.027 1.167
4.290 3.518 10.415 0.600 0.328 1.194
3.549 3.669 10.424 0.591 0.272 1.228
3.134 4.103 9.571 0.606 0.273 1.341
2.487 3.362 8.863 0.652 0.153 1.502
2.094 3.065 7.096 0.614 -0.013 1.547
2.283 2.957 6.928 0.695 0.256 1.607
2.484 2.676 8.158 0.772 0.321 1.593
2.650 3.010 8.082 0.806 0.244 1.524
2.767 3.312 8.125 0.789 0.332 1.514
2.847 3.290 8.916 0.683 0.424 1.480
2.794 3.492 9.842 0.509 0.263 1.512
2.724 3.007 9.271 0.432 0.086 1.589
2.803 2.273 9.271 0.456 0.040 1.654
3.199 1.185 8.957 0.432 -0.015 1.581
3.321 0.765 9.379 0.371 0.095 1.436
3.784 0.264 10.269 0.246 0.161 1.278
2.643 0.118 8.995 0.087 -0.023 1.197
3.712 -0.525 9.082 0.085 0.119 1.135
3.866 -1.353 10.331 0.216 0.237 0.880
3.854 -0.007 10.228 0.231 0.124 0.574
3.360 0.923 10.149 0.211 0.194 0.592
3.170 0.504 9.878 0.252 -0.037 0.663
3.341 0.415 8.444 0.284 -0.196 0.635
3.417 0.453 7.475 0.307 -0.117 0.633
3.547 0.233 7.506 0.275 0.004 0.580
3.353 0.525 7.475 0.200 0.132 0.530
3.187 0.626 8.225 0.175 0.226 0.584
3.367 0.204 8.763 0.183 0.226 0.611
3.964 0.333 9.736 0.165 0.328 0.572
3.578 0.141 9.120 0.168 0.246 0.526
3.393 0.731 9.904 0.151 0.310 0.479
3.089 0.331 9.837 0.185 0.188 0.457
3.235 0.592 9.518 0.177 0.117 0.353
3.271 0.863 9.189 0.168 0.038 0.306
3.357 0.770 8.918 0.147 0.029 0.246
3.213 0.909 8.667 0.121 0.075 0.130
3.158 1.237 9.096 0.098 0.144 0.073
3.120 1.209 9.276 0.062 0.072 0.053
2.933 1.038 9.055 0.051 0.108 0.024
2.878 1.082 9.496 0.032 0.095 -0.036
3.017 1.266 9.645 0.001 -0.005 0.014
3.113 0.815 9.295 0.013 -0.078 0.062
3.115 0.784 9.106 0.024 -0.082 0.058
3.333 1.007 9.043 0.046 -0.047 0.145
3.568 1.098 9.600 0.147 -0.064 0.207
3.549 1.302 8.861 0.258 -0.184 0.261
3.504 1.671 8.638 0.253 -0.146 0.330
3.535 1.691 8.650 0.239 -0.134 0.429
3.578 2.209 8.381 0.233 -0.050 0.499
3.324 2.048 8.463 0.259 0.030 0.674
3.070 1.086 8.185 0.208 0.191 0.701
2.935 0.717 8.842 0.175 0.334 0.642
2.767 0.314 9.353 0.119 0.367 0.559
2.849 -0.165 10.146 0.019 0.338 0.349
2.842 0.230 10.312 -0.136 0.084 0.163
3.002 0.398 9.489 -0.170 -0.024 0.086
3.213 0.592 9.537 -0.138 -0.044 0.065
3.374 0.537 9.403 -0.066 -0.113 0.094
3.480 0.463 8.928 0.030 -0.140 0.115
3.513 0.484 8.892 0.093 -0.089 0.132
3.398 0.482 8.765 0.111 -0.110 0.165
3.266 0.338 8.513 0.125 -0.065 0.126
3.007 0.664 8.760 0.135 0.030 0.095
3.070 1.307 9.602 0.145 0.028 0.199
3.041 0.894 9.235 0.184 -0.096 0.294
3.187 1.981 9.002 0.184 -0.135 0.342
3.609 1.983 8.832 0.256 -0.104 0.493
3.871 2.144 9.002 0.257 -0.004 0.573
4.125 2.688 9.794 0.286 -0.006 0.727
4.050 2.405 9.312 0.374 -0.118 0.882
4.005 2.151 8.381 0.436 -0.199 0.864
3.823 2.875 7.942 0.420 -0.148 0.872
3.736 3.062 7.950 0.476 -0.014 0.939
3.722 3.278 8.458 0.499 0.063 1.011
3.571 3.213 8.746 0.471 0.094 1.136
3.583 2.871 8.887 0.404 0.084 1.211
3.659 2.444 8.859 0.372 0.039 1.243
3.664 2.141 8.839 0.318 -0.029 1.216
3.782 1.868 8.624 0.293 -0.117 1.194
4.024 1.381 8.192 0.305 -0.155 1.131
4.228 1.091 8.007 0.314 -0.116 1.009
4.626 1.053 8.715 0.297 -0.065 0.904
4.405 0.655 8.420 0.284 -0.212 0.824
4.760 0.278 8.125 0.268 -0.222 0.751
5.494 0.046 8.614 0.229 0.029 0.701
5.456 -0.494 10.247 0.188 0.235 0.788
4.885 -1.578 10.062 0.210 0.154 0.800
4.799 -1.938 9.530 0.247 0.135 0.679
4.645 -1.825 9.132 0.333 0.108 0.570
4.278 -1.715 8.504 0.371 -0.021 0.427
4.094 -1.257 7.353 0.308 -0.028 0.297
4.213 -1.007 7.607 0.245 0.076 0.248
4.501 -1.034 8.062 0.207 0.006 0.225
4.753 -1.288 7.535 0.208 -0.029 0.190
4.789 -1.264 7.715 0.220 0.078 0.091
4.923 -1.137 8.216 0.244 0.089 0.044
4.911 -1.348 8.278 0.267 0.037 -0.024
4.712 -1.127 8.206 0.285 0.001 -0.108
4.782 -1.127 8.153 0.275 -0.046 -0.200
4.724 -0.585 8.520 0.274 -0.049 -0.289
4.995 -0.357 9.067 0.312 -0.158 -0.348
4.818 0.552 8.748 0.179 -0.249 -0.395
6.098 1.518 10.597 0.070 0.141 -0.311
5.072 0.153 10.645 0.122 0.038 -0.315
3.213 1.094 9.225 0.060 0.056 -0.636
3.813 2.115 10.400 0.002 0.075 -0.736
3.372 2.264 10.151 -0.166 -0.208 -0.708
3.446 1.902 8.940 -0.286 -0.255 -0.727
3.624 1.835 8.257 -0.424 -0.175 -0.739
3.554 1.110 7.600 -0.481 -0.112 -0.725
3.691 0.600 7.161 -0.495 -0.039 -0.794
3.892 0.415 7.571 -0.471 0.048 -0.915
4.007 1.120 7.962 -0.496 0.001 -1.021
4.055 1.523 7.806 -0.521 -0.034 -0.978
4.110 1.564 8.098 -0.557 -0.003 -0.928
4.101 1.679 8.312 -0.545 -0.012 -0.899
4.002 2.101 8.374 -0.504 -0.024 -0.829
3.892 2.223 8.290 -0.462 -0.021 -0.715
3.988 2.146 8.751 -0.444 -0.081 -0.577
4.201 1.906 8.986 -0.389 -0.211 -0.490
5.072 1.849 9.403 -0.300 -0.068 -0.469
3.763 1.739 10.940 -0.323 0.022 -0.386
2.878 1.580 9.667 -0.405 -0.070 -0.284
3.765 1.269 10.671 -0.362 0.213 -0.028
3.827 0.506 11.741 -0.273 0.087 0.157
3.748 0.096 10.127 -0.132 -0.061 0.265
3.568 -0.072 9.820 -0.003 0.015 0.255
3.206 0.412 9.050 0.080 -0.085 0.274
2.923 0.482 7.532 0.163 -0.147 0.382
2.993 0.372 7.082 0.235 -0.030 0.445
2.921 0.686 7.108 0.249 0.022 0.492
2.966 1.108 7.218 0.280 0.109 0.633
3.295 0.825 7.813 0.358 0.229 0.801
3.494 0.624 8.959 0.453 0.258 0.912
3.528 1.060 9.077 0.501 0.146 1.048
3.703 1.077 8.950 0.528 0.211 1.246
3.580 0.827 9.722 0.560 0.247 1.371
3.583 1.007 10.216 0.555 0.149 1.443
4.540 1.480 10.693 0.539 0.236 1.569
3.717 1.151 9.717 0.532 0.118 1.630
3.727 1.978 9.650 0.498 0.190 1.607
3.592 1.712 9.444 0.557 0.275 1.610
4.053 1.566 10.345 0.620 0.298 1.447
3.494 2.341 9.588 0.635 0.169 1.236
2.741 2.887 8.233 0.508 0.045 1.214
2.556 2.410 7.448 0.426 0.161 1.232
2.753 2.420 8.489 0.380 0.313 1.155
2.643 2.417 8.998 0.377 0.230 1.117
2.669 2.266 8.585 0.362 0.151 1.043
2.590 2.010 8.590 0.350 0.161 0.946
2.813 1.835 8.820 0.306 0.128 0.793
2.938 1.619 8.830 0.255 0.087 0.669
2.969 1.487 8.549 0.193 0.076 0.530
3.444 1.249 9.403 0.133 0.203 0.372
2.868 0.655 9.487 0.015 0.257 0.134
2.556 0.624 9.600 -0.179 0.151 -0.029
2.811 0.300 9.688 -0.282 -0.049 -0.098
3.650 0.240 9.669 -0.319 -0.239 -0.152
3.887 -0.012 8.892 -0.347 -0.186 -0.100
4.384 -0.460 9.602 -0.332 0.047 -0.064
4.254 -0.746 10.199 -0.227 0.029 -0.037
3.734 -0.990 9.317 -0.108 -0.055 -0.067
3.353 -0.835 8.741 -0.035 -0.078 -0.109
3.388 -0.715 8.635 0.015 -0.088 -0.150
3.420 -0.249 8.624 -0.002 -0.160 -0.149
3.247 0.031 8.146 -0.042 -0.173 -0.071
3.583 0.120 8.345 -0.036 -0.040 0.056
4.091 -0.583 9.434 -0.016 -0.022 0.131
4.448 0.259 9.815 0.035 -0.106 0.179
3.964 -0.540 9.616 0.288 -0.173 0.258
3.772 0.163 8.504 0.373 -0.382 0.163
3.820 0.547 7.329 0.349 -0.262 0.187
3.875 0.252 7.727 0.305 0.045 0.149
3.832 0.484 8.875 0.214 0.152 -0.033
3.177 1.391 8.753 0.169 0.159 -0.083
2.715 1.372 8.772 0.177 0.311 -0.006
2.787 1.199 9.650 0.178 0.384 0.027
2.643 1.153 10.120 0.146 0.306 0.002
2.645 1.460 10.103 0.076 0.164 -0.007
3.163 1.379 10.415 0.016 0.009 0.015
3.218 1.441 9.230 0.013 -0.179 0.002
3.293 1.808 8.657 0.017 -0.141 0.055
3.506 1.398 8.818 0.054 -0.066 0.132
3.518 1.216 8.801 0.031 -0.051 0.088
3.554 1.283 8.602 -0.010 -0.019 0.091
3.592 1.249 8.547 -0.092 0.022 0.105
3.571 1.022 8.508 -0.116 0.066 0.145
3.734 0.561 8.993 -0.072 0.148 0.118
3.736 0.729 9.643 -0.036 0.052 0.071
3.616 0.559 8.621 -0.039 -0.047 0.086
3.640 0.247 8.741 -0.048 0.110 0.022
3.715 0.451 9.691 -0.047 0.056 -0.046
3.588 0.640 9.115 -0.072 -0.098 -0.009
3.568 0.115 8.770 -0.038 -0.038 -0.017
3.506 0.633 8.679 -0.037 -0.046 -0.023
3.645 0.309 8.731 -0.014 0.109 0.028
3.717 0.379 9.384 0.006 0.082 0.001
3.659 0.571 8.859 0.022 0.029 -0.010
3.501 0.626 8.871 0.009 0.134 -0.012
3.540 0.604 9.436 -0.007 0.124 -0.048
3.528 0.837 9.372 -0.018 -0.010 -0.098
3.576 1.192 8.808 -0.029 -0.081 -0.072
3.875 1.053 8.712 -0.017 -0.046 0.002
3.916 1.031 8.453 -0.005 0.016 0.026
3.818 1.400 8.504 0.002 0.110 0.130
3.873 1.417 8.906 0.034 0.159 0.291
3.741 1.626 8.993 0.130 0.138 0.426
3.602 2.053 8.885 0.241 0.145 0.630
3.559 2.043 9.115 0.357 0.155 0.913
3.295 2.755 8.998 0.455 0.051 1.200
3.273 2.544 8.211 0.641 0.077 1.540
3.046 3.149 8.724 0.686 0.263 1.744
2.806 2.837 9.288 0.831 0.316 1.981
2.861 2.770 9.842 0.918 0.315 1.993
2.753 3.254 9.945 1.002 0.155 2.098
2.715 3.053 9.412 1.038 0.077 2.160
2.758 3.077 9.074 1.039 0.070 2.162
2.911 3.070 9.086 1.024 0.068 2.162
2.966 2.727 8.494 0.976 0.076 2.109
2.796 2.580 8.348 0.880 0.193 2.003
2.863 2.350 8.873 0.752 0.232 1.883
3.031 2.168 9.645 0.646 0.126 1.794
3.170 1.830 9.276 0.572 -0.104 1.705
4.278 1.516 9.758 0.576 -0.071 1.581
3.662 1.175 9.276 0.578 -0.342 1.504
4.062 0.966 7.899 0.562 -0.234 1.501
3.727 0.357 9.106 0.639 0.176 1.448
3.940 0.472 10.165 0.675 0.180 1.317
4.129 0.808 9.705 0.585 -0.026 1.346
4.252 0.343 9.379 0.518 0.065 1.298
3.880 0.424 8.468 0.468 0.068 1.241
3.671 0.249 8.367 0.453 0.116 1.204
3.796 0.249 8.343 0.445 0.051 1.143
3.918 0.367 7.703 0.439 -0.026 1.093
4.091 0.472 7.396 0.462 0.038 1.056
4.297 0.576 7.698 0.525 0.112 1.040
4.333 0.573 7.861 0.556 0.131 1.029
4.293 0.564 7.983 0.574 0.160 1.007
4.305 0.707 8.386 0.554 0.127 0.990
4.489 0.753 8.590 0.541 0.096 0.983
4.698 1.079 9.129 0.546 0.117 0.991
4.954 1.355 9.614 0.483 0.036 1.016
5.094 1.808 10.683 0.426 0.021 1.095
4.460 1.954 9.175 0.504 0.067 1.084
4.676 2.710 9.158 0.645 0.224 1.051
4.811 3.952 11.137 0.606 0.185 1.160
4.240 3.863 9.252 0.630 -0.044 1.365
3.938 3.165 8.012 0.634 0.158 1.478
3.388 2.058 8.484 0.653 0.329 1.506
3.254 1.681 8.048 0.600 0.087 1.391
3.348 1.767 7.055 0.583 -0.001 1.357
3.681 1.400 6.894 0.583 0.013 1.282
3.962 1.727 6.959 0.571 0.017 1.153
4.290 2.285 7.122 0.575 0.093 1.095
4.446 2.571 7.710 0.522 0.150 1.084
4.499 2.233 8.139 0.495 0.197 1.059
4.388 2.031 8.619 0.489 0.209 0.994
4.403 1.882 9.144 0.497 0.190 0.891
4.561 2.715 13.077 0.345 0.441 0.885
3.396 1.950 10.259 0.232 -0.250 1.007
4.290 1.480 7.530 0.296 0.135 1.152
4.324 1.153 11.175 0.386 0.477 1.237
4.276 0.806 10.981 0.431 -0.050 1.305
4.106 0.532 7.746 0.570 0.005 1.264
3.736 1.192 8.360 0.644 0.302 1.242
3.628 0.866 7.799 0.677 0.145 1.296
3.432 0.942 7.206 0.685 0.212 1.267
3.468 1.098 7.640 0.704 0.296 1.261
3.554 1.221 7.962 0.677 0.209 1.305
3.746 0.832 7.489 0.669 0.183 1.348
3.899 1.036 8.173 0.665 0.306 1.358
4.204 1.110 9.360 0.673 0.317 1.405
4.511 0.892 9.779 0.646 0.130 1.469
5.269 0.743 9.149 0.628 0.157 1.396
4.710 2.118 10.655 0.518 0.364 1.383
3.573 2.151 9.770 0.496 0.154 1.498
3.899 2.890 8.492 0.518 0.173 1.512
4.360 2.717 9.741 0.649 0.357 1.649
3.753 2.655 9.070 0.729 0.277 1.560
3.048 3.153 8.043 0.725 0.392 1.626
2.547 2.225 8.710 0.749 0.512 1.625
2.288 2.897 8.796 0.707 0.383 1.545
2.285 2.863 8.887 0.698 0.305 1.603
2.300 2.422 8.448 0.611 0.133 1.550
2.436 2.367 8.192 0.544 0.134 1.512
2.566 2.189 8.667 0.507 0.191 1.427
2.719 2.271 9.144 0.472 0.161 1.392
3.288 1.741 9.333 0.457 0.153 1.378
3.185 1.508 9.823 0.398 0.243 1.319
2.796 0.700 10.741 0.420 0.315 1.308
2.866 0.353 11.108 0.276 -0.064 1.234
3.283 0.345 9.204 0.187 -0.449 1.299
3.576 -0.525 7.103 0.252 -0.310 1.292
3.882 -0.564 7.998 0.414 0.435 1.015
3.537 0.516 10.923 0.515 0.707 0.881
3.007 0.734 12.302 0.482 0.328 0.898
2.839 0.393 10.065 0.375 -0.220 0.897
2.964 0.295 7.873 0.309 -0.286 0.854
3.007 -0.029 7.365 0.323 -0.059 0.785
3.000 0.170 7.928 0.311 0.049 0.675
2.568 0.180 7.722 0.291 0.116 0.645
2.513 0.180 8.192 0.243 0.231 0.592
3.101 0.288 8.904 0.214 0.325 0.551
3.487 0.549 10.302 0.217 0.367 0.486
3.014 1.290 11.897 0.161 0.096 0.508
3.115 1.026 9.731 0.213 -0.104 0.497
3.103 1.604 9.767 0.209 -0.023 0.448
3.137 1.552 8.990 0.187 -0.202 0.509
3.209 1.065 7.540 0.173 -0.151 0.490
3.158 1.175 8.120 0.140 0.079 0.393
3.532 0.815 8.736 0.141 0.096 0.317
3.448 0.717 8.628 0.165 0.132 0.160
3.309 1.343 9.036 0.164 0.209 0.023
2.897 1.703 9.494 0.075 0.223 0.031
2.981 1.420 9.799 -0.001 0.117 0.058
2.952 1.132 9.329 0.021 -0.009 0.038
2.875 1.122 8.635 0.039 0.002 0.022
2.875 1.000 8.755 0.040 0.149 0.027
2.880 1.134 9.743 0.031 0.178 0.039
2.791 1.019 9.588 0.006 0.068 0.091
2.892 0.978 9.518 0.023 0.059 0.129
3.077 1.019 9.748 0.084 -0.006 0.169
3.158 1.233 9.403 0.140 -0.126 0.241
3.288 1.420 9.082 0.187 -0.140 0.348
3.360 1.233 9.158 0.267 -0.173 0.446
3.254 1.005 8.801 0.283 -0.176 0.412
3.058 1.297 8.683 0.229 -0.125 0.383
2.988 1.197 8.839 0.168 -0.044 0.363
2.734 1.326 8.842 0.039 0.022 0.345
2.899 0.609 9.523 -0.019 0.121 0.314
2.928 0.686 10.408 -0.017 -0.001 0.206
3.019 0.635 9.731 0.016 -0.206 0.142
3.307 0.679 9.012 0.053 -0.239 0.066
3.571 0.849 8.765 0.068 -0.190 -0.017
3.681 1.285 8.559 0.034 -0.165 -0.083
3.741 1.278 8.360 -0.030 -0.110 -0.038
3.739 0.897 8.621 -0.047 0.007 -0.072
3.724 1.201 9.189 -0.075 -0.031 -0.095
3.609 0.947 8.674 -0.085 -0.036 -0.059
3.671 1.079 9.417 -0.067 -0.010 -0.085
3.633 1.317 8.835 -0.059 -0.181 -0.006
3.645 1.173 8.252 -0.021 -0.069 0.071
3.693 1.153 8.871 0.044 0.039 0.126
3.679 1.295 8.777 0.078 0.051 0.161
3.561 1.890 9.189 0.065 0.071 0.232
3.585 1.844 8.897 0.098 -0.013 0.409
3.573 1.583 8.628 0.136 0.014 0.470
3.621 1.921 8.650 0.157 -0.026 0.560
3.837 1.482 8.163 0.219 0.030 0.666
3.789 2.010 8.971 0.276 0.229 0.625
3.628 2.650 9.844 0.337 0.177 0.786
3.516 2.410 9.609 0.410 0.093 0.927
3.463 2.468 9.520 0.454 0.047 1.013
3.429 2.528 9.182 0.464 -0.052 1.150
3.353 2.180 8.391 0.480 -0.092 1.244
3.326 2.132 8.259 0.479 0.009 1.292
3.441 1.933 8.633 0.478 0.038 1.315
3.568 1.976 8.712 0.489 0.037 1.316
3.724 1.619 8.770 0.532 0.068 1.317
3.703 1.444 8.902 0.531 0.085 1.236
3.573 1.472 8.772 0.529 0.054 1.195
3.830 1.180 8.484 0.532 0.051 1.151
3.770 0.878 8.686 0.526 0.081 1.097
3.683 0.635 8.532 0.507 0.028 1.026
4.573 0.770 8.856 0.430 0.081 1.016
4.904 -0.065 9.619 0.366 0.088 1.045
5.161 -0.518 8.794 0.309 0.000 0.932
5.036 -0.355 8.336 0.272 0.144 0.854
4.981 -0.671 9.372 0.272 0.260 0.748
4.655 -0.489 8.405 0.255 0.021 0.612
4.530 -0.194 7.496 0.191 0.058 0.560
4.590 -0.499 8.086 0.151 0.132 0.546
4.787 -0.731 8.213 0.178 0.052 0.487
4.693 -0.530 7.861 0.237 0.081 0.390
4.530 -0.293 8.360 0.243 0.137 0.332
4.511 -0.360 8.667 0.223 0.062 0.304
4.434 -0.506 8.391 0.186 0.009 0.246
4.448 -0.492 8.607 0.161 -0.026 0.201
4.767 -0.868 9.125 0.166 -0.132 0.127
4.820 -0.710 8.659 0.168 -0.251 0.002
5.050 -0.396 8.894 0.175 -0.230 -0.087
6.022 0.125 10.281 0.163 -0.126 -0.184
5.213 0.763 10.082 0.085 -0.292 -0.230
4.513 1.424 9.928 0.028 -0.217 -0.184
3.410 0.667 7.966 0.063 -0.126 -0.305
4.041 2.074 9.871 0.030 0.120 -0.424
3.779 2.261 9.434 -0.043 -0.147 -0.296
3.878 2.048 7.930 -0.160 -0.137 -0.195
3.743 1.182 8.156 -0.197 0.080 -0.103
3.839 0.607 8.362 -0.204 -0.002 -0.159
4.187 0.532 8.005 -0.179 -0.072 -0.203
4.398 0.451 7.820 -0.184 -0.112 -0.258
4.398 0.573 7.528 -0.216 -0.106 -0.326
4.367 0.854 7.739 -0.275 -0.092 -0.367
4.417 1.077 7.940 -0.317 -0.122 -0.349
4.472 1.089 7.981 -0.321 -0.150 -0.347
4.619 1.333 8.201 -0.306 -0.170 -0.313
4.525 1.257 7.791 -0.295 -0.142 -0.280
4.719 1.269 8.547 -0.300 -0.001 -0.237
4.638 0.763 9.508 -0.244 -0.066 -0.239
5.861 1.029 11.173 -0.196 -0.013 -0.278
5.146 0.590 10.772 -0.174 -0.282 -0.248
3.978 0.739 9.134 -0.191 -0.529 -0.194
5.225 0.576 8.120 -0.193 -0.272 -0.022
5.314 -0.273 9.321 -0.204 0.030 0.068
4.957 -0.679 9.194 -0.117 0.036 0.068
4.333 -0.710 8.645 -0.012 0.127 -0.013
3.899 -0.046 8.743 0.061 0.076 -0.028
3.909 -0.079 7.894 0.137 -0.120 0.037
4.029 0.115 6.935 0.162 -0.138 0.047
4.046 0.374 6.494 0.173 0.002 0.096
4.129 0.496 6.957 0.178 0.149 0.167
4.067 0.597 7.422 0.210 0.215 0.273
4.062 0.722 7.986 0.307 0.300 0.424
4.295 0.947 8.942 0.381 0.325 0.638
4.583 0.576 10.014 0.455 0.302 0.830
4.487 0.746 10.230 0.495 0.116 0.900
5.933 1.379 9.683 0.501 0.134 1.029
5.415 1.096 10.492 0.522 0.143 1.210
4.631 1.276 8.974 0.551 -0.086 1.099
3.578 2.638 7.839 0.536 0.393 0.983
3.261 2.715 9.784 0.504 0.634 1.038
3.192 2.293 10.496 0.409 0.337 1.010
3.022 2.643 9.230 0.329 -0.066 1.015
3.307 1.933 7.763 0.379 -0.187 1.060
3.434 1.911 7.439 0.466 0.021 0.952
3.671 2.350 8.484 0.511 0.109 0.916
3.755 2.129 8.484 0.496 0.015 0.907
3.734 1.832 8.233 0.441 0.061 0.793
3.823 1.909 8.712 0.365 0.046 0.612
3.710 2.257 8.710 0.236 -0.016 0.502
3.573 2.194 8.293 0.143 0.010 0.442
3.501 2.201 8.734 0.069 0.127 0.399
3.628 2.074 9.969 0.062 0.149 0.359
3.619 1.815 10.592 -0.018 -0.148 0.328
4.120 1.237 9.827 -0.048 -0.405 0.311
4.564 1.146 8.978 -0.029 -0.552 0.257
4.856 1.556 7.851 -0.011 -0.558 0.279
4.957 1.204 7.216 -0.020 -0.362 0.379
5.062 0.890 7.441 -0.054 -0.148 0.345
4.990 1.595 8.153 -0.103 -0.126 0.469
5.182 0.492 7.995 -0.051 -0.180 0.556
5.201 0.427 7.971 -0.047 -0.182 0.506
5.175 0.386 7.691 -0.017 -0.141 0.540
5.173 -0.060 7.710 0.023 -0.091 0.520
5.180 -0.017 7.794 0.084 -0.085 0.466
5.173 -0.290 7.468 0.141 -0.028 0.453
5.281 -0.067 7.894 0.150 0.036 0.403
5.043 -0.353 7.403 0.094 0.033 0.504
4.918 -1.120 7.417 0.027 0.304 0.461
4.842 -1.362 8.588 -0.054 0.440 0.309
4.566 -0.966 9.209 -0.159 0.292 0.294
4.657 -1.669 8.643 -0.130 0.169 0.291
4.612 -1.552 8.729 -0.145 0.194 0.197
4.576 -1.928 8.674 -0.097 0.210 0.109
4.360 -1.537 9.048 -0.164 0.223 0.024
4.388 -1.801 9.271 -0.121 0.149 -0.046
4.398 -1.197 8.978 -0.118 0.062 -0.146
4.365 -0.626 9.106 -0.157 0.053 -0.116
4.261 -1.460 8.362 -0.111 -0.034 0.004
4.391 -1.223 8.650 -0.053 0.103 -0.067
4.468 -1.314 9.129 0.012 0.047 -0.001
4.532 -1.763 8.453 0.020 0.015 -0.050
4.540 -1.739 8.712 0.052 0.054 -0.146
4.537 -1.504 8.784 0.031 0.030 -0.199
4.612 -1.647 8.763 0.044 0.017 -0.322
4.504 -0.878 8.607 0.011 -0.028 -0.394
4.564 -0.830 8.269 -0.003 -0.021 -0.354
4.755 -1.072 8.372 0.021 0.087 -0.431
4.590 -0.564 8.523 0.017 0.096 -0.541
4.408 -0.074 8.556 -0.061 0.080 -0.557
4.355 -0.101 8.369 -0.103 0.072 -0.504
4.540 -0.233 8.890 -0.130 0.095 -0.446
4.600 -0.683 9.043 -0.102 -0.031 -0.348
4.516 -1.146 8.285 -0.049 -0.068 -0.330
4.566 -1.542 8.036 0.032 -0.065 -0.376
4.525 -1.106 7.801 0.048 0.063 -0.491
4.537 -0.647 8.659 0.013 0.081 -0.438
4.729 -1.484 8.324 0.001 0.062 -0.513
4.427 0.192 8.635 -0.102 0.152 -0.611
4.338 -0.022 8.950 -0.058 0.015 -0.329
4.751 -1.019 7.753 0.007 0.110 -0.431
4.444 0.233 8.379 0.033 0.328 -0.558
4.288 0.556 8.635 -0.031 0.259 -0.447
3.851 0.098 7.477 -0.136 0.370 -0.395
3.894 0.141 8.540 -0.046 0.608 -0.471
3.861 0.796 9.388 0.005 0.529 -0.460
3.667 1.120 8.930 0.030 0.421 -0.346
3.456 1.139 8.209 0.091 0.521 -0.267
3.225 1.736 8.911 0.145 0.674 -0.191
3.139 2.070 10.173 0.196 0.499 -0.026
3.065 2.259 9.355 0.214 0.261 0.111
3.189 2.264 9.427 0.260 0.252 0.234
3.233 3.017 9.974 0.250 0.145 0.332
3.168 2.909 9.926 0.422 0.014 0.606
3.386 2.302 9.288 0.414 -0.076 0.534
2.964 3.221 8.537 0.327 -0.065 0.629
2.959 2.693 8.609 0.324 0.122 0.721
2.969 2.947 9.501 0.368 0.066 0.764
2.866 3.535 8.902 0.383 0.050 0.869
2.794 3.736 9.475 0.454 0.054 1.091
2.854 3.554 9.324 0.497 0.009 1.227
2.770 3.906 9.276 0.506 -0.040 1.394
2.851 3.290 8.770 0.561 -0.114 1.621
2.887 3.223 8.429 0.599 -0.073 1.720
3.007 2.993 8.580 0.666 -0.077 1.857
3.053 2.854 8.213 0.729 -0.084 1.913
2.959 3.343 8.098 0.806 0.021 1.982
3.029 3.065 8.530 0.915 0.186 2.100
3.643 2.796 9.494 0.874 0.239 2.147
3.820 2.065 10.034 0.782 0.126 2.193
3.403 1.249 8.902 0.692 -0.105 2.164
3.448 0.815 7.338 0.649 -0.066 2.116
3.609 0.197 7.851 0.652 0.435 2.010
3.182 0.017 9.938 0.663 0.657 1.821
3.477 0.609 11.110 0.629 0.268 1.750
3.676 0.494 9.540 0.669 0.070 1.752
3.739 1.305 8.811 0.665 0.202 1.723
3.197 1.432 8.918 0.758 0.306 1.915
3.225 0.952 9.197 0.798 0.278 1.942
3.269 1.146 8.847 0.796 0.132 1.991
3.475 0.647 8.376 0.800 0.084 2.013
3.564 0.446 7.904 0.798 0.101 1.941
3.600 0.583 7.986 0.814 0.215 1.837
3.602 0.547 8.612 0.823 0.239 1.783
3.825 0.290 8.935 0.801 0.122 1.702
3.945 0.257 8.765 0.773 0.038 1.610
4.031 0.396 8.748 0.767 0.007 1.555
4.434 0.513 8.830 0.775 0.055 1.483
4.559 0.909 8.871 0.743 0.081 1.469
4.815 1.134 10.067 0.735 0.229 1.454
4.777 1.341 10.201 0.818 0.424 1.225
3.695 2.813 9.957 0.798 0.323 1.079
4.477 3.309 9.988 0.707 0.109 1.116
3.765 3.532 8.264 0.573 0.188 1.068
3.252 4.317 8.386 0.425 0.447 1.168
2.508 3.607 8.777 0.390 0.520 1.379
2.257 2.767 9.163 0.427 0.376 1.459
2.321 2.432 8.494 0.517 0.097 1.485
2.698 2.046 7.655 0.590 -0.003 1.485
3.074 1.894 7.235 0.609 0.024 1.366
3.391 2.264 7.676 0.556 0.088 1.276
3.662 2.165 8.170 0.475 0.092 1.220
3.878 2.118 8.544 0.374 0.019 1.111
3.904 2.000 8.544 0.296 -0.098 1.006
4.273 1.966 9.089 0.239 -0.150 0.946
4.664 1.249 8.640 0.307 -0.149 0.866
4.540 2.043 12.861 0.269 0.249 0.787
3.782 1.947 10.650 0.299 -0.298 0.832
3.616 1.518 7.305 0.298 -0.211 0.971
4.755 1.477 10.619 0.324 0.469 1.010
4.408 0.894 11.290 0.323 0.078 1.038
3.727 0.981 8.254 0.273 0.014 0.978
3.137 1.211 9.640 0.308 0.457 1.027
3.086 0.698 10.281 0.338 -0.023 1.110
3.062 0.417 7.647 0.460 -0.326 1.136
3.487 0.376 6.631 0.593 -0.161 1.078
3.739 1.010 7.115 0.639 0.020 1.068
3.758 0.983 7.285 0.651 0.006 1.145
3.832 1.264 7.161 0.643 0.080 1.203
4.249 1.544 8.118 0.665 0.234 1.326
4.573 1.482 9.101 0.701 0.228 1.450
4.463 1.676 9.247 0.754 0.110 1.567
4.516 1.930 8.823 0.837 0.183 1.710
4.561 2.300 10.911 0.802 0.412 1.860
3.964 1.460 11.000 0.735 0.191 1.957
4.492 0.914 9.655 0.822 0.073 1.750
4.894 1.918 9.048 0.804 0.068 1.527
4.058 2.338 8.372 0.767 0.292 1.360
3.420 3.506 8.537 0.647 0.364 1.344
2.950 3.225 8.683 0.655 0.360 1.563
2.945 2.446 8.801 0.666 0.208 1.642
3.165 1.969 8.230 0.708 0.103 1.622
3.129 2.295 8.520 0.744 0.130 1.550
3.273 2.010 8.475 0.786 0.083 1.509
3.362 1.799 8.743 0.723 0.046 1.395
3.254 1.835 8.235 0.612 -0.012 1.243
3.091 1.921 8.110 0.525 0.060 1.138
3.719 1.868 9.415 0.439 0.140 1.007
4.156 1.432 10.820 0.386 0.003 0.948
4.506 1.245 10.305 0.271 -0.137 0.830
3.863 1.168 9.180 0.197 -0.237 0.868
3.772 0.468 7.995 0.170 -0.278 0.935
3.993 -0.235 7.185 0.235 -0.087 0.887
4.504 -0.120 8.638 0.280 0.161 0.817
4.928 -0.307 9.321 0.337 0.141 0.754
4.727 -0.134 9.163 0.353 0.114 0.685
4.427 -0.067 8.645 0.364 0.083 0.625
4.266 0.118 8.213 0.353 0.083 0.564
4.309 0.237 8.175 0.326 0.082 0.482
4.067 0.499 7.897 0.260 0.065 0.463
3.906 0.384 7.607 0.218 0.127 0.475
3.882 0.290 8.002 0.192 0.241 0.459
4.549 0.242 9.307 0.185 0.347 0.424
4.376 0.173 9.041 0.175 0.265 0.348
3.691 0.415 9.429 0.154 0.389 0.259
3.470 0.508 9.832 0.116 0.279 0.179
3.722 0.763 9.281 0.071 0.061 0.164
4.046 0.604 8.355 0.039 0.000 0.145
4.129 0.707 8.789 0.012 0.088 0.087
3.964 0.513 8.480 0.039 0.115 0.019
3.633 0.719 8.707 0.058 0.207 -0.044
3.516 0.760 9.072 0.066 0.209 -0.069
3.453 0.856 9.094 0.046 0.129 -0.085
3.403 0.837 8.763 0.023 0.133 -0.047
3.468 0.916 9.393 0.021 0.204 -0.034
3.511 1.053 9.525 0.050 0.088 0.004
3.676 1.245 9.192 0.076 0.013 0.093
3.847 1.321 9.233 0.164 -0.040 0.233
3.849 1.367 8.825 0.308 -0.071 0.366
3.796 1.480 8.784 0.432 -0.076 0.512
3.782 1.137 8.520 0.503 -0.031 0.562
3.592 1.309 8.770 0.482 0.033 0.511
3.353 1.422 8.609 0.378 0.081 0.450
3.391 1.470 9.070 0.248 0.130 0.387
3.204 1.405 9.098 0.187 0.117 0.316
3.161 1.341 8.861 0.143 0.109 0.247
3.194 1.324 9.091 0.092 0.151 0.168
3.362 1.547 9.535 0.029 0.070 0.081
3.415 1.580 9.029 -0.035 -0.020 0.058
3.444 1.463 8.911 -0.111 0.029 0.023
3.446 1.307 9.146 -0.158 0.019 0.014
3.552 1.017 9.086 -0.151 -0.020 -0.013
3.513 1.153 9.091 -0.135 -0.031 -0.046
3.576 0.942 9.096 -0.113 -0.045 -0.027
3.554 0.882 9.077 -0.135 -0.099 -0.034
3.496 0.691 8.832 -0.135 -0.084 -0.015
3.511 0.590 8.930 -0.112 -0.037 -0.037
3.458 0.875 9.165 -0.089 -0.036 -0.017
3.609 0.616 8.904 -0.035 -0.076 0.018
3.698 0.839 8.904 0.039 -0.061 0.017
3.787 1.017 8.626 0.072 -0.028 0.019
3.811 1.259 8.717 0.063 0.028 0.045
3.825 1.451 8.897 0.058 0.034 0.096
3.739 1.561 8.492 0.060 0.002 0.159
3.954 1.801 8.849 0.114 0.029 0.274
3.947 1.950 8.767 0.209 -0.044 0.397
4.048 2.386 8.540 0.328 0.048 0.485
3.835 3.242 9.233 0.446 0.164 0.698
3.681 3.050 9.516 0.515 0.131 0.944
3.408 3.082 9.341 0.545 0.024 1.110
3.386 3.041 8.830 0.561 -0.045 1.268
3.434 2.712 8.415 0.575 -0.026 1.383
3.504 2.669 8.391 0.602 0.043 1.471
3.508 2.216 8.628 0.656 0.105 1.520
3.631 2.230 8.983 0.679 0.077 1.490
3.707 2.261 8.739 0.677 0.033 1.492
3.753 2.137 8.530 0.638 0.031 1.469
3.914 1.904 8.492 0.579 0.028 1.447
4.146 1.415 8.386 0.542 0.033 1.372
4.000 1.300 8.110 0.504 0.029 1.288
3.849 0.813 7.576 0.478 0.048 1.235
4.357 0.511 7.904 0.443 0.220 1.124
4.765 0.329 9.235 0.393 0.318 1.039
4.767 -0.417 9.580 0.332 0.267 0.928
4.851 -0.501 9.695 0.249 0.179 0.758
4.930 -0.525 9.343 0.210 0.108 0.682
4.993 -0.835 8.921 0.194 0.081 0.586
4.659 -0.906 8.089 0.177 0.019 0.405
4.597 -0.468 7.887 0.113 0.080 0.257
4.597 -0.439 7.849 0.047 0.084 0.210
4.703 -0.559 7.839 0.054 0.121 0.160
4.556 -0.353 8.106 0.079 0.151 0.114
4.338 -0.329 8.108 0.094 0.168 0.113
4.393 -0.619 8.487 0.099 0.165 0.097
4.314 -0.626 8.715 0.102 0.080 0.059
4.317 -0.789 8.626 0.128 0.014 0.018
4.552 -0.779 9.043 0.161 -0.001 -0.046
4.820 -0.691 9.686 0.209 -0.129 -0.153
4.942 -0.091 9.326 0.173 -0.306 -0.241
5.767 0.165 9.048 0.072 -0.162 -0.279
5.379 0.269 10.424 0.028 0.054 -0.368
4.626 1.034 12.429 0.026 0.023 -0.507
2.974 1.185 8.475 0.003 -0.555 -0.545
3.098 1.851 6.844 -0.062 -0.175 -0.645
3.266 2.341 8.228 -0.131 0.078 -0.523
3.475 2.072 8.664 -0.176 0.089 -0.449
3.247 2.158 9.086 -0.227 0.147 -0.382
3.379 1.484 9.146 -0.244 0.039 -0.307
3.671 1.101 8.671 -0.243 -0.075 -0.305
3.918 0.820 7.983 -0.210 -0.137 -0.366
3.995 0.990 7.424 -0.202 -0.078 -0.435
4.141 1.324 7.832 -0.216 0.029 -0.459
4.305 1.412 8.259 -0.237 -0.047 -0.452
4.273 1.691 7.779 -0.266 -0.082 -0.440
4.348 2.106 7.988 -0.304 -0.013 -0.354
4.288 1.971 8.010 -0.294 0.046 -0.272
4.070 2.192 8.408 -0.297 0.080 -0.196
4.125 2.034 8.837 -0.264 0.085 -0.072
3.748 1.748 9.024 -0.227 0.019 -0.011
5.954 1.580 10.355 -0.173 0.283 0.012
4.415 0.914 12.096 -0.216 -0.007 0.065
3.005 1.170 10.192 -0.285 -0.437 0.091
3.065 1.060 7.324 -0.298 -0.039 0.331
3.573 -0.535 10.914 -0.198 0.489 0.528
3.350 -1.106 10.703 -0.039 0.044 0.372
3.122 0.170 9.281 0.105 0.037 0.300
3.012 0.259 9.276 0.185 0.023 0.403
3.153 0.022 8.341 0.206 -0.208 0.448
3.242 0.151 7.120 0.251 -0.167 0.439
3.372 0.420 7.312 0.292 0.005 0.479
3.448 0.448 7.645 0.296 0.079 0.552
3.458 0.458 7.914 0.305 0.125 0.626
3.544 0.376 8.410 0.340 0.165 0.728
3.647 0.264 9.043 0.412 0.133 0.790
3.897 0.578 9.271 0.482 0.076 0.829
3.597 0.928 8.638 0.506 0.056 0.887
3.835 1.552 8.590 0.432 0.179 0.997
4.185 1.710 11.329 0.346 0.443 1.227
3.739 0.789 11.247 0.429 0.255 1.199
2.933 1.520 9.242 0.476 0.323 1.030
2.986 1.499 9.794 0.529 0.501 0.966
2.897 1.628 10.597 0.517 0.377 0.813
2.722 2.393 9.276 0.446 0.062 0.695
2.525 2.520 7.561 0.324 0.045 0.726
2.734 1.947 7.302 0.286 0.316 0.696
2.878 2.106 8.273 0.289 0.422 0.611
2.712 2.206 8.132 0.310 0.383 0.545
2.624 2.180 7.755 0.319 0.403 0.474
2.700 2.053 7.775 0.323 0.521 0.360
2.643 2.254 8.436 0.274 0.552 0.240
2.082 1.885 7.568 0.203 0.310 0.222
1.835 1.523 6.472 0.133 0.231 0.154
1.588 1.540 6.281 0.082 0.300 0.078
1.194 1.664 6.053 0.015 0.259 0.098
1.362 1.165 6.240 0.048 0.257 0.138
1.604 1.213 7.221 0.092 0.082 0.095
1.448 1.367 6.168 0.044 0.004 0.150
2.082 0.854 7.357 0.026 0.322 0.142
2.010 1.161 9.022 0.073 0.154 0.067
1.746 1.314 8.520 0.050 0.234 0.063
1.918 1.885 11.058 0.021 0.267 0.166
1.868 0.734 10.573 0.164 -0.052 0.232
1.645 1.424 11.074 0.133 0.349 0.030
1.288 1.652 13.228 0.157 0.393 0.117
1.118 0.998 13.561 0.114 0.384 -0.048
0.969 2.269 14.878 0.070 0.184 -0.046
1.082 1.763 13.182 0.085 -0.236 0.045
1.266 1.513 11.600 0.140 -0.106 0.044
1.501 1.935 12.158 0.168 -0.098 -0.014
1.659 1.892 11.072 0.187 -0.239 0.078
1.746 1.240 10.278 0.149 -0.167 -0.010
1.643 2.187 10.314 0.071 -0.087 -0.078
1.844 2.266 10.221 0.111 -0.121 -0.017
1.777 1.945 9.777 0.091 -0.098 0.018
1.969 1.710 10.240 -0.006 -0.095 -0.067
2.177 2.089 9.978 -0.059 -0.251 -0.102
2.187 2.007 9.288 -0.072 -0.296 -0.080
2.365 1.945 9.221 -0.055 -0.232 -0.054
2.597 1.580 9.146 -0.013 -0.247 -0.064
2.314 2.189 8.906 0.012 -0.078 -0.110
2.444 2.094 9.861 0.059 -0.011 -0.071
2.326 2.302 9.722 -0.006 -0.140 -0.080
2.492 2.153 9.827 0.002 -0.103 -0.034
2.906 2.465 10.293 0.015 -0.202 -0.015
2.597 1.928 9.120 0.033 -0.151 0.076
2.820 1.842 10.329 0.006 0.106 -0.011
2.669 2.412 11.489 0.011 0.062 0.007
2.170 1.911 11.156 0.005 0.061 -0.030
2.271 2.432 12.173 -0.061 -0.047 -0.126
2.367 2.403 11.614 -0.136 -0.358 -0.070
2.523 1.707 11.086 -0.201 -0.374 -0.119
3.000 1.890 11.065 -0.263 -0.447 -0.234
2.986 2.060 10.446 -0.292 -0.350 -0.230
2.880 1.839 10.969 -0.260 -0.207 -0.251
2.964 1.671 10.705 -0.227 -0.286 -0.157
3.403 0.954 10.170 -0.188 -0.346 -0.131
3.062 0.472 8.727 -0.170 -0.340 -0.175
3.002 0.482 8.784 -0.131 0.002 -0.311
3.235 0.576 9.439 -0.129 -0.161 -0.351
2.710 0.547 7.038 -0.178 -0.258 -0.407
2.729 0.583 6.369 -0.223 0.040 -0.507
2.662 0.918 7.206 -0.311 0.121 -0.571
2.077 0.271 5.787 -0.363 0.114 -0.655
1.679 0.825 6.998 -0.431 0.439 -0.894
1.823 1.264 8.576 -0.410 0.012 -0.891
1.835 1.129 6.424 -0.412 -0.329 -0.974
1.969 2.415 6.549 -0.490 -0.120 -1.052
2.415 1.988 8.002 -0.473 -0.137 -0.948
2.727 1.146 8.499 -0.524 -0.064 -1.262
2.592 1.990 9.902 -0.607 -0.176 -1.547
2.302 1.842 9.084 -0.734 -0.326 -1.748
2.110 2.201 9.273 -0.898 -0.273 -1.950
2.091 1.990 9.376 -1.042 -0.422 -2.066
1.777 1.400 8.367 -1.089 -0.440 -2.166
1.544 0.621 8.458 -1.029 -0.243 -2.404
1.331 0.705 9.170 -1.022 -0.276 -2.595
1.650 0.106 8.892 -1.011 -0.321 -2.768
1.964 -0.422 9.777 -1.022 -0.188 -3.125
1.619 -0.376 10.597 -1.089 -0.191 -3.481
1.213 0.856 10.767 -1.220 -0.371 -3.665
1.815 1.185 10.705 -1.323 -0.488 -3.521
2.748 0.671 10.957 -1.308 -0.510 -3.394
2.626 1.350 10.734 -1.292 -0.608 -3.237
2.475 1.206 9.691 -1.289 -0.477 -2.925
2.329 0.420 10.077 -1.332 -0.649 -2.638
2.156 0.091 8.082 -1.275 -0.508 -2.496
2.285 -0.542 8.897 -1.136 -0.257 -2.397
2.460 -0.607 8.604 -1.039 -0.395 -2.403
2.866 -0.077 8.612 -0.932 -0.202 -2.306
3.504 -0.324 9.722 -0.822 -0.248 -2.248
3.422 0.177 8.777 -0.758 -0.290 -2.193
3.523 0.269 8.695 -0.702 -0.148 -2.070
3.588 0.031 9.197 -0.692 -0.152 -1.961
3.321 -0.029 8.091 -0.716 -0.182 -1.900
3.307 0.235 8.566 -0.688 0.040 -1.797
3.424 0.312 9.309 -0.586 -0.012 -1.652
3.379 0.758 8.549 -0.490 -0.159 -1.501
3.691 1.038 8.400 -0.341 -0.080 -1.225
4.158 0.823 9.108 -0.242 -0.092 -1.013
4.000 1.158 8.384 -0.184 -0.208 -0.805
4.139 1.367 7.791 -0.197 -0.152 -0.609
4.134 1.314 7.899 -0.202 -0.056 -0.448
4.161 1.417 8.185 -0.183 -0.069 -0.364
4.194 1.552 7.165 -0.159 0.049 -0.337
5.350 2.391 9.871 -0.082 0.618 -0.356
4.516 2.719 12.012 0.037 0.412 -0.294
4.480 2.552 10.182 0.162 -0.092 -0.288
3.736 3.029 7.851 0.167 0.042 -0.255
3.415 2.693 8.475 0.164 0.245 -0.163
3.314 2.448 8.055 0.113 0.171 -0.195
3.259 2.724 8.453 0.027 0.207 -0.179
3.597 2.204 8.918 -0.021 0.038 -0.146
3.777 2.309 7.844 -0.056 -0.133 -0.207
3.736 2.542 7.384 -0.048 -0.018 -0.191
3.578 4.000 8.247 -0.126 0.091 -0.062
3.683 3.827 8.592 -0.051 0.017 0.286
4.302 2.324 8.787 -0.054 -0.084 0.409
4.528 2.017 8.343 -0.105 -0.230 0.334
4.561 2.194 7.978 -0.093 -0.175 0.273
4.408 2.259 8.695 -0.117 -0.094 0.241
6.235 2.801 9.098 -0.204 0.032 0.272
5.062 2.590 12.770 -0.195 0.146 0.529
3.259 1.415 9.492 -0.081 -0.496 0.573
2.966 2.417 7.216 -0.002 0.173 0.783
3.127 1.216 11.506 0.075 0.602 1.077
3.225 0.177 10.700 0.137 -0.045 1.095
2.923 0.585 8.187 0.229 -0.060 1.013
2.544 0.791 7.918 0.341 0.285 1.070
2.600 0.621 8.724 0.435 0.306 1.120
2.602 0.911 8.520 0.603 0.312 1.157
2.710 1.233 9.139 0.696 0.274 1.248
2.765 1.010 8.422 0.738 0.135 1.321
2.597 1.650 7.338 0.743 0.219 1.362
2.743 1.652 8.096 0.766 0.463 1.565
2.974 0.751 9.597 0.701 0.429 1.616
2.882 1.141 9.643 0.645 0.273 1.604
2.866 1.134 9.609 0.627 0.206 1.687
2.873 0.801 9.662 0.593 0.185 1.716
2.588 1.086 9.906 0.579 0.137 1.732
3.034 1.223 9.947 0.543 0.134 1.794
3.223 0.954 10.007 0.512 0.170 1.830
3.201 1.293 10.647 0.424 0.268 1.780
3.060 1.072 11.305 0.422 0.292 1.698
2.772 1.511 10.463 0.383 0.021 1.521
2.811 1.448 8.724 0.392 -0.208 1.486
2.998 1.367 8.360 0.407 -0.115 1.360
3.139 1.580 8.307 0.404 -0.094 1.257
3.420 1.664 8.201 0.353 0.036 1.143
3.146 1.424 8.571 0.311 0.128 1.012
3.189 1.475 8.923 0.282 0.085 0.850
3.120 1.518 8.628 0.262 0.050 0.725
2.947 1.501 8.470 0.239 0.036 0.619
3.388 1.448 8.448 0.203 0.045 0.512
3.165 1.276 8.540 0.168 0.151 0.405
3.192 1.357 8.952 0.111 0.204 0.344
3.149 0.832 9.149 0.078 0.243 0.339
3.379 0.523 9.743 0.068 0.262 0.246
3.165 0.868 9.935 0.049 0.129 0.170
2.878 0.832 9.127 0.030 0.054 0.196
2.882 0.501 9.050 0.042 0.088 0.181
2.882 0.626 9.201 0.058 0.084 0.158
2.935 0.631 9.213 0.052 0.099 0.176
3.067 0.552 9.609 0.053 0.084 0.198
3.062 0.535 9.230 0.051 -0.006 0.243
3.050 0.353 8.861 0.065 0.042 0.256
3.024 0.424 9.120 0.084 0.085 0.249
3.062 0.444 9.398 0.120 0.094 0.248
3.180 0.484 9.683 0.187 0.032 0.241
3.386 0.472 9.779 0.274 -0.070 0.186
3.365 1.022 9.209 0.310 -0.229 0.111
3.156 1.233 8.420 0.277 -0.193 0.122
3.058 1.118 8.290 0.184 -0.043 0.161
2.947 0.753 8.691 0.067 0.079 0.185
3.060 0.312 8.935 0.028 0.148 0.133
2.971 0.307 9.290 0.006 0.191 0.004
2.758 0.372 9.501 -0.017 0.180 -0.084
2.796 0.355 9.962 -0.052 0.126 -0.190
2.784 0.568 9.808 -0.082 -0.031 -0.297
2.849 0.818 9.127 -0.099 -0.075 -0.362
2.981 1.067 9.362 -0.094 -0.051 -0.407
2.966 1.355 9.331 -0.128 -0.076 -0.405
2.981 1.276 9.216 -0.167 -0.077 -0.363
3.072 1.175 9.391 -0.210 -0.141 -0.310
3.007 0.597 8.667 -0.198 -0.113 -0.269
3.050 0.693 9.480 -0.171 -0.028 -0.344
3.010 0.971 9.288 -0.164 -0.145 -0.295
2.911 0.489 8.825 -0.126 -0.092 -0.277
2.957 0.825 9.422 -0.087 -0.044 -0.312
2.844 0.918 8.959 -0.073 -0.098 -0.271
2.791 1.065 8.866 -0.065 0.024 -0.279
2.928 1.321 9.588 -0.060 0.056 -0.257
3.000 1.525 9.707 -0.070 -0.034 -0.178
3.149 1.333 9.084 -0.038 -0.117 -0.101
3.235 1.480 8.628 -0.009 -0.063 -0.030
3.336 1.501 8.990 0.030 0.031 0.080
3.384 1.465 9.129 0.061 -0.011 0.164
3.362 1.456 8.835 0.111 -0.001 0.259
3.213 1.748 8.873 0.176 0.063 0.355
3.252 1.772 9.180 0.231 0.089 0.495
2.998 2.302 9.170 0.269 0.006 0.637
3.072 2.722 8.827 0.360 -0.034 0.851
3.209 2.679 8.820 0.448 0.069 1.059
3.216 2.825 9.434 0.505 0.104 1.279
2.974 2.520 9.098 0.554 0.116 1.448
3.017 2.060 9.427 0.531 0.215 1.496
2.928 2.113 9.971 0.398 0.121 1.473
2.880 1.942 9.247 0.392 -0.056 1.492
2.799 1.856 8.681 0.438 -0.032 1.450
3.005 1.863 9.074 0.470 -0.007 1.394
3.134 2.086 9.163 0.498 -0.062 1.350
3.307 2.170 9.094 0.534 -0.109 1.328
3.338 2.019 8.624 0.530 -0.147 1.298
3.504 1.966 8.185 0.471 -0.111 1.236
3.753 1.573 8.209 0.429 -0.014 1.184
3.875 1.333 8.429 0.367 0.038 1.095
3.619 0.823 8.446 0.335 0.037 1.051
3.765 0.245 7.839 0.307 0.053 0.958
4.631 0.199 9.060 0.203 0.324 0.885
4.698 -0.851 10.096 0.168 0.261 0.836
4.789 -0.873 9.710 0.096 0.103 0.667
4.760 -1.197 9.453 0.121 0.119 0.579
4.767 -1.206 9.472 0.110 -0.027 0.427
4.463 -0.950 8.170 0.073 -0.204 0.337
4.755 -1.300 7.751 0.044 -0.148 0.216
4.971 -0.904 8.170 0.047 -0.193 0.108
4.926 -1.072 7.547 0.095 -0.260 0.058
4.930 -0.978 7.326 0.133 -0.162 -0.013
4.868 -0.818 7.703 0.188 -0.004 -0.039
4.640 -1.189 7.794 0.260 0.084 -0.081
4.626 -1.024 8.600 0.306 0.121 -0.191
4.715 -0.758 9.204 0.362 0.035 -0.257
5.024 -0.254 9.609 0.363 -0.101 -0.313
5.199 0.144 9.139 0.249 -0.228 -0.306
4.993 0.436 10.513 0.121 0.152 -0.335
4.122 0.156 11.787 0.171 0.378 -0.599
2.269 0.724 10.698 0.079 -0.070 -0.818
3.034 0.950 9.477 -0.024 -0.279 -1.019
2.532 1.659 7.947 -0.265 -0.343 -1.185
2.801 2.137 8.324 -0.458 -0.126 -1.226
2.933 2.233 9.369 -0.639 -0.131 -1.200
3.113 2.041 8.882 -0.704 -0.297 -1.144
3.542 1.784 8.228 -0.681 -0.372 -1.097
3.813 1.727 7.600 -0.608 -0.323 -1.104
4.041 2.199 7.664 -0.565 -0.253 -1.073
4.305 2.278 7.571 -0.573 -0.264 -0.954
4.321 2.139 7.396 -0.609 -0.224 -0.868
4.480 2.062 7.674 -0.624 -0.130 -0.790
4.305 1.926 8.038 -0.602 -0.082 -0.731
4.017 2.134 8.468 -0.601 -0.029 -0.642
4.285 1.566 9.376 -0.579 -0.002 -0.537
4.825 0.854 9.662 -0.510 -0.019 -0.539
5.472 0.683 12.619 -0.425 0.197 -0.611
4.050 0.808 11.266 -0.478 -0.429 -0.557
3.983 0.228 7.978 -0.548 -0.351 -0.248
4.995 -1.561 10.727 -0.469 0.132 -0.119
4.664 -2.163 10.547 -0.340 -0.183 -0.227
4.331 -1.844 8.022 -0.151 -0.297 -0.343
3.564 -1.441 7.012 -0.016 -0.051 -0.509
3.441 -0.477 7.417 0.027 -0.091 -0.588
3.746 -0.225 6.647 0.013 -0.202 -0.587
3.990 0.098 6.415 -0.036 -0.111 -0.585
4.177 0.242 6.897 -0.078 -0.015 -0.546
4.249 0.225 7.273 -0.108 0.063 -0.468
4.206 0.134 8.053 -0.075 0.146 -0.376
4.098 0.353 8.655 -0.046 0.185 -0.258
4.842 0.225 9.746 0.056 0.288 -0.170
5.403 0.237 11.396 0.116 0.138 -0.185
5.194 1.127 11.899 0.049 -0.051 -0.202
4.010 1.074 10.508 0.009 -0.069 -0.329
3.079 2.424 9.758 -0.064 0.050 -0.509
3.691 3.266 10.626 -0.117 -0.049 -0.400
3.631 2.523 8.878 -0.171 -0.371 -0.263
3.556 2.528 7.086 -0.215 -0.261 -0.248
3.432 2.508 7.561 -0.209 0.070 -0.106
3.583 1.835 8.285 -0.218 -0.073 0.016
3.600 1.571 7.175 -0.218 -0.235 0.083
3.784 1.151 6.482 -0.196 -0.150 0.110
3.916 1.091 6.775 -0.183 -0.012 0.073
4.127 1.022 7.365 -0.148 0.056 0.064
4.201 0.746 8.084 -0.106 0.047 0.014
4.036 0.753 8.341 -0.092 -0.019 -0.092
4.588 0.863 8.180 -0.110 -0.001 -0.190
4.336 0.609 9.547 -0.138 0.016 -0.273
5.523 1.041 11.631 -0.154 0.545 -0.521
4.271 1.388 14.233 -0.204 0.161 -0.507
3.345 1.460 10.448 -0.348 -0.611 -0.354
4.439 0.947 8.396 -0.347 -0.225 -0.135
4.700 -0.393 10.329 -0.264 0.106 -0.079
4.168 -0.408 8.938 -0.158 -0.154 -0.151
3.590 -0.247 7.482 -0.052 0.028 -0.206
3.374 0.103 7.552 -0.010 0.122 -0.207
3.396 0.103 7.297 0.043 0.033 -0.183
3.405 0.266 6.693 0.082 -0.036 -0.188
3.496 0.451 6.446 0.098 0.015 -0.166
3.635 0.659 6.933 0.030 0.094 -0.145
3.631 0.856 7.583 -0.032 0.150 -0.080
3.444 1.125 8.151 -0.091 0.222 -0.002
3.269 1.312 9.616 -0.068 0.276 0.200
3.120 0.683 10.796 -0.034 0.118 0.275
5.163 1.640 11.297 -0.066 0.579 0.265
3.626 1.341 14.400 -0.093 0.527 0.351
3.379 0.643 11.317 -0.071 -0.151 0.219
3.297 1.355 9.568 -0.091 -0.092 -0.043
2.408 2.290 8.741 -0.258 0.150 -0.126
2.101 1.791 9.887 -0.288 0.203 0.009
1.935 0.866 9.367 -0.355 -0.104 0.034
2.317 0.341 8.086 -0.349 -0.180 0.035
2.707 -0.106 8.022 -0.245 -0.013 -0.015
2.806 0.302 8.837 -0.190 0.050 0.021
2.993 -0.353 9.348 -0.077 -0.126 0.159
3.165 -0.988 8.489 0.045 -0.326 0.108
3.297 -0.734 7.588 0.093 -0.284 -0.045
3.542 -0.779 8.245 0.045 -0.003 -0.220
3.278 -0.353 8.391 0.047 -0.149 -0.478
3.415 1.187 10.118 -0.111 -0.080 -0.622
4.662 0.549 9.153 -0.101 0.195 -0.748
3.281 1.815 10.568 -0.274 0.376 -0.740
2.971 0.715 12.290 -0.325 0.077 -0.472
2.600 -0.897 9.679 -0.340 -0.363 -0.491
3.302 -0.302 9.376 -0.260 -0.193 -0.502
3.345 -0.415 10.187 -0.241 0.005 -0.503
3.501 0.297 10.412 -0.136 -0.177 -0.359
3.257 0.715 9.468 0.031 -0.371 -0.110
3.218 0.403 7.652 0.196 -0.324 0.045
3.348 0.197 7.612 0.138 -0.068 -0.161
3.477 0.005 8.434 0.125 0.040 -0.141
3.345 0.789 9.041 0.088 -0.006 0.031
3.432 0.362 9.050 0.102 -0.040 0.068
