0.00050111 0.27711162 0.58204588 0.3335578  0.34033719 0.36287842  0.51475587 0.44998219 0.44411745 0.38098864 0.50246853 0.45809662  0.4426108  0.41452704 0.4705883  0.46760634
0.00050111 0.27711162 0.58204588 0.3335578  0.34033719 0.36287842  0.51475587 0.44998219 0.44411745 0.38098864 0.50246853 0.45809662  0.4426108  0.41452704 0.4705883  0.46760634
0.00050111 0.27711162 0.58204588 0.3335578  0.34033719 0.36287842  0.51475587 0.44998219 0.44411745 0.38098864 0.50246853 0.45809662  0.4426108  0.41452704 0.4705883  0.46760634
0.00050111 0.27711162 0.58204588 0.3335578  0.34033719 0.36287842  0.51475587 0.44998219 0.44411745 0.38098864 0.50246853 0.45809662  0.4426108  0.41452704 0.4705883  0.46760634
0.00050111 0.27711162 0.58204588 0.3335578  0.34033719 0.36287842  0.51475587 0.44998219 0.44411745 0.38098864 0.50246853 0.45809662  0.4426108  0.41452704 0.4705883  0.46760634
0.00050111 0.27711162 0.58204588 0.3335578  0.34033719 0.36287842  0.51475587 0.44998219 0.44411745 0.38098864 0.50246853 0.45809662  0.4426108  0.41452704 0.4705883  0.46760634
0.00050111 0.27711162 0.58204588 0.3335578  0.34033719 0.36287842  0.51475587 0.44998219 0.44411745 0.38098864 0.50246853 0.45809662  0.4426108  0.41452704 0.4705883  0.46760634
0.00050111 0.27711162 0.58204588 0.3335578  0.34033719 0.36287842  0.51475587 0.44998219 0.44411745 0.38098864 0.50246853 0.45809662  0.4426108  0.41452704 0.4705883  0.46760634
0.00050111 0.27711162 0.58204588 0.3335578  0.34033719 0.36287842  0.51475587 0.44998219 0.44411745 0.38098864 0.50246853 0.45809662  0.4426108  0.41452704 0.4705883  0.46760634
0.00050111 0.27711162 0.58204588 0.3335578  0.34033719 0.36287842  0.51475587 0.44998219 0.44411745 0.38098864 0.50246853 0.45809662  0.4426108  0.41452704 0.4705883  0.46760634
0.00050111 0.27711162 0.58204588 0.3335578  0.34033719 0.36287842  0.51475587 0.44998219 0.44411745 0.38098864 0.50246853 0.45809662  0.4426108  0.41452704 0.4705883  0.46760634
0.00050111 0.27711162 0.58204588 0.3335578  0.34033719 0.36287842  0.51475587 0.44998219 0.44411745 0.38098864 0.50246853 0.45809662  0.4426108  0.41452704 0.4705883  0.46760634
0.00050111 0.27711162 0.58204588 0.3335578  0.34033719 0.36287842  0.51475587 0.44998219 0.44411745 0.38098864 0.50246853 0.45809662  0.4426108  0.41452704 0.4705883  0.46760634
0.00050111 0.27711162 0.58204588 0.3335578  0.34033719 0.36287842  0.51475587 0.44998219 0.44411745 0.38098864 0.50246853 0.45809662  0.4426108  0.41452704 0.4705883  0.46760634
0.00050111 0.27711162 0.58204588 0.3335578  0.34033719 0.36287842  0.51475587 0.44998219 0.44411745 0.38098864 0.50246853 0.45809662  0.4426108  0.41452704 0.4705883  0.46760634
0.00050111 0.27711162 0.58204588 0.3335578  0.34033719 0.36287842  0.51475587 0.44998219 0.44411745 0.38098864 0.50246853 0.45809662  0.4426108  0.41452704 0.4705883  0.46760634
0.00050111 0.27711162 0.58204588 0.3335578  0.34033719 0.36287842  0.51475587 0.44998219 0.44411745 0.38098864 0.50246853 0.45809662  0.4426108  0.41452704 0.4705883  0.46760634
0.00050111 0.27711162 0.58204588 0.3335578  0.34033719 0.36287842  0.51475587 0.44998219 0.44411745 0.38098864 0.50246853 0.45809662  0.4426108  0.41452704 0.4705883  0.46760634
0.00050111 0.27711162 0.58204588 0.3335578  0.34033719 0.36287842  0.51475587 0.44998219 0.44411745 0.38098864 0.50246853 0.45809662  0.4426108  0.41452704 0.4705883  0.46760634
0.02238699 0.26933158 0.55141352 0.44716364 0.13200308 0.43368392  0.38515266 0.45456251 0.39203695 0.41291259 0.4534861  0.49973982  0.50090471 0.43447086 0.45183801 0.48654995
0.02238699 0.26933158 0.55141352 0.44716364 0.13200308 0.43368392  0.38515266 0.45456251 0.39203695 0.41291259 0.4534861  0.49973982  0.50090471 0.43447086 0.45183801 0.48654995
0.02238699 0.26933158 0.55141352 0.44716364 0.13200308 0.43368392  0.38515266 0.45456251 0.39203695 0.41291259 0.4534861  0.49973982  0.50090471 0.43447086 0.45183801 0.48654995
0.02238699 0.26933158 0.55141352 0.44716364 0.13200308 0.43368392  0.38515266 0.45456251 0.39203695 0.41291259 0.4534861  0.49973982  0.50090471 0.43447086 0.45183801 0.48654995
0.03975697 0.26154521 0.51842642 0.47765946 0.13375849 0.41804104  0.39057053 0.43886311 0.39167364 0.42865949 0.50354763 0.50267525  0.44444481 0.45563039 0.44746173 0.45201183
0.03975697 0.26154521 0.51842642 0.47765946 0.13375849 0.41804104  0.39057053 0.43886311 0.39167364 0.42865949 0.50354763 0.50267525  0.44444481 0.45563039 0.44746173 0.45201183
0.11198685 0.23428412 0.39625736 0.56238452 0.14681496 0.38280282  0.47289475 0.37835666 0.51001059 0.48163372 0.67933371 0.52605027  0.31124093 0.46231323 0.44937722 0.44204686
0.1844958  0.21754712 0.31030194 0.57781843 0.15011938 0.38710869  0.56841018 0.35354344 0.60206198 0.49955974 0.69521218 0.49241505  0.34439709 0.488886   0.44262407 0.40949201
0.23981324 0.20169365 0.23653157 0.59201993 0.1706161  0.38026801  0.62530901 0.34618518 0.65189535 0.49592072 0.66698356 0.47476194  0.40626735 0.46998644 0.45752835 0.42781733
0.33589596 0.29220987 0.1428318  0.54351053 0.17281777 0.45446671  0.72277762 0.41996455 0.65962804 0.32328272 0.62581686 0.55199527  0.49689811 0.45455335 0.5845269  0.5485656 
0.37452671 0.41763255 0.12430267 0.51697719 0.17216032 0.54031172  0.73609939 0.37659358 0.58681536 0.19945575 0.65289442 0.50641629  0.39969022 0.46748553 0.67478106 0.50467348
0.41066067 0.4221273  0.13839205 0.4422146  0.14494389 0.58874626  0.76968025 0.38629321 0.58888576 0.20770293 0.63925805 0.46414931  0.39093786 0.5687681  0.62285691 0.4329904 
0.43874764 0.4621222  0.10868911 0.42653574 0.16724573 0.61016662  0.77133344 0.39782669 0.51502109 0.15829885 0.62049023 0.54096953  0.38958211 0.54192678 0.71546685 0.50301195
0.4860561  0.5005734  0.11249842 0.42129788 0.16466172 0.57088704  0.82310531 0.38868558 0.36485958 0.1426895  0.54322341 0.49255596  0.386801   0.45772739 0.63184858 0.49374818
0.54784179 0.62918182 0.12108036 0.37610937 0.16169415 0.56574592  0.86055087 0.42155502 0.27770383 0.19123969 0.59200535 0.65356202  0.43432453 0.52260961 0.59536118 0.5729585 
0.56522212 0.62123901 0.09786844 0.37971703 0.18958569 0.54150189  0.84004131 0.43776885 0.18088227 0.16320675 0.50893794 0.61233064  0.52434149 0.55106665 0.57284331 0.56626082
0.56522212 0.62123901 0.09786844 0.37971703 0.18958569 0.54150189  0.84004131 0.43776885 0.18088227 0.16320675 0.50893794 0.61233064  0.52434149 0.55106665 0.57284331 0.56626082
0.56522212 0.62123901 0.09786844 0.37971703 0.18958569 0.54150189  0.84004131 0.43776885 0.18088227 0.16320675 0.50893794 0.61233064  0.52434149 0.55106665 0.57284331 0.56626082
0.56522212 0.62123901 0.09786844 0.37971703 0.18958569 0.54150189  0.84004131 0.43776885 0.18088227 0.16320675 0.50893794 0.61233064  0.52434149 0.55106665 0.57284331 0.56626082
0.58540334 0.62850029 0.09200343 0.35347874 0.21707814 0.55413605  0.7659209  0.43250935 0.12540444 0.18913859 0.48718468 0.67797961  0.46996576 0.48876793 0.61292197 0.53696914
0.62182408 0.61976093 0.09939916 0.28456778 0.22614925 0.5801787  0.68532216 0.47147785 0.11313218 0.20447374 0.49809604 0.75031284  0.35874807 0.4564276  0.62154728 0.51277314
0.62182408 0.61976093 0.09939916 0.28456778 0.22614925 0.5801787  0.68532216 0.47147785 0.11313218 0.20447374 0.49809604 0.75031284  0.35874807 0.4564276  0.62154728 0.51277314
0.6381247  0.62089027 0.12154916 0.25954833 0.21089678 0.58283416  0.69039287 0.45909479 0.08676666 0.23139045 0.53679013 0.70882868  0.3528053  0.50575605 0.60972915 0.49401454
0.65520354 0.62040395 0.13930421 0.22875845 0.2006435  0.59599041  0.67547493 0.45257135 0.0753192  0.25077373 0.57718966 0.67975382  0.34312691 0.54895651 0.57731123 0.46743392
0.65040585 0.58651    0.14683107 0.22475754 0.18152843 0.56482003  0.71256087 0.5167475  0.08846264 0.22634125 0.59101974 0.68725245  0.32844852 0.63218901 0.60607728 0.51372482
0.6781468  0.58376168 0.2206308  0.24735837 0.11963834 0.43669993  0.79503288 0.61179583 0.07983625 0.24837699 0.61218948 0.63634102  0.32346635 0.49431044 0.55857103 0.53867701
0.6781468  0.58376168 0.2206308  0.24735837 0.11963834 0.43669993  0.79503288 0.61179583 0.07983625 0.24837699 0.61218948 0.63634102  0.32346635 0.49431044 0.55857103 0.53867701
0.6781468  0.58376168 0.2206308  0.24735837 0.11963834 0.43669993  0.79503288 0.61179583 0.07983625 0.24837699 0.61218948 0.63634102  0.32346635 0.49431044 0.55857103 0.53867701
0.65986778 0.47387825 0.2493713  0.24770045 0.08719488 0.35860822  0.8212171  0.69535156 0.17406256 0.31403928 0.58344214 0.57949475  0.37122913 0.51786407 0.41043561 0.57738989
0.70796854 0.44880801 0.30993087 0.19022644 0.10667622 0.3376397  0.64859989 0.6888195  0.20531392 0.38016918 0.67898678 0.51919313  0.28267866 0.51720776 0.33826593 0.65755238
0.7519585  0.38594096 0.42966499 0.20306592 0.10258287 0.19825983  0.57530657 0.64499443 0.23166889 0.54039095 0.59246288 0.44068282  0.21296374 0.41364374 0.30182618 0.82901877
0.73672484 0.31112136 0.4405518  0.19606403 0.10357233 0.1959843  0.56740895 0.6026142  0.25090896 0.62343795 0.54419679 0.4351894  0.2353874  0.37714001 0.27669255 0.72858456
0.74260693 0.28292696 0.48028012 0.21698978 0.10034991 0.1613379  0.5766316  0.58035044 0.2646756  0.67161914 0.5140709  0.44559087  0.28956447 0.31930753 0.32658747 0.67638473
0.76243858 0.24386798 0.54648718 0.23671704 0.10757152 0.1507549  0.53842258 0.54319769 0.31853257 0.59534447 0.60131655 0.43900213  0.54598193 0.30447952 0.37100848 0.56898275
0.77430603 0.23990256 0.58054641 0.25393755 0.10440599 0.13334938  0.54781062 0.52661627 0.32270515 0.58061025 0.60974506 0.43404016  0.61497695 0.27834119 0.43517467 0.54972969
0.77430603 0.23990256 0.58054641 0.25393755 0.10440599 0.13334938  0.54781062 0.52661627 0.32270515 0.58061025 0.60974506 0.43404016  0.61497695 0.27834119 0.43517467 0.54972969
0.76781255 0.21274738 0.58434454 0.25379327 0.1108022  0.13814325  0.53062038 0.49665567 0.33646994 0.61647011 0.58132223 0.41458326  0.61071547 0.26001124 0.43716928 0.50606753
0.76781255 0.21274738 0.58434454 0.25379327 0.1108022  0.13814325  0.53062038 0.49665567 0.33646994 0.61647011 0.58132223 0.41458326  0.61071547 0.26001124 0.43716928 0.50606753
0.7960776  0.20073185 0.66630062 0.32164248 0.13335578 0.12308984  0.54097191 0.49510063 0.36867219 0.52259375 0.57214    0.5084364  0.67562419 0.2562203  0.45892437 0.37944954
0.81277034 0.21787225 0.69329035 0.34248753 0.13475589 0.13034811  0.56620491 0.49075985 0.36841583 0.4268593  0.5648711  0.53706282  0.64463181 0.32048349 0.4446767  0.52461757
0.82755549 0.2126353  0.73765205 0.38976105 0.15761459 0.13546065  0.56342081 0.49724479 0.41375902 0.3723756  0.5303357  0.58629085  0.62795434 0.40677935 0.41770151 0.58672921
0.82755549 0.2126353  0.73765205 0.38976105 0.15761459 0.13546065  0.56342081 0.49724479 0.41375902 0.3723756  0.5303357  0.58629085  0.62795434 0.40677935 0.41770151 0.58672921
0.83336585 0.22951168 0.74847639 0.40446944 0.16013276 0.10443029  0.54950411 0.52248058 0.44299133 0.39787719 0.52337041 0.59973315  0.63589273 0.42115467 0.36359335 0.61753083
0.83804163 0.2280465  0.76683    0.43663164 0.17800595 0.12863362  0.56795955 0.54202172 0.44209407 0.39924314 0.49964966 0.61497616  0.59821388 0.42663884 0.33655386 0.51086169
0.85070699 0.21250302 0.80619693 0.48793154 0.22009647 0.19502982  0.5721478  0.54367851 0.43423443 0.31749468 0.5080873  0.65518932  0.56469367 0.44918116 0.23446818 0.50064473
0.85070699 0.21250302 0.80619693 0.48793154 0.22009647 0.19502982  0.5721478  0.54367851 0.43423443 0.31749468 0.5080873  0.65518932  0.56469367 0.44918116 0.23446818 0.50064473
0.85070699 0.21250302 0.80619693 0.48793154 0.22009647 0.19502982  0.5721478  0.54367851 0.43423443 0.31749468 0.5080873  0.65518932  0.56469367 0.44918116 0.23446818 0.50064473
0.85070699 0.21250302 0.80619693 0.48793154 0.22009647 0.19502982  0.5721478  0.54367851 0.43423443 0.31749468 0.5080873  0.65518932  0.56469367 0.44918116 0.23446818 0.50064473
0.8442135  0.18534785 0.80999506 0.48778725 0.22649267 0.1998237  0.55495756 0.5137179  0.44799923 0.35335454 0.47966447 0.63573242  0.56043219 0.43085121 0.2364628  0.45698257
0.8442135  0.18534785 0.80999506 0.48778725 0.22649267 0.1998237  0.55495756 0.5137179  0.44799923 0.35335454 0.47966447 0.63573242  0.56043219 0.43085121 0.2364628  0.45698257
0.83132725 0.14445011 0.79688386 0.46986311 0.23207351 0.25114747  0.55629095 0.45293833 0.42555142 0.34316882 0.46185797 0.6098736  0.55146337 0.42609983 0.35403256 0.37309713
0.83132725 0.14445011 0.79688386 0.46986311 0.23207351 0.25114747  0.55629095 0.45293833 0.42555142 0.34316882 0.46185797 0.6098736  0.55146337 0.42609983 0.35403256 0.37309713
0.82021475 0.12278714 0.77882134 0.43678874 0.21966238 0.23882482  0.52987206 0.38865789 0.43234419 0.35491327 0.43627169 0.58799068  0.54083822 0.41709111 0.44870144 0.39688446
0.80353291 0.09981224 0.73256247 0.3670024  0.1983683  0.26779506  0.50288733 0.28893531 0.39804076 0.30051263 0.46456092 0.50692842  0.53929831 0.36978949 0.52089259 0.5290751 
0.72094746 0.08768643 0.51709025 0.23059406 0.21748659 0.4122931  0.36557319 0.34609694 0.43760286 0.30066226 0.63750943 0.38114835  0.66404847 0.59073437 0.52368834 0.43035388
0.63316475 0.11094742 0.30896048 0.17966111 0.24512772 0.46184893  0.29784152 0.502162   0.47237143 0.42285174 0.62117827 0.43763124  0.5889024  0.54705242 0.40480919 0.17490853
0.56166084 0.12140189 0.18574219 0.2153366  0.27016466 0.46798893  0.31826155 0.53982761 0.50743039 0.50175462 0.39597162 0.48637836  0.37340195 0.48125426 0.40148762 0.35312177
0.47475357 0.11926708 0.1298643  0.36754675 0.32604165 0.388848  0.29320928 0.55044221 0.48349109 0.44521203 0.35696673 0.63082226  0.37155738 0.28947871 0.51824501 0.50179022
0.34562245 0.13808722 0.20313822 0.48203206 0.36201369 0.2753301  0.20583484 0.52836878 0.23223    0.39508213 0.34288242 0.54839858  0.41089644 0.29614751 0.55901818 0.5696933 
0.16540297 0.21073736 0.32026022 0.56446268 0.26305735 0.294831  0.39937712 0.44441834 0.13971419 0.35137858 0.34476054 0.36641162  0.65627208 0.53157261 0.40049151 0.45962874
0.09295401 0.23829368 0.4351995  0.50915147 0.21496507 0.34340548  0.37166889 0.45979886 0.16577679 0.35666874 0.33334224 0.37670507  0.66640019 0.53886572 0.38961949 0.4449726 
0.03976731 0.26138878 0.5282016  0.4507713  0.15989462 0.40943989  0.3646431  0.47077634 0.29521539 0.38487965 0.37041869 0.45850843  0.59092167 0.4629279  0.42932014 0.47985227
0.01127263 0.27312044 0.56699535 0.39141017 0.23694552 0.39737547  0.44866587 0.45075845 0.41690237 0.39722444 0.48009993 0.47894387  0.47222712 0.42524697 0.45818264 0.47346974
0.00050111 0.27711162 0.58204588 0.3335578  0.34033719 0.36287842  0.51475587 0.44998219 0.44411745 0.38098864 0.50246853 0.45809662  0.4426108  0.41452704 0.4705883  0.46760634
0.00050111 0.27711162 0.58204588 0.3335578  0.34033719 0.36287842  0.51475587 0.44998219 0.44411745 0.38098864 0.50246853 0.45809662  0.4426108  0.41452704 0.4705883  0.46760634
0.00050111 0.27711162 0.58204588 0.3335578  0.34033719 0.36287842  0.51475587 0.44998219 0.44411745 0.38098864 0.50246853 0.45809662  0.4426108  0.41452704 0.4705883  0.46760634
0.00050111 0.27711162 0.58204588 0.3335578  0.34033719 0.36287842  0.51475587 0.44998219 0.44411745 0.38098864 0.50246853 0.45809662  0.4426108  0.41452704 0.4705883  0.46760634
0.00050111 0.27711162 0.58204588 0.3335578  0.34033719 0.36287842  0.51475587 0.44998219 0.44411745 0.38098864 0.50246853 0.45809662  0.4426108  0.41452704 0.4705883  0.46760634
0.00050111 0.27711162 0.58204588 0.3335578  0.34033719 0.36287842  0.51475587 0.44998219 0.44411745 0.38098864 0.50246853 0.45809662  0.4426108  0.41452704 0.4705883  0.46760634
0.00050111 0.27711162 0.58204588 0.3335578  0.34033719 0.36287842  0.51475587 0.44998219 0.44411745 0.38098864 0.50246853 0.45809662  0.4426108  0.41452704 0.4705883  0.46760634
0.00050111 0.27711162 0.58204588 0.3335578  0.34033719 0.36287842  0.51475587 0.44998219 0.44411745 0.38098864 0.50246853 0.45809662  0.4426108  0.41452704 0.4705883  0.46760634
0.00050111 0.27711162 0.58204588 0.3335578  0.34033719 0.36287842  0.51475587 0.44998219 0.44411745 0.38098864 0.50246853 0.45809662  0.4426108  0.41452704 0.4705883  0.46760634
0.00050111 0.27711162 0.58204588 0.3335578  0.34033719 0.36287842  0.51475587 0.44998219 0.44411745 0.38098864 0.50246853 0.45809662  0.4426108  0.41452704 0.4705883  0.46760634
0.00050111 0.27711162 0.58204588 0.3335578  0.34033719 0.36287842  0.51475587 0.44998219 0.44411745 0.38098864 0.50246853 0.45809662  0.4426108  0.41452704 0.4705883  0.46760634
0.00050111 0.27711162 0.58204588 0.3335578  0.34033719 0.36287842  0.51475587 0.44998219 0.44411745 0.38098864 0.50246853 0.45809662  0.4426108  0.41452704 0.4705883  0.46760634
0.00050111 0.27711162 0.58204588 0.3335578  0.34033719 0.36287842  0.51475587 0.44998219 0.44411745 0.38098864 0.50246853 0.45809662  0.4426108  0.41452704 0.4705883  0.46760634
0.00050111 0.27711162 0.58204588 0.3335578  0.34033719 0.36287842  0.51475587 0.44998219 0.44411745 0.38098864 0.50246853 0.45809662  0.4426108  0.41452704 0.4705883  0.46760634
0.00050111 0.27711162 0.58204588 0.3335578  0.34033719 0.36287842  0.51475587 0.44998219 0.44411745 0.38098864 0.50246853 0.45809662  0.4426108  0.41452704 0.4705883  0.46760634
0.00050111 0.27711162 0.58204588 0.3335578  0.34033719 0.36287842  0.51475587 0.44998219 0.44411745 0.38098864 0.50246853 0.45809662  0.4426108  0.41452704 0.4705883  0.46760634
0.00050111 0.27711162 0.58204588 0.3335578  0.34033719 0.36287842  0.51475587 0.44998219 0.44411745 0.38098864 0.50246853 0.45809662  0.4426108  0.41452704 0.4705883  0.46760634
0.00050111 0.27711162 0.58204588 0.3335578  0.34033719 0.36287842  0.51475587 0.44998219 0.44411745 0.38098864 0.50246853 0.45809662  0.4426108  0.41452704 0.4705883  0.46760634
