0.00050111 0.27711162 0.58204588 0.3335578  0.34033719 0.36287842  0.51475587 0.44998219 0.44411745 0.38098864 0.50246853 0.45809662  0.4426108  0.41452704 0.4705883  0.46760634
0.00050111 0.27711162 0.58204588 0.3335578  0.34033719 0.36287842  0.51475587 0.44998219 0.44411745 0.38098864 0.50246853 0.45809662  0.4426108  0.41452704 0.4705883  0.46760634
0.00050111 0.27711162 0.58204588 0.3335578  0.34033719 0.36287842  0.51475587 0.44998219 0.44411745 0.38098864 0.50246853 0.45809662  0.4426108  0.41452704 0.4705883  0.46760634
0.00050111 0.27711162 0.58204588 0.3335578  0.34033719 0.36287842  0.51475587 0.44998219 0.44411745 0.38098864 0.50246853 0.45809662  0.4426108  0.41452704 0.4705883  0.46760634
0.00050111 0.27711162 0.58204588 0.3335578  0.34033719 0.36287842  0.51475587 0.44998219 0.44411745 0.38098864 0.50246853 0.45809662  0.4426108  0.41452704 0.4705883  0.46760634
0.00050111 0.27711162 0.58204588 0.3335578  0.34033719 0.36287842  0.51475587 0.44998219 0.44411745 0.38098864 0.50246853 0.45809662  0.4426108  0.41452704 0.4705883  0.46760634
0.00050111 0.27711162 0.58204588 0.3335578  0.34033719 0.36287842  0.51475587 0.44998219 0.44411745 0.38098864 0.50246853 0.45809662  0.4426108  0.41452704 0.4705883  0.46760634
0.01161546 0.27332276 0.56646405 0.38931128 0.23539476 0.39918686  0.45124266 0.45378625 0.41925203 0.39667678 0.47585469 0.47889256  0.47128839 0.42375093 0.46424367 0.48068655
0.02238699 0.26933158 0.55141352 0.44716364 0.13200308 0.43368392  0.38515266 0.45456251 0.39203695 0.41291259 0.4534861  0.49973982  0.50090471 0.43447086 0.45183801 0.48654995
0.02238699 0.26933158 0.55141352 0.44716364 0.13200308 0.43368392  0.38515266 0.45456251 0.39203695 0.41291259 0.4534861  0.49973982  0.50090471 0.43447086 0.45183801 0.48654995
0.02238699 0.26933158 0.55141352 0.44716364 0.13200308 0.43368392  0.38515266 0.45456251 0.39203695 0.41291259 0.4534861  0.49973982  0.50090471 0.43447086 0.45183801 0.48654995
0.02238699 0.26933158 0.55141352 0.44716364 0.13200308 0.43368392  0.38515266 0.45456251 0.39203695 0.41291259 0.4534861  0.49973982  0.50090471 0.43447086 0.45183801 0.48654995
0.02238699 0.26933158 0.55141352 0.44716364 0.13200308 0.43368392  0.38515266 0.45456251 0.39203695 0.41291259 0.4534861  0.49973982  0.50090471 0.43447086 0.45183801 0.48654995
0.02238699 0.26933158 0.55141352 0.44716364 0.13200308 0.43368392  0.38515266 0.45456251 0.39203695 0.41291259 0.4534861  0.49973982  0.50090471 0.43447086 0.45183801 0.48654995
0.02238699 0.26933158 0.55141352 0.44716364 0.13200308 0.43368392  0.38515266 0.45456251 0.39203695 0.41291259 0.4534861  0.49973982  0.50090471 0.43447086 0.45183801 0.48654995
0.02238699 0.26933158 0.55141352 0.44716364 0.13200308 0.43368392  0.38515266 0.45456251 0.39203695 0.41291259 0.4534861  0.49973982  0.50090471 0.43447086 0.45183801 0.48654995
0.02238699 0.26933158 0.55141352 0.44716364 0.13200308 0.43368392  0.38515266 0.45456251 0.39203695 0.41291259 0.4534861  0.49973982  0.50090471 0.43447086 0.45183801 0.48654995
0.03975697 0.26154521 0.51842642 0.47765946 0.13375849 0.41804104  0.39057053 0.43886311 0.39167364 0.42865949 0.50354763 0.50267525  0.44444481 0.45563039 0.44746173 0.45201183
0.14765375 0.22862958 0.36151989 0.56051351 0.14708463 0.3862032  0.5184342  0.37033488 0.50718159 0.47687808 0.65114363 0.46919146  0.37308067 0.52648142 0.42464422 0.37951459
0.31413776 0.19809902 0.20883164 0.49452211 0.1402027  0.46286076  0.70741146 0.37619062 0.77430352 0.49836567 0.55259015 0.50558371  0.509777   0.43670105 0.48411257 0.41884626
0.32974392 0.20772253 0.22618003 0.4747779  0.11593125 0.45682427  0.75447757 0.3648081  0.72691745 0.5094818  0.55355618 0.47788696  0.47644329 0.44427677 0.50466287 0.36879507
0.44755305 0.4370095  0.09396919 0.49184455 0.23582592 0.54726682  0.63518436 0.31382628 0.63418677 0.22405541 0.40192855 0.28202365  0.50534894 0.21277632 0.48059241 0.37440658
0.54532994 0.69890254 0.10722615 0.47583455 0.21547251 0.55017713  0.64494627 0.43752852 0.66730346 0.06869298 0.43785912 0.19065459  0.42044758 0.3087469  0.31739791 0.4257235 
0.56931432 0.72652572 0.08278859 0.48830053 0.25719151 0.52709393  0.58668084 0.43286303 0.58500427 0.06098298 0.35488973 0.12901686  0.52982956 0.28731518 0.22880509 0.43449589
0.60665301 0.73850966 0.10470789 0.42111538 0.25472211 0.57425017  0.52274699 0.40628333 0.55688914 0.11085078 0.40938569 0.13416161  0.49058602 0.30075426 0.17129778 0.36729889
0.66309713 0.76397101 0.11425226 0.34191777 0.27591866 0.60381414  0.44329772 0.3926239  0.40440205 0.15796169 0.39462097 0.25722412  0.32948326 0.21230988 0.28371915 0.34381097
0.68511438 0.79879315 0.12931081 0.3134093  0.28212339 0.63031305  0.42957094 0.33280449 0.3301832  0.22323502 0.44617235 0.2879706  0.33284846 0.28042948 0.3378885  0.31258457
0.68511438 0.79879315 0.12931081 0.3134093  0.28212339 0.63031305  0.42957094 0.33280449 0.3301832  0.22323502 0.44617235 0.2879706  0.33284846 0.28042948 0.3378885  0.31258457
0.68511438 0.79879315 0.12931081 0.3134093  0.28212339 0.63031305  0.42957094 0.33280449 0.3301832  0.22323502 0.44617235 0.2879706  0.33284846 0.28042948 0.3378885  0.31258457
0.68511438 0.79879315 0.12931081 0.3134093  0.28212339 0.63031305  0.42957094 0.33280449 0.3301832  0.22323502 0.44617235 0.2879706  0.33284846 0.28042948 0.3378885  0.31258457
0.68511438 0.79879315 0.12931081 0.3134093  0.28212339 0.63031305  0.42957094 0.33280449 0.3301832  0.22323502 0.44617235 0.2879706  0.33284846 0.28042948 0.3378885  0.31258457
0.68302687 0.78609077 0.12858169 0.30187831 0.27365434 0.62965005  0.45311917 0.33794745 0.29138958 0.2269862  0.46978014 0.32851424  0.33428976 0.26793988 0.32517113 0.34549989
0.68224195 0.78353956 0.12564293 0.28973385 0.28204695 0.64538271  0.46994717 0.30692128 0.23050179 0.2756547  0.4838104  0.43956448  0.36222178 0.31366482 0.37984916 0.34992231
0.6928878  0.76995771 0.15494755 0.27807425 0.25632201 0.61539588  0.51909408 0.29720114 0.16115718 0.31452299 0.51398379 0.46931516  0.37323774 0.26990798 0.42425896 0.37209372
0.68790263 0.74709726 0.15472508 0.27149909 0.25744714 0.630023  0.52338028 0.27061028 0.14387231 0.32788365 0.50066561 0.48403035  0.35481983 0.25492576 0.45518638 0.32900605
0.65951868 0.58120948 0.1774526  0.24559433 0.1780667  0.56015358  0.65042829 0.41961667 0.16295673 0.2649068  0.51360959 0.44510042  0.30636375 0.30059194 0.44716092 0.38341795
0.62815076 0.39155396 0.21632806 0.21573171 0.11851028 0.45516521  0.76463245 0.56049724 0.16762231 0.36143426 0.52569812 0.5741224  0.35849308 0.52926074 0.49146641 0.4462833 
0.62501575 0.24725988 0.29736532 0.21433802 0.1022145  0.37268388  0.72643756 0.51537849 0.28660795 0.552925   0.45495279 0.41669699  0.40553032 0.45186082 0.35836499 0.38270038
0.64946508 0.21269492 0.35095516 0.19008266 0.10185026 0.34898076  0.65329456 0.46368442 0.32940869 0.62956342 0.46850866 0.33738592  0.39586074 0.4356228  0.29693595 0.44017533
0.6546814  0.18845344 0.38113836 0.19751729 0.10188478 0.34008284  0.65299556 0.40002025 0.33347618 0.67121766 0.41501429 0.30799195  0.37262182 0.41845992 0.39569474 0.45701961
0.68209635 0.18095415 0.42509286 0.19366452 0.11222616 0.29066612  0.58571422 0.40068877 0.33027378 0.72357166 0.39959646 0.32054002  0.27956745 0.34046751 0.40533606 0.51025131
0.69796874 0.16651605 0.43702195 0.17818779 0.13528265 0.27122548  0.49623731 0.41959976 0.30670762 0.73119899 0.40637274 0.32390641  0.22254564 0.33084739 0.42381371 0.5032361 
0.69796874 0.16651605 0.43702195 0.17818779 0.13528265 0.27122548  0.49623731 0.41959976 0.30670762 0.73119899 0.40637274 0.32390641  0.22254564 0.33084739 0.42381371 0.5032361 
0.69796874 0.16651605 0.43702195 0.17818779 0.13528265 0.27122548  0.49623731 0.41959976 0.30670762 0.73119899 0.40637274 0.32390641  0.22254564 0.33084739 0.42381371 0.5032361 
0.69796874 0.16651605 0.43702195 0.17818779 0.13528265 0.27122548  0.49623731 0.41959976 0.30670762 0.73119899 0.40637274 0.32390641  0.22254564 0.33084739 0.42381371 0.5032361 
0.69796874 0.16651605 0.43702195 0.17818779 0.13528265 0.27122548  0.49623731 0.41959976 0.30670762 0.73119899 0.40637274 0.32390641  0.22254564 0.33084739 0.42381371 0.5032361 
0.72088201 0.16112093 0.50417605 0.21618756 0.12719402 0.22687831  0.5224873  0.39274537 0.31228672 0.72288385 0.40299151 0.32531673  0.33260948 0.25668821 0.55296254 0.45142842
0.72088201 0.16112093 0.50417605 0.21618756 0.12719402 0.22687831  0.5224873  0.39274537 0.31228672 0.72288385 0.40299151 0.32531673  0.33260948 0.25668821 0.55296254 0.45142842
0.7431462  0.14737802 0.56763966 0.24986199 0.13276272 0.22369621  0.53340739 0.34341584 0.33159418 0.64466013 0.38669418 0.32998176  0.37262825 0.28671116 0.60644865 0.49924395
0.75334545 0.13736323 0.59842752 0.27056276 0.14055903 0.23574835  0.54145014 0.30911446 0.34510262 0.58478554 0.35100245 0.33915127  0.33737439 0.3326444  0.59419559 0.60074982
0.75334545 0.13736323 0.59842752 0.27056276 0.14055903 0.23574835  0.54145014 0.30911446 0.34510262 0.58478554 0.35100245 0.33915127  0.33737439 0.3326444  0.59419559 0.60074982
0.75334545 0.13736323 0.59842752 0.27056276 0.14055903 0.23574835  0.54145014 0.30911446 0.34510262 0.58478554 0.35100245 0.33915127  0.33737439 0.3326444  0.59419559 0.60074982
0.75334545 0.13736323 0.59842752 0.27056276 0.14055903 0.23574835  0.54145014 0.30911446 0.34510262 0.58478554 0.35100245 0.33915127  0.33737439 0.3326444  0.59419559 0.60074982
0.76077882 0.1406519  0.62333896 0.30044564 0.14414631 0.21204172  0.55702677 0.33358861 0.36248145 0.60683219 0.31897717 0.37739544  0.34201296 0.31822446 0.60149983 0.51896206
0.77077946 0.12851843 0.6518731  0.32116739 0.15833147 0.2337714  0.55423964 0.30462553 0.37688173 0.52708918 0.30499349 0.40211324  0.31608616 0.36547885 0.56111028 0.62637059
0.78360777 0.12083649 0.68216263 0.33027025 0.16327988 0.23188264  0.53452769 0.30149187 0.39317662 0.46265428 0.37572079 0.42174018  0.44005443 0.36658905 0.58646121 0.57739123
0.78360777 0.12083649 0.68216263 0.33027025 0.16327988 0.23188264  0.53452769 0.30149187 0.39317662 0.46265428 0.37572079 0.42174018  0.44005443 0.36658905 0.58646121 0.57739123
0.78360777 0.12083649 0.68216263 0.33027025 0.16327988 0.23188264  0.53452769 0.30149187 0.39317662 0.46265428 0.37572079 0.42174018  0.44005443 0.36658905 0.58646121 0.57739123
0.7761744  0.11754782 0.65725119 0.30038737 0.1596926  0.25558926  0.51895107 0.27701772 0.37579779 0.44060763 0.40774607 0.38349601  0.43541585 0.38100899 0.57915697 0.65917899
0.76510428 0.09871782 0.6439817  0.297256   0.17641111 0.28161057  0.47924431 0.25358796 0.40727581 0.4449469  0.41351442 0.35841834  0.47292541 0.43326642 0.65492787 0.66991626
0.76510428 0.09871782 0.6439817  0.297256   0.17641111 0.28161057  0.47924431 0.25358796 0.40727581 0.4449469  0.41351442 0.35841834  0.47292541 0.43326642 0.65492787 0.66991626
0.71770463 0.0851371  0.52385384 0.24994681 0.2173592  0.41249016  0.39895825 0.29099775 0.46095116 0.33258379 0.45973741 0.34384158  0.4451135  0.65292354 0.52651684 0.67962922
0.64025127 0.08538531 0.35555648 0.22453688 0.26951503 0.47734433  0.2775095  0.40977552 0.53997746 0.37646771 0.4889829  0.41439589  0.43242254 0.65694828 0.32930587 0.61833978
0.57701576 0.11609897 0.21264047 0.20081772 0.26630553 0.46255462  0.28911535 0.52027297 0.52099254 0.52738918 0.42909898 0.44136958  0.38077547 0.50633988 0.36693325 0.40220631
0.52471629 0.10852942 0.1745231  0.30134481 0.31357431 0.4085499  0.24630012 0.53087593 0.55370141 0.49358876 0.39485911 0.54131829  0.40031008 0.33615935 0.43606837 0.54133072
0.41615489 0.11433635 0.1721784  0.46433408 0.36475547 0.27851973  0.15556875 0.50764888 0.33469444 0.46421888 0.53446192 0.57829238  0.19810007 0.30058254 0.49412872 0.54142434
0.27220538 0.16084637 0.20941848 0.59849809 0.324726   0.23553271  0.32134213 0.44510443 0.16931451 0.39723044 0.4730326  0.44326825  0.41449758 0.47799259 0.47926457 0.44211454
0.21993784 0.18946615 0.22843198 0.62319182 0.2874137  0.25852983  0.44819258 0.41137834 0.17841545 0.36947771 0.43143323 0.36278423  0.59322314 0.53637483 0.40484964 0.45519627
0.11093733 0.23185761 0.40593938 0.53153723 0.21098156 0.3392431  0.39680713 0.44003983 0.21626956 0.38004774 0.40479682 0.39367123  0.60242937 0.54544444 0.38579685 0.42937488
0.03976731 0.26138878 0.5282016  0.4507713  0.15989462 0.40943989  0.3646431  0.47077634 0.29521539 0.38487965 0.37041869 0.45850843  0.59092167 0.4629279  0.42932014 0.47985227
0.02238699 0.26933158 0.55141352 0.44716364 0.13200308 0.43368392  0.38515266 0.45456251 0.39203695 0.41291259 0.4534861  0.49973982  0.50090471 0.43447086 0.45183801 0.48654995
0.02238699 0.26933158 0.55141352 0.44716364 0.13200308 0.43368392  0.38515266 0.45456251 0.39203695 0.41291259 0.4534861  0.49973982  0.50090471 0.43447086 0.45183801 0.48654995
0.00050111 0.27711162 0.58204588 0.3335578  0.34033719 0.36287842  0.51475587 0.44998219 0.44411745 0.38098864 0.50246853 0.45809662  0.4426108  0.41452704 0.4705883  0.46760634
0.00050111 0.27711162 0.58204588 0.3335578  0.34033719 0.36287842  0.51475587 0.44998219 0.44411745 0.38098864 0.50246853 0.45809662  0.4426108  0.41452704 0.4705883  0.46760634
0.00050111 0.27711162 0.58204588 0.3335578  0.34033719 0.36287842  0.51475587 0.44998219 0.44411745 0.38098864 0.50246853 0.45809662  0.4426108  0.41452704 0.4705883  0.46760634
0.00050111 0.27711162 0.58204588 0.3335578  0.34033719 0.36287842  0.51475587 0.44998219 0.44411745 0.38098864 0.50246853 0.45809662  0.4426108  0.41452704 0.4705883  0.46760634
0.00050111 0.27711162 0.58204588 0.3335578  0.34033719 0.36287842  0.51475587 0.44998219 0.44411745 0.38098864 0.50246853 0.45809662  0.4426108  0.41452704 0.4705883  0.46760634
0.00050111 0.27711162 0.58204588 0.3335578  0.34033719 0.36287842  0.51475587 0.44998219 0.44411745 0.38098864 0.50246853 0.45809662  0.4426108  0.41452704 0.4705883  0.46760634
0.00050111 0.27711162 0.58204588 0.3335578  0.34033719 0.36287842  0.51475587 0.44998219 0.44411745 0.38098864 0.50246853 0.45809662  0.4426108  0.41452704 0.4705883  0.46760634
0.00050111 0.27711162 0.58204588 0.3335578  0.34033719 0.36287842  0.51475587 0.44998219 0.44411745 0.38098864 0.50246853 0.45809662  0.4426108  0.41452704 0.4705883  0.46760634
0.00050111 0.27711162 0.58204588 0.3335578  0.34033719 0.36287842  0.51475587 0.44998219 0.44411745 0.38098864 0.50246853 0.45809662  0.4426108  0.41452704 0.4705883  0.46760634
0.00050111 0.27711162 0.58204588 0.3335578  0.34033719 0.36287842  0.51475587 0.44998219 0.44411745 0.38098864 0.50246853 0.45809662  0.4426108  0.41452704 0.4705883  0.46760634
0.00050111 0.27711162 0.58204588 0.3335578  0.34033719 0.36287842  0.51475587 0.44998219 0.44411745 0.38098864 0.50246853 0.45809662  0.4426108  0.41452704 0.4705883  0.46760634
0.00050111 0.27711162 0.58204588 0.3335578  0.34033719 0.36287842  0.51475587 0.44998219 0.44411745 0.38098864 0.50246853 0.45809662  0.4426108  0.41452704 0.4705883  0.46760634
0.00050111 0.27711162 0.58204588 0.3335578  0.34033719 0.36287842  0.51475587 0.44998219 0.44411745 0.38098864 0.50246853 0.45809662  0.4426108  0.41452704 0.4705883  0.46760634
0.00050111 0.27711162 0.58204588 0.3335578  0.34033719 0.36287842  0.51475587 0.44998219 0.44411745 0.38098864 0.50246853 0.45809662  0.4426108  0.41452704 0.4705883  0.46760634
0.00050111 0.27711162 0.58204588 0.3335578  0.34033719 0.36287842  0.51475587 0.44998219 0.44411745 0.38098864 0.50246853 0.45809662  0.4426108  0.41452704 0.4705883  0.46760634
0.00050111 0.27711162 0.58204588 0.3335578  0.34033719 0.36287842  0.51475587 0.44998219 0.44411745 0.38098864 0.50246853 0.45809662  0.4426108  0.41452704 0.4705883  0.46760634
0.00050111 0.27711162 0.58204588 0.3335578  0.34033719 0.36287842  0.51475587 0.44998219 0.44411745 0.38098864 0.50246853 0.45809662  0.4426108  0.41452704 0.4705883  0.46760634
0.00050111 0.27711162 0.58204588 0.3335578  0.34033719 0.36287842  0.51475587 0.44998219 0.44411745 0.38098864 0.50246853 0.45809662  0.4426108  0.41452704 0.4705883  0.46760634
0.00050111 0.27711162 0.58204588 0.3335578  0.34033719 0.36287842  0.51475587 0.44998219 0.44411745 0.38098864 0.50246853 0.45809662  0.4426108  0.41452704 0.4705883  0.46760634
0.00050111 0.27711162 0.58204588 0.3335578  0.34033719 0.36287842  0.51475587 0.44998219 0.44411745 0.38098864 0.50246853 0.45809662  0.4426108  0.41452704 0.4705883  0.46760634
0.00050111 0.27711162 0.58204588 0.3335578  0.34033719 0.36287842  0.51475587 0.44998219 0.44411745 0.38098864 0.50246853 0.45809662  0.4426108  0.41452704 0.4705883  0.46760634
0.00050111 0.27711162 0.58204588 0.3335578  0.34033719 0.36287842  0.51475587 0.44998219 0.44411745 0.38098864 0.50246853 0.45809662  0.4426108  0.41452704 0.4705883  0.46760634
0.00050111 0.27711162 0.58204588 0.3335578  0.34033719 0.36287842  0.51475587 0.44998219 0.44411745 0.38098864 0.50246853 0.45809662  0.4426108  0.41452704 0.4705883  0.46760634
0.00050111 0.27711162 0.58204588 0.3335578  0.34033719 0.36287842  0.51475587 0.44998219 0.44411745 0.38098864 0.50246853 0.45809662  0.4426108  0.41452704 0.4705883  0.46760634
0.00050111 0.27711162 0.58204588 0.3335578  0.34033719 0.36287842  0.51475587 0.44998219 0.44411745 0.38098864 0.50246853 0.45809662  0.4426108  0.41452704 0.4705883  0.46760634
0.00050111 0.27711162 0.58204588 0.3335578  0.34033719 0.36287842  0.51475587 0.44998219 0.44411745 0.38098864 0.50246853 0.45809662  0.4426108  0.41452704 0.4705883  0.46760634
0.00050111 0.27711162 0.58204588 0.3335578  0.34033719 0.36287842  0.51475587 0.44998219 0.44411745 0.38098864 0.50246853 0.45809662  0.4426108  0.41452704 0.4705883  0.46760634
0.00050111 0.27711162 0.58204588 0.3335578  0.34033719 0.36287842  0.51475587 0.44998219 0.44411745 0.38098864 0.50246853 0.45809662  0.4426108  0.41452704 0.4705883  0.46760634
