0.00050111 0.27711162 0.58204588 0.3335578  0.34033719 0.36287842  0.51475587 0.44998219 0.44411745 0.38098864 0.50246853 0.45809662  0.4426108  0.41452704 0.4705883  0.46760634
0.00050111 0.27711162 0.58204588 0.3335578  0.34033719 0.36287842  0.51475587 0.44998219 0.44411745 0.38098864 0.50246853 0.45809662  0.4426108  0.41452704 0.4705883  0.46760634
0.00050111 0.27711162 0.58204588 0.3335578  0.34033719 0.36287842  0.51475587 0.44998219 0.44411745 0.38098864 0.50246853 0.45809662  0.4426108  0.41452704 0.4705883  0.46760634
0.00050111 0.27711162 0.58204588 0.3335578  0.34033719 0.36287842  0.51475587 0.44998219 0.44411745 0.38098864 0.50246853 0.45809662  0.4426108  0.41452704 0.4705883  0.46760634
0.00050111 0.27711162 0.58204588 0.3335578  0.34033719 0.36287842  0.51475587 0.44998219 0.44411745 0.38098864 0.50246853 0.45809662  0.4426108  0.41452704 0.4705883  0.46760634
0.01794592 0.2690555  0.5490168  0.36048916 0.35504564 0.3386213  0.5180791  0.44150125 0.40205176 0.37531859 0.50896449 0.42651308  0.44933413 0.45191041 0.45432412 0.43869577
0.16115299 0.20910034 0.30871761 0.49853786 0.48130493 0.19283058  0.55963184 0.40962166 0.19284528 0.33269371 0.46210576 0.28426574  0.56904607 0.55381862 0.40578982 0.40561155
0.27227645 0.17457957 0.15722975 0.53888395 0.4995579  0.1957597  0.66119846 0.38409947 0.42031214 0.37172774 0.55013846 0.39901405  0.47786675 0.40036861 0.48363993 0.52207602
0.40227948 0.15758946 0.12176755 0.33600886 0.49131969 0.33207819  0.66142039 0.48975954 0.58470337 0.37804021 0.33685594 0.54437482  0.53123329 0.2897335  0.55601926 0.49589556
0.52269613 0.12966825 0.19861949 0.13252064 0.48875205 0.38402719  0.46278271 0.54177073 0.57095835 0.4504474  0.40455453 0.47381001  0.32478644 0.41810999 0.45265581 0.36075877
0.55088932 0.12539307 0.20079272 0.15748424 0.37355633 0.43349188  0.38435155 0.53905135 0.53464547 0.48551882 0.41834022 0.4655311  0.34378563 0.47053434 0.41389328 0.34725837
0.56718994 0.12652241 0.22294272 0.13246479 0.35830387 0.43614734  0.38942226 0.52666829 0.50827996 0.51243553 0.45703431 0.42404694  0.33784286 0.51986279 0.40207514 0.32849977
0.56166084 0.12140189 0.18574219 0.2153366  0.27016466 0.46798893  0.31826155 0.53982761 0.50743039 0.50175462 0.39597162 0.48637836  0.37340195 0.48125426 0.40148762 0.35312177
0.56166084 0.12140189 0.18574219 0.2153366  0.27016466 0.46798893  0.31826155 0.53982761 0.50743039 0.50175462 0.39597162 0.48637836  0.37340195 0.48125426 0.40148762 0.35312177
0.51183617 0.14165553 0.13432585 0.2890816  0.25707748 0.47036689  0.47665051 0.53332847 0.50118865 0.44187601 0.29315482 0.53074605  0.47900433 0.46379573 0.47152084 0.34862443
0.49428238 0.13720903 0.12452705 0.32301129 0.27702332 0.45022702  0.44373582 0.53626069 0.51062343 0.43411937 0.29875925 0.56721539  0.48108056 0.40376964 0.4856695  0.41750986
0.47661553 0.13359966 0.11396353 0.35881882 0.29409298 0.42951843  0.41891733 0.53740799 0.52245006 0.42745886 0.29931447 0.60161991  0.48886054 0.33681566 0.50823805 0.46116822
0.47661553 0.13359966 0.11396353 0.35881882 0.29409298 0.42951843  0.41891733 0.53740799 0.52245006 0.42745886 0.29931447 0.60161991  0.48886054 0.33681566 0.50823805 0.46116822
0.45814842 0.13271428 0.11043767 0.39777388 0.30423975 0.40179247  0.41015496 0.52656107 0.50855303 0.42587219 0.31239563 0.60948236  0.48983292 0.30248707 0.53759365 0.48919294
0.40594327 0.14740786 0.09284358 0.47841706 0.29742436 0.37522619  0.48960095 0.4938807  0.49338617 0.40904975 0.32255955 0.6112933  0.53441078 0.28289249 0.5457378  0.54846088
0.33121685 0.15634846 0.11233321 0.60160251 0.30485374 0.28842013  0.48981499 0.43044351 0.38010955 0.40443761 0.4400008  0.52216243  0.51281737 0.35247698 0.52539074 0.55841999
0.33121685 0.15634846 0.11233321 0.60160251 0.30485374 0.28842013  0.48981499 0.43044351 0.38010955 0.40443761 0.4400008  0.52216243  0.51281737 0.35247698 0.52539074 0.55841999
0.29513205 0.17103594 0.14353108 0.60864857 0.28425045 0.29991266  0.53034464 0.41613685 0.38435951 0.38506032 0.39517664 0.4585855  0.65271627 0.3819682  0.48213604 0.58384415
0.20388072 0.20221006 0.26179765 0.60193076 0.20488417 0.3436341  0.52235148 0.38239582 0.50154546 0.45005128 0.57417184 0.51016292  0.45977829 0.39030052 0.49573427 0.55041784
0.14861689 0.2203458  0.3413199  0.58190678 0.17056073 0.36248965  0.47450799 0.38714048 0.47889245 0.45751672 0.63344965 0.52052613  0.35193754 0.43271278 0.47319953 0.46610254
0.13063358 0.22678187 0.37058002 0.55952102 0.17454424 0.36665203  0.44936975 0.4068995  0.42839968 0.43413772 0.56199507 0.50355997  0.41590835 0.42613405 0.47702216 0.48170026
0.13063358 0.22678187 0.37058002 0.55952102 0.17454424 0.36665203  0.44936975 0.4068995  0.42839968 0.43413772 0.56199507 0.50355997  0.41590835 0.42613405 0.47702216 0.48170026
0.16692493 0.21367324 0.31057214 0.59979703 0.1777178  0.35399183  0.4986054  0.37378421 0.51102972 0.46813716 0.66072896 0.52527672  0.342108   0.42071464 0.48372298 0.48939359
0.18521313 0.21746315 0.2886843  0.58806181 0.21095758 0.36319206  0.53425768 0.33188894 0.56224207 0.56622724 0.64107953 0.62607217  0.48326404 0.44194121 0.41893985 0.57421281
0.21222996 0.21785093 0.28092426 0.4833874  0.30222981 0.37886446  0.64907886 0.35069214 0.70227378 0.5486902  0.57695004 0.6381432  0.55873585 0.37637023 0.45155504 0.60021613
0.23095889 0.21766337 0.27736376 0.44949649 0.29161277 0.40877604  0.66924665 0.36258829 0.74176823 0.55122567 0.53848515 0.64639733  0.59434018 0.38059907 0.44566395 0.58081766
0.26795216 0.2046964  0.22472869 0.45902404 0.32661041 0.3879172  0.67707256 0.36971897 0.71520654 0.5303483  0.49838657 0.64396207  0.6268141  0.35402588 0.45800547 0.61657062
0.30730919 0.22154751 0.19387878 0.43101875 0.37015799 0.41186108  0.69850362 0.32254742 0.64879649 0.6112082  0.39465987 0.71294399  0.84930266 0.4566752  0.43725306 0.60088344
0.35493907 0.22549632 0.18336503 0.41840928 0.26004447 0.49559426  0.65782369 0.31580386 0.6256645  0.68018323 0.33650812 0.76965645  0.91987276 0.52622841 0.37106435 0.56108775
0.40883925 0.21161744 0.13513698 0.40222292 0.28048627 0.49060006  0.66283668 0.3290643  0.57780385 0.66938625 0.30328758 0.73261221  0.93650147 0.58963026 0.31543049 0.5082475 
0.4265061  0.21522681 0.1457005  0.3664154  0.26341662 0.51130865  0.68765517 0.327917   0.56597722 0.67604675 0.30273236 0.6982077  0.92872149 0.65658425 0.29286194 0.46458914
0.47730178 0.22170696 0.18817733 0.27951722 0.22708958 0.53677783  0.68761801 0.32332126 0.50664    0.71482686 0.36184375 0.66153405  0.84303694 0.70979031 0.26284135 0.36932631
0.52976773 0.20907468 0.17953841 0.24021367 0.24346394 0.5236366  0.64944255 0.33333626 0.42351146 0.73565946 0.38092551 0.63439655  0.7948563  0.75186037 0.26089363 0.3246671 
0.52736418 0.21908051 0.22475094 0.22226477 0.17909377 0.53361074  0.71483862 0.33130675 0.48083774 0.71862307 0.47298268 0.60152722  0.60918546 0.71474657 0.35024948 0.32930071
0.55790044 0.20946179 0.23173875 0.22805435 0.1781525  0.4743102  0.71771522 0.35544132 0.36551112 0.6737535  0.39990762 0.49796934  0.65988469 0.67873303 0.3994362  0.30206077
0.61943316 0.19556528 0.303034   0.17450038 0.18493987 0.42566745  0.59744207 0.3658378  0.33448222 0.76243683 0.4498442  0.50054442  0.57352229 0.59806874 0.38873481 0.34968711
0.64969998 0.18162146 0.34838086 0.15263918 0.19398184 0.39289573  0.51173    0.3476149  0.33590679 0.80731872 0.47294836 0.46546771  0.50613778 0.58449874 0.39175538 0.43164444
0.69744334 0.15430726 0.45763543 0.18595659 0.17998012 0.27012376  0.47582896 0.34699288 0.33098801 0.83301505 0.39954138 0.39482247  0.39854778 0.3945222  0.4780439  0.5181427 
0.7098119  0.14229093 0.49090655 0.21305619 0.14391252 0.25289962  0.48278053 0.36931561 0.34376474 0.72722313 0.40875986 0.30023905  0.37011904 0.30894565 0.62873344 0.46216569
0.73009166 0.13891842 0.54876905 0.25315136 0.14749988 0.22192178  0.49080363 0.37927768 0.37446322 0.70883368 0.41928606 0.33335491  0.47794138 0.29661783 0.67886577 0.36351506
0.74970871 0.1218219  0.61006947 0.29731427 0.16086481 0.23806304  0.51732    0.31015885 0.39395948 0.61117146 0.32474551 0.35231777  0.37952252 0.3704819  0.67727073 0.52969933
0.76732155 0.12103648 0.65618657 0.33296889 0.17448675 0.21955715  0.49761109 0.34247321 0.44119728 0.57199588 0.37492109 0.39645494  0.51274013 0.41063358 0.71603602 0.43542307
0.77732218 0.10890301 0.6847207  0.35369064 0.18867191 0.24128682  0.49482396 0.31351013 0.45559756 0.49225287 0.36093741 0.42117274  0.48681332 0.45788796 0.67564647 0.5428316 
0.78873606 0.10068055 0.71125279 0.36819484 0.20206961 0.24585092  0.47112526 0.3222984  0.46443315 0.41411748 0.44262928 0.46698837  0.61024846 0.44058613 0.67943931 0.43332297
0.78873606 0.10068055 0.71125279 0.36819484 0.20206961 0.24585092  0.47112526 0.3222984  0.46443315 0.41411748 0.44262928 0.46698837  0.61024846 0.44058613 0.67943931 0.43332297
0.79724732 0.08787877 0.73512054 0.39042279 0.22376034 0.27719925  0.46318359 0.30095357 0.46046171 0.33011121 0.44977755 0.50636097  0.5860572  0.46108839 0.61007785 0.49451547
0.80580705 0.08296515 0.76939149 0.44627975 0.25223485 0.31804436  0.5068942  0.32137562 0.44485629 0.34426027 0.38032418 0.54204173  0.46519497 0.45580968 0.56780793 0.35902347
0.82155295 0.10032998 0.80101459 0.48157332 0.25338954 0.31622637  0.56505641 0.36434652 0.41248101 0.34128695 0.35083509 0.58236241  0.39000656 0.40903641 0.46499754 0.24161706
0.8263264  0.09337951 0.81920396 0.50794857 0.27013123 0.3519961  0.58828581 0.36467672 0.3920298  0.33122296 0.33320482 0.59567052  0.33824192 0.37797052 0.41194173 0.19669058
0.8263264  0.09337951 0.81920396 0.50794857 0.27013123 0.3519961  0.58828581 0.36467672 0.3920298  0.33122296 0.33320482 0.59567052  0.33824192 0.37797052 0.41194173 0.19669058
0.82929953 0.08919057 0.83147606 0.53043312 0.28513261 0.38464264  0.60827738 0.37828051 0.37111833 0.35004001 0.32716442 0.59426311  0.30589457 0.34860292 0.38133236 0.16321168
0.84067516 0.10399241 0.85905294 0.57057743 0.30027975 0.38313408  0.62893356 0.44601555 0.3714879  0.38007319 0.34443703 0.6364127  0.32653506 0.35341896 0.2900421  0.11157763
0.84067516 0.10399241 0.85905294 0.57057743 0.30027975 0.38313408  0.62893356 0.44601555 0.3714879  0.38007319 0.34443703 0.6364127  0.32653506 0.35341896 0.2900421  0.11157763
0.84067516 0.10399241 0.85905294 0.57057743 0.30027975 0.38313408  0.62893356 0.44601555 0.3714879  0.38007319 0.34443703 0.6364127  0.32653506 0.35341896 0.2900421  0.11157763
0.84179384 0.10331257 0.86429346 0.58310299 0.30908933 0.39924284  0.63923065 0.46196664 0.36122317 0.41060486 0.3450315  0.62629168  0.31681432 0.35069217 0.30471764 0.12984771
0.84179384 0.10331257 0.86429346 0.58310299 0.30908933 0.39924284  0.63923065 0.46196664 0.36122317 0.41060486 0.3450315  0.62629168  0.31681432 0.35069217 0.30471764 0.12984771
0.82350219 0.06693903 0.83894627 0.56889925 0.33106048 0.4618206  0.59099762 0.39380346 0.38844343 0.38716876 0.33481661 0.55990497  0.32435444 0.40017362 0.43905456 0.12080958
0.82350219 0.06693903 0.83894627 0.56889925 0.33106048 0.4618206  0.59099762 0.39380346 0.38844343 0.38716876 0.33481661 0.55990497  0.32435444 0.40017362 0.43905456 0.12080958
0.82238351 0.06761887 0.83370574 0.55637369 0.3222509  0.44571183  0.58070053 0.37785237 0.39870816 0.35663709 0.33422215 0.570026  0.33407519 0.40290041 0.42437903 0.1025395 
0.81759898 0.06072234 0.81787817 0.52982192 0.31357737 0.46232896  0.5806975  0.34240435 0.36776525 0.33137777 0.35477387 0.54551576  0.32482585 0.36385894 0.41096467 0.14783639
0.81401472 0.05991436 0.80326186 0.50086278 0.29795771 0.44605031  0.56599258 0.31885111 0.36456092 0.31595244 0.3831377  0.5302608  0.37001592 0.34299893 0.41665084 0.22881634
0.77196347 0.05348105 0.67487948 0.36098684 0.26135489 0.45193374  0.45748649 0.24874031 0.39904781 0.20028555 0.48655677 0.45344303  0.46811575 0.50715518 0.47562518 0.49415973
0.70660026 0.04643262 0.53594922 0.32281436 0.29894212 0.4634778  0.27846159 0.30318763 0.56560466 0.14770648 0.54123165 0.48230974  0.61847173 0.63724651 0.41668674 0.66851421
0.67302279 0.05769988 0.43890737 0.27148133 0.30460353 0.50598554  0.23831561 0.38270688 0.55816125 0.17388997 0.62037452 0.49445582  0.63485018 0.66224084 0.30656535 0.55316078
0.50233613 0.07846062 0.23182767 0.43601086 0.39176284 0.41405723  0.17863481 0.49655562 0.48067253 0.22261965 0.50973913 0.71325424  0.37553289 0.33051489 0.37902448 0.60435874
0.39804421 0.11699339 0.16480502 0.50069817 0.36655778 0.26017031  0.18775406 0.49433866 0.33519813 0.45593818 0.51671609 0.55819443  0.24077253 0.29815265 0.5122817  0.56005537
0.28929117 0.14957712 0.23028578 0.55321179 0.35699267 0.22641607  0.22306638 0.48523314 0.14154103 0.38686583 0.40727258 0.44574759  0.4239283  0.41032032 0.50508073 0.49996109
0.1994733  0.18781953 0.32995497 0.5203668  0.30863163 0.26864797  0.23739    0.50131629 0.04662499 0.34919205 0.30832565 0.4183056  0.53989869 0.48467353 0.47293277 0.44366729
0.09295401 0.23829368 0.4351995  0.50915147 0.21496507 0.34340548  0.37166889 0.45979886 0.16577679 0.35666874 0.33334224 0.37670507  0.66640019 0.53886572 0.38961949 0.4449726 
0.03976731 0.26138878 0.5282016  0.4507713  0.15989462 0.40943989  0.3646431  0.47077634 0.29521539 0.38487965 0.37041869 0.45850843  0.59092167 0.4629279  0.42932014 0.47985227
0.03976731 0.26138878 0.5282016  0.4507713  0.15989462 0.40943989  0.3646431  0.47077634 0.29521539 0.38487965 0.37041869 0.45850843  0.59092167 0.4629279  0.42932014 0.47985227
0.03976731 0.26138878 0.5282016  0.4507713  0.15989462 0.40943989  0.3646431  0.47077634 0.29521539 0.38487965 0.37041869 0.45850843  0.59092167 0.4629279  0.42932014 0.47985227
0.02238699 0.26933158 0.55141352 0.44716364 0.13200308 0.43368392  0.38515266 0.45456251 0.39203695 0.41291259 0.4534861  0.49973982  0.50090471 0.43447086 0.45183801 0.48654995
0.02238699 0.26933158 0.55141352 0.44716364 0.13200308 0.43368392  0.38515266 0.45456251 0.39203695 0.41291259 0.4534861  0.49973982  0.50090471 0.43447086 0.45183801 0.48654995
0.02238699 0.26933158 0.55141352 0.44716364 0.13200308 0.43368392  0.38515266 0.45456251 0.39203695 0.41291259 0.4534861  0.49973982  0.50090471 0.43447086 0.45183801 0.48654995
0.02238699 0.26933158 0.55141352 0.44716364 0.13200308 0.43368392  0.38515266 0.45456251 0.39203695 0.41291259 0.4534861  0.49973982  0.50090471 0.43447086 0.45183801 0.48654995
0.02238699 0.26933158 0.55141352 0.44716364 0.13200308 0.43368392  0.38515266 0.45456251 0.39203695 0.41291259 0.4534861  0.49973982  0.50090471 0.43447086 0.45183801 0.48654995
0.02238699 0.26933158 0.55141352 0.44716364 0.13200308 0.43368392  0.38515266 0.45456251 0.39203695 0.41291259 0.4534861  0.49973982  0.50090471 0.43447086 0.45183801 0.48654995
0.02238699 0.26933158 0.55141352 0.44716364 0.13200308 0.43368392  0.38515266 0.45456251 0.39203695 0.41291259 0.4534861  0.49973982  0.50090471 0.43447086 0.45183801 0.48654995
0.02238699 0.26933158 0.55141352 0.44716364 0.13200308 0.43368392  0.38515266 0.45456251 0.39203695 0.41291259 0.4534861  0.49973982  0.50090471 0.43447086 0.45183801 0.48654995
0.02238699 0.26933158 0.55141352 0.44716364 0.13200308 0.43368392  0.38515266 0.45456251 0.39203695 0.41291259 0.4534861  0.49973982  0.50090471 0.43447086 0.45183801 0.48654995
0.02238699 0.26933158 0.55141352 0.44716364 0.13200308 0.43368392  0.38515266 0.45456251 0.39203695 0.41291259 0.4534861  0.49973982  0.50090471 0.43447086 0.45183801 0.48654995
0.02238699 0.26933158 0.55141352 0.44716364 0.13200308 0.43368392  0.38515266 0.45456251 0.39203695 0.41291259 0.4534861  0.49973982  0.50090471 0.43447086 0.45183801 0.48654995
0.02238699 0.26933158 0.55141352 0.44716364 0.13200308 0.43368392  0.38515266 0.45456251 0.39203695 0.41291259 0.4534861  0.49973982  0.50090471 0.43447086 0.45183801 0.48654995
0.00050111 0.27711162 0.58204588 0.3335578  0.34033719 0.36287842  0.51475587 0.44998219 0.44411745 0.38098864 0.50246853 0.45809662  0.4426108  0.41452704 0.4705883  0.46760634
0.00050111 0.27711162 0.58204588 0.3335578  0.34033719 0.36287842  0.51475587 0.44998219 0.44411745 0.38098864 0.50246853 0.45809662  0.4426108  0.41452704 0.4705883  0.46760634
0.00050111 0.27711162 0.58204588 0.3335578  0.34033719 0.36287842  0.51475587 0.44998219 0.44411745 0.38098864 0.50246853 0.45809662  0.4426108  0.41452704 0.4705883  0.46760634
0.00050111 0.27711162 0.58204588 0.3335578  0.34033719 0.36287842  0.51475587 0.44998219 0.44411745 0.38098864 0.50246853 0.45809662  0.4426108  0.41452704 0.4705883  0.46760634
0.00050111 0.27711162 0.58204588 0.3335578  0.34033719 0.36287842  0.51475587 0.44998219 0.44411745 0.38098864 0.50246853 0.45809662  0.4426108  0.41452704 0.4705883  0.46760634
0.00050111 0.27711162 0.58204588 0.3335578  0.34033719 0.36287842  0.51475587 0.44998219 0.44411745 0.38098864 0.50246853 0.45809662  0.4426108  0.41452704 0.4705883  0.46760634
0.00050111 0.27711162 0.58204588 0.3335578  0.34033719 0.36287842  0.51475587 0.44998219 0.44411745 0.38098864 0.50246853 0.45809662  0.4426108  0.41452704 0.4705883  0.46760634
0.00050111 0.27711162 0.58204588 0.3335578  0.34033719 0.36287842  0.51475587 0.44998219 0.44411745 0.38098864 0.50246853 0.45809662  0.4426108  0.41452704 0.4705883  0.46760634
0.00050111 0.27711162 0.58204588 0.3335578  0.34033719 0.36287842  0.51475587 0.44998219 0.44411745 0.38098864 0.50246853 0.45809662  0.4426108  0.41452704 0.4705883  0.46760634
0.00050111 0.27711162 0.58204588 0.3335578  0.34033719 0.36287842  0.51475587 0.44998219 0.44411745 0.38098864 0.50246853 0.45809662  0.4426108  0.41452704 0.4705883  0.46760634
0.00050111 0.27711162 0.58204588 0.3335578  0.34033719 0.36287842  0.51475587 0.44998219 0.44411745 0.38098864 0.50246853 0.45809662  0.4426108  0.41452704 0.4705883  0.46760634
