#!MLF!#
"/app/symbiosis/ext/data/picklist_6.rec"
0 520000 sil -321.934692
520000 900000 a -280.743317
900000 1554000 e 253.257233
1554000 1876000 i -160.273178
1876000 2574000 m 362.998871
2574000 2754000 a -185.288666
2754000 3716000 e 107.359512
3716000 3786000 i -77.145035
3786000 4470000 m 297.964386
4470000 4654000 a -164.514297
4654000 5298000 e 249.830719
5298000 5560000 i -219.122894
5560000 6340000 m -35.887711
6340000 8250000 a -5110.529297
8250000 8802000 e 343.156677
8802000 9130000 i -235.051361
9130000 9832000 m 130.603790
9832000 11842000 a -4532.376953
11842000 12588000 e 311.767029
12588000 12852000 i -181.256317
12852000 13598000 m 446.363831
13598000 13610000 sil -63.729584
.
