#!MLF!#
"/app/symbiosis/ext/data/picklist_39.rec"
0 394000 sil -285.343079
394000 790000 a -357.125916
790000 1378000 e 311.939606
1378000 1666000 i -179.877472
1666000 2350000 m 255.128601
2350000 2490000 a -127.370079
2490000 2960000 e 208.923477
2960000 3012000 i -201.113419
3012000 3024000 m -191.455872
3024000 3036000 a -93.979942
3036000 3210000 e -136.945663
3210000 3466000 i -147.073990
3466000 4068000 m 236.948868
4068000 4422000 a -316.346466
4422000 4434000 e -157.271194
4434000 4446000 i -293.392365
4446000 4972000 m 256.076782
4972000 4984000 a -85.466705
4984000 5180000 e -84.342575
5180000 5556000 i -365.713959
5556000 6518000 m 555.570740
6518000 6530000 sil -81.159134
.
