0.00050111 0.27711162 0.58204588 0.3335578  0.34033719 0.36287842  0.51475587 0.44998219 0.44411745 0.38098864 0.50246853 0.45809662  0.4426108  0.41452704 0.4705883  0.46760634
0.00050111 0.27711162 0.58204588 0.3335578  0.34033719 0.36287842  0.51475587 0.44998219 0.44411745 0.38098864 0.50246853 0.45809662  0.4426108  0.41452704 0.4705883  0.46760634
0.00050111 0.27711162 0.58204588 0.3335578  0.34033719 0.36287842  0.51475587 0.44998219 0.44411745 0.38098864 0.50246853 0.45809662  0.4426108  0.41452704 0.4705883  0.46760634
0.00050111 0.27711162 0.58204588 0.3335578  0.34033719 0.36287842  0.51475587 0.44998219 0.44411745 0.38098864 0.50246853 0.45809662  0.4426108  0.41452704 0.4705883  0.46760634
0.00050111 0.27711162 0.58204588 0.3335578  0.34033719 0.36287842  0.51475587 0.44998219 0.44411745 0.38098864 0.50246853 0.45809662  0.4426108  0.41452704 0.4705883  0.46760634
0.00050111 0.27711162 0.58204588 0.3335578  0.34033719 0.36287842  0.51475587 0.44998219 0.44411745 0.38098864 0.50246853 0.45809662  0.4426108  0.41452704 0.4705883  0.46760634
0.00050111 0.27711162 0.58204588 0.3335578  0.34033719 0.36287842  0.51475587 0.44998219 0.44411745 0.38098864 0.50246853 0.45809662  0.4426108  0.41452704 0.4705883  0.46760634
0.00050111 0.27711162 0.58204588 0.3335578  0.34033719 0.36287842  0.51475587 0.44998219 0.44411745 0.38098864 0.50246853 0.45809662  0.4426108  0.41452704 0.4705883  0.46760634
0.01161546 0.27332276 0.56646405 0.38931128 0.23539476 0.39918686  0.45124266 0.45378625 0.41925203 0.39667678 0.47585469 0.47889256  0.47128839 0.42375093 0.46424367 0.48068655
0.01161546 0.27332276 0.56646405 0.38931128 0.23539476 0.39918686  0.45124266 0.45378625 0.41925203 0.39667678 0.47585469 0.47889256  0.47128839 0.42375093 0.46424367 0.48068655
0.02238699 0.26933158 0.55141352 0.44716364 0.13200308 0.43368392  0.38515266 0.45456251 0.39203695 0.41291259 0.4534861  0.49973982  0.50090471 0.43447086 0.45183801 0.48654995
0.02238699 0.26933158 0.55141352 0.44716364 0.13200308 0.43368392  0.38515266 0.45456251 0.39203695 0.41291259 0.4534861  0.49973982  0.50090471 0.43447086 0.45183801 0.48654995
0.05774029 0.25510913 0.4891663  0.50004522 0.12977498 0.41387866  0.41570877 0.41910408 0.44216641 0.45203848 0.57500221 0.5196414  0.380474   0.46220911 0.44363909 0.4364141 
0.18403596 0.20457141 0.27211817 0.64482031 0.19256031 0.31793078  0.51665535 0.34279443 0.49121727 0.48633309 0.76397579 0.4859228  0.24647027 0.49853632 0.43753341 0.40618371
0.33260572 0.17877105 0.14212303 0.55070444 0.20773061 0.39949163  0.6701943  0.38746536 0.66944309 0.45235222 0.47771908 0.47787664  0.6120986  0.41198432 0.47162441 0.48032504
0.55181032 0.65836244 0.07863563 0.46564266 0.2658845  0.57184461  0.58892271 0.33826203 0.53674201 0.14258497 0.31851797 0.1815482  0.57037856 0.25513018 0.2994145  0.32321336
0.66755433 0.86562581 0.20817228 0.43700615 0.2627809  0.47217057  0.60378454 0.26529159 0.36418927 0.46040472 0.45149064 0.32763961  0.70774583 0.31293822 0.11665372 0.39189938
0.7372872  0.9048742  0.28640086 0.4200752  0.28297215 0.40965321  0.50689896 0.27692925 0.39189375 0.5800841  0.37884103 0.43179475  0.55895785 0.33225531 0.27571953 0.48446221
0.81732669 0.86992512 0.37545902 0.33460732 0.3118918  0.36590949  0.27477168 0.2667879  0.38497808 0.67615633 0.45641975 0.38401667  0.39772658 0.30847368 0.25204736 0.63227542
0.83908775 0.87950126 0.40327661 0.36257911 0.36717708 0.33574228  0.13206739 0.30139016 0.45792085 0.73179187 0.37512007 0.38641375  0.29608952 0.49615746 0.43626717 0.55713125
0.86329797 0.89217733 0.4800609  0.44882273 0.38163321 0.26908844  0.15600456 0.3556218  0.52456533 0.79703866 0.29368389 0.45876741  0.34054618 0.52142794 0.56310029 0.39135921
0.87723103 0.89548099 0.52079443 0.48454317 0.39275458 0.25258252  0.15181281 0.34808432 0.55979113 0.80846963 0.2648837  0.46422793  0.3813218  0.58934731 0.69936283 0.37120654
0.88872702 0.87816398 0.55618034 0.49487879 0.38426332 0.23232662  0.15747942 0.36272408 0.58533203 0.74103579 0.31198514 0.45004023  0.46685511 0.62540256 0.7744933  0.36003333
0.89599565 0.85595494 0.58990204 0.5183721  0.38024574 0.22076516  0.19278363 0.36127311 0.60748383 0.68104434 0.25678574 0.44571192  0.39058281 0.68552466 0.79208774 0.44669709
0.85749416 0.67636557 0.57747139 0.44909132 0.21971416 0.0940213  0.33207173 0.63877148 0.61704545 0.48440707 0.42816843 0.2330364  0.35759835 0.44879791 0.54809122 0.52757043
0.73391564 0.34938364 0.41228423 0.19816601 0.1274698  0.22211053  0.49919858 0.60840737 0.30256178 0.58355223 0.57734662 0.3649846  0.24551539 0.38549955 0.20793501 0.72009428
0.6243459  0.13490855 0.27309493 0.13966287 0.20455857 0.45013486  0.38304236 0.48314346 0.39483768 0.57704155 0.47513897 0.34660549  0.30071834 0.57454579 0.3993766  0.34624658
0.49297567 0.12166865 0.12815591 0.33874438 0.31160287 0.41650551  0.33542551 0.55090136 0.52272779 0.44612643 0.32228069 0.60554698  0.42667379 0.31626354 0.5097762  0.46816852
0.27617901 0.17323561 0.15585751 0.63010403 0.29520731 0.27072758  0.50645701 0.40843882 0.31773887 0.38027269 0.42970144 0.4236911  0.60013147 0.4137337  0.46871228 0.55661737
0.14665321 0.21554174 0.34107492 0.57338826 0.2492425  0.29204887  0.39113102 0.43736296 0.12234711 0.35635566 0.37279792 0.34350275  0.63454957 0.56836743 0.3858073  0.41174998
0.05721212 0.25333266 0.49517252 0.47770266 0.17460307 0.38518276  0.36796632 0.46229541 0.25314969 0.3792096  0.37691465 0.4269249  0.59764499 0.50031127 0.41305596 0.45094171
0.02238699 0.26933158 0.55141352 0.44716364 0.13200308 0.43368392  0.38515266 0.45456251 0.39203695 0.41291259 0.4534861  0.49973982  0.50090471 0.43447086 0.45183801 0.48654995
0.02238699 0.26933158 0.55141352 0.44716364 0.13200308 0.43368392  0.38515266 0.45456251 0.39203695 0.41291259 0.4534861  0.49973982  0.50090471 0.43447086 0.45183801 0.48654995
0.02238699 0.26933158 0.55141352 0.44716364 0.13200308 0.43368392  0.38515266 0.45456251 0.39203695 0.41291259 0.4534861  0.49973982  0.50090471 0.43447086 0.45183801 0.48654995
0.02238699 0.26933158 0.55141352 0.44716364 0.13200308 0.43368392  0.38515266 0.45456251 0.39203695 0.41291259 0.4534861  0.49973982  0.50090471 0.43447086 0.45183801 0.48654995
0.02238699 0.26933158 0.55141352 0.44716364 0.13200308 0.43368392  0.38515266 0.45456251 0.39203695 0.41291259 0.4534861  0.49973982  0.50090471 0.43447086 0.45183801 0.48654995
0.02238699 0.26933158 0.55141352 0.44716364 0.13200308 0.43368392  0.38515266 0.45456251 0.39203695 0.41291259 0.4534861  0.49973982  0.50090471 0.43447086 0.45183801 0.48654995
0.02238699 0.26933158 0.55141352 0.44716364 0.13200308 0.43368392  0.38515266 0.45456251 0.39203695 0.41291259 0.4534861  0.49973982  0.50090471 0.43447086 0.45183801 0.48654995
0.02238699 0.26933158 0.55141352 0.44716364 0.13200308 0.43368392  0.38515266 0.45456251 0.39203695 0.41291259 0.4534861  0.49973982  0.50090471 0.43447086 0.45183801 0.48654995
0.02238699 0.26933158 0.55141352 0.44716364 0.13200308 0.43368392  0.38515266 0.45456251 0.39203695 0.41291259 0.4534861  0.49973982  0.50090471 0.43447086 0.45183801 0.48654995
0.02238699 0.26933158 0.55141352 0.44716364 0.13200308 0.43368392  0.38515266 0.45456251 0.39203695 0.41291259 0.4534861  0.49973982  0.50090471 0.43447086 0.45183801 0.48654995
0.02238699 0.26933158 0.55141352 0.44716364 0.13200308 0.43368392  0.38515266 0.45456251 0.39203695 0.41291259 0.4534861  0.49973982  0.50090471 0.43447086 0.45183801 0.48654995
0.02238699 0.26933158 0.55141352 0.44716364 0.13200308 0.43368392  0.38515266 0.45456251 0.39203695 0.41291259 0.4534861  0.49973982  0.50090471 0.43447086 0.45183801 0.48654995
0.00050111 0.27711162 0.58204588 0.3335578  0.34033719 0.36287842  0.51475587 0.44998219 0.44411745 0.38098864 0.50246853 0.45809662  0.4426108  0.41452704 0.4705883  0.46760634
0.00050111 0.27711162 0.58204588 0.3335578  0.34033719 0.36287842  0.51475587 0.44998219 0.44411745 0.38098864 0.50246853 0.45809662  0.4426108  0.41452704 0.4705883  0.46760634
0.01161546 0.27332276 0.56646405 0.38931128 0.23539476 0.39918686  0.45124266 0.45378625 0.41925203 0.39667678 0.47585469 0.47889256  0.47128839 0.42375093 0.46424367 0.48068655
0.03983179 0.26127546 0.51838444 0.474095   0.14671153 0.4094268  0.38847588 0.44608157 0.34997126 0.40724254 0.45998205 0.46815628  0.50762803 0.47185423 0.43557384 0.45763938
0.02238699 0.26933158 0.55141352 0.44716364 0.13200308 0.43368392  0.38515266 0.45456251 0.39203695 0.41291259 0.4534861  0.49973982  0.50090471 0.43447086 0.45183801 0.48654995
0.02238699 0.26933158 0.55141352 0.44716364 0.13200308 0.43368392  0.38515266 0.45456251 0.39203695 0.41291259 0.4534861  0.49973982  0.50090471 0.43447086 0.45183801 0.48654995
0.03069506 0.34678746 0.53942081 0.43345169 0.23768652 0.50559706  0.31330864 0.22106053 0.29780954 0.74339371 0.43022553 0.75385918  0.78613118 0.41052302 0.21279447 0.50110029
0.03924714 0.40190774 0.52731096 0.43271664 0.27141277 0.55192797  0.27961803 0.13309319 0.24228043 0.79566349 0.4296757  0.84121894  0.82593608 0.40868243 0.28437862 0.44919268
0.03654521 0.38314261 0.53107905 0.42837973 0.2607372  0.53733279  0.30277345 0.16446643 0.23759141 0.78947977 0.43983614 0.86171034  0.82274779 0.45772617 0.30058581 0.47341468
0.03654521 0.38314261 0.53107905 0.42837973 0.2607372  0.53733279  0.30277345 0.16446643 0.23759141 0.78947977 0.43983614 0.86171034  0.82274779 0.45772617 0.30058581 0.47341468
0.03654521 0.38314261 0.53107905 0.42837973 0.2607372  0.53733279  0.30277345 0.16446643 0.23759141 0.78947977 0.43983614 0.86171034  0.82274779 0.45772617 0.30058581 0.47341468
0.03654521 0.38314261 0.53107905 0.42837973 0.2607372  0.53733279  0.30277345 0.16446643 0.23759141 0.78947977 0.43983614 0.86171034  0.82274779 0.45772617 0.30058581 0.47341468
0.02786857 0.32303258 0.54594273 0.43185092 0.22677256 0.4732872  0.35216261 0.28452446 0.31345041 0.7179278  0.44628579 0.79739681  0.777698   0.56431377 0.31875047 0.53429299
0.02188588 0.27738249 0.55220163 0.43728455 0.16490515 0.43350253  0.38758913 0.41565837 0.38343281 0.50397029 0.45269613 0.58936127  0.59832847 0.49390908 0.36531466 0.5232739 
0.11397251 0.24544796 0.44789861 0.44102269 0.13799938 0.45623678  0.44308152 0.46331983 0.4814509  0.41767775 0.40125462 0.53838282  0.55675401 0.39970228 0.47193043 0.48301562
0.16836335 0.23629256 0.39908449 0.4395613  0.12617173 0.46361276  0.50478949 0.44361946 0.52772327 0.43891036 0.45074913 0.52925465  0.498759   0.42190406 0.48417595 0.4370211 
0.2042468  0.22178319 0.33446225 0.4849105  0.14686214 0.433077  0.54205919 0.41616391 0.54178838 0.4521082  0.50215368 0.51007322  0.48374664 0.44066284 0.48099187 0.44141408
0.30976971 0.21327175 0.27858041 0.45939977 0.11242052 0.44029834  0.70057188 0.3657662  0.62625135 0.51983482 0.5640083  0.44962847  0.48779997 0.46620417 0.50507394 0.40177602
0.4555478  0.18535355 0.22223989 0.30810404 0.14490904 0.50189854  0.64239754 0.43336826 0.61861523 0.52086111 0.49402367 0.49898355  0.44698235 0.44637649 0.47369227 0.36627193
0.52728255 0.16275079 0.16908669 0.26481231 0.20131346 0.47887415  0.57852779 0.48527576 0.4513824  0.48500429 0.3669934  0.46352841  0.49485125 0.5065665  0.451926   0.30390759
0.54082151 0.16622074 0.19877363 0.26506787 0.18554728 0.44901077  0.59959937 0.46864886 0.42246933 0.51976889 0.37550218 0.44783544  0.50497761 0.46282316 0.49125987 0.29874738
0.52728255 0.16275079 0.16908669 0.26481231 0.20131346 0.47887415  0.57852779 0.48527576 0.4513824  0.48500429 0.3669934  0.46352841  0.49485125 0.5065665  0.451926   0.30390759
0.52728255 0.16275079 0.16908669 0.26481231 0.20131346 0.47887415  0.57852779 0.48527576 0.4513824  0.48500429 0.3669934  0.46352841  0.49485125 0.5065665  0.451926   0.30390759
0.54207252 0.11652029 0.19903706 0.25492704 0.28642062 0.4222783  0.25629754 0.52813269 0.45365481 0.52109642 0.46990697 0.50457399  0.32012275 0.43684391 0.42070685 0.41164323
0.54207252 0.11652029 0.19903706 0.25492704 0.28642062 0.4222783  0.25629754 0.52813269 0.45365481 0.52109642 0.46990697 0.50457399  0.32012275 0.43684391 0.42070685 0.41164323
0.52330664 0.11753862 0.21023931 0.27706892 0.29426376 0.39698018  0.22307592 0.52220997 0.39202993 0.51945558 0.5133537  0.50163356  0.25917436 0.45396696 0.41398333 0.40448317
0.47098512 0.1110774  0.17476464 0.37497313 0.33960884 0.3464589  0.17632816 0.52667833 0.41393319 0.48319555 0.49334519 0.58744952  0.26816575 0.31028384 0.46930573 0.52015192
0.44297347 0.10775663 0.21703826 0.45410688 0.36203996 0.32911766  0.17459884 0.5423183  0.37328315 0.29238184 0.58477323 0.69001287  0.51525251 0.29429321 0.54828064 0.31607161
0.42405194 0.10940902 0.22178749 0.48871267 0.36188259 0.30521453  0.17978886 0.52235825 0.34935728 0.29900048 0.61346839 0.66431184  0.52166657 0.31621326 0.5555443  0.30822734
0.39249469 0.11727853 0.19505846 0.51350071 0.36755122 0.27719171  0.17933302 0.51359576 0.29356794 0.36089991 0.58120598 0.63643077  0.36209397 0.31087421 0.53608446 0.37660517
0.37418665 0.12395109 0.22580621 0.49561046 0.36039415 0.28568954  0.15523561 0.52695203 0.26143067 0.35027946 0.55392667 0.63168017  0.37192352 0.32287235 0.525561   0.35331411
0.3370535  0.12919319 0.23004114 0.55665473 0.36647276 0.24246878  0.17191136 0.49998507 0.2107426  0.34494085 0.5792322  0.58160435  0.37045623 0.35817046 0.53022797 0.34723848
0.31813784 0.13461127 0.2504343  0.56799237 0.34804637 0.24341265  0.17888565 0.48304969 0.22358471 0.36345979 0.63237688 0.56169521  0.34060225 0.4021368  0.50859524 0.30099965
0.30672396 0.14283373 0.22390222 0.55348817 0.33464868 0.23884854  0.20258436 0.47426142 0.21474912 0.44159517 0.55068502 0.51587958  0.21716711 0.41943863 0.50480239 0.41050828
0.25303442 0.16611556 0.23201741 0.61110652 0.30183958 0.23649828  0.32097918 0.42772502 0.18508323 0.42077823 0.56182599 0.43065811  0.32205728 0.53457328 0.443348   0.3544668 
0.21657717 0.17983789 0.29160374 0.57324256 0.29405448 0.25288448  0.28696393 0.45096032 0.13266237 0.40032066 0.48819941 0.4119411  0.38772616 0.5471642  0.42969866 0.34841339
0.16260659 0.20185637 0.3564208  0.55500062 0.26626532 0.2784789  0.31116518 0.45024449 0.13626932 0.37761786 0.42925108 0.35875549  0.51461273 0.56516939 0.3874689  0.373378  
0.11051499 0.2303181  0.39913224 0.54732644 0.21368313 0.326135  0.39335164 0.43353108 0.19407235 0.3794595  0.42724443 0.3696273  0.5701124  0.56637577 0.38248058 0.38558208
0.07499257 0.2459231  0.46440323 0.49952989 0.18240344 0.37030709  0.37522822 0.45181672 0.24985763 0.38748799 0.40770237 0.42355524  0.56076913 0.51159926 0.40803598 0.42497852
0.05762258 0.25370948 0.49739033 0.46903408 0.18064803 0.38594998  0.36981035 0.46751612 0.25022094 0.37174109 0.35764084 0.42061981  0.61722903 0.49043973 0.41241226 0.45951664
0.03976731 0.26138878 0.5282016  0.4507713  0.15989462 0.40943989  0.3646431  0.47077634 0.29521539 0.38487965 0.37041869 0.45850843  0.59092167 0.4629279  0.42932014 0.47985227
0.02238699 0.26933158 0.55141352 0.44716364 0.13200308 0.43368392  0.38515266 0.45456251 0.39203695 0.41291259 0.4534861  0.49973982  0.50090471 0.43447086 0.45183801 0.48654995
0.02238699 0.26933158 0.55141352 0.44716364 0.13200308 0.43368392  0.38515266 0.45456251 0.39203695 0.41291259 0.4534861  0.49973982  0.50090471 0.43447086 0.45183801 0.48654995
0.02238699 0.26933158 0.55141352 0.44716364 0.13200308 0.43368392  0.38515266 0.45456251 0.39203695 0.41291259 0.4534861  0.49973982  0.50090471 0.43447086 0.45183801 0.48654995
0.02238699 0.26933158 0.55141352 0.44716364 0.13200308 0.43368392  0.38515266 0.45456251 0.39203695 0.41291259 0.4534861  0.49973982  0.50090471 0.43447086 0.45183801 0.48654995
0.02238699 0.26933158 0.55141352 0.44716364 0.13200308 0.43368392  0.38515266 0.45456251 0.39203695 0.41291259 0.4534861  0.49973982  0.50090471 0.43447086 0.45183801 0.48654995
0.02238699 0.26933158 0.55141352 0.44716364 0.13200308 0.43368392  0.38515266 0.45456251 0.39203695 0.41291259 0.4534861  0.49973982  0.50090471 0.43447086 0.45183801 0.48654995
0.02238699 0.26933158 0.55141352 0.44716364 0.13200308 0.43368392  0.38515266 0.45456251 0.39203695 0.41291259 0.4534861  0.49973982  0.50090471 0.43447086 0.45183801 0.48654995
0.01161546 0.27332276 0.56646405 0.38931128 0.23539476 0.39918686  0.45124266 0.45378625 0.41925203 0.39667678 0.47585469 0.47889256  0.47128839 0.42375093 0.46424367 0.48068655
0.00050111 0.27711162 0.58204588 0.3335578  0.34033719 0.36287842  0.51475587 0.44998219 0.44411745 0.38098864 0.50246853 0.45809662  0.4426108  0.41452704 0.4705883  0.46760634
0.00050111 0.27711162 0.58204588 0.3335578  0.34033719 0.36287842  0.51475587 0.44998219 0.44411745 0.38098864 0.50246853 0.45809662  0.4426108  0.41452704 0.4705883  0.46760634
0.00050111 0.27711162 0.58204588 0.3335578  0.34033719 0.36287842  0.51475587 0.44998219 0.44411745 0.38098864 0.50246853 0.45809662  0.4426108  0.41452704 0.4705883  0.46760634
0.00050111 0.27711162 0.58204588 0.3335578  0.34033719 0.36287842  0.51475587 0.44998219 0.44411745 0.38098864 0.50246853 0.45809662  0.4426108  0.41452704 0.4705883  0.46760634
0.00050111 0.27711162 0.58204588 0.3335578  0.34033719 0.36287842  0.51475587 0.44998219 0.44411745 0.38098864 0.50246853 0.45809662  0.4426108  0.41452704 0.4705883  0.46760634
0.00050111 0.27711162 0.58204588 0.3335578  0.34033719 0.36287842  0.51475587 0.44998219 0.44411745 0.38098864 0.50246853 0.45809662  0.4426108  0.41452704 0.4705883  0.46760634
0.00050111 0.27711162 0.58204588 0.3335578  0.34033719 0.36287842  0.51475587 0.44998219 0.44411745 0.38098864 0.50246853 0.45809662  0.4426108  0.41452704 0.4705883  0.46760634
0.00050111 0.27711162 0.58204588 0.3335578  0.34033719 0.36287842  0.51475587 0.44998219 0.44411745 0.38098864 0.50246853 0.45809662  0.4426108  0.41452704 0.4705883  0.46760634
