0.15827544 0.20075502 0.3790648  0.42348558 0.50334197 0.19109518  0.3798907  0.47347217 0.09589993 0.33635003 0.42132687 0.33265799  0.45606883 0.54525883 0.44328712 0.34634785
0.10679559 0.23089596 0.40366606 0.43771046 0.4488459  0.23559016  0.51348513 0.4405535  0.17685209 0.3224173  0.40852922 0.3016963  0.5857565  0.55422948 0.39150192 0.37956745
0.01788144 0.26916881 0.55883396 0.33716546 0.36822873 0.33863439  0.49424631 0.46619602 0.34729589 0.3529557  0.41940113 0.41686523  0.53262776 0.44298409 0.44807042 0.46090866
0.01788144 0.26916881 0.55883396 0.33716546 0.36822873 0.33863439  0.49424631 0.46619602 0.34729589 0.3529557  0.41940113 0.41686523  0.53262776 0.44298409 0.44807042 0.46090866
0.01788144 0.26916881 0.55883396 0.33716546 0.36822873 0.33863439  0.49424631 0.46619602 0.34729589 0.3529557  0.41940113 0.41686523  0.53262776 0.44298409 0.44807042 0.46090866
0.0718425  0.24711057 0.46196981 0.40337985 0.40549038 0.28818365  0.54631622 0.42893576 0.34764141 0.3637951  0.48385178 0.3753394  0.52023536 0.47913602 0.43559513 0.45481577
0.12584756 0.22579302 0.37579989 0.44801824 0.44908894 0.24079202  0.56715199 0.41751925 0.28383898 0.34891728 0.47483085 0.32812914  0.55650991 0.52102409 0.40513567 0.43181139
0.16134511 0.21091545 0.31422881 0.49411064 0.46649443 0.20805877  0.58723538 0.39523801 0.27683717 0.35889652 0.54425483 0.3085952  0.49081737 0.55902368 0.38511111 0.38478296
0.17981906 0.20362919 0.2839026  0.50958884 0.47826305 0.19583496  0.59611239 0.39176173 0.27876525 0.35597509 0.54642682 0.31034607  0.4891193  0.53985404 0.40258308 0.4064341 
0.19718904 0.19584281 0.2509155  0.54008466 0.48001846 0.18019207  0.60153025 0.37606232 0.27840194 0.37172199 0.59648836 0.31328149  0.43265939 0.56101357 0.3982068  0.37189597
0.272023   0.17882975 0.16835742 0.52173912 0.48728898 0.21338786  0.68090966 0.38263743 0.44078027 0.37827367 0.53396445 0.37289536  0.51297333 0.44305787 0.45722549 0.47462992
0.30926443 0.17596282 0.14431912 0.4879397  0.47727598 0.24871531  0.73663631 0.39048135 0.52117372 0.37428299 0.47200569 0.3766792  0.59393155 0.41003038 0.48189463 0.49561438
0.30926443 0.17596282 0.14431912 0.4879397  0.47727598 0.24871531  0.73663631 0.39048135 0.52117372 0.37428299 0.47200569 0.3766792  0.59393155 0.41003038 0.48189463 0.49561438
0.30926443 0.17596282 0.14431912 0.4879397  0.47727598 0.24871531  0.73663631 0.39048135 0.52117372 0.37428299 0.47200569 0.3766792  0.59393155 0.41003038 0.48189463 0.49561438
0.35017278 0.16559773 0.10207845 0.57686536 0.26466558 0.34439215  0.62254266 0.40871841 0.52028497 0.40326486 0.37997189 0.44830026  0.69636521 0.3922462  0.47663035 0.53926466
0.35017278 0.16559773 0.10207845 0.57686536 0.26466558 0.34439215  0.62254266 0.40871841 0.52028497 0.40326486 0.37997189 0.44830026  0.69636521 0.3922462  0.47663035 0.53926466
0.35017278 0.16559773 0.10207845 0.57686536 0.26466558 0.34439215  0.62254266 0.40871841 0.52028497 0.40326486 0.37997189 0.44830026  0.69636521 0.3922462  0.47663035 0.53926466
0.3689017  0.16541016 0.09851795 0.54297446 0.25404854 0.37430373  0.64271045 0.42061457 0.55977943 0.40580034 0.341507   0.45655439  0.73196953 0.39647503 0.47073927 0.51986619
0.3689017  0.16541016 0.09851795 0.54297446 0.25404854 0.37430373  0.64271045 0.42061457 0.55977943 0.40580034 0.341507   0.45655439  0.73196953 0.39647503 0.47073927 0.51986619
0.40629035 0.16464315 0.09729458 0.46941361 0.24405913 0.42593282  0.64628279 0.45142153 0.59760233 0.40076838 0.29973069 0.47439296  0.72458308 0.40888357 0.43412    0.49968575
0.4239572  0.16825252 0.1078581  0.43360609 0.22698948 0.44664141  0.67110128 0.45027424 0.5857757  0.40742888 0.29917548 0.43998845  0.7168031  0.47583755 0.41155145 0.45602739
0.44151099 0.17269902 0.1176569  0.39967639 0.20704364 0.46678128  0.70401597 0.44734202 0.57634093 0.41518552 0.29357104 0.4035191  0.71472687 0.53586364 0.3974028  0.38714195
0.46303667 0.30238837 0.08158917 0.39752166 0.23629294 0.57044593  0.68146956 0.34523841 0.4586864  0.33149299 0.32303527 0.45669448  0.68009234 0.45146143 0.51711655 0.3352812 
0.58299462 0.65569385 0.08947265 0.36703077 0.23781115 0.65911108  0.65921965 0.2467154  0.25822247 0.20088045 0.40372606 0.38708177  0.44201648 0.19179862 0.41302121 0.31554554
0.62579547 0.6883651  0.10332837 0.3113646  0.25755713 0.68548633  0.56919147 0.25016816 0.23959132 0.23241798 0.43931077 0.42232547  0.35647559 0.23473186 0.44195796 0.29162129
0.63055072 0.71030132 0.10497911 0.31961048 0.26164608 0.67217802  0.54845796 0.26191965 0.26480732 0.22810171 0.44600279 0.39661035  0.35960429 0.22437097 0.40202807 0.32251763
0.67184179 0.7279693  0.12703658 0.27238636 0.25631121 0.64909184  0.51052781 0.31892239 0.19622338 0.24474417 0.49088994 0.42769586  0.30613257 0.25056063 0.37528036 0.34407484
0.71748909 0.71281726 0.20455824 0.23320001 0.24981472 0.62137744  0.41918218 0.26718069 0.22834384 0.31842082 0.5636063  0.32446339  0.27457109 0.27743857 0.30305497 0.49219407
0.72001098 0.72847527 0.2025598  0.23205718 0.26671682 0.63217199  0.41096306 0.23549549 0.20490583 0.3667957  0.5648732  0.39649085  0.31313199 0.32554704 0.34362711 0.48228549
0.72001098 0.72847527 0.2025598  0.23205718 0.26671682 0.63217199  0.41096306 0.23549549 0.20490583 0.3667957  0.5648732  0.39649085  0.31313199 0.32554704 0.34362711 0.48228549
0.71305259 0.70407061 0.19999646 0.22805475 0.27470548 0.65489721  0.3966741  0.19421667 0.20781041 0.38079796 0.54057628 0.3754485  0.29317791 0.31857837 0.40557177 0.43466336
0.69914591 0.70608342 0.16884198 0.22984152 0.28317341 0.67465601  0.39889435 0.22593293 0.20666358 0.35458364 0.54043835 0.41445228  0.29837567 0.31159624 0.40408934 0.35970633
0.67501429 0.65533084 0.14551812 0.22690458 0.29276    0.70208575  0.40424998 0.22873276 0.19669219 0.35091486 0.54068668 0.50612147  0.33865143 0.31659345 0.44802586 0.31392875
0.56735159 0.45034288 0.08038877 0.27598044 0.29091213 0.65867988  0.48880082 0.3462553  0.27020847 0.35123338 0.4339088  0.67348994  0.44054266 0.38219276 0.60439917 0.36492701
0.49596378 0.15609363 0.12239676 0.30455833 0.234021   0.48980753  0.56612741 0.51441749 0.52475481 0.43424868 0.28637854 0.52737966  0.53602614 0.47341585 0.45304319 0.35563963
0.46074314 0.14803776 0.10203444 0.37429554 0.27103649 0.44895906  0.50839424 0.518497   0.54601622 0.41983153 0.29253819 0.59825352  0.54588236 0.34643578 0.4897604  0.46818343
0.40543643 0.149997   0.0946957  0.4835056  0.29360262 0.37297211  0.51164939 0.48244371 0.49312842 0.40742868 0.3263384  0.57776389  0.55392287 0.30544847 0.54316007 0.53423764
0.25635369 0.17632905 0.17160327 0.65934296 0.28646031 0.24951363  0.48486902 0.38428616 0.2672584  0.4015244  0.5472882  0.40042414  0.46658657 0.51833639 0.41001145 0.4383182 
0.11001279 0.23003017 0.39749967 0.55392021 0.21064522 0.32401203  0.39172374 0.4292365  0.18971978 0.38439533 0.43832357 0.36803968  0.56230964 0.57973955 0.37806427 0.37716987
0.03975697 0.26154521 0.51842642 0.47765946 0.13375849 0.41804104  0.39057053 0.43886311 0.39167364 0.42865949 0.50354763 0.50267525  0.44444481 0.45563039 0.44746173 0.45201183
0.02238699 0.26933158 0.55141352 0.44716364 0.13200308 0.43368392  0.38515266 0.45456251 0.39203695 0.41291259 0.4534861  0.49973982  0.50090471 0.43447086 0.45183801 0.48654995
0.02238699 0.26933158 0.55141352 0.44716364 0.13200308 0.43368392  0.38515266 0.45456251 0.39203695 0.41291259 0.4534861  0.49973982  0.50090471 0.43447086 0.45183801 0.48654995
0.02238699 0.26933158 0.55141352 0.44716364 0.13200308 0.43368392  0.38515266 0.45456251 0.39203695 0.41291259 0.4534861  0.49973982  0.50090471 0.43447086 0.45183801 0.48654995
0.02238699 0.26933158 0.55141352 0.44716364 0.13200308 0.43368392  0.38515266 0.45456251 0.39203695 0.41291259 0.4534861  0.49973982  0.50090471 0.43447086 0.45183801 0.48654995
0.02238699 0.26933158 0.55141352 0.44716364 0.13200308 0.43368392  0.38515266 0.45456251 0.39203695 0.41291259 0.4534861  0.49973982  0.50090471 0.43447086 0.45183801 0.48654995
0.03975697 0.26154521 0.51842642 0.47765946 0.13375849 0.41804104  0.39057053 0.43886311 0.39167364 0.42865949 0.50354763 0.50267525  0.44444481 0.45563039 0.44746173 0.45201183
0.03975697 0.26154521 0.51842642 0.47765946 0.13375849 0.41804104  0.39057053 0.43886311 0.39167364 0.42865949 0.50354763 0.50267525  0.44444481 0.45563039 0.44746173 0.45201183
0.03975697 0.26154521 0.51842642 0.47765946 0.13375849 0.41804104  0.39057053 0.43886311 0.39167364 0.42865949 0.50354763 0.50267525  0.44444481 0.45563039 0.44746173 0.45201183
0.05720178 0.25348909 0.48539734 0.50459082 0.14846694 0.39378391  0.39389375 0.43038217 0.34960795 0.42298944 0.51004359 0.47109171  0.45116813 0.49301375 0.43119755 0.42310126
0.05720178 0.25348909 0.48539734 0.50459082 0.14846694 0.39378391  0.39389375 0.43038217 0.34960795 0.42298944 0.51004359 0.47109171  0.45116813 0.49301375 0.43119755 0.42310126
0.05720178 0.25348909 0.48539734 0.50459082 0.14846694 0.39378391  0.39389375 0.43038217 0.34960795 0.42298944 0.51004359 0.47109171  0.45116813 0.49301375 0.43119755 0.42310126
0.05720178 0.25348909 0.48539734 0.50459082 0.14846694 0.39378391  0.39389375 0.43038217 0.34960795 0.42298944 0.51004359 0.47109171  0.45116813 0.49301375 0.43119755 0.42310126
0.05720178 0.25348909 0.48539734 0.50459082 0.14846694 0.39378391  0.39389375 0.43038217 0.34960795 0.42298944 0.51004359 0.47109171  0.45116813 0.49301375 0.43119755 0.42310126
0.03975697 0.26154521 0.51842642 0.47765946 0.13375849 0.41804104  0.39057053 0.43886311 0.39167364 0.42865949 0.50354763 0.50267525  0.44444481 0.45563039 0.44746173 0.45201183
0.02238699 0.26933158 0.55141352 0.44716364 0.13200308 0.43368392  0.38515266 0.45456251 0.39203695 0.41291259 0.4534861  0.49973982  0.50090471 0.43447086 0.45183801 0.48654995
0.02238699 0.26933158 0.55141352 0.44716364 0.13200308 0.43368392  0.38515266 0.45456251 0.39203695 0.41291259 0.4534861  0.49973982  0.50090471 0.43447086 0.45183801 0.48654995
0.02238699 0.26933158 0.55141352 0.44716364 0.13200308 0.43368392  0.38515266 0.45456251 0.39203695 0.41291259 0.4534861  0.49973982  0.50090471 0.43447086 0.45183801 0.48654995
0.05854446 0.51831385 0.49505301 0.43452992 0.29500823 0.64052192  0.25838397 0.0544253  0.15332506 0.68606311 0.45449049 0.85695823  0.75123004 0.33205528 0.41826583 0.41273494
0.06380504 0.54471348 0.48826949 0.43255922 0.29368291 0.65332919  0.27041083 0.06225156 0.12538104 0.6497357  0.47507597 0.88079509  0.73689447 0.35220415 0.46627127 0.43210041
0.05990444 0.52043444 0.49584164 0.43222753 0.28986228 0.63291955  0.2716475  0.07815631 0.14559145 0.68144149 0.47084194 0.87953505  0.75497638 0.36735689 0.43588248 0.44431449
0.05725592 0.5016678  0.50015936 0.42819544 0.28033342 0.61739974  0.29190285 0.10896599 0.14257091 0.67921284 0.48102261 0.90115533  0.75340531 0.41839812 0.4577121  0.46862003
0.0463447  0.43545938 0.51612087 0.4251779  0.26074991 0.56965766  0.3210575  0.16661697 0.18460051 0.71291398 0.4734973  0.89411346  0.79033207 0.47995113 0.39066625 0.49127684
0.04180578 0.40954224 0.52429553 0.42640903 0.25941189 0.55014007  0.3148003  0.17229269 0.20964739 0.75315236 0.46042163 0.8855472  0.80841222 0.47787503 0.34859125 0.49278015
0.0364574  0.37012935 0.53281589 0.42595109 0.23159583 0.50703567  0.36187339 0.26744181 0.24872626 0.67931158 0.47521499 0.85705737  0.76141813 0.58355731 0.41397511 0.53588144
0.0360839  0.36648939 0.5330663  0.42618825 0.22483159 0.50170483  0.3651569  0.28185295 0.25667508 0.65164137 0.47631616 0.83597683  0.73892824 0.58029694 0.4293072  0.52659199
0.02490888 0.28498959 0.54941508 0.44602081 0.14890519 0.44447846  0.37693355 0.42287731 0.36859895 0.46128747 0.45475299 0.57176728  0.53946562 0.48257933 0.49241016 0.47664137
0.13422371 0.25700864 0.46991036 0.35368244 0.10232261 0.54230625  0.55358108 0.47014988 0.6755385  0.43271406 0.30225692 0.53156155  0.73061632 0.36042368 0.48995132 0.53678283
0.24257928 0.22696155 0.33190474 0.40517877 0.11020947 0.51967136  0.64738963 0.42803559 0.74453215 0.46736588 0.39866549 0.53049589  0.6368204  0.3747296  0.51725099 0.49195828
0.32954645 0.20686468 0.22391075 0.47387963 0.13398761 0.44181048  0.74288464 0.37534819 0.64685912 0.48069396 0.4778503  0.42794874  0.57516651 0.47117238 0.49151538 0.36657729
0.38468133 0.18742297 0.14887706 0.4856929  0.18193971 0.41265115  0.74320079 0.390086   0.59978014 0.45270605 0.41993599 0.43361969  0.60654263 0.43561979 0.49965878 0.40762725
0.42206997 0.18665596 0.1476537  0.41213204 0.17195031 0.46428023  0.74677313 0.42089296 0.63760305 0.44767408 0.37815968 0.45145826  0.59915618 0.44802832 0.46303952 0.3874468 
0.45711715 0.18232253 0.13500529 0.37993218 0.18277219 0.46074479  0.75108207 0.4359595  0.52895485 0.42630165 0.29453706 0.37582236  0.68139316 0.54343935 0.4179531  0.33709077
0.49230666 0.17917917 0.16013373 0.31277821 0.1707166  0.49225046  0.70397881 0.44274627 0.51700371 0.45396562 0.35268242 0.36684546  0.62904231 0.5890697  0.36738221 0.29187912
0.49501056 0.16347334 0.14280769 0.29997555 0.20586146 0.50598018  0.60849929 0.47978707 0.5526212  0.44990395 0.34488192 0.44677748  0.59383079 0.54672377 0.3736102  0.33636534
0.51131119 0.16460268 0.16495769 0.2749561  0.190609   0.50863564  0.61356999 0.46740401 0.52625569 0.47682066 0.38357602 0.40529332  0.58788802 0.59605221 0.36179206 0.31760673
0.52934324 0.15673665 0.16230181 0.248749   0.20851525 0.50561923  0.55628018 0.49551098 0.48694184 0.48054866 0.36547216 0.45682065  0.52040498 0.56594477 0.40880715 0.31030042
0.54390891 0.12675817 0.17785977 0.24900536 0.26615129 0.45245709  0.35849296 0.52906264 0.47548004 0.50018306 0.39576987 0.49851862  0.4089764  0.46881854 0.45139149 0.35394387
0.5257719  0.11539095 0.17688706 0.27994649 0.30167309 0.41962284  0.25122683 0.54051575 0.48002032 0.49417971 0.43121287 0.54605815  0.32606552 0.38751546 0.43252499 0.43040183
0.5257719  0.11539095 0.17688706 0.27994649 0.30167309 0.41962284  0.25122683 0.54051575 0.48002032 0.49417971 0.43121287 0.54605815  0.32606552 0.38751546 0.43252499 0.43040183
0.47098512 0.1110774  0.17476464 0.37497313 0.33960884 0.3464589  0.17632816 0.52667833 0.41393319 0.48319555 0.49334519 0.58744952  0.26816575 0.31028384 0.46930573 0.52015192
0.45390629 0.11156372 0.15700959 0.405763   0.34986213 0.33330265  0.1912461  0.53320177 0.42538065 0.46381228 0.45294567 0.61652437  0.27784414 0.26708338 0.50172364 0.54673253
0.45390629 0.11156372 0.15700959 0.405763   0.34986213 0.33330265  0.1912461  0.53320177 0.42538065 0.46381228 0.45294567 0.61652437  0.27784414 0.26708338 0.50172364 0.54673253
0.44639863 0.10499365 0.1882909  0.45487299 0.36310245 0.31396362  0.17273743 0.52203    0.41029036 0.39229553 0.56333268 0.63663897  0.40769335 0.2717016  0.51278014 0.42937963
0.39249469 0.11727853 0.19505846 0.51350071 0.36755122 0.27719171  0.17933302 0.51359576 0.29356794 0.36089991 0.58120598 0.63643077  0.36209397 0.31087421 0.53608446 0.37660517
0.39249469 0.11727853 0.19505846 0.51350071 0.36755122 0.27719171  0.17933302 0.51359576 0.29356794 0.36089991 0.58120598 0.63643077  0.36209397 0.31087421 0.53608446 0.37660517
0.37438401 0.11993557 0.18768507 0.5498648  0.36935353 0.25884229  0.21151833 0.50028553 0.29407162 0.35261921 0.56346014 0.61633281  0.40476643 0.30844433 0.55423743 0.3952362 
0.3370535  0.12919319 0.23004114 0.55665473 0.36647276 0.24246878  0.17191136 0.49998507 0.2107426  0.34494085 0.5792322  0.58160435  0.37045623 0.35817046 0.53022797 0.34723848
0.31813784 0.13461127 0.2504343  0.56799237 0.34804637 0.24341265  0.17888565 0.48304969 0.22358471 0.36345979 0.63237688 0.56169521  0.34060225 0.4021368  0.50859524 0.30099965
0.31813784 0.13461127 0.2504343  0.56799237 0.34804637 0.24341265  0.17888565 0.48304969 0.22358471 0.36345979 0.63237688 0.56169521  0.34060225 0.4021368  0.50859524 0.30099965
0.30672396 0.14283373 0.22390222 0.55348817 0.33464868 0.23884854  0.20258436 0.47426142 0.21474912 0.44159517 0.55068502 0.51587958  0.21716711 0.41943863 0.50480239 0.41050828
0.19942296 0.1872099  0.323694   0.54210077 0.28959272 0.27117472  0.26590847 0.47538364 0.11759873 0.37917255 0.40331815 0.42557438  0.46362677 0.49662141 0.46463855 0.40708046
0.19942296 0.1872099  0.323694   0.54210077 0.28959272 0.27117472  0.26590847 0.47538364 0.11759873 0.37917255 0.40331815 0.42557438  0.46362677 0.49662141 0.46463855 0.40708046
0.18094901 0.19449615 0.35402021 0.52662257 0.2778241  0.28339854  0.25703146 0.47885991 0.11567065 0.38209398 0.40114616 0.42382352  0.46532484 0.51579106 0.44716658 0.38542933
0.18094901 0.19449615 0.35402021 0.52662257 0.2778241  0.28339854  0.25703146 0.47885991 0.11567065 0.38209398 0.40114616 0.42382352  0.46532484 0.51579106 0.44716658 0.38542933
0.14450829 0.20836068 0.41454883 0.48876728 0.26490329 0.30385359  0.22231499 0.50195648 0.07561117 0.36805502 0.3351731  0.42057762  0.5169256  0.51705258 0.44753559 0.39467541
0.09243738 0.23786698 0.43137415 0.52646125 0.19711189 0.34604997  0.37855144 0.44333578 0.20779193 0.38181794 0.41419833 0.3919717  0.56749245 0.54898263 0.3917718  0.39606795
0.07506739 0.24565336 0.46436124 0.49596544 0.19535648 0.36169285  0.37313357 0.45903519 0.20815524 0.36607104 0.3641368  0.38903628  0.62395235 0.5278231  0.39614808 0.43060607
0.07506739 0.24565336 0.46436124 0.49596544 0.19535648 0.36169285  0.37313357 0.45903519 0.20815524 0.36607104 0.3641368  0.38903628  0.62395235 0.5278231  0.39614808 0.43060607
0.05762258 0.25370948 0.49739033 0.46903408 0.18064803 0.38594998  0.36981035 0.46751612 0.25022094 0.37174109 0.35764084 0.42061981  0.61722903 0.49043973 0.41241226 0.45951664
0.05762258 0.25370948 0.49739033 0.46903408 0.18064803 0.38594998  0.36981035 0.46751612 0.25022094 0.37174109 0.35764084 0.42061981  0.61722903 0.49043973 0.41241226 0.45951664
