0.00038303 0.2903084  0.5823212  0.32175236 0.38630588 0.36789016  0.51487776 0.3865304  0.42510529 0.52364757 0.50019501 0.5943516  0.58947865 0.49469252 0.35169421 0.51971235
0.00038303 0.2903084  0.5823212  0.32175236 0.38630588 0.36789016  0.51487776 0.3865304  0.42510529 0.52364757 0.50019501 0.5943516  0.58947865 0.49469252 0.35169421 0.51971235
0.02238699 0.26933158 0.55141352 0.44716364 0.13200308 0.43368392  0.38515266 0.45456251 0.39203695 0.41291259 0.4534861  0.49973982  0.50090471 0.43447086 0.45183801 0.48654995
0.02238699 0.26933158 0.55141352 0.44716364 0.13200308 0.43368392  0.38515266 0.45456251 0.39203695 0.41291259 0.4534861  0.49973982  0.50090471 0.43447086 0.45183801 0.48654995
0.03975697 0.26154521 0.51842642 0.47765946 0.13375849 0.41804104  0.39057053 0.43886311 0.39167364 0.42865949 0.50354763 0.50267525  0.44444481 0.45563039 0.44746173 0.45201183
0.03975697 0.26154521 0.51842642 0.47765946 0.13375849 0.41804104  0.39057053 0.43886311 0.39167364 0.42865949 0.50354763 0.50267525  0.44444481 0.45563039 0.44746173 0.45201183
0.03975697 0.26154521 0.51842642 0.47765946 0.13375849 0.41804104  0.39057053 0.43886311 0.39167364 0.42865949 0.50354763 0.50267525  0.44444481 0.45563039 0.44746173 0.45201183
0.0761034  0.24879349 0.4608796  0.51703532 0.12612455 0.41333858  0.43562504 0.40581222 0.49594548 0.46843588 0.62792917 0.5452317  0.32625329 0.44355444 0.4525613  0.43765389
0.11173155 0.23413523 0.39846312 0.56365531 0.14235493 0.38282452  0.46555751 0.37791262 0.5129372  0.48666256 0.71498243 0.53334928  0.24865461 0.47492759 0.43509338 0.40063795
0.18341728 0.20417837 0.27163311 0.64760488 0.2015451  0.30666469  0.5129456  0.34301049 0.44429474 0.47611595 0.74902594 0.44628332  0.2744757  0.54521779 0.40315356 0.36419694
0.18341728 0.20417837 0.27163311 0.64760488 0.2015451  0.30666469  0.5129456  0.34301049 0.44429474 0.47611595 0.74902594 0.44628332  0.2744757  0.54521779 0.40315356 0.36419694
0.20189123 0.19689211 0.24130689 0.66308308 0.21331371 0.29444087  0.5218226  0.33953421 0.44622282 0.47319453 0.75119793 0.44803418  0.27277763 0.52604815 0.42062553 0.38584807
0.20189123 0.19689211 0.24130689 0.66308308 0.21331371 0.29444087  0.5218226  0.33953421 0.44622282 0.47319453 0.75119793 0.44803418  0.27277763 0.52604815 0.42062553 0.38584807
0.20189123 0.19689211 0.24130689 0.66308308 0.21331371 0.29444087  0.5218226  0.33953421 0.44622282 0.47319453 0.75119793 0.44803418  0.27277763 0.52604815 0.42062553 0.38584807
0.20189123 0.19689211 0.24130689 0.66308308 0.21331371 0.29444087  0.5218226  0.33953421 0.44622282 0.47319453 0.75119793 0.44803418  0.27277763 0.52604815 0.42062553 0.38584807
0.20189123 0.19689211 0.24130689 0.66308308 0.21331371 0.29444087  0.5218226  0.33953421 0.44622282 0.47319453 0.75119793 0.44803418  0.27277763 0.52604815 0.42062553 0.38584807
0.20189123 0.19689211 0.24130689 0.66308308 0.21331371 0.29444087  0.5218226  0.33953421 0.44622282 0.47319453 0.75119793 0.44803418  0.27277763 0.52604815 0.42062553 0.38584807
0.20189123 0.19689211 0.24130689 0.66308308 0.21331371 0.29444087  0.5218226  0.33953421 0.44622282 0.47319453 0.75119793 0.44803418  0.27277763 0.52604815 0.42062553 0.38584807
0.18341728 0.20417837 0.27163311 0.64760488 0.2015451  0.30666469  0.5129456  0.34301049 0.44429474 0.47611595 0.74902594 0.44628332  0.2744757  0.54521779 0.40315356 0.36419694
0.18341728 0.20417837 0.27163311 0.64760488 0.2015451  0.30666469  0.5129456  0.34301049 0.44429474 0.47611595 0.74902594 0.44628332  0.2744757  0.54521779 0.40315356 0.36419694
0.18341728 0.20417837 0.27163311 0.64760488 0.2015451  0.30666469  0.5129456  0.34301049 0.44429474 0.47611595 0.74902594 0.44628332  0.2744757  0.54521779 0.40315356 0.36419694
0.14811721 0.21991379 0.33547346 0.60241075 0.16608324 0.35441172  0.50445512 0.35475165 0.53135488 0.49492456 0.75530784 0.51575547  0.24144502 0.4803226  0.43632562 0.41344314
0.12980917 0.22658635 0.36622122 0.5845205  0.15892617 0.36290955  0.48035771 0.36810792 0.49921762 0.48430412 0.72802853 0.51100487  0.25127456 0.49232074 0.42580216 0.39015208
0.12980917 0.22658635 0.36622122 0.5845205  0.15892617 0.36290955  0.48035771 0.36810792 0.49921762 0.48430412 0.72802853 0.51100487  0.25127456 0.49232074 0.42580216 0.39015208
0.11173155 0.23413523 0.39846312 0.56365531 0.14235493 0.38282452  0.46555751 0.37791262 0.5129372  0.48666256 0.71498243 0.53334928  0.24865461 0.47492759 0.43509338 0.40063795
0.11173155 0.23413523 0.39846312 0.56365531 0.14235493 0.38282452  0.46555751 0.37791262 0.5129372  0.48666256 0.71498243 0.53334928  0.24865461 0.47492759 0.43509338 0.40063795
0.11173155 0.23413523 0.39846312 0.56365531 0.14235493 0.38282452  0.46555751 0.37791262 0.5129372  0.48666256 0.71498243 0.53334928  0.24865461 0.47492759 0.43509338 0.40063795
0.09415614 0.24197204 0.4323376  0.53619636 0.12882159 0.40486246  0.45238521 0.3920119  0.53100936 0.48408516 0.69085719 0.5572813  0.25383743 0.44417067 0.44880091 0.41953603
0.09415614 0.24197204 0.4323376  0.53619636 0.12882159 0.40486246  0.45238521 0.3920119  0.53100936 0.48408516 0.69085719 0.5572813  0.25383743 0.44417067 0.44880091 0.41953603
0.09415614 0.24197204 0.4323376  0.53619636 0.12882159 0.40486246  0.45238521 0.3920119  0.53100936 0.48408516 0.69085719 0.5572813  0.25383743 0.44417067 0.44880091 0.41953603
0.0761034  0.24879349 0.4608796  0.51703532 0.12612455 0.41333858  0.43562504 0.40581222 0.49594548 0.46843588 0.62792917 0.5452317  0.32625329 0.44355444 0.4525613  0.43765389
0.05774029 0.25510913 0.4891663  0.50004522 0.12977498 0.41387866  0.41570877 0.41910408 0.44216641 0.45203848 0.57500221 0.5196414  0.380474   0.46220911 0.44363909 0.4364141 
0.05774029 0.25510913 0.4891663  0.50004522 0.12977498 0.41387866  0.41570877 0.41910408 0.44216641 0.45203848 0.57500221 0.5196414  0.380474   0.46220911 0.44363909 0.4364141 
0.03975697 0.26154521 0.51842642 0.47765946 0.13375849 0.41804104  0.39057053 0.43886311 0.39167364 0.42865949 0.50354763 0.50267525  0.44444481 0.45563039 0.44746173 0.45201183
0.03975697 0.26154521 0.51842642 0.47765946 0.13375849 0.41804104  0.39057053 0.43886311 0.39167364 0.42865949 0.50354763 0.50267525  0.44444481 0.45563039 0.44746173 0.45201183
0.05302432 0.33419633 0.51808411 0.51599539 0.15955048 0.40836658  0.3111712  0.43990797 0.51278792 0.40479376 0.46102798 0.36419791  0.46774926 0.45543325 0.39726685 0.41202311
0.06050429 0.43503623 0.58110695 0.5527742  0.18360794 0.33918249  0.23263986 0.55701923 0.66110472 0.45154035 0.37160425 0.35615878  0.58327607 0.60094622 0.40294263 0.44536701
0.06837191 0.47417227 0.58637743 0.58324582 0.20528575 0.33478108  0.18978244 0.56613706 0.73097271 0.44963419 0.32440902 0.31870676  0.55031295 0.68785856 0.45696172 0.43371516
0.07341935 0.50093656 0.59041776 0.60988983 0.23005853 0.34542366  0.1495958  0.55352897 0.7858647  0.47166057 0.27083745 0.28705812  0.5192697  0.74577811 0.51054558 0.4023671 
0.07831206 0.51382136 0.59849188 0.61591473 0.224795   0.3125208  0.144746   0.57618045 0.79998292 0.48470971 0.27779783 0.30058082  0.53212172 0.72048184 0.41583807 0.44373907
0.07641151 0.53911353 0.56467294 0.59038882 0.22480362 0.36992727  0.12501241 0.51825243 0.78394318 0.35982627 0.32137714 0.16333254  0.5286691  0.60210892 0.41693534 0.42583463
0.04999943 0.43064165 0.53503987 0.51243822 0.19227938 0.47075648  0.22533343 0.39094529 0.57879495 0.31214185 0.36582736 0.21254131  0.45481757 0.33357151 0.37947094 0.36787097
0.02893611 0.31237727 0.53952366 0.45152743 0.14535258 0.46961337  0.36366064 0.40784808 0.37484708 0.38343545 0.44753945 0.47937958  0.48439388 0.36827688 0.46039719 0.45003033
0.02238699 0.26933158 0.55141352 0.44716364 0.13200308 0.43368392  0.38515266 0.45456251 0.39203695 0.41291259 0.4534861  0.49973982  0.50090471 0.43447086 0.45183801 0.48654995
0.02238699 0.26933158 0.55141352 0.44716364 0.13200308 0.43368392  0.38515266 0.45456251 0.39203695 0.41291259 0.4534861  0.49973982  0.50090471 0.43447086 0.45183801 0.48654995
0.02238699 0.26933158 0.55141352 0.44716364 0.13200308 0.43368392  0.38515266 0.45456251 0.39203695 0.41291259 0.4534861  0.49973982  0.50090471 0.43447086 0.45183801 0.48654995
0.02238699 0.26933158 0.55141352 0.44716364 0.13200308 0.43368392  0.38515266 0.45456251 0.39203695 0.41291259 0.4534861  0.49973982  0.50090471 0.43447086 0.45183801 0.48654995
0.02238699 0.26933158 0.55141352 0.44716364 0.13200308 0.43368392  0.38515266 0.45456251 0.39203695 0.41291259 0.4534861  0.49973982  0.50090471 0.43447086 0.45183801 0.48654995
0.02238699 0.26933158 0.55141352 0.44716364 0.13200308 0.43368392  0.38515266 0.45456251 0.39203695 0.41291259 0.4534861  0.49973982  0.50090471 0.43447086 0.45183801 0.48654995
0.02238699 0.26933158 0.55141352 0.44716364 0.13200308 0.43368392  0.38515266 0.45456251 0.39203695 0.41291259 0.4534861  0.49973982  0.50090471 0.43447086 0.45183801 0.48654995
0.02238699 0.26933158 0.55141352 0.44716364 0.13200308 0.43368392  0.38515266 0.45456251 0.39203695 0.41291259 0.4534861  0.49973982  0.50090471 0.43447086 0.45183801 0.48654995
0.02238699 0.26933158 0.55141352 0.44716364 0.13200308 0.43368392  0.38515266 0.45456251 0.39203695 0.41291259 0.4534861  0.49973982  0.50090471 0.43447086 0.45183801 0.48654995
0.03975697 0.26154521 0.51842642 0.47765946 0.13375849 0.41804104  0.39057053 0.43886311 0.39167364 0.42865949 0.50354763 0.50267525  0.44444481 0.45563039 0.44746173 0.45201183
0.03975697 0.26154521 0.51842642 0.47765946 0.13375849 0.41804104  0.39057053 0.43886311 0.39167364 0.42865949 0.50354763 0.50267525  0.44444481 0.45563039 0.44746173 0.45201183
0.03975697 0.26154521 0.51842642 0.47765946 0.13375849 0.41804104  0.39057053 0.43886311 0.39167364 0.42865949 0.50354763 0.50267525  0.44444481 0.45563039 0.44746173 0.45201183
0.03975697 0.26154521 0.51842642 0.47765946 0.13375849 0.41804104  0.39057053 0.43886311 0.39167364 0.42865949 0.50354763 0.50267525  0.44444481 0.45563039 0.44746173 0.45201183
0.02238699 0.26933158 0.55141352 0.44716364 0.13200308 0.43368392  0.38515266 0.45456251 0.39203695 0.41291259 0.4534861  0.49973982  0.50090471 0.43447086 0.45183801 0.48654995
0.02238699 0.26933158 0.55141352 0.44716364 0.13200308 0.43368392  0.38515266 0.45456251 0.39203695 0.41291259 0.4534861  0.49973982  0.50090471 0.43447086 0.45183801 0.48654995
0.02238699 0.26933158 0.55141352 0.44716364 0.13200308 0.43368392  0.38515266 0.45456251 0.39203695 0.41291259 0.4534861  0.49973982  0.50090471 0.43447086 0.45183801 0.48654995
0.02238699 0.26933158 0.55141352 0.44716364 0.13200308 0.43368392  0.38515266 0.45456251 0.39203695 0.41291259 0.4534861  0.49973982  0.50090471 0.43447086 0.45183801 0.48654995
0.02238699 0.26933158 0.55141352 0.44716364 0.13200308 0.43368392  0.38515266 0.45456251 0.39203695 0.41291259 0.4534861  0.49973982  0.50090471 0.43447086 0.45183801 0.48654995
0.02238699 0.26933158 0.55141352 0.44716364 0.13200308 0.43368392  0.38515266 0.45456251 0.39203695 0.41291259 0.4534861  0.49973982  0.50090471 0.43447086 0.45183801 0.48654995
0.02238699 0.26933158 0.55141352 0.44716364 0.13200308 0.43368392  0.38515266 0.45456251 0.39203695 0.41291259 0.4534861  0.49973982  0.50090471 0.43447086 0.45183801 0.48654995
0.02238699 0.26933158 0.55141352 0.44716364 0.13200308 0.43368392  0.38515266 0.45456251 0.39203695 0.41291259 0.4534861  0.49973982  0.50090471 0.43447086 0.45183801 0.48654995
0.02238699 0.26933158 0.55141352 0.44716364 0.13200308 0.43368392  0.38515266 0.45456251 0.39203695 0.41291259 0.4534861  0.49973982  0.50090471 0.43447086 0.45183801 0.48654995
0.02238699 0.26933158 0.55141352 0.44716364 0.13200308 0.43368392  0.38515266 0.45456251 0.39203695 0.41291259 0.4534861  0.49973982  0.50090471 0.43447086 0.45183801 0.48654995
0.02238699 0.26933158 0.55141352 0.44716364 0.13200308 0.43368392  0.38515266 0.45456251 0.39203695 0.41291259 0.4534861  0.49973982  0.50090471 0.43447086 0.45183801 0.48654995
0.02238699 0.26933158 0.55141352 0.44716364 0.13200308 0.43368392  0.38515266 0.45456251 0.39203695 0.41291259 0.4534861  0.49973982  0.50090471 0.43447086 0.45183801 0.48654995
0.02238699 0.26933158 0.55141352 0.44716364 0.13200308 0.43368392  0.38515266 0.45456251 0.39203695 0.41291259 0.4534861  0.49973982  0.50090471 0.43447086 0.45183801 0.48654995
0.02238699 0.26933158 0.55141352 0.44716364 0.13200308 0.43368392  0.38515266 0.45456251 0.39203695 0.41291259 0.4534861  0.49973982  0.50090471 0.43447086 0.45183801 0.48654995
0.02238699 0.26933158 0.55141352 0.44716364 0.13200308 0.43368392  0.38515266 0.45456251 0.39203695 0.41291259 0.4534861  0.49973982  0.50090471 0.43447086 0.45183801 0.48654995
0.01127263 0.27312044 0.56699535 0.39141017 0.23694552 0.39737547  0.44866587 0.45075845 0.41690237 0.39722444 0.48009993 0.47894387  0.47222712 0.42524697 0.45818264 0.47346974
0.01127263 0.27312044 0.56699535 0.39141017 0.23694552 0.39737547  0.44866587 0.45075845 0.41690237 0.39722444 0.48009993 0.47894387  0.47222712 0.42524697 0.45818264 0.47346974
0.00050111 0.27711162 0.58204588 0.3335578  0.34033719 0.36287842  0.51475587 0.44998219 0.44411745 0.38098864 0.50246853 0.45809662  0.4426108  0.41452704 0.4705883  0.46760634
0.00050111 0.27711162 0.58204588 0.3335578  0.34033719 0.36287842  0.51475587 0.44998219 0.44411745 0.38098864 0.50246853 0.45809662  0.4426108  0.41452704 0.4705883  0.46760634
0.00088414 0.28225749 0.58153309 0.33163145 0.35340382 0.36807154  0.51244129 0.42543454 0.43370944 0.43258987 0.50098497 0.50473015  0.49205489 0.4352543  0.43821756 0.48298839
0.00088414 0.28225749 0.58153309 0.33163145 0.35340382 0.36807154  0.51244129 0.42543454 0.43370944 0.43258987 0.50098497 0.50473015  0.49205489 0.4352543  0.43821756 0.48298839
0.00088414 0.28225749 0.58153309 0.33163145 0.35340382 0.36807154  0.51244129 0.42543454 0.43370944 0.43258987 0.50098497 0.50473015  0.49205489 0.4352543  0.43821756 0.48298839
0.00038303 0.2903084  0.5823212  0.32175236 0.38630588 0.36789016  0.51487776 0.3865304  0.42510529 0.52364757 0.50019501 0.5943516  0.58947865 0.49469252 0.35169421 0.51971235
0.00038303 0.2903084  0.5823212  0.32175236 0.38630588 0.36789016  0.51487776 0.3865304  0.42510529 0.52364757 0.50019501 0.5943516  0.58947865 0.49469252 0.35169421 0.51971235
0.00038303 0.2903084  0.5823212  0.32175236 0.38630588 0.36789016  0.51487776 0.3865304  0.42510529 0.52364757 0.50019501 0.5943516  0.58947865 0.49469252 0.35169421 0.51971235
0.00038303 0.2903084  0.5823212  0.32175236 0.38630588 0.36789016  0.51487776 0.3865304  0.42510529 0.52364757 0.50019501 0.5943516  0.58947865 0.49469252 0.35169421 0.51971235
0.00038303 0.2903084  0.5823212  0.32175236 0.38630588 0.36789016  0.51487776 0.3865304  0.42510529 0.52364757 0.50019501 0.5943516  0.58947865 0.49469252 0.35169421 0.51971235
0.00038303 0.2903084  0.5823212  0.32175236 0.38630588 0.36789016  0.51487776 0.3865304  0.42510529 0.52364757 0.50019501 0.5943516  0.58947865 0.49469252 0.35169421 0.51971235
0.00038303 0.2903084  0.5823212  0.32175236 0.38630588 0.36789016  0.51487776 0.3865304  0.42510529 0.52364757 0.50019501 0.5943516  0.58947865 0.49469252 0.35169421 0.51971235
0.00038303 0.2903084  0.5823212  0.32175236 0.38630588 0.36789016  0.51487776 0.3865304  0.42510529 0.52364757 0.50019501 0.5943516  0.58947865 0.49469252 0.35169421 0.51971235
0.00038303 0.2903084  0.5823212  0.32175236 0.38630588 0.36789016  0.51487776 0.3865304  0.42510529 0.52364757 0.50019501 0.5943516  0.58947865 0.49469252 0.35169421 0.51971235
0.00038303 0.2903084  0.5823212  0.32175236 0.38630588 0.36789016  0.51487776 0.3865304  0.42510529 0.52364757 0.50019501 0.5943516  0.58947865 0.49469252 0.35169421 0.51971235
0.00038303 0.2903084  0.5823212  0.32175236 0.38630588 0.36789016  0.51487776 0.3865304  0.42510529 0.52364757 0.50019501 0.5943516  0.58947865 0.49469252 0.35169421 0.51971235
0.00038303 0.2903084  0.5823212  0.32175236 0.38630588 0.36789016  0.51487776 0.3865304  0.42510529 0.52364757 0.50019501 0.5943516  0.58947865 0.49469252 0.35169421 0.51971235
0.00038303 0.2903084  0.5823212  0.32175236 0.38630588 0.36789016  0.51487776 0.3865304  0.42510529 0.52364757 0.50019501 0.5943516  0.58947865 0.49469252 0.35169421 0.51971235
0.00038303 0.2903084  0.5823212  0.32175236 0.38630588 0.36789016  0.51487776 0.3865304  0.42510529 0.52364757 0.50019501 0.5943516  0.58947865 0.49469252 0.35169421 0.51971235
0.00038303 0.2903084  0.5823212  0.32175236 0.38630588 0.36789016  0.51487776 0.3865304  0.42510529 0.52364757 0.50019501 0.5943516  0.58947865 0.49469252 0.35169421 0.51971235
0.00038303 0.2903084  0.5823212  0.32175236 0.38630588 0.36789016  0.51487776 0.3865304  0.42510529 0.52364757 0.50019501 0.5943516  0.58947865 0.49469252 0.35169421 0.51971235
0.00038303 0.2903084  0.5823212  0.32175236 0.38630588 0.36789016  0.51487776 0.3865304  0.42510529 0.52364757 0.50019501 0.5943516  0.58947865 0.49469252 0.35169421 0.51971235
0.00038303 0.2903084  0.5823212  0.32175236 0.38630588 0.36789016  0.51487776 0.3865304  0.42510529 0.52364757 0.50019501 0.5943516  0.58947865 0.49469252 0.35169421 0.51971235
0.00038303 0.2903084  0.5823212  0.32175236 0.38630588 0.36789016  0.51487776 0.3865304  0.42510529 0.52364757 0.50019501 0.5943516  0.58947865 0.49469252 0.35169421 0.51971235
0.00038303 0.2903084  0.5823212  0.32175236 0.38630588 0.36789016  0.51487776 0.3865304  0.42510529 0.52364757 0.50019501 0.5943516  0.58947865 0.49469252 0.35169421 0.51971235
0.00038303 0.2903084  0.5823212  0.32175236 0.38630588 0.36789016  0.51487776 0.3865304  0.42510529 0.52364757 0.50019501 0.5943516  0.58947865 0.49469252 0.35169421 0.51971235
0.00038303 0.2903084  0.5823212  0.32175236 0.38630588 0.36789016  0.51487776 0.3865304  0.42510529 0.52364757 0.50019501 0.5943516  0.58947865 0.49469252 0.35169421 0.51971235
