-1.315000000000000058e-01 -4.191800000000001081e-01
-1.308700000000000419e-01 -4.188350000000000684e-01
-1.313000000000000278e-01 -4.184400000000000341e-01
-1.303800000000000237e-01 -4.160300000000000664e-01
-1.299800000000000400e-01 -4.130650000000000710e-01
-1.288450000000000151e-01 -4.075250000000000261e-01
-1.285250000000000004e-01 -4.012950000000000683e-01
-1.281250000000000167e-01 -3.955650000000000555e-01
-1.262850000000000084e-01 -3.880950000000000788e-01
-1.250950000000000117e-01 -3.792850000000000943e-01
-1.244200000000000167e-01 -3.698650000000001103e-01
-1.238850000000000229e-01 -3.609150000000000968e-01
-1.223750000000000254e-01 -3.523850000000000593e-01
-1.210400000000000365e-01 -3.437200000000000255e-01
-1.189700000000000202e-01 -3.361050000000000981e-01
-1.166350000000000164e-01 -3.290500000000000647e-01
-1.141100000000000170e-01 -3.221050000000000857e-01
-1.110200000000000214e-01 -3.143100000000000893e-01
-1.075300000000000145e-01 -3.062650000000000650e-01
-1.039850000000000219e-01 -2.989800000000000790e-01
-1.008900000000000075e-01 -2.925300000000000678e-01
-9.897000000000001629e-02 -2.867700000000000804e-01
-9.806500000000001327e-02 -2.816800000000000415e-01
-9.809500000000001552e-02 -2.782250000000000556e-01
-9.848500000000001697e-02 -2.754250000000000309e-01
-9.875000000000001832e-02 -2.722100000000000630e-01
-9.929500000000002213e-02 -2.687750000000000972e-01
-1.003200000000000203e-01 -2.653950000000000475e-01
-1.019250000000000156e-01 -2.617450000000000609e-01
-1.039950000000000180e-01 -2.590650000000001008e-01
-1.052500000000000102e-01 -2.571600000000000552e-01
-1.062900000000000234e-01 -2.558350000000000346e-01
-1.074050000000000143e-01 -2.546150000000000357e-01
-1.091000000000000303e-01 -2.532400000000000206e-01
-1.110100000000000253e-01 -2.519200000000000328e-01
-1.121500000000000274e-01 -2.508050000000000557e-01
-1.120800000000000268e-01 -2.512700000000000489e-01
-1.115050000000000208e-01 -2.522450000000000525e-01
-1.108900000000000302e-01 -2.529700000000000837e-01
-1.099900000000000322e-01 -2.529600000000000182e-01
-1.093750000000000278e-01 -2.519250000000000655e-01
-1.092450000000000365e-01 -2.494700000000000251e-01
-1.092700000000000338e-01 -2.450450000000000683e-01
-1.093600000000000266e-01 -2.387000000000000510e-01
-1.095600000000000185e-01 -2.306100000000000372e-01
-1.101100000000000273e-01 -2.207150000000000500e-01
-1.108700000000000241e-01 -2.092050000000000298e-01
-1.118450000000000277e-01 -1.963750000000000218e-01
-1.126600000000000240e-01 -1.826250000000000373e-01
-1.130700000000000316e-01 -1.688100000000000156e-01
-1.126450000000000229e-01 -1.557250000000000301e-01
-1.112550000000000205e-01 -1.439100000000000379e-01
-1.101050000000000223e-01 -1.338100000000000123e-01
-1.092800000000000160e-01 -1.250450000000000172e-01
-1.089350000000000318e-01 -1.167100000000000082e-01
-1.087850000000000206e-01 -1.088350000000000151e-01
-1.085300000000000153e-01 -1.011800000000000199e-01
-1.084200000000000164e-01 -9.396000000000001573e-02
-1.085800000000000237e-01 -8.660000000000001030e-02
-1.085350000000000203e-01 -7.845000000000001972e-02
-1.077800000000000147e-01 -6.930000000000001437e-02
-1.060200000000000170e-01 -5.834500000000000797e-02
-1.032450000000000312e-01 -4.612499999999999933e-02
-9.996000000000002106e-02 -3.356000000000000649e-02
-9.702500000000002789e-02 -2.107999999999999458e-02
-9.489000000000001600e-02 -8.829999999999990634e-03
-9.374500000000002276e-02 2.770000000000006832e-03
-9.341500000000002579e-02 1.297500000000000736e-02
-9.318000000000001282e-02 2.116500000000001019e-02
-9.180000000000002047e-02 2.753500000000001086e-02
-8.963000000000001521e-02 3.233500000000000957e-02
-8.777500000000001967e-02 3.604000000000000953e-02
-8.581500000000001627e-02 3.912000000000000893e-02
-8.388000000000001011e-02 4.187000000000000444e-02
-8.193000000000001670e-02 4.469000000000000750e-02
-8.029000000000002801e-02 4.774500000000000965e-02
-7.886500000000001842e-02 5.071500000000001007e-02
-7.773500000000001242e-02 5.352000000000001895e-02
-7.698000000000002063e-02 5.666000000000001591e-02
-7.626499999999999946e-02 6.011000000000002452e-02
-7.582000000000001239e-02 6.379500000000001836e-02
-7.547500000000001430e-02 6.756500000000001394e-02
-7.516500000000000958e-02 7.098000000000001530e-02
-7.434999999999999942e-02 7.452000000000003066e-02
-7.393000000000002347e-02 7.840000000000002522e-02
-7.384500000000002173e-02 8.255000000000002613e-02
-7.364000000000002488e-02 8.718500000000002637e-02
-7.291000000000003034e-02 9.234500000000002429e-02
-7.166000000000002923e-02 9.779000000000001580e-02
-7.028500000000001413e-02 1.029800000000000160e-01
-6.931000000000001049e-02 1.078200000000000131e-01
-6.858000000000000207e-02 1.123900000000000177e-01
-6.846500000000001196e-02 1.165800000000000169e-01
-6.828000000000000735e-02 1.208600000000000091e-01
-6.827000000000001123e-02 1.246850000000000180e-01
-6.799500000000001376e-02 1.273150000000000115e-01
-6.746000000000000607e-02 1.289750000000000341e-01
-6.667000000000000703e-02 1.301900000000000279e-01
-6.567500000000001115e-02 1.310550000000000326e-01
-6.448000000000000953e-02 1.309700000000000308e-01
-6.302000000000000657e-02 1.300600000000000089e-01
-6.143000000000001237e-02 1.289900000000000491e-01
-5.999000000000000860e-02 1.285950000000000426e-01
-5.763000000000001455e-02 1.288200000000000456e-01
-5.606000000000001260e-02 1.300550000000000317e-01
-5.445500000000001034e-02 1.335350000000000426e-01
-5.320000000000001117e-02 1.390250000000000097e-01
-5.204000000000001680e-02 1.462900000000000311e-01
-5.093000000000000999e-02 1.549000000000000377e-01
-4.912000000000001088e-02 1.643900000000000361e-01
-4.668500000000001121e-02 1.745300000000000462e-01
-4.354000000000000925e-02 1.849850000000000660e-01
-4.009500000000000564e-02 1.954650000000000554e-01
-3.670000000000001039e-02 2.057100000000000595e-01
-3.350500000000000700e-02 2.156700000000000561e-01
-3.033500000000000432e-02 2.256800000000000472e-01
-2.690000000000000377e-02 2.362250000000000738e-01
-2.315500000000000197e-02 2.477250000000000563e-01
-1.971000000000000529e-02 2.599600000000000799e-01
-1.658000000000000446e-02 2.726050000000000972e-01
-1.375000000000000354e-02 2.852950000000000763e-01
-1.135000000000000245e-02 2.983750000000000568e-01
-8.415000000000000605e-03 3.121000000000000441e-01
-5.515000000000000804e-03 3.258450000000000513e-01
-2.524999999999998600e-03 3.395250000000000767e-01
6.350000000000020992e-04 3.531800000000000495e-01
3.210000000000001047e-03 3.659650000000000958e-01
5.350000000000002323e-03 3.779350000000000764e-01
7.660000000000001009e-03 3.892250000000000432e-01
1.011500000000000246e-02 4.003600000000000492e-01
1.241500000000000416e-02 4.110200000000000520e-01
1.339000000000000259e-02 4.207700000000000884e-01
1.358500000000000679e-02 4.305450000000000665e-01
1.360000000000000445e-02 4.402200000000000557e-01
1.400500000000000356e-02 4.488950000000000440e-01
1.519000000000000211e-02 4.559650000000000647e-01
1.701500000000000234e-02 4.609400000000000719e-01
1.947499999999999926e-02 4.636300000000000976e-01
2.031000000000000166e-02 4.644300000000001205e-01
2.123000000000000234e-02 4.637250000000001093e-01
2.040000000000000147e-02 4.623600000000001042e-01
1.885000000000000564e-02 4.618450000000001165e-01
1.793000000000000496e-02 4.617450000000000720e-01
1.669500000000000497e-02 4.626950000000000784e-01
1.617000000000000381e-02 4.659000000000000918e-01
1.596500000000000349e-02 4.700900000000001189e-01
1.619500000000000453e-02 4.750650000000000706e-01
1.728000000000000716e-02 4.801750000000001295e-01
1.881000000000000380e-02 4.853050000000000974e-01
2.045500000000000790e-02 4.905550000000000743e-01
2.149500000000000716e-02 4.958150000000001167e-01
2.212500000000000577e-02 5.014650000000000496e-01
2.272500000000000214e-02 5.072050000000001280e-01
2.289500000000000562e-02 5.130300000000000971e-01
2.311000000000000554e-02 5.195050000000001056e-01
2.407500000000000612e-02 5.260500000000001286e-01
2.565000000000000613e-02 5.319950000000002177e-01
2.792500000000000884e-02 5.374150000000001981e-01
3.015500000000000472e-02 5.414650000000001961e-01
3.209000000000000741e-02 5.448050000000002058e-01
3.353000000000000425e-02 5.478500000000001702e-01
3.476500000000000423e-02 5.504500000000001059e-01
3.661500000000000865e-02 5.526850000000000929e-01
3.804000000000001130e-02 5.542800000000001059e-01
3.926500000000002211e-02 5.546450000000000546e-01
3.998500000000001359e-02 5.551900000000000723e-01
4.013500000000001788e-02 5.564500000000001112e-01
4.000000000000001471e-02 5.577600000000001446e-01
3.956000000000001182e-02 5.600100000000001188e-01
3.963500000000001050e-02 5.635200000000001319e-01
3.926500000000001517e-02 5.674500000000001210e-01
3.788500000000000895e-02 5.732250000000000956e-01
3.743500000000000993e-02 5.818450000000001676e-01
3.865000000000001074e-02 5.915800000000001058e-01
4.101500000000000978e-02 6.025150000000001338e-01
4.401500000000001245e-02 6.147850000000001369e-01
4.686500000000001775e-02 6.277800000000001157e-01
4.934500000000001385e-02 6.415400000000001102e-01
5.179000000000001658e-02 6.561650000000001093e-01
5.440500000000001585e-02 6.703550000000001452e-01
5.722500000000001891e-02 6.836000000000002075e-01
6.028000000000001413e-02 6.959000000000001851e-01
6.369000000000001049e-02 7.070850000000001856e-01
6.669500000000001816e-02 7.169050000000001255e-01
6.954000000000000459e-02 7.259650000000000825e-01
7.177500000000001934e-02 7.347600000000000797e-01
7.353000000000001202e-02 7.439950000000000729e-01
7.437000000000001942e-02 7.549050000000001592e-01
7.583000000000000851e-02 7.657150000000001455e-01
7.715500000000001524e-02 7.760000000000000231e-01
7.916000000000002201e-02 7.861750000000000682e-01
8.206000000000002181e-02 7.959400000000000919e-01
8.623000000000002885e-02 8.043650000000002187e-01
8.922000000000002151e-02 8.121800000000001241e-01
9.262000000000002176e-02 8.214350000000001373e-01
9.726000000000001311e-02 8.302000000000002711e-01
1.005550000000000194e-01 8.365700000000002579e-01
1.037650000000000239e-01 8.427000000000002267e-01
1.062250000000000139e-01 8.474200000000001731e-01
1.085000000000000270e-01 8.506450000000002065e-01
1.107150000000000217e-01 8.528850000000001153e-01
1.127950000000000341e-01 8.552900000000001057e-01
1.160450000000000231e-01 8.582750000000001211e-01
1.190950000000000203e-01 8.605700000000001681e-01
1.226300000000000168e-01 8.627400000000001734e-01
1.261150000000000049e-01 8.648650000000002169e-01
1.294800000000000395e-01 8.664150000000001572e-01
1.326700000000000101e-01 8.667500000000001315e-01
1.350900000000000434e-01 8.658300000000002106e-01
1.380700000000000260e-01 8.639600000000001723e-01
1.403500000000000303e-01 8.602850000000001884e-01
1.421750000000000236e-01 8.567400000000002791e-01
1.428500000000000325e-01 8.526800000000002155e-01
1.435650000000000259e-01 8.483400000000003160e-01
1.441900000000000404e-01 8.434100000000002151e-01
1.448050000000000170e-01 8.391950000000002463e-01
1.452900000000000302e-01 8.356450000000001932e-01
1.444300000000000028e-01 8.323200000000001708e-01
1.420350000000000223e-01 8.304050000000002818e-01
1.392800000000000149e-01 8.296850000000001168e-01
1.369000000000000217e-01 8.293800000000002282e-01
1.352600000000000469e-01 8.296050000000001479e-01
1.339600000000000235e-01 8.305300000000001015e-01
1.337600000000000178e-01 8.318950000000000511e-01
1.345000000000000084e-01 8.326950000000000740e-01
1.353450000000000208e-01 8.323250000000002036e-01
1.361550000000000260e-01 8.307550000000001322e-01
1.370050000000000434e-01 8.283750000000001945e-01
1.380000000000000115e-01 8.247750000000002579e-01
1.394200000000000439e-01 8.200850000000001749e-01
1.399150000000000116e-01 8.155000000000001137e-01
1.398800000000000043e-01 8.121750000000000913e-01
1.397650000000000281e-01 8.088300000000001599e-01
1.404750000000000165e-01 8.051450000000001106e-01
1.413200000000000012e-01 8.022950000000000914e-01
1.418050000000000144e-01 8.000750000000000917e-01
1.412150000000000072e-01 7.991100000000000980e-01
1.400700000000000278e-01 8.000700000000000589e-01
1.388650000000000162e-01 8.015900000000001357e-01
1.373050000000000104e-01 8.024150000000001004e-01
1.356400000000000383e-01 8.025550000000001294e-01
1.345700000000000229e-01 8.021850000000001479e-01
1.333450000000000468e-01 8.007600000000001383e-01
1.320150000000000212e-01 7.986350000000002058e-01
1.311200000000000143e-01 7.961550000000001681e-01
1.302449999999999997e-01 7.929450000000001220e-01
1.297700000000000242e-01 7.890600000000000946e-01
1.294950000000000268e-01 7.847150000000001624e-01
1.290850000000000053e-01 7.798550000000001869e-01
1.287100000000000466e-01 7.751450000000001950e-01
1.281850000000000211e-01 7.706500000000000572e-01
1.269200000000000328e-01 7.669000000000001371e-01
1.256900000000000239e-01 7.649200000000001554e-01
1.248000000000000220e-01 7.635150000000001658e-01
1.245000000000000273e-01 7.621250000000001634e-01
1.245550000000000268e-01 7.603850000000001996e-01
1.244900000000000312e-01 7.578750000000001874e-01
1.243450000000000250e-01 7.548050000000001702e-01
1.240650000000000225e-01 7.508350000000001412e-01
1.238600000000000256e-01 7.456300000000002370e-01
1.232850000000000057e-01 7.388300000000000978e-01
1.223000000000000198e-01 7.299700000000002298e-01
1.209550000000000070e-01 7.196050000000001612e-01
1.194500000000000145e-01 7.090600000000001346e-01
1.170650000000000163e-01 6.998150000000001869e-01
1.165850000000000081e-01 6.903000000000001357e-01
1.159500000000000253e-01 6.817400000000001237e-01
1.156950000000000200e-01 6.746000000000000885e-01
1.147900000000000309e-01 6.688450000000001339e-01
1.136450000000000238e-01 6.652450000000000863e-01
1.128100000000000214e-01 6.633850000000001135e-01
1.127300000000000246e-01 6.621650000000001146e-01
1.125550000000000161e-01 6.621950000000000891e-01
1.124250000000000249e-01 6.634850000000001025e-01
1.124550000000000272e-01 6.649050000000000793e-01
1.128450000000000286e-01 6.668750000000001066e-01
1.129300000000000304e-01 6.697250000000001258e-01
1.130650000000000266e-01 6.736650000000001803e-01
1.145700000000000190e-01 6.781500000000000306e-01
1.166450000000000264e-01 6.821550000000000669e-01
1.195750000000000146e-01 6.856800000000000672e-01
1.222650000000000264e-01 6.884250000000000647e-01
1.240500000000000214e-01 6.900200000000000777e-01
1.248800000000000326e-01 6.917150000000000798e-01
1.256950000000000289e-01 6.928400000000001224e-01
1.264350000000000196e-01 6.929600000000001314e-01
1.267700000000000216e-01 6.919300000000001560e-01
1.263950000000000351e-01 6.896350000000002201e-01
1.251950000000000285e-01 6.867900000000001226e-01
1.237500000000000266e-01 6.838450000000000362e-01
1.226900000000000213e-01 6.806850000000002066e-01
1.216500000000000220e-01 6.771100000000001007e-01
1.204300000000000231e-01 6.719450000000002365e-01
1.185350000000000292e-01 6.647400000000001086e-01
1.162950000000000234e-01 6.574600000000001554e-01
1.138500000000000345e-01 6.511100000000000776e-01
1.126100000000000295e-01 6.456300000000001482e-01
1.122350000000000292e-01 6.395900000000001029e-01
1.116950000000000304e-01 6.337250000000000938e-01
1.101650000000000268e-01 6.282200000000001117e-01
1.081100000000000255e-01 6.235900000000000887e-01
1.062000000000000305e-01 6.199200000000001376e-01
1.046250000000000235e-01 6.151200000000001111e-01
1.018650000000000250e-01 6.086550000000001681e-01
9.909500000000001640e-02 6.005700000000000482e-01
9.528000000000001746e-02 5.902150000000001562e-01
9.115500000000001379e-02 5.779100000000001458e-01
8.646000000000002295e-02 5.648850000000000815e-01
8.178000000000001934e-02 5.532099999999999795e-01
7.760000000000003006e-02 5.424200000000000133e-01
7.317000000000001281e-02 5.314950000000000507e-01
6.861500000000000932e-02 5.212200000000000166e-01
6.434500000000001330e-02 5.112000000000000988e-01
6.016000000000001208e-02 5.012050000000001226e-01
5.577000000000001401e-02 4.913800000000000945e-01
5.122500000000000664e-02 4.819150000000000933e-01
4.666500000000001203e-02 4.722000000000000641e-01
4.203500000000000986e-02 4.611000000000000654e-01
3.765000000000000985e-02 4.493300000000000627e-01
3.389000000000001039e-02 4.382250000000000867e-01
3.091500000000000498e-02 4.284300000000000885e-01
2.816500000000000947e-02 4.188750000000001084e-01
2.460000000000000381e-02 4.096100000000000851e-01
2.176500000000000656e-02 4.013600000000001056e-01
1.938500000000000639e-02 3.939000000000000834e-01
1.691500000000000295e-02 3.873450000000001059e-01
1.582000000000000420e-02 3.836100000000001176e-01
1.701500000000000234e-02 3.838050000000000628e-01
1.952500000000000416e-02 3.869750000000000689e-01
2.204000000000000403e-02 3.922050000000000813e-01
2.447500000000000370e-02 3.990750000000000686e-01
2.697000000000000786e-02 4.067050000000000942e-01
2.812500000000000763e-02 4.136800000000000477e-01
2.849000000000000837e-02 4.203250000000000597e-01
2.854000000000000981e-02 4.268100000000000782e-01
2.801500000000001211e-02 4.330150000000000943e-01
2.695000000000000867e-02 4.396350000000001090e-01
2.514000000000000956e-02 4.470350000000000712e-01
2.458000000000000462e-02 4.550700000000000855e-01
2.364000000000000823e-02 4.640100000000000335e-01
2.429000000000000603e-02 4.730500000000000815e-01
2.571000000000000715e-02 4.807650000000001089e-01
2.659000000000000599e-02 4.881150000000000766e-01
2.811500000000000804e-02 4.949200000000001376e-01
2.931500000000000772e-02 4.997650000000001258e-01
3.007500000000000798e-02 5.040200000000001346e-01
3.060000000000000914e-02 5.081400000000001471e-01
3.005500000000000532e-02 5.121500000000001052e-01
2.900500000000000647e-02 5.174550000000001093e-01
2.826500000000000540e-02 5.231000000000001204e-01
2.788500000000000700e-02 5.283900000000001373e-01
2.828500000000000458e-02 5.335300000000000598e-01
2.878000000000000697e-02 5.381250000000001865e-01
2.977500000000000285e-02 5.420750000000000846e-01
3.041000000000000300e-02 5.448450000000001348e-01
3.004000000000000420e-02 5.472050000000000525e-01
2.877500000000000197e-02 5.494750000000001577e-01
2.637000000000000455e-02 5.519050000000000900e-01
2.402000000000000662e-02 5.556300000000000683e-01
2.203500000000000597e-02 5.597900000000002319e-01
2.051500000000000545e-02 5.638300000000001644e-01
1.952500000000000763e-02 5.682150000000001366e-01
1.779500000000000179e-02 5.722300000000001274e-01
1.593000000000000665e-02 5.757500000000002061e-01
1.324500000000000156e-02 5.797550000000001313e-01
1.129000000000000316e-02 5.839650000000001784e-01
9.620000000000003548e-03 5.864550000000001706e-01
9.265000000000004135e-03 5.877600000000001712e-01
8.475000000000003364e-03 5.867650000000002031e-01
6.470000000000003526e-03 5.825550000000001560e-01
4.500000000000002262e-03 5.776250000000000551e-01
3.525000000000002524e-03 5.729250000000001286e-01
3.045000000000002999e-03 5.683900000000001729e-01
2.725000000000002594e-03 5.653150000000001230e-01
2.760000000000002469e-03 5.633850000000001357e-01
2.790000000000002114e-03 5.625800000000000800e-01
2.790000000000002547e-03 5.640200000000001879e-01
3.025000000000001646e-03 5.667050000000001253e-01
3.560000000000001531e-03 5.701550000000000784e-01
4.840000000000001419e-03 5.758400000000001295e-01
6.695000000000001297e-03 5.841600000000000126e-01
8.980000000000001870e-03 5.951900000000001079e-01
1.127000000000000224e-02 6.089650000000000896e-01
1.428500000000000256e-02 6.245900000000002006e-01
1.717500000000000276e-02 6.403950000000001586e-01
1.997000000000000164e-02 6.558300000000001351e-01
2.184500000000000330e-02 6.699350000000001693e-01
2.325500000000000136e-02 6.812300000000000022e-01
2.444500000000000145e-02 6.904500000000000082e-01
2.507000000000000201e-02 6.990750000000001130e-01
2.543000000000000121e-02 7.072850000000000525e-01
2.582500000000000420e-02 7.147750000000001602e-01
2.550500000000000683e-02 7.219150000000000844e-01
2.540500000000000397e-02 7.281100000000001460e-01
2.478500000000000147e-02 7.329200000000001269e-01
2.379500000000000365e-02 7.374050000000000882e-01
2.303500000000000686e-02 7.412950000000001483e-01
2.191000000000000586e-02 7.439400000000001567e-01
2.043000000000000718e-02 7.459850000000001202e-01
1.926000000000000628e-02 7.480400000000001492e-01
1.837000000000000438e-02 7.493700000000000916e-01
1.752000000000000779e-02 7.496600000000002151e-01
1.593500000000000472e-02 7.494450000000001388e-01
1.422500000000000500e-02 7.489700000000001356e-01
1.206500000000000281e-02 7.484500000000001707e-01
9.845000000000003054e-03 7.479850000000001220e-01
7.635000000000002895e-03 7.474700000000001898e-01
5.235000000000001805e-03 7.474650000000000460e-01
2.965000000000001489e-03 7.479850000000001220e-01
1.300000000000007747e-04 7.491950000000000554e-01
-1.765000000000000076e-03 7.523100000000001453e-01
-2.970000000000000851e-03 7.556750000000000966e-01
-2.915000000000001791e-03 7.603600000000001469e-01
-3.335000000000002459e-03 7.659350000000001435e-01
-3.610000000000002530e-03 7.728800000000000114e-01
-3.325000000000001565e-03 7.803700000000001191e-01
-2.595000000000001819e-03 7.881750000000000700e-01
-9.600000000000025180e-04 7.958550000000000901e-01
1.454999999999998829e-03 8.030000000000001581e-01
4.385000000000000009e-03 8.106450000000000600e-01
7.575000000000001003e-03 8.187100000000000488e-01
1.112000000000000141e-02 8.261650000000001492e-01
1.490500000000000158e-02 8.325500000000001233e-01
1.830500000000000183e-02 8.386800000000000921e-01
2.137000000000000358e-02 8.449400000000002464e-01
2.411000000000000643e-02 8.511550000000002170e-01
2.670000000000000498e-02 8.579600000000002780e-01
2.920000000000001067e-02 8.654150000000002674e-01
3.084000000000000977e-02 8.732250000000001400e-01
3.203500000000000791e-02 8.815800000000002523e-01
3.362500000000000905e-02 8.893800000000002814e-01
3.554500000000000715e-02 8.954200000000002158e-01
3.715500000000000747e-02 9.001650000000002150e-01
3.857000000000001400e-02 9.041150000000002240e-01
3.920000000000001261e-02 9.071400000000001684e-01
3.882000000000001422e-02 9.093550000000002465e-01
3.826500000000001428e-02 9.116050000000001097e-01
3.813500000000001611e-02 9.139450000000002294e-01
3.739500000000001156e-02 9.155000000000002025e-01
3.723000000000001308e-02 9.167000000000001814e-01
3.758500000000000729e-02 9.175300000000001788e-01
3.787500000000001282e-02 9.174450000000001770e-01
3.851500000000000756e-02 9.163500000000002199e-01
3.947500000000001008e-02 9.153500000000001080e-01
4.053000000000001046e-02 9.152350000000001318e-01
4.150500000000001410e-02 9.152400000000001645e-01
4.204000000000000792e-02 9.155250000000001442e-01
4.305500000000000993e-02 9.160150000000001347e-01
4.444000000000000727e-02 9.158350000000001767e-01
4.561500000000000277e-02 9.150950000000001028e-01
4.634000000000000619e-02 9.144100000000001671e-01
4.732500000000000595e-02 9.142950000000000799e-01
4.874000000000000554e-02 9.143450000000001854e-01
5.019500000000001044e-02 9.149000000000002686e-01
5.157000000000000473e-02 9.159350000000001657e-01
5.272000000000000991e-02 9.173900000000001498e-01
5.381500000000000866e-02 9.193550000000001443e-01
5.487000000000000904e-02 9.211600000000002009e-01
5.597500000000001086e-02 9.220600000000002128e-01
5.662500000000000866e-02 9.220100000000002183e-01
5.695500000000000562e-02 9.215450000000002806e-01
5.672000000000000652e-02 9.206100000000001504e-01
5.605500000000000760e-02 9.199350000000001693e-01
5.529500000000001081e-02 9.190400000000001901e-01
5.571500000000001451e-02 9.170400000000002994e-01
5.497000000000001885e-02 9.160600000000002074e-01
5.516500000000001958e-02 9.150100000000002121e-01
5.568000000000001420e-02 9.134550000000002390e-01
5.669000000000001815e-02 9.116200000000002079e-01
5.734500000000001402e-02 9.089950000000002195e-01
5.763500000000001955e-02 9.061500000000002331e-01
5.755500000000001587e-02 9.035450000000001536e-01
5.754500000000001281e-02 9.003650000000001929e-01
5.732000000000000983e-02 8.958500000000001462e-01
5.696000000000001062e-02 8.908350000000002655e-01
5.633000000000000507e-02 8.844800000000001550e-01
5.595500000000001861e-02 8.767900000000001803e-01
5.587000000000000993e-02 8.675350000000001671e-01
5.466000000000001413e-02 8.565650000000000208e-01
5.247000000000000969e-02 8.456350000000001366e-01
4.899500000000001076e-02 8.354250000000000842e-01
4.533500000000000724e-02 8.258800000000000585e-01
4.253500000000000336e-02 8.182950000000002166e-01
4.033000000000001167e-02 8.106600000000001582e-01
3.826000000000000928e-02 8.033650000000001068e-01
3.594500000000001166e-02 7.968100000000002403e-01
3.376500000000001028e-02 7.908250000000002222e-01
3.208000000000001128e-02 7.853650000000002018e-01
3.091500000000001191e-02 7.797950000000002380e-01
2.987000000000000766e-02 7.739650000000002361e-01
2.875500000000000972e-02 7.679100000000002035e-01
2.810500000000000498e-02 7.616100000000001202e-01
2.870500000000000829e-02 7.557050000000001821e-01
2.941500000000000711e-02 7.508400000000001739e-01
3.024000000000000993e-02 7.470000000000001084e-01
3.089500000000000926e-02 7.426450000000002216e-01
2.974500000000000755e-02 7.371950000000001557e-01
2.792500000000000537e-02 7.333950000000002412e-01
2.592000000000000554e-02 7.308800000000001962e-01
2.479000000000000647e-02 7.292350000000001886e-01
2.408000000000000418e-02 7.279350000000002208e-01
2.298500000000000543e-02 7.269200000000001216e-01
2.177000000000000463e-02 7.274500000000001521e-01
2.062500000000000444e-02 7.287750000000001727e-01
1.971500000000000682e-02 7.309750000000001524e-01
1.946000000000000507e-02 7.345900000000000762e-01
1.960000000000000631e-02 7.396200000000001662e-01
2.056000000000000535e-02 7.441900000000001292e-01
2.094000000000000722e-02 7.473950000000001426e-01
2.078500000000000486e-02 7.500200000000001310e-01
2.029000000000000595e-02 7.529300000000000992e-01
2.033500000000000585e-02 7.563800000000001633e-01
2.039000000000000187e-02 7.605300000000001504e-01
2.067000000000000087e-02 7.657700000000001728e-01
2.157500000000000390e-02 7.716400000000001036e-01
2.311500000000000360e-02 7.777300000000001434e-01
2.481000000000000566e-02 7.836500000000001798e-01
2.624000000000000637e-02 7.891350000000001419e-01
2.715000000000000746e-02 7.942900000000001626e-01
2.766000000000000403e-02 7.986400000000001276e-01
2.754500000000000698e-02 8.012950000000002015e-01
2.737000000000000544e-02 8.030150000000001453e-01
2.728500000000000369e-02 8.043150000000002242e-01
2.680500000000000591e-02 8.043500000000001204e-01
2.609000000000000902e-02 8.031200000000002781e-01
2.606500000000000483e-02 8.006200000000001094e-01
2.476000000000000770e-02 7.958150000000001612e-01
2.305000000000000798e-02 7.884750000000001480e-01
1.968500000000000458e-02 7.775400000000002310e-01
1.707000000000000184e-02 7.649350000000001426e-01
1.392000000000000182e-02 7.521300000000001873e-01
1.117000000000000284e-02 7.398600000000001842e-01
9.980000000000002758e-03 7.297600000000001863e-01
9.430000000000002616e-03 7.216150000000001175e-01
8.880000000000002475e-03 7.150550000000002182e-01
8.775000000000001549e-03 7.099300000000001720e-01
8.734999999999999709e-03 7.058500000000000885e-01
9.080000000000001265e-03 7.028450000000001641e-01
1.024500000000000063e-02 6.999050000000001104e-01
1.146500000000000297e-02 6.969600000000001350e-01
1.269500000000000489e-02 6.946900000000001407e-01
1.362500000000000516e-02 6.925450000000000772e-01
1.439000000000000522e-02 6.904500000000002302e-01
1.529500000000000304e-02 6.883300000000001084e-01
1.596000000000000543e-02 6.857750000000001345e-01
1.651500000000000537e-02 6.826150000000001938e-01
1.701000000000000428e-02 6.796750000000001402e-01
1.828500000000000264e-02 6.754300000000001969e-01
1.857500000000000123e-02 6.683600000000000652e-01
1.832000000000000295e-02 6.604000000000000981e-01
1.739000000000000268e-02 6.535550000000001081e-01
1.637500000000000067e-02 6.469950000000000978e-01
1.427000000000000143e-02 6.394900000000001139e-01
1.239000000000000171e-02 6.339250000000000718e-01
1.203500000000000229e-02 6.289900000000001601e-01
1.102000000000000202e-02 6.225350000000000605e-01
1.050000000000000239e-02 6.178150000000001141e-01
1.053500000000000270e-02 6.119800000000000795e-01
9.895000000000001017e-03 6.048050000000000370e-01
8.825000000000001246e-03 5.985550000000000592e-01
7.415000000000001451e-03 5.912850000000000605e-01
6.540000000000000674e-03 5.852600000000001135e-01
6.290000000000001319e-03 5.803600000000000980e-01
6.470000000000000057e-03 5.760300000000000420e-01
7.524999999999999571e-03 5.722800000000001219e-01
8.744999999999999302e-03 5.688800000000000523e-01
1.094499999999999987e-02 5.671200000000000685e-01
1.295500000000000124e-02 5.658400000000001207e-01
1.559000000000000316e-02 5.659950000000000259e-01
1.886000000000000523e-02 5.693550000000000555e-01
2.222000000000000364e-02 5.736250000000000515e-01
2.508500000000000660e-02 5.762400000000000855e-01
2.688000000000000805e-02 5.772750000000000936e-01
2.801000000000000711e-02 5.764850000000001362e-01
2.824000000000000468e-02 5.731400000000000938e-01
2.818500000000000172e-02 5.678550000000001097e-01
2.926000000000000129e-02 5.613550000000000484e-01
3.018500000000000349e-02 5.553350000000001341e-01
3.127000000000000612e-02 5.499300000000000299e-01
3.143000000000000654e-02 5.428700000000000747e-01
3.066500000000000475e-02 5.339350000000000485e-01
2.944000000000000436e-02 5.232900000000000329e-01
2.796500000000000374e-02 5.102650000000000796e-01
2.639000000000000373e-02 4.957500000000001350e-01
2.514500000000000762e-02 4.813800000000001411e-01
2.430000000000000215e-02 4.670400000000001217e-01
2.413000000000000561e-02 4.522350000000001091e-01
2.422000000000000541e-02 4.389900000000001024e-01
2.414000000000000520e-02 4.272800000000001042e-01
2.389000000000000498e-02 4.160450000000001092e-01
2.347500000000000281e-02 4.053800000000000736e-01
2.206500000000000475e-02 3.952350000000001140e-01
2.008500000000000216e-02 3.859900000000000553e-01
1.808500000000000385e-02 3.774800000000000377e-01
1.624500000000000249e-02 3.694950000000000734e-01
1.500000000000000118e-02 3.621900000000000674e-01
1.467500000000000054e-02 3.559600000000000541e-01
1.483500000000000270e-02 3.507450000000000845e-01
1.500500000000000098e-02 3.467050000000000964e-01
1.425500000000000378e-02 3.437200000000000810e-01
1.340500000000000025e-02 3.419550000000001200e-01
1.268000000000000030e-02 3.411150000000000571e-01
1.284000000000000072e-02 3.398750000000000382e-01
1.187000000000000208e-02 3.369750000000000245e-01
1.058500000000000239e-02 3.334450000000000469e-01
9.280000000000001789e-03 3.301550000000000873e-01
7.190000000000001945e-03 3.254550000000000498e-01
5.040000000000001076e-03 3.197750000000000314e-01
3.725000000000000012e-03 3.144650000000000500e-01
3.165000000000000278e-03 3.098400000000000598e-01
3.445000000000000145e-03 3.062600000000000322e-01
3.895000000000000025e-03 3.040750000000000952e-01
5.069999999999999854e-03 3.041500000000000314e-01
7.169999999999999291e-03 3.059250000000001135e-01
9.284999999999999851e-03 3.075350000000001138e-01
1.074500000000000108e-02 3.088500000000000689e-01
1.199500000000000219e-02 3.102600000000000913e-01
1.312500000000000125e-02 3.114800000000000901e-01
1.442000000000000400e-02 3.123550000000001048e-01
1.564000000000000459e-02 3.132350000000000967e-01
1.665500000000000314e-02 3.143800000000001038e-01
1.745000000000000370e-02 3.161300000000000776e-01
1.829000000000000070e-02 3.182650000000000756e-01
1.907500000000000515e-02 3.205900000000000416e-01
1.926000000000000281e-02 3.231000000000000538e-01
1.922500000000000597e-02 3.257850000000000468e-01
1.885000000000000564e-02 3.282550000000000745e-01
1.817500000000000365e-02 3.310250000000000692e-01
1.800000000000000211e-02 3.343200000000000616e-01
1.769500000000000239e-02 3.377700000000000702e-01
1.753000000000000391e-02 3.418050000000000810e-01
1.753500000000000197e-02 3.467450000000000809e-01
1.756500000000000075e-02 3.525050000000000683e-01
1.817500000000000018e-02 3.590650000000000786e-01
1.949500000000000191e-02 3.654350000000000653e-01
2.129500000000000143e-02 3.715050000000000852e-01
2.295500000000000318e-02 3.769600000000000728e-01
2.419000000000000317e-02 3.808700000000000419e-01
2.582000000000000267e-02 3.842950000000000532e-01
2.738000000000000156e-02 3.880950000000000788e-01
2.862000000000000655e-02 3.921450000000000768e-01
2.995500000000000593e-02 3.966100000000000736e-01
3.167000000000000370e-02 4.012750000000001038e-01
3.313000000000000667e-02 4.042500000000000537e-01
3.368000000000000160e-02 4.055350000000000898e-01
3.450500000000000095e-02 4.067500000000000560e-01
3.583000000000000074e-02 4.074900000000000744e-01
3.701000000000000123e-02 4.069200000000000594e-01
3.787000000000000088e-02 4.056150000000000588e-01
3.848000000000000032e-02 4.036700000000000843e-01
3.889000000000000790e-02 4.012100000000000666e-01
3.916000000000000036e-02 3.983900000000001329e-01
3.897500000000000964e-02 3.945550000000001001e-01
3.856500000000000206e-02 3.896950000000001246e-01
3.805000000000000743e-02 3.841500000000001025e-01
3.760000000000000842e-02 3.779550000000000964e-01
3.723500000000000421e-02 3.721750000000000336e-01
3.713500000000000134e-02 3.681400000000000783e-01
3.733000000000000207e-02 3.655600000000000516e-01
3.793000000000000538e-02 3.640850000000000475e-01
3.827000000000000540e-02 3.635300000000000198e-01
3.840000000000000357e-02 3.645100000000000562e-01
3.838000000000001133e-02 3.660550000000000193e-01
3.870000000000000523e-02 3.683700000000000863e-01
3.930000000000000160e-02 3.712050000000000072e-01
3.961500000000000438e-02 3.740850000000000009e-01
3.974500000000000255e-02 3.773549999999999960e-01
3.959000000000000019e-02 3.810000000000000608e-01
3.954500000000000376e-02 3.851700000000000124e-01
3.963500000000000356e-02 3.896650000000000391e-01
3.981000000000000510e-02 3.942350000000000576e-01
4.001500000000000196e-02 3.989750000000000796e-01
4.044000000000000372e-02 4.043100000000000582e-01
4.083500000000000324e-02 4.109250000000000957e-01
4.123999999999999888e-02 4.189200000000000701e-01
4.215500000000000497e-02 4.286900000000001265e-01
4.331000000000000127e-02 4.398050000000001125e-01
4.493500000000000272e-02 4.522650000000000836e-01
4.728000000000000952e-02 4.647200000000001330e-01
4.993500000000000716e-02 4.766850000000001364e-01
5.250000000000001193e-02 4.884950000000001236e-01
5.482000000000000761e-02 5.005450000000000177e-01
5.690500000000001113e-02 5.118600000000000927e-01
5.897500000000000658e-02 5.228250000000000952e-01
6.123500000000001164e-02 5.340600000000000902e-01
6.413000000000002032e-02 5.453350000000001252e-01
6.738500000000000045e-02 5.560750000000000970e-01
7.057000000000000772e-02 5.665150000000001018e-01
7.382500000000000173e-02 5.769350000000000867e-01
7.689500000000000501e-02 5.873600000000001042e-01
7.954500000000000459e-02 5.972450000000000259e-01
8.167000000000002036e-02 6.068000000000001171e-01
8.244500000000001827e-02 6.179450000000001886e-01
8.394000000000001460e-02 6.295350000000001778e-01
8.591000000000001413e-02 6.404800000000001603e-01
8.828500000000003012e-02 6.515050000000001118e-01
9.093500000000002970e-02 6.633700000000001262e-01
9.347000000000002529e-02 6.751500000000001389e-01
9.680500000000002991e-02 6.871300000000001296e-01
1.008500000000000230e-01 6.992150000000000309e-01
1.054600000000000121e-01 7.110550000000001036e-01
1.102950000000000041e-01 7.226200000000000401e-01
1.151250000000000051e-01 7.339250000000000496e-01
1.200650000000000189e-01 7.454000000000000625e-01
1.250200000000000200e-01 7.569100000000000827e-01
1.298250000000000237e-01 7.676950000000001273e-01
1.344150000000000067e-01 7.779200000000001669e-01
1.384400000000000075e-01 7.879900000000001903e-01
1.427800000000000180e-01 7.971000000000001418e-01
1.469300000000000050e-01 8.051200000000001689e-01
1.501700000000000257e-01 8.125600000000001710e-01
1.526300000000000157e-01 8.185500000000001108e-01
1.543550000000000200e-01 8.226850000000001106e-01
1.563750000000000417e-01 8.252050000000001884e-01
1.580200000000000493e-01 8.270550000000000956e-01
1.590900000000000369e-01 8.283850000000001490e-01
1.602650000000000463e-01 8.293450000000001099e-01
1.613000000000000544e-01 8.307100000000001705e-01
1.623050000000000326e-01 8.326100000000001833e-01
1.635350000000000414e-01 8.346300000000000940e-01
1.651700000000000113e-01 8.366150000000001086e-01
1.674200000000000410e-01 8.388000000000001011e-01
1.699500000000000177e-01 8.406600000000000739e-01
1.723050000000000415e-01 8.421250000000001235e-01
1.744200000000000195e-01 8.430350000000000898e-01
1.761050000000000393e-01 8.434050000000001823e-01
1.781500000000000306e-01 8.428850000000001064e-01
1.784450000000000480e-01 8.406150000000001121e-01
1.789600000000000357e-01 8.388250000000001538e-01
1.782850000000000545e-01 8.366550000000001486e-01
1.786950000000000205e-01 8.333100000000002172e-01
1.793650000000000522e-01 8.288200000000001122e-01
1.795550000000000201e-01 8.230400000000002159e-01
1.794300000000000339e-01 8.166250000000001563e-01
1.794000000000000317e-01 8.103000000000001313e-01
1.795550000000000201e-01 8.039650000000001517e-01
1.799550000000000316e-01 7.977450000000001484e-01
1.803150000000000308e-01 7.915850000000002051e-01
1.804000000000000326e-01 7.860550000000001702e-01
1.806200000000000305e-01 7.808650000000001423e-01
1.806550000000000378e-01 7.753000000000001002e-01
1.801150000000000251e-01 7.701550000000001450e-01
1.799050000000000371e-01 7.654650000000001731e-01
1.792950000000000377e-01 7.605750000000001121e-01
1.786950000000000482e-01 7.561600000000001653e-01
1.780650000000000288e-01 7.521300000000001873e-01
1.769650000000000389e-01 7.474850000000001771e-01
1.749800000000000244e-01 7.441350000000002129e-01
1.739850000000000563e-01 7.428850000000002396e-01
1.731050000000000366e-01 7.420000000000002149e-01
1.725400000000000267e-01 7.399950000000001804e-01
1.708250000000000324e-01 7.382100000000001438e-01
1.695050000000000168e-01 7.388000000000001233e-01
1.679250000000000465e-01 7.382350000000001966e-01
1.655650000000000177e-01 7.375500000000001499e-01
1.645950000000000468e-01 7.389400000000001523e-01
1.638900000000000357e-01 7.390400000000001413e-01
1.633650000000000380e-01 7.397850000000001369e-01
1.636800000000000477e-01 7.417150000000001242e-01
1.643100000000000394e-01 7.431500000000000883e-01
1.653600000000000347e-01 7.463550000000001017e-01
1.661700000000000399e-01 7.489500000000001156e-01
1.670350000000000168e-01 7.517500000000001403e-01
1.683950000000000169e-01 7.558350000000001456e-01
1.701000000000000290e-01 7.606850000000000556e-01
1.724300000000000277e-01 7.666500000000001647e-01
1.751400000000000179e-01 7.727350000000001717e-01
1.778250000000000108e-01 7.799700000000001632e-01
1.809550000000000325e-01 7.876100000000001433e-01
1.839750000000000274e-01 7.938050000000002049e-01
1.866550000000000153e-01 7.994350000000002288e-01
1.889350000000000473e-01 8.047250000000002457e-01
1.910700000000000176e-01 8.091000000000001524e-01
1.929300000000000459e-01 8.127400000000002400e-01
1.944400000000000295e-01 8.164750000000000618e-01
1.957450000000000301e-01 8.201650000000000329e-01
1.959200000000000386e-01 8.224750000000000671e-01
1.961900000000000310e-01 8.231500000000000483e-01
1.962850000000000428e-01 8.229350000000000831e-01
1.967600000000000460e-01 8.234800000000001008e-01
1.974450000000000371e-01 8.247100000000000541e-01
1.982550000000000145e-01 8.261000000000000565e-01
1.994500000000000439e-01 8.270400000000001084e-01
1.995250000000000357e-01 8.286300000000001997e-01
1.992450000000000332e-01 8.297500000000002096e-01
1.985000000000000375e-01 8.299300000000001676e-01
1.975500000000000311e-01 8.299000000000001931e-01
1.966800000000000492e-01 8.286750000000001615e-01
1.959800000000000431e-01 8.264800000000001035e-01
1.954650000000000554e-01 8.241350000000001730e-01
1.952000000000000401e-01 8.218000000000000860e-01
1.954550000000000454e-01 8.193000000000001393e-01
1.962850000000000428e-01 8.164500000000001201e-01
1.968450000000000477e-01 8.136050000000001337e-01
1.971350000000000602e-01 8.108750000000001235e-01
1.969450000000000367e-01 8.079400000000001025e-01
1.958150000000000446e-01 8.045800000000000729e-01
1.949450000000000349e-01 8.013450000000000850e-01
1.940950000000000453e-01 7.976000000000000867e-01
1.935700000000000476e-01 7.939950000000001173e-01
1.942100000000000493e-01 7.898600000000001176e-01
1.944000000000000450e-01 7.847500000000000586e-01
1.942300000000000415e-01 7.810100000000002041e-01
1.939900000000000513e-01 7.789700000000001623e-01
1.949400000000000577e-01 7.775400000000001199e-01
1.962600000000000455e-01 7.748700000000001697e-01
1.978350000000000386e-01 7.737450000000001271e-01
1.989200000000000412e-01 7.734400000000001274e-01
1.984950000000000325e-01 7.725200000000000955e-01
1.975850000000000384e-01 7.711700000000001332e-01
1.959050000000000513e-01 7.683550000000001212e-01
1.935400000000000453e-01 7.640800000000000924e-01
1.896650000000000280e-01 7.580250000000001709e-01
1.849300000000000388e-01 7.502700000000001035e-01
1.804700000000000193e-01 7.419350000000001222e-01
1.766750000000000265e-01 7.334000000000000519e-01
1.732850000000000223e-01 7.244050000000000766e-01
1.703200000000000269e-01 7.156550000000001521e-01
1.678000000000000047e-01 7.072400000000000908e-01
1.667850000000000166e-01 6.981550000000000811e-01
1.657100000000000239e-01 6.886100000000001664e-01
1.632950000000000235e-01 6.789800000000001390e-01
1.598900000000000321e-01 6.702200000000001490e-01
1.558950000000000335e-01 6.613050000000000317e-01
1.523050000000000237e-01 6.514000000000000901e-01
1.486100000000000199e-01 6.399850000000000261e-01
1.448750000000000315e-01 6.275650000000000395e-01
1.414900000000000047e-01 6.145750000000000934e-01
1.383200000000000263e-01 6.012049999999999894e-01
1.354650000000000021e-01 5.878300000000000747e-01
1.329050000000000231e-01 5.744850000000000234e-01
1.306550000000000211e-01 5.618650000000000588e-01
1.289200000000000346e-01 5.506700000000001038e-01
1.270000000000000295e-01 5.408200000000000784e-01
1.256050000000000222e-01 5.327550000000000896e-01
1.248600000000000265e-01 5.258200000000000651e-01
1.245100000000000234e-01 5.193450000000000566e-01
1.246150000000000313e-01 5.141850000000000032e-01
1.249050000000000160e-01 5.106150000000000411e-01
1.248050000000000270e-01 5.082499999999999796e-01
1.247300000000000353e-01 5.073300000000000587e-01
1.246500000000000247e-01 5.078150000000000164e-01
1.242050000000000237e-01 5.095199999999999729e-01
1.237850000000000339e-01 5.125900000000001011e-01
1.239750000000000296e-01 5.160350000000000215e-01
1.241300000000000181e-01 5.189700000000000424e-01
1.241750000000000215e-01 5.216750000000001108e-01
1.242900000000000116e-01 5.247450000000000170e-01
1.248150000000000093e-01 5.280150000000000121e-01
1.257350000000000134e-01 5.313650000000000873e-01
1.268100000000000338e-01 5.345699999999999896e-01
1.272100000000000175e-01 5.383750000000000480e-01
1.278000000000000247e-01 5.433600000000000652e-01
1.286150000000000349e-01 5.493600000000000705e-01
1.297950000000000215e-01 5.557800000000001628e-01
1.306500000000000439e-01 5.624700000000000255e-01
1.311600000000000266e-01 5.690500000000000558e-01
1.316900000000000293e-01 5.747150000000000869e-01
1.324800000000000422e-01 5.799000000000000821e-01
1.336250000000000215e-01 5.848200000000000065e-01
1.357050000000000201e-01 5.894150000000000222e-01
1.386000000000000287e-01 5.930200000000001026e-01
1.419550000000000256e-01 5.964000000000000412e-01
1.452850000000000252e-01 5.994500000000001494e-01
1.481300000000000117e-01 6.018200000000002436e-01
1.508650000000000269e-01 6.040650000000000741e-01
1.531600000000000183e-01 6.061800000000001631e-01
1.548500000000000432e-01 6.085500000000001464e-01
1.570700000000000429e-01 6.105550000000000699e-01
1.588450000000000417e-01 6.118750000000001688e-01
1.603900000000000325e-01 6.126500000000001389e-01
1.620400000000000451e-01 6.130700000000001149e-01
1.630100000000000438e-01 6.119200000000000195e-01
1.639500000000000401e-01 6.099300000000000832e-01
1.643950000000000133e-01 6.066650000000000098e-01
1.647800000000000376e-01 6.025000000000000355e-01
1.647450000000000303e-01 5.975500000000000256e-01
1.644450000000000078e-01 5.925450000000000994e-01
1.632650000000000212e-01 5.881250000000001199e-01
1.620600000000000374e-01 5.837300000000000821e-01
1.616050000000000542e-01 5.790450000000001429e-01
1.618100000000000371e-01 5.745500000000001162e-01
1.614950000000000552e-01 5.706900000000001416e-01
1.622000000000000663e-01 5.696300000000000807e-01
1.652100000000000513e-01 5.723800000000001109e-01
1.693200000000000538e-01 5.777700000000001168e-01
1.744300000000000572e-01 5.850850000000000772e-01
1.798050000000000481e-01 5.937700000000001310e-01
1.845600000000000573e-01 6.028250000000001663e-01
1.884200000000000319e-01 6.118800000000002015e-01
1.910650000000000404e-01 6.194500000000000561e-01
1.903600000000000292e-01 6.219050000000001521e-01
1.887600000000000389e-01 6.209350000000001257e-01
1.874300000000000410e-01 6.199450000000000793e-01
1.858600000000000252e-01 6.160050000000001358e-01
1.831850000000000422e-01 6.080750000000001432e-01
1.804650000000000420e-01 5.984250000000002068e-01
1.766800000000000315e-01 5.853100000000002190e-01
1.704000000000000514e-01 5.676400000000001445e-01
1.630100000000000438e-01 5.471550000000001690e-01
1.549400000000000222e-01 5.243150000000000865e-01
1.462700000000000111e-01 5.000150000000000983e-01
1.384300000000000253e-01 4.759050000000001335e-01
1.317650000000000210e-01 4.520300000000000984e-01
1.260900000000000076e-01 4.286200000000001120e-01
1.213450000000000084e-01 4.059350000000000458e-01
1.170050000000000257e-01 3.840650000000001008e-01
1.129300000000000165e-01 3.633000000000000673e-01
1.090750000000000192e-01 3.439500000000000890e-01
1.047150000000000164e-01 3.261600000000000610e-01
1.012650000000000217e-01 3.096400000000000263e-01
9.799000000000002153e-02 2.947550000000000447e-01
9.507500000000002061e-02 2.821500000000000674e-01
9.206000000000000294e-02 2.716550000000000908e-01
8.922500000000001263e-02 2.620500000000000607e-01
8.687500000000000777e-02 2.524750000000000605e-01
8.439000000000002055e-02 2.427300000000000568e-01
8.252000000000001001e-02 2.321500000000000508e-01
8.117000000000001991e-02 2.198200000000000431e-01
7.965000000000001246e-02 2.070450000000000623e-01
7.755000000000000782e-02 1.948950000000000404e-01
7.531500000000002082e-02 1.829500000000000293e-01
7.381000000000001449e-02 1.713900000000000423e-01
7.200000000000002232e-02 1.610000000000000320e-01
6.982000000000002093e-02 1.525250000000000494e-01
6.733000000000001484e-02 1.462850000000000539e-01
6.501500000000001722e-02 1.427350000000000563e-01
6.328500000000000791e-02 1.416950000000000431e-01
6.195500000000000312e-02 1.425500000000000100e-01
6.068000000000000477e-02 1.446800000000000308e-01
5.915000000000000813e-02 1.484750000000000236e-01
5.773000000000000353e-02 1.551200000000000356e-01
5.756500000000000505e-02 1.646800000000000486e-01
5.893500000000000821e-02 1.767600000000000282e-01
6.125500000000000389e-02 1.901350000000000262e-01
6.344500000000001527e-02 2.046000000000000596e-01
6.615500000000000547e-02 2.203250000000000208e-01
6.954000000000001847e-02 2.359400000000000386e-01
7.268500000000001349e-02 2.503300000000000525e-01
7.549000000000001542e-02 2.633650000000000713e-01
7.807000000000002826e-02 2.754550000000000609e-01
8.135000000000000564e-02 2.867200000000000859e-01
8.375000000000001887e-02 2.968350000000000710e-01
8.605500000000002037e-02 3.075250000000000483e-01
8.788000000000001366e-02 3.176800000000000734e-01
8.940000000000002112e-02 3.267550000000000177e-01
9.074500000000002009e-02 3.345700000000000340e-01
9.173000000000001986e-02 3.411250000000000671e-01
9.280000000000002136e-02 3.465700000000000447e-01
9.422000000000002595e-02 3.512650000000001049e-01
9.598000000000002363e-02 3.552700000000000857e-01
9.798500000000001653e-02 3.585450000000001136e-01
1.001750000000000140e-01 3.606950000000000989e-01
1.022800000000000098e-01 3.620300000000000740e-01
1.039200000000000124e-01 3.629800000000000804e-01
1.052300000000000180e-01 3.636150000000000770e-01
1.065500000000000197e-01 3.641850000000000920e-01
1.076200000000000073e-01 3.651750000000000274e-01
1.087050000000000238e-01 3.667400000000000659e-01
1.101850000000000190e-01 3.680950000000000610e-01
1.119600000000000178e-01 3.688950000000000840e-01
1.133300000000000279e-01 3.693050000000000499e-01
1.139650000000000107e-01 3.692950000000000399e-01
1.140150000000000191e-01 3.680950000000000610e-01
1.134550000000000142e-01 3.653450000000000308e-01
1.115800000000000125e-01 3.611600000000000921e-01
1.087250000000000161e-01 3.562150000000000594e-01
1.052600000000000202e-01 3.504100000000000548e-01
1.009400000000000158e-01 3.447950000000000736e-01
9.682000000000001716e-02 3.402900000000000369e-01
9.356000000000001815e-02 3.363550000000000706e-01
9.114500000000001767e-02 3.334500000000000242e-01
8.927000000000001600e-02 3.321600000000000108e-01
8.747000000000001996e-02 3.322600000000000553e-01
8.619500000000002160e-02 3.333000000000000407e-01
8.528500000000001358e-02 3.344750000000000778e-01
8.425500000000002432e-02 3.355850000000000777e-01
8.318500000000000894e-02 3.363050000000000761e-01
8.186500000000002109e-02 3.361400000000001054e-01
8.069000000000001172e-02 3.349500000000000810e-01
7.986000000000001431e-02 3.327600000000000557e-01
7.901500000000001578e-02 3.302900000000000835e-01
7.780500000000001304e-02 3.288200000000000567e-01
7.741500000000001158e-02 3.272650000000000281e-01
7.700500000000001788e-02 3.264950000000000907e-01
7.746500000000003383e-02 3.268700000000000494e-01
7.808000000000002438e-02 3.288200000000000567e-01
7.901500000000002966e-02 3.326900000000000412e-01
7.969500000000001583e-02 3.380850000000000244e-01
8.045500000000002649e-02 3.446750000000000647e-01
8.126000000000002665e-02 3.523200000000000776e-01
8.253000000000002001e-02 3.609250000000001068e-01
8.453000000000002179e-02 3.702700000000000990e-01
8.716000000000001524e-02 3.805050000000000932e-01
9.023000000000000465e-02 3.917550000000000754e-01
9.364000000000001489e-02 4.038250000000001005e-01
9.742000000000000659e-02 4.160100000000001019e-01
1.007350000000000190e-01 4.279900000000000926e-01
1.040750000000000147e-01 4.403100000000000902e-01
1.077850000000000197e-01 4.521000000000000574e-01
1.098650000000000182e-01 4.642000000000000570e-01
1.119300000000000156e-01 4.780850000000000932e-01
1.141300000000000231e-01 4.923250000000000681e-01
1.174150000000000194e-01 5.077400000000000801e-01
1.208800000000000152e-01 5.246250000000001190e-01
1.243450000000000111e-01 5.427450000000000330e-01
1.278950000000000364e-01 5.615200000000001301e-01
1.321450000000000125e-01 5.808550000000001212e-01
1.372500000000000386e-01 5.988800000000000789e-01
1.417000000000000204e-01 6.151950000000001584e-01
1.455550000000000177e-01 6.306300000000001349e-01
1.490100000000000313e-01 6.446050000000000946e-01
1.525700000000000389e-01 6.569050000000000722e-01
1.561400000000000288e-01 6.682400000000001672e-01
1.593050000000000299e-01 6.791600000000000970e-01
1.623200000000000198e-01 6.897700000000001053e-01
1.651750000000000440e-01 6.997300000000000741e-01
1.677700000000000302e-01 7.087450000000000694e-01
1.700650000000000495e-01 7.168350000000001110e-01
1.706150000000000444e-01 7.248750000000000471e-01
1.714450000000000418e-01 7.326250000000000817e-01
1.733850000000000391e-01 7.404250000000001108e-01
1.759700000000000153e-01 7.475950000000001205e-01
1.788550000000000417e-01 7.550100000000001810e-01
1.815400000000000347e-01 7.638850000000001472e-01
1.845800000000000218e-01 7.750350000000001405e-01
1.881500000000000394e-01 7.880950000000001010e-01
1.921100000000000307e-01 8.016150000000001885e-01
1.960500000000000298e-01 8.150400000000002088e-01
1.996800000000000241e-01 8.285950000000001925e-01
2.029000000000000248e-01 8.418800000000001837e-01
2.054700000000000415e-01 8.539750000000001506e-01
2.079250000000000265e-01 8.646700000000001607e-01
2.101900000000000435e-01 8.736750000000002014e-01
2.116650000000000476e-01 8.817400000000001903e-01
2.124650000000000427e-01 8.896650000000001501e-01
2.128500000000000392e-01 8.977900000000000880e-01
2.132500000000000506e-01 9.054050000000002374e-01
2.142700000000000438e-01 9.120450000000002166e-01
2.160100000000000631e-01 9.160950000000001037e-01
2.178400000000000336e-01 9.174100000000001698e-01
2.187750000000000528e-01 9.167150000000001686e-01
2.190950000000000397e-01 9.149050000000001903e-01
2.187050000000000383e-01 9.118900000000002004e-01
2.179400000000000226e-01 9.082850000000002311e-01
2.170950000000000379e-01 9.044600000000001527e-01
2.159650000000000458e-01 8.998800000000002353e-01
2.146000000000000407e-01 8.947350000000000581e-01
2.130650000000000321e-01 8.895150000000001667e-01
2.120400000000000340e-01 8.842450000000001697e-01
2.107150000000000412e-01 8.793100000000001470e-01
2.103100000000000247e-01 8.736450000000002269e-01
2.091300000000000381e-01 8.669200000000001349e-01
2.080950000000000299e-01 8.601150000000001850e-01
2.068650000000000211e-01 8.531750000000002387e-01
2.058350000000000457e-01 8.464300000000002377e-01
2.051050000000000373e-01 8.394750000000001933e-01
2.034300000000000552e-01 8.316800000000001969e-01
2.009750000000000425e-01 8.238600000000001478e-01
1.974900000000000544e-01 8.161550000000000749e-01
1.928750000000000464e-01 8.089600000000001234e-01
1.879750000000000310e-01 8.028300000000001546e-01
1.828900000000000525e-01 7.968000000000001748e-01
1.774150000000000171e-01 7.910300000000001219e-01
1.719200000000000172e-01 7.858750000000001013e-01
1.664650000000000296e-01 7.812500000000001110e-01
1.614949999999999997e-01 7.768700000000001715e-01
1.571150000000000047e-01 7.724500000000001920e-01
1.526850000000000152e-01 7.683700000000002195e-01
1.486100000000000199e-01 7.649350000000001426e-01
1.448550000000000115e-01 7.625650000000001594e-01
1.410050000000000192e-01 7.614150000000000640e-01
1.379900000000000571e-01 7.619700000000001472e-01
1.360050000000000425e-01 7.633200000000001095e-01
1.352200000000000346e-01 7.651900000000001478e-01
1.347800000000000109e-01 7.668050000000001809e-01
1.352950000000000264e-01 7.677150000000001473e-01
1.351600000000000301e-01 7.670650000000001079e-01
1.349350000000000271e-01 7.654300000000000548e-01
1.345000000000000362e-01 7.632150000000000878e-01
1.338450000000000195e-01 7.609200000000000408e-01
1.331050000000000288e-01 7.590700000000001335e-01
1.329550000000000176e-01 7.567600000000000993e-01
1.317050000000000165e-01 7.515400000000000968e-01
1.279350000000000209e-01 7.421100000000000474e-01
1.226800000000000251e-01 7.295700000000000518e-01
1.160000000000000198e-01 7.150550000000001072e-01
1.089450000000000141e-01 6.991350000000000620e-01
1.023500000000000243e-01 6.831400000000000805e-01
9.703500000000001013e-02 6.675350000000002115e-01
9.331000000000000405e-02 6.541500000000001203e-01
9.345500000000001029e-02 6.466250000000001164e-01
9.552500000000001268e-02 6.414950000000001484e-01
9.706500000000001238e-02 6.368950000000000999e-01
9.831500000000001349e-02 6.348150000000001292e-01
1.000100000000000156e-01 6.360850000000001225e-01
1.017450000000000160e-01 6.393600000000001504e-01
1.042200000000000210e-01 6.454550000000001120e-01
1.088050000000000128e-01 6.546600000000002417e-01
1.139100000000000251e-01 6.659200000000000674e-01
1.192450000000000176e-01 6.793050000000001587e-01
1.250800000000000245e-01 6.934200000000001474e-01
1.300400000000000167e-01 7.067300000000000804e-01
1.337250000000000383e-01 7.197500000000002229e-01
1.365300000000000402e-01 7.322600000000001330e-01
1.383850000000000358e-01 7.441850000000002074e-01
1.394750000000000156e-01 7.560300000000002019e-01
1.410800000000000387e-01 7.677100000000001145e-01
1.431300000000000350e-01 7.778400000000001979e-01
1.463400000000000256e-01 7.860250000000001958e-01
1.493650000000000255e-01 7.919250000000002121e-01
1.517200000000000493e-01 7.957550000000002122e-01
1.537450000000000205e-01 7.977000000000001867e-01
1.551600000000000201e-01 7.981000000000002537e-01
1.563000000000000500e-01 7.972700000000001452e-01
1.569150000000000267e-01 7.956100000000001504e-01
1.575300000000000311e-01 7.935750000000001414e-01
1.571700000000000319e-01 7.912600000000000744e-01
1.561100000000000265e-01 7.899750000000000938e-01
1.549300000000000122e-01 7.885800000000000587e-01
1.539750000000000285e-01 7.864750000000000352e-01
1.530050000000000299e-01 7.845350000000002044e-01
1.512499999999999956e-01 7.828100000000002279e-01
1.496850000000000125e-01 7.808050000000001933e-01
1.483249999999999846e-01 7.787150000000002681e-01
1.481300000000000117e-01 7.761250000000001759e-01
1.474750000000000227e-01 7.716150000000001619e-01
1.468300000000000161e-01 7.655500000000001748e-01
1.472500000000000198e-01 7.576850000000001639e-01
1.485650000000000026e-01 7.478550000000001585e-01
1.495450000000000390e-01 7.371850000000000902e-01
1.498800000000000132e-01 7.259400000000000297e-01
1.488150000000000306e-01 7.116500000000001158e-01
1.462450000000000139e-01 6.936200000000001253e-01
1.429700000000000137e-01 6.733150000000001079e-01
1.395650000000000224e-01 6.519150000000001333e-01
1.355850000000000111e-01 6.296350000000001668e-01
1.312200000000000311e-01 6.089400000000000368e-01
1.267900000000000138e-01 5.901050000000001017e-01
1.223350000000000271e-01 5.730500000000000593e-01
1.184950000000000309e-01 5.573500000000002341e-01
1.148950000000000249e-01 5.433700000000001307e-01
1.125200000000000367e-01 5.314600000000001545e-01
1.099000000000000254e-01 5.186150000000000482e-01
1.075500000000000345e-01 5.062400000000001343e-01
1.064600000000000268e-01 4.957800000000001095e-01
1.054050000000000264e-01 4.867750000000000687e-01
1.044900000000000273e-01 4.775600000000000955e-01
1.034150000000000208e-01 4.697050000000000947e-01
1.016100000000000197e-01 4.645900000000001140e-01
9.915500000000002090e-02 4.608800000000000674e-01
9.759000000000002395e-02 4.589600000000000901e-01
9.698000000000002452e-02 4.589000000000000856e-01
9.612000000000002486e-02 4.588950000000000529e-01
9.550000000000002931e-02 4.589250000000001384e-01
9.306000000000001771e-02 4.566150000000001041e-01
9.036000000000002363e-02 4.541350000000000664e-01
8.757000000000002282e-02 4.515000000000000679e-01
8.645500000000001795e-02 4.505200000000000871e-01
8.486000000000001875e-02 4.496300000000000852e-01
8.326500000000001955e-02 4.492800000000000682e-01
8.105000000000001092e-02 4.470950000000000757e-01
7.849000000000001809e-02 4.435450000000000781e-01
7.664000000000001367e-02 4.399550000000000960e-01
7.549000000000001542e-02 4.350800000000000778e-01
7.481500000000002037e-02 4.304750000000001076e-01
7.474500000000001976e-02 4.277900000000000591e-01
7.535500000000001919e-02 4.256450000000001066e-01
7.561500000000001553e-02 4.227100000000000302e-01
7.620000000000001772e-02 4.196350000000000913e-01
7.687500000000001277e-02 4.171150000000001246e-01
7.667500000000002092e-02 4.133150000000000990e-01
7.605000000000000648e-02 4.079450000000001131e-01
7.506000000000001560e-02 4.014500000000000846e-01
7.405500000000000971e-02 3.940350000000000796e-01
7.286500000000001309e-02 3.859100000000000863e-01
7.149000000000001187e-02 3.764400000000000523e-01
7.030000000000001525e-02 3.671550000000000646e-01
6.927000000000001212e-02 3.586800000000000543e-01
6.823500000000001786e-02 3.515050000000000674e-01
6.768000000000001792e-02 3.460800000000000542e-01
6.755000000000002669e-02 3.413700000000000623e-01
6.770000000000001017e-02 3.353050000000000752e-01
6.818000000000001837e-02 3.284650000000000625e-01
6.812000000000001387e-02 3.217250000000000387e-01
6.620500000000001384e-02 3.151000000000000467e-01
6.411500000000001920e-02 3.078150000000000608e-01
6.247000000000001857e-02 3.002800000000001024e-01
5.999500000000001360e-02 2.912900000000000489e-01
5.754000000000001475e-02 2.806850000000000733e-01
5.505500000000000671e-02 2.689500000000000224e-01
5.201500000000000568e-02 2.560650000000000426e-01
4.821000000000000979e-02 2.425200000000000689e-01
4.415000000000000868e-02 2.286050000000000582e-01
4.011000000000000676e-02 2.142550000000000565e-01
3.652000000000000385e-02 1.996800000000000519e-01
3.352000000000000118e-02 1.861350000000000504e-01
3.047500000000000556e-02 1.732050000000000534e-01
2.771500000000000352e-02 1.607400000000000495e-01
2.503000000000000710e-02 1.485300000000000231e-01
2.263000000000000428e-02 1.362350000000000227e-01
2.049000000000000127e-02 1.240000000000000130e-01
1.884000000000000258e-02 1.119000000000000272e-01
1.747000000000000289e-02 9.991000000000002657e-02
1.470500000000000279e-02 8.749000000000001220e-02
1.119500000000000356e-02 7.477500000000000813e-02
7.630000000000003099e-03 6.051000000000000822e-02
4.700000000000002787e-03 4.552000000000001184e-02
1.895000000000001284e-03 3.156000000000001166e-02
-4.099999999999992322e-04 1.854500000000000245e-02
-2.299999999999999961e-03 6.220000000000001569e-03
-3.980000000000000898e-03 -4.729999999999998962e-03
-5.505000000000001212e-03 -1.442999999999999491e-02
-7.035000000000001322e-03 -2.341499999999999831e-02
-8.625000000000000722e-03 -3.148000000000000798e-02
-1.039000000000000166e-02 -3.831500000000000183e-02
-1.190000000000000085e-02 -4.440500000000000003e-02
-1.300000000000000114e-02 -5.039000000000000423e-02
-1.344500000000000209e-02 -5.569999999999999951e-02
-1.345000000000000015e-02 -6.104000000000001092e-02
-1.352500000000000056e-02 -6.639500000000000957e-02
-1.367000000000000159e-02 -7.103500000000000092e-02
-1.375000000000000180e-02 -7.548500000000001042e-02
-1.344500000000000209e-02 -7.950000000000001510e-02
-1.311500000000000166e-02 -8.377500000000001612e-02
-1.272000000000000214e-02 -8.851500000000002422e-02
-1.243500000000000161e-02 -9.350000000000001366e-02
-1.257000000000000131e-02 -9.831000000000002237e-02
-1.296000000000000277e-02 -1.027600000000000180e-01
-1.332500000000000351e-02 -1.071300000000000169e-01
-1.350000000000000158e-02 -1.112600000000000255e-01
-1.312000000000000145e-02 -1.153000000000000136e-01
-1.256000000000000172e-02 -1.201149999999999995e-01
-1.193500000000000116e-02 -1.248050000000000131e-01
-1.084500000000000047e-02 -1.289250000000000118e-01
-9.455000000000001598e-03 -1.322600000000000164e-01
-7.539999999999999827e-03 -1.352000000000000424e-01
-6.420000000000000359e-03 -1.377200000000000091e-01
-6.409999999999999032e-03 -1.402950000000000030e-01
-7.834999999999999951e-03 -1.417450000000000099e-01
-1.049500000000000086e-02 -1.424350000000000060e-01
-1.294000000000000011e-02 -1.433400000000000230e-01
-1.497500000000000220e-02 -1.450200000000000100e-01
-1.654000000000000262e-02 -1.469600000000000350e-01
-1.769000000000000433e-02 -1.490700000000000081e-01
-1.916000000000000342e-02 -1.515000000000000235e-01
-2.067500000000000587e-02 -1.538250000000000173e-01
-2.266000000000000653e-02 -1.561100000000000265e-01
-2.495000000000000343e-02 -1.581200000000000383e-01
-2.779000000000000220e-02 -1.593700000000000117e-01
-3.028500000000000636e-02 -1.603600000000000303e-01
-3.299000000000000543e-02 -1.608250000000000235e-01
-3.502500000000000752e-02 -1.614050000000000207e-01
-3.665000000000000202e-02 -1.624250000000000416e-01
-3.790000000000001007e-02 -1.632200000000000317e-01
-3.865000000000000380e-02 -1.639850000000000474e-01
-3.865000000000000380e-02 -1.639850000000000474e-01
