-2.494150000000000533e-01 -4.153100000000000680e-01
-2.502700000000000480e-01 -4.150850000000000373e-01
-2.507350000000000412e-01 -4.125450000000000506e-01
-2.507300000000000084e-01 -4.095300000000000606e-01
-2.499300000000000410e-01 -4.061350000000000238e-01
-2.485700000000000132e-01 -4.009700000000000486e-01
-2.466350000000000209e-01 -3.948900000000000743e-01
-2.443100000000000271e-01 -3.889250000000000762e-01
-2.412850000000000272e-01 -3.815500000000000558e-01
-2.375550000000000161e-01 -3.733700000000000907e-01
-2.333950000000000469e-01 -3.650100000000000566e-01
-2.289050000000000251e-01 -3.561350000000000904e-01
-2.247450000000000281e-01 -3.471450000000000924e-01
-2.206000000000000183e-01 -3.378700000000000592e-01
-2.167700000000000182e-01 -3.285050000000000470e-01
-2.135300000000000253e-01 -3.184100000000000819e-01
-2.106150000000000522e-01 -3.079350000000000698e-01
-2.079750000000000210e-01 -2.975200000000000067e-01
-2.054600000000000315e-01 -2.870750000000000246e-01
-2.024400000000000366e-01 -2.773650000000000282e-01
-1.991500000000000492e-01 -2.680550000000000432e-01
-1.960450000000000248e-01 -2.600150000000000516e-01
-1.934900000000000508e-01 -2.539500000000000646e-01
-1.912150000000000238e-01 -2.486100000000000809e-01
-1.895900000000000363e-01 -2.440200000000000702e-01
-1.887350000000000416e-01 -2.409400000000000708e-01
-1.878600000000000270e-01 -2.383300000000000418e-01
-1.877050000000000107e-01 -2.362700000000000633e-01
-1.874950000000000228e-01 -2.331950000000000411e-01
-1.867000000000000326e-01 -2.294100000000000583e-01
-1.848100000000000021e-01 -2.245000000000000606e-01
-1.811800000000000077e-01 -2.178050000000000541e-01
-1.758200000000000318e-01 -2.093600000000000461e-01
-1.690500000000000336e-01 -1.991500000000000492e-01
-1.614550000000000152e-01 -1.874900000000000178e-01
-1.536850000000000160e-01 -1.748450000000000282e-01
-1.459449999999999914e-01 -1.609550000000000147e-01
-1.376800000000000246e-01 -1.458850000000000147e-01
-1.289950000000000263e-01 -1.306350000000000011e-01
-1.199950000000000183e-01 -1.146200000000000135e-01
-1.110850000000000171e-01 -9.774000000000000743e-02
-1.023850000000000038e-01 -8.109500000000001430e-02
-9.381000000000001837e-02 -6.380000000000000948e-02
-8.526500000000000745e-02 -4.524500000000000743e-02
-7.697500000000001563e-02 -2.734500000000000472e-02
-6.845000000000001084e-02 -1.033999999999999850e-02
-6.032500000000000362e-02 5.380000000000002836e-03
-5.267000000000000154e-02 1.864000000000000379e-02
-4.609499999999999709e-02 2.878000000000000697e-02
-4.037500000000000117e-02 3.769500000000000628e-02
-3.551999999999999602e-02 4.666500000000001203e-02
-3.146499999999999991e-02 5.529000000000000581e-02
-2.736000000000000237e-02 6.317000000000000393e-02
-2.275500000000000092e-02 7.019000000000000239e-02
-1.754499999999999810e-02 7.784000000000000641e-02
-1.244999999999999753e-02 8.571500000000001340e-02
-8.069999999999997314e-03 9.319500000000001394e-02
-4.204999999999994333e-03 1.005300000000000082e-01
-8.999999999999943375e-04 1.064200000000000146e-01
2.420000000000006347e-03 1.112050000000000122e-01
5.590000000000004687e-03 1.159500000000000114e-01
9.255000000000004542e-03 1.207700000000000162e-01
1.220500000000000404e-02 1.258850000000000247e-01
1.528000000000000538e-02 1.331900000000000028e-01
1.744500000000000564e-02 1.411350000000000104e-01
2.002000000000000654e-02 1.486700000000000244e-01
2.342000000000000678e-02 1.559650000000000203e-01
2.718000000000000971e-02 1.630450000000000510e-01
3.148000000000000798e-02 1.703000000000000347e-01
3.599500000000001310e-02 1.775700000000000334e-01
4.099500000000000366e-02 1.849100000000000188e-01
4.581000000000000349e-02 1.925250000000000294e-01
5.062500000000000333e-02 2.000150000000000539e-01
5.532500000000001306e-02 2.073100000000000498e-01
5.981000000000001593e-02 2.149200000000000554e-01
6.444500000000001616e-02 2.231050000000000533e-01
6.972500000000000919e-02 2.313400000000000456e-01
7.562500000000002554e-02 2.391750000000000542e-01
8.115000000000001379e-02 2.487400000000000444e-01
8.603500000000002812e-02 2.604700000000000348e-01
9.089000000000002633e-02 2.715350000000000819e-01
9.607000000000003037e-02 2.823849999999999971e-01
1.010350000000000414e-01 2.932550000000000434e-01
1.053600000000000370e-01 3.030350000000000543e-01
1.089800000000000213e-01 3.118000000000000216e-01
1.124500000000000360e-01 3.203650000000000664e-01
1.159750000000000225e-01 3.288150000000000794e-01
1.194000000000000339e-01 3.366750000000000576e-01
1.229650000000000187e-01 3.443150000000000377e-01
1.263050000000000284e-01 3.515450000000000519e-01
1.290250000000000008e-01 3.577400000000000579e-01
1.311250000000000193e-01 3.624250000000000527e-01
1.333500000000000241e-01 3.653550000000000408e-01
1.358750000000000235e-01 3.667900000000000604e-01
1.391650000000000109e-01 3.681550000000000655e-01
1.418699999999999961e-01 3.701950000000000518e-01
1.442100000000000048e-01 3.731500000000000927e-01
1.469900000000000095e-01 3.762700000000001044e-01
1.495700000000000363e-01 3.794950000000000823e-01
1.524450000000000249e-01 3.831900000000000861e-01
1.556450000000000333e-01 3.865250000000001185e-01
1.585350000000000370e-01 3.890450000000000852e-01
1.613150000000000417e-01 3.925100000000000811e-01
1.637100000000000222e-01 3.963000000000000966e-01
1.661600000000000299e-01 4.001050000000000439e-01
1.687300000000000466e-01 4.033750000000000391e-01
1.712500000000000133e-01 4.055450000000000998e-01
1.730400000000000271e-01 4.072600000000000664e-01
1.743250000000000355e-01 4.090050000000000630e-01
1.754150000000000431e-01 4.110450000000001047e-01
1.767000000000000515e-01 4.137750000000001149e-01
1.781000000000000361e-01 4.167800000000000393e-01
1.791950000000000487e-01 4.193450000000000788e-01
1.800050000000000261e-01 4.212700000000000333e-01
1.807200000000000473e-01 4.228400000000000492e-01
1.809950000000000170e-01 4.241250000000000853e-01
1.809100000000000430e-01 4.251350000000000406e-01
1.808050000000000490e-01 4.262200000000000988e-01
1.810950000000000337e-01 4.272900000000000587e-01
1.817500000000000226e-01 4.281650000000001288e-01
1.827400000000000135e-01 4.292150000000000687e-01
1.839550000000000352e-01 4.310600000000001097e-01
1.858250000000000179e-01 4.322300000000000586e-01
1.876350000000000240e-01 4.321250000000000924e-01
1.887150000000000216e-01 4.319250000000000589e-01
1.891800000000000148e-01 4.318000000000000727e-01
1.891300000000000203e-01 4.319350000000000689e-01
1.890050000000000341e-01 4.325800000000000756e-01
1.887200000000000266e-01 4.333950000000000857e-01
1.882050000000000389e-01 4.343450000000000921e-01
1.878450000000000397e-01 4.352400000000000713e-01
1.875650000000000373e-01 4.357000000000000872e-01
1.876000000000000445e-01 4.355850000000000555e-01
1.880400000000000404e-01 4.360150000000000414e-01
1.885750000000000481e-01 4.366650000000000809e-01
1.886800000000000421e-01 4.374000000000000665e-01
1.894350000000000200e-01 4.398700000000000943e-01
1.913650000000000351e-01 4.420200000000000795e-01
1.937750000000000306e-01 4.439500000000000668e-01
1.960700000000000220e-01 4.463300000000000600e-01
1.976350000000000329e-01 4.491500000000000492e-01
1.999650000000000594e-01 4.533500000000000862e-01
2.027650000000000285e-01 4.576900000000000412e-01
2.071250000000000313e-01 4.615050000000000541e-01
2.110400000000000331e-01 4.640900000000000580e-01
2.143800000000000427e-01 4.666700000000000292e-01
2.175350000000000339e-01 4.693550000000000777e-01
2.202000000000000624e-01 4.718050000000000854e-01
2.216650000000000564e-01 4.746900000000000563e-01
2.231100000000000305e-01 4.793700000000000738e-01
2.252250000000000363e-01 4.853950000000001319e-01
2.276500000000000468e-01 4.916250000000000897e-01
2.305550000000000654e-01 4.990850000000001119e-01
2.342900000000000538e-01 5.083900000000001196e-01
2.389950000000000685e-01 5.183900000000001285e-01
2.437350000000000627e-01 5.278350000000000541e-01
2.473450000000000648e-01 5.371900000000000563e-01
2.504950000000000232e-01 5.473400000000001597e-01
2.540900000000000936e-01 5.568550000000000999e-01
2.585150000000000503e-01 5.670200000000000795e-01
2.649350000000000316e-01 5.800400000000001111e-01
2.741050000000000431e-01 5.956850000000000200e-01
2.850350000000000383e-01 6.124200000000000754e-01
2.974600000000000577e-01 6.306150000000001477e-01
3.105850000000001110e-01 6.487350000000000616e-01
3.235300000000000953e-01 6.655000000000002025e-01
3.348450000000001148e-01 6.807350000000000900e-01
3.435450000000001003e-01 6.950950000000001294e-01
3.497000000000001219e-01 7.078200000000001157e-01
3.538400000000000434e-01 7.188800000000000745e-01
3.569850000000001078e-01 7.289650000000000851e-01
3.600450000000000594e-01 7.377050000000001662e-01
3.631550000000001166e-01 7.451000000000000956e-01
3.663500000000000645e-01 7.513400000000002299e-01
3.691500000000000892e-01 7.566550000000001885e-01
3.714700000000000779e-01 7.611750000000001570e-01
3.738100000000000867e-01 7.658400000000001873e-01
3.760750000000001037e-01 7.694400000000001238e-01
3.779750000000000609e-01 7.720400000000001706e-01
3.795250000000001123e-01 7.748400000000001953e-01
3.807350000000001011e-01 7.775550000000002182e-01
3.811700000000001198e-01 7.802450000000000774e-01
3.809050000000000491e-01 7.839150000000001395e-01
3.804950000000000276e-01 7.877650000000001596e-01
3.802450000000000552e-01 7.920700000000001628e-01
3.808650000000000646e-01 7.965150000000001951e-01
3.820250000000000590e-01 7.999200000000001864e-01
3.828250000000000819e-01 8.030050000000001909e-01
3.837450000000001138e-01 8.059600000000001208e-01
3.852000000000000979e-01 8.082000000000001405e-01
3.864000000000000767e-01 8.093000000000001304e-01
3.872200000000000641e-01 8.100450000000001261e-01
3.875500000000000611e-01 8.104350000000001275e-01
3.877900000000000791e-01 8.102150000000001295e-01
3.885850000000000692e-01 8.100400000000002043e-01
3.899000000000000798e-01 8.094550000000002576e-01
3.917400000000000881e-01 8.076200000000002266e-01
3.930250000000000687e-01 8.045800000000001839e-01
3.936950000000000727e-01 8.010900000000000798e-01
3.937550000000000772e-01 7.961450000000001026e-01
3.945800000000000418e-01 7.903900000000001480e-01
3.955700000000000882e-01 7.832750000000001656e-01
3.956200000000000827e-01 7.748000000000001553e-01
3.942650000000000876e-01 7.660200000000001452e-01
3.917300000000000781e-01 7.566100000000001158e-01
3.882000000000001005e-01 7.462450000000000472e-01
3.833400000000000696e-01 7.350200000000000067e-01
3.776250000000000995e-01 7.233750000000001013e-01
3.709000000000000630e-01 7.101150000000000517e-01
3.634450000000000180e-01 6.958000000000000851e-01
3.555250000000000354e-01 6.813800000000000967e-01
3.472350000000000714e-01 6.669850000000001611e-01
3.382400000000000406e-01 6.522800000000000820e-01
3.293450000000000544e-01 6.370300000000000962e-01
3.207400000000000251e-01 6.208450000000000912e-01
3.121099999999999985e-01 6.044300000000000228e-01
3.030800000000000161e-01 5.887550000000001393e-01
2.943550000000000333e-01 5.738500000000000822e-01
2.862150000000000527e-01 5.587400000000000144e-01
2.784650000000000736e-01 5.431500000000000217e-01
2.707400000000000362e-01 5.277250000000001107e-01
2.629150000000000098e-01 5.139050000000000562e-01
2.557249999999999801e-01 5.023800000000000487e-01
2.494000000000000383e-01 4.924800000000001399e-01
2.444500000000000284e-01 4.845150000000000845e-01
2.410700000000000343e-01 4.783550000000000857e-01
2.388450000000000295e-01 4.740400000000001279e-01
2.381950000000000456e-01 4.716100000000000847e-01
2.379050000000000331e-01 4.695100000000000939e-01
2.377550000000000496e-01 4.682700000000001306e-01
2.373000000000000387e-01 4.675700000000000967e-01
2.362850000000000228e-01 4.662650000000000960e-01
2.347700000000000342e-01 4.645350000000001423e-01
2.330800000000000649e-01 4.625150000000001205e-01
2.317050000000000498e-01 4.605500000000001259e-01
2.309350000000000569e-01 4.590850000000000763e-01
2.311550000000000549e-01 4.584300000000001152e-01
2.315750000000000308e-01 4.578900000000001302e-01
2.314450000000000396e-01 4.570500000000001228e-01
2.305950000000000499e-01 4.555850000000001288e-01
2.287650000000000239e-01 4.535350000000001325e-01
2.266250000000000486e-01 4.509200000000000985e-01
2.240650000000000419e-01 4.473000000000000864e-01
2.214250000000000385e-01 4.430750000000001076e-01
2.191000000000000447e-01 4.380400000000000960e-01
2.171900000000000497e-01 4.323800000000000976e-01
2.153650000000000286e-01 4.271550000000000624e-01
2.130450000000000399e-01 4.236600000000000366e-01
2.116400000000000226e-01 4.228650000000001019e-01
2.112650000000000361e-01 4.225300000000000722e-01
2.115500000000000158e-01 4.217100000000000848e-01
2.128350000000000519e-01 4.210900000000000754e-01
2.140700000000000380e-01 4.207650000000000556e-01
2.153200000000000391e-01 4.214850000000001096e-01
2.164000000000000368e-01 4.230150000000000854e-01
2.178350000000000286e-01 4.255100000000000549e-01
2.200650000000000384e-01 4.288550000000000972e-01
2.227850000000000386e-01 4.327800000000001091e-01
2.255100000000000438e-01 4.373350000000000848e-01
2.279500000000000415e-01 4.421050000000000813e-01
2.304300000000000237e-01 4.463550000000000573e-01
2.328300000000000369e-01 4.495800000000000907e-01
2.360700000000000298e-01 4.518250000000000322e-01
2.387350000000000305e-01 4.523400000000000754e-01
2.407200000000000450e-01 4.524200000000000443e-01
2.415450000000000097e-01 4.520950000000000801e-01
2.414500000000000535e-01 4.511900000000000910e-01
2.406000000000000361e-01 4.493250000000000854e-01
2.387100000000000333e-01 4.468100000000000405e-01
2.363700000000000245e-01 4.441050000000000830e-01
2.338900000000000423e-01 4.410050000000000914e-01
2.313750000000000528e-01 4.370350000000000623e-01
2.286750000000000171e-01 4.329350000000000698e-01
2.263100000000000389e-01 4.292700000000000404e-01
2.243850000000000566e-01 4.248400000000001064e-01
2.225450000000000483e-01 4.196250000000000813e-01
2.201500000000000679e-01 4.138350000000000639e-01
2.171400000000000552e-01 4.074150000000000826e-01
2.142900000000000360e-01 4.001450000000000840e-01
2.111200000000000299e-01 3.917450000000000654e-01
2.078650000000000497e-01 3.833000000000000851e-01
2.043950000000000489e-01 3.751600000000000490e-01
2.005900000000000460e-01 3.673500000000000654e-01
1.967600000000000460e-01 3.609800000000000786e-01
1.929650000000000531e-01 3.550950000000000495e-01
1.894800000000000373e-01 3.490900000000000669e-01
1.864650000000000474e-01 3.428200000000000691e-01
1.831400000000000250e-01 3.361350000000000726e-01
1.798500000000000099e-01 3.297750000000000403e-01
1.767050000000000010e-01 3.240100000000000757e-01
1.739200000000000190e-01 3.192150000000000820e-01
1.713350000000000151e-01 3.154350000000000209e-01
1.684700000000000086e-01 3.131850000000000467e-01
1.656200000000000172e-01 3.129850000000000132e-01
1.625700000000000200e-01 3.140150000000000441e-01
1.603700000000000125e-01 3.160350000000000104e-01
1.590950000000000419e-01 3.188349999999999795e-01
1.578750000000000153e-01 3.225150000000000516e-01
1.578700000000000381e-01 3.259700000000000930e-01
1.580650000000000110e-01 3.271000000000000574e-01
1.575300000000000311e-01 3.278550000000001186e-01
1.572400000000000464e-01 3.293900000000000716e-01
1.567100000000000160e-01 3.298300000000000676e-01
1.559500000000000330e-01 3.298150000000000803e-01
1.548350000000000282e-01 3.300950000000000273e-01
1.535550000000000248e-01 3.311550000000000882e-01
1.523400000000000309e-01 3.329900000000000637e-01
1.517150000000000443e-01 3.354450000000001042e-01
1.518150000000000333e-01 3.382300000000000861e-01
1.526350000000000207e-01 3.411000000000000698e-01
1.541450000000000320e-01 3.439850000000000962e-01
1.561250000000000138e-01 3.468550000000000799e-01
1.583850000000000535e-01 3.496200000000000419e-01
1.603900000000000325e-01 3.528000000000000580e-01
1.623700000000000143e-01 3.568050000000000388e-01
1.647000000000000131e-01 3.609850000000000558e-01
1.672750000000000070e-01 3.652850000000000819e-01
1.699800000000000200e-01 3.699350000000000693e-01
1.721250000000000280e-01 3.743550000000000488e-01
1.742600000000000260e-01 3.787200000000000566e-01
1.758800000000000363e-01 3.821900000000000297e-01
1.759700000000000431e-01 3.837350000000000483e-01
1.755600000000000493e-01 3.846000000000000529e-01
1.750350000000000517e-01 3.854950000000000321e-01
1.747850000000000237e-01 3.869200000000000417e-01
1.754850000000000021e-01 3.893800000000000594e-01
1.769600000000000339e-01 3.919400000000000661e-01
1.786600000000000410e-01 3.948850000000000415e-01
1.807250000000000245e-01 3.985700000000000909e-01
1.834550000000000347e-01 4.025900000000000589e-01
1.865350000000000619e-01 4.067450000000000787e-01
1.897500000000000298e-01 4.117550000000000932e-01
1.927850000000000397e-01 4.178800000000000847e-01
1.951400000000000357e-01 4.237350000000000838e-01
1.976000000000000534e-01 4.294650000000000967e-01
2.005550000000000388e-01 4.346000000000000973e-01
2.027600000000000513e-01 4.379600000000000715e-01
2.043250000000000344e-01 4.410700000000000731e-01
2.052150000000000363e-01 4.434550000000000436e-01
2.057950000000000612e-01 4.460200000000000831e-01
2.068750000000000311e-01 4.490100000000000757e-01
2.075900000000000523e-01 4.509100000000001440e-01
2.077200000000000157e-01 4.527900000000000813e-01
2.066850000000000354e-01 4.553650000000001308e-01
2.063000000000000389e-01 4.583600000000001007e-01
2.066100000000000436e-01 4.605050000000000532e-01
2.068250000000000366e-01 4.611000000000000654e-01
2.069350000000000356e-01 4.607100000000000639e-01
2.079050000000000620e-01 4.599300000000000610e-01
2.087000000000000521e-01 4.582550000000000789e-01
2.089300000000000324e-01 4.569350000000000911e-01
2.095450000000000368e-01 4.564600000000000879e-01
2.106300000000000394e-01 4.559350000000000902e-01
2.116250000000000631e-01 4.561550000000000882e-01
2.126450000000000284e-01 4.580150000000001165e-01
2.143850000000000477e-01 4.614650000000001251e-01
2.174000000000000377e-01 4.661650000000001071e-01
2.214200000000000335e-01 4.712950000000000750e-01
2.256200000000000427e-01 4.766700000000000936e-01
2.298450000000000493e-01 4.819400000000000350e-01
2.332500000000000406e-01 4.853500000000000592e-01
2.348500000000000587e-01 4.865950000000001108e-01
2.350550000000000417e-01 4.876200000000000534e-01
2.337950000000000306e-01 4.878300000000000969e-01
2.318650000000000433e-01 4.878050000000000441e-01
2.301350000000000340e-01 4.886250000000000870e-01
2.300900000000000445e-01 4.906400000000000761e-01
2.319800000000000195e-01 4.932250000000000800e-01
2.357550000000000479e-01 4.971850000000000991e-01
2.407800000000000495e-01 5.018550000000001621e-01
2.462750000000000217e-01 5.065450000000000230e-01
2.515150000000000441e-01 5.115300000000000402e-01
2.559250000000000136e-01 5.166350000000000664e-01
2.595750000000000557e-01 5.218650000000000233e-01
2.626750000000000473e-01 5.266650000000001608e-01
2.651700000000000168e-01 5.309250000000000913e-01
2.674950000000000383e-01 5.349400000000001931e-01
2.694050000000000056e-01 5.383750000000000480e-01
2.712300000000000266e-01 5.419850000000001611e-01
2.731050000000000422e-01 5.453650000000000997e-01
2.750450000000000395e-01 5.484200000000001296e-01
2.770700000000000385e-01 5.509050000000002001e-01
2.791750000000000620e-01 5.523950000000001914e-01
2.812450000000000228e-01 5.534850000000001158e-01
2.835800000000000542e-01 5.541650000000001297e-01
2.855250000000000288e-01 5.541250000000002007e-01
2.870750000000000246e-01 5.548000000000001819e-01
2.886950000000000349e-01 5.568450000000001454e-01
2.904600000000000515e-01 5.592750000000001886e-01
2.923950000000000715e-01 5.622050000000001768e-01
2.949250000000001037e-01 5.658550000000002189e-01
2.978100000000000747e-01 5.696800000000001862e-01
3.008300000000000418e-01 5.738500000000001933e-01
3.037650000000000627e-01 5.783500000000001418e-01
3.061850000000000405e-01 5.832500000000000462e-01
3.084150000000001057e-01 5.886400000000001631e-01
3.097550000000001136e-01 5.944350000000001577e-01
3.112050000000000649e-01 6.013550000000001949e-01
3.130550000000000832e-01 6.083900000000002084e-01
3.146350000000001090e-01 6.151600000000001511e-01
3.154950000000000809e-01 6.223450000000001481e-01
3.158900000000000041e-01 6.296500000000001540e-01
3.156600000000000517e-01 6.359450000000002046e-01
3.158550000000000524e-01 6.417450000000002319e-01
3.164100000000000801e-01 6.474450000000002703e-01
3.185750000000000526e-01 6.535650000000001736e-01
3.218700000000000450e-01 6.594350000000002154e-01
3.261950000000000682e-01 6.664850000000002161e-01
3.318850000000000411e-01 6.757800000000001583e-01
3.382750000000001034e-01 6.863750000000001794e-01
3.452100000000000168e-01 6.979550000000001031e-01
3.525850000000000928e-01 7.103500000000001480e-01
3.605150000000000299e-01 7.233900000000001995e-01
3.681450000000000555e-01 7.365550000000001818e-01
3.754600000000000715e-01 7.495350000000001733e-01
3.826100000000001167e-01 7.613200000000002188e-01
3.896500000000000519e-01 7.710050000000001624e-01
3.960850000000000759e-01 7.788000000000001588e-01
4.014900000000001246e-01 7.857450000000001378e-01
4.061650000000000538e-01 7.927650000000001640e-01
4.104450000000001153e-01 7.997800000000001575e-01
4.148550000000000848e-01 8.060850000000001625e-01
4.188650000000000984e-01 8.110400000000002052e-01
4.222200000000000952e-01 8.153850000000001375e-01
4.248950000000000782e-01 8.195650000000000990e-01
4.261150000000000770e-01 8.232150000000001411e-01
4.270200000000000662e-01 8.267400000000001414e-01
4.282750000000000723e-01 8.299100000000001476e-01
4.296750000000000846e-01 8.324900000000001743e-01
4.307400000000000673e-01 8.343750000000001998e-01
4.316000000000000947e-01 8.359350000000002057e-01
4.320550000000000779e-01 8.371850000000002900e-01
4.322600000000000886e-01 8.376200000000002532e-01
4.325200000000000711e-01 8.377600000000002822e-01
4.329950000000000743e-01 8.373500000000002608e-01
4.332250000000000267e-01 8.356150000000002187e-01
4.326750000000000318e-01 8.324100000000002053e-01
4.311250000000000360e-01 8.284800000000001052e-01
4.294750000000000512e-01 8.245050000000001544e-01
4.281700000000000506e-01 8.205750000000001654e-01
4.271850000000000924e-01 8.168500000000001871e-01
4.261000000000000343e-01 8.135100000000001774e-01
4.255700000000001149e-01 8.098500000000001808e-01
4.244750000000000467e-01 8.049650000000001526e-01
4.228050000000000974e-01 8.003350000000001296e-01
4.210000000000000964e-01 7.972050000000001635e-01
4.190200000000000591e-01 7.951100000000002055e-01
4.172450000000000880e-01 7.936900000000002287e-01
4.151200000000000445e-01 7.916800000000001614e-01
4.123850000000000571e-01 7.891450000000002074e-01
4.100350000000000383e-01 7.868450000000002387e-01
4.071900000000000519e-01 7.831650000000001111e-01
4.041800000000000948e-01 7.785550000000002191e-01
4.015800000000000480e-01 7.744350000000002066e-01
3.990850000000000786e-01 7.696100000000001273e-01
3.965100000000000291e-01 7.645550000000002067e-01
3.940200000000000369e-01 7.603500000000000814e-01
3.916600000000001192e-01 7.564150000000001706e-01
3.889700000000000379e-01 7.524800000000000377e-01
3.865250000000001185e-01 7.492550000000001154e-01
3.839650000000001118e-01 7.464600000000001234e-01
3.812750000000000306e-01 7.450650000000000883e-01
3.788350000000000883e-01 7.453000000000000735e-01
3.767750000000000821e-01 7.469050000000001521e-01
3.755500000000000504e-01 7.494100000000001316e-01
3.749150000000001093e-01 7.522550000000001180e-01
3.746600000000001041e-01 7.557650000000002422e-01
3.748550000000001048e-01 7.601050000000002527e-01
3.757350000000000967e-01 7.642200000000001214e-01
3.765250000000001096e-01 7.675400000000002221e-01
3.773650000000001170e-01 7.706900000000002082e-01
3.789400000000001101e-01 7.742550000000001376e-01
3.809600000000000763e-01 7.770450000000002078e-01
3.830900000000000971e-01 7.789150000000002461e-01
3.848200000000000509e-01 7.804050000000002374e-01
3.862350000000001060e-01 7.816950000000002508e-01
3.874050000000001104e-01 7.830350000000001476e-01
3.882100000000001105e-01 7.849600000000001021e-01
3.890650000000001052e-01 7.866350000000001952e-01
3.899900000000001143e-01 7.870700000000001584e-01
3.907950000000000590e-01 7.866400000000001169e-01
3.915100000000000802e-01 7.855600000000001470e-01
3.924050000000000593e-01 7.836900000000001087e-01
3.933700000000000530e-01 7.810350000000001458e-01
3.944600000000000883e-01 7.781650000000002176e-01
3.945600000000000773e-01 7.746750000000002245e-01
3.935550000000000992e-01 7.715650000000001674e-01
3.930350000000001343e-01 7.695300000000001583e-01
3.925950000000000828e-01 7.673100000000001586e-01
3.925200000000000911e-01 7.649750000000001826e-01
3.927250000000001018e-01 7.620000000000002327e-01
3.931700000000000750e-01 7.576500000000001567e-01
3.931250000000000577e-01 7.529850000000002375e-01
3.921100000000000696e-01 7.476850000000001550e-01
3.909500000000000752e-01 7.410350000000001103e-01
3.895500000000000629e-01 7.322800000000001530e-01
3.872600000000000486e-01 7.220300000000001717e-01
3.839700000000000335e-01 7.111850000000001781e-01
3.792350000000000998e-01 7.003050000000001774e-01
3.737300000000000622e-01 6.907250000000001444e-01
3.684650000000000425e-01 6.818600000000001327e-01
3.629100000000000659e-01 6.728950000000001319e-01
3.576100000000000390e-01 6.649250000000000993e-01
3.527250000000000663e-01 6.569900000000000739e-01
3.479100000000000525e-01 6.481250000000000622e-01
3.431400000000000561e-01 6.387700000000000600e-01
3.387750000000000483e-01 6.294750000000002288e-01
3.343600000000000461e-01 6.199850000000001193e-01
3.299750000000000183e-01 6.101950000000001539e-01
3.257700000000000595e-01 5.995400000000001839e-01
3.206450000000000689e-01 5.880050000000001109e-01
3.146700000000000608e-01 5.773100000000002119e-01
3.082750000000000767e-01 5.670750000000002178e-01
3.017500000000000737e-01 5.574700000000001321e-01
2.956400000000000139e-01 5.482100000000001971e-01
2.897650000000000503e-01 5.390950000000001019e-01
2.841000000000000192e-01 5.304350000000002119e-01
2.783450000000000646e-01 5.220050000000001633e-01
2.726750000000000562e-01 5.139250000000001872e-01
2.669700000000000406e-01 5.060900000000001508e-01
2.618000000000000327e-01 4.992400000000001281e-01
2.585550000000000903e-01 4.950400000000001466e-01
2.563650000000000095e-01 4.920450000000001212e-01
2.547550000000000647e-01 4.898400000000001642e-01
2.538100000000000356e-01 4.882500000000001283e-01
2.525500000000000522e-01 4.863000000000001766e-01
2.508850000000000247e-01 4.845650000000001345e-01
2.492900000000000393e-01 4.826900000000001190e-01
2.473900000000000543e-01 4.801150000000001250e-01
2.451350000000000473e-01 4.776150000000001228e-01
2.422700000000000409e-01 4.750000000000000888e-01
2.390250000000000430e-01 4.718700000000001227e-01
2.363550000000000373e-01 4.683800000000000741e-01
2.344000000000000528e-01 4.649900000000000699e-01
2.323600000000000665e-01 4.616900000000000448e-01
2.298550000000000593e-01 4.590550000000001019e-01
2.277700000000000558e-01 4.573450000000001125e-01
2.262300000000000422e-01 4.557100000000001150e-01
2.250850000000000350e-01 4.542750000000000954e-01
2.238450000000000439e-01 4.525300000000000988e-01
2.226150000000000628e-01 4.504600000000000826e-01
2.214050000000000462e-01 4.489900000000000557e-01
2.207700000000000495e-01 4.484100000000000863e-01
2.209100000000000508e-01 4.482800000000000673e-01
2.208900000000000308e-01 4.492700000000001137e-01
2.220800000000000274e-01 4.512750000000000927e-01
2.235550000000000315e-01 4.544950000000000934e-01
2.254800000000000415e-01 4.586600000000001232e-01
2.269050000000000233e-01 4.633750000000000924e-01
2.286100000000000354e-01 4.683550000000001323e-01
2.309650000000000314e-01 4.718900000000000872e-01
2.334800000000000209e-01 4.743750000000001021e-01
2.362300000000000511e-01 4.776350000000001428e-01
2.386300000000000365e-01 4.801300000000001122e-01
2.404800000000000271e-01 4.811650000000001204e-01
2.417450000000000432e-01 4.817950000000000843e-01
2.422100000000000364e-01 4.819150000000000933e-01
2.421050000000000424e-01 4.817700000000001426e-01
2.420300000000000229e-01 4.815600000000000991e-01
2.414100000000000412e-01 4.804300000000001347e-01
2.398500000000000631e-01 4.789450000000001206e-01
2.381450000000000511e-01 4.770950000000001578e-01
2.364700000000000690e-01 4.741900000000001114e-01
2.350400000000000822e-01 4.710650000000000670e-01
2.330350000000000477e-01 4.672900000000000942e-01
2.301150000000000695e-01 4.631500000000000616e-01
2.270550000000000623e-01 4.593850000000000433e-01
2.239250000000000407e-01 4.541400000000000992e-01
2.208200000000000440e-01 4.466850000000001097e-01
2.167650000000000410e-01 4.382700000000001039e-01
2.118400000000000283e-01 4.301300000000000678e-01
2.066650000000000431e-01 4.223200000000000842e-01
2.015900000000000469e-01 4.137900000000001022e-01
1.968650000000000400e-01 4.053350000000001119e-01
1.923650000000000360e-01 3.975700000000000900e-01
1.881250000000000422e-01 3.899650000000001171e-01
1.836750000000000327e-01 3.822500000000000897e-01
1.774200000000000499e-01 3.752450000000001062e-01
1.710400000000000253e-01 3.691000000000000947e-01
1.652550000000000407e-01 3.638950000000000795e-01
1.604850000000000443e-01 3.601100000000000412e-01
1.571800000000000141e-01 3.575600000000000445e-01
1.539200000000000013e-01 3.549750000000000405e-01
1.511250000000000093e-01 3.513050000000000339e-01
1.475800000000000167e-01 3.470150000000000734e-01
1.440400000000000291e-01 3.435700000000000420e-01
1.413500000000000312e-01 3.401000000000000689e-01
1.383350000000000413e-01 3.358550000000000146e-01
1.353400000000000436e-01 3.317450000000000676e-01
1.323450000000000459e-01 3.268500000000000294e-01
1.287400000000000211e-01 3.218450000000000477e-01
1.253900000000000570e-01 3.175100000000000700e-01
1.216500000000000220e-01 3.116350000000000509e-01
1.183400000000000285e-01 3.069900000000000406e-01
1.156150000000000233e-01 3.026850000000000929e-01
1.131850000000000217e-01 2.985550000000000148e-01
1.120400000000000285e-01 2.949250000000001037e-01
1.105650000000000244e-01 2.906100000000000350e-01
1.092500000000000276e-01 2.865100000000000424e-01
1.084800000000000209e-01 2.827950000000000741e-01
1.079150000000000109e-01 2.795600000000000307e-01
1.080300000000000149e-01 2.772900000000000365e-01
1.092050000000000243e-01 2.758900000000000796e-01
1.107500000000000151e-01 2.754450000000000509e-01
1.125550000000000161e-01 2.751250000000000639e-01
1.130250000000000143e-01 2.741950000000000776e-01
1.123600000000000154e-01 2.730450000000000932e-01
1.108050000000000146e-01 2.708150000000000834e-01
1.085050000000000181e-01 2.663850000000000939e-01
1.054300000000000237e-01 2.610250000000000625e-01
1.024600000000000233e-01 2.549150000000000582e-01
9.812000000000001276e-02 2.476100000000000523e-01
9.412500000000001421e-02 2.403500000000000358e-01
9.056000000000001549e-02 2.331800000000000539e-01
8.746500000000001496e-02 2.272500000000000353e-01
8.481500000000001538e-02 2.223200000000000176e-01
8.262500000000000400e-02 2.182200000000000528e-01
8.148000000000002463e-02 2.148200000000000387e-01
8.169000000000001260e-02 2.134050000000000391e-01
8.175000000000001710e-02 2.128350000000000519e-01
8.176500000000001822e-02 2.125000000000000222e-01
8.133500000000001839e-02 2.119200000000000528e-01
8.117500000000002491e-02 2.121350000000000458e-01
8.173000000000002485e-02 2.130800000000000471e-01
8.226500000000000479e-02 2.136100000000000498e-01
8.301500000000001933e-02 2.141500000000000625e-01
8.360500000000001264e-02 2.144600000000000395e-01
8.354000000000001702e-02 2.136000000000000398e-01
8.256000000000002226e-02 2.118150000000000310e-01
8.164500000000000923e-02 2.105300000000000504e-01
8.067500000000001059e-02 2.092900000000000316e-01
7.919000000000001038e-02 2.081650000000000444e-01
7.804000000000001214e-02 2.088550000000000406e-01
7.798500000000001264e-02 2.108500000000000374e-01
7.798000000000002152e-02 2.134400000000000186e-01
7.794500000000001427e-02 2.176900000000000501e-01
7.868500000000001882e-02 2.244100000000000539e-01
8.083500000000001795e-02 2.329050000000000287e-01
8.404500000000002247e-02 2.426900000000000446e-01
8.810000000000002551e-02 2.541400000000000325e-01
9.327500000000002456e-02 2.673550000000000093e-01
9.883500000000003394e-02 2.814200000000000590e-01
1.041750000000000176e-01 2.962900000000000533e-01
1.098200000000000287e-01 3.121400000000000841e-01
1.157400000000000095e-01 3.274800000000000488e-01
1.213750000000000107e-01 3.406350000000000766e-01
1.270050000000000345e-01 3.511700000000000377e-01
1.317850000000000132e-01 3.590950000000000530e-01
1.359500000000000153e-01 3.655200000000000671e-01
1.396600000000000341e-01 3.718250000000000721e-01
1.425550000000000428e-01 3.778250000000000774e-01
1.449150000000000438e-01 3.840650000000001008e-01
1.471550000000000358e-01 3.901850000000000596e-01
1.488100000000000256e-01 3.950450000000000905e-01
1.508000000000000174e-01 3.995950000000000335e-01
1.530250000000000221e-01 4.033600000000000518e-01
1.547450000000000214e-01 4.050150000000000694e-01
1.559600000000000430e-01 4.057900000000000951e-01
1.569600000000000439e-01 4.065700000000000425e-01
1.575850000000000306e-01 4.066300000000000470e-01
1.580300000000000038e-01 4.064050000000000162e-01
1.584400000000000253e-01 4.054750000000000298e-01
1.584900000000000198e-01 4.029550000000000631e-01
1.582300000000000373e-01 3.987900000000000889e-01
1.575200000000000211e-01 3.935350000000000792e-01
1.564600000000000435e-01 3.876600000000001156e-01
1.551850000000000174e-01 3.815950000000001285e-01
1.531050000000000466e-01 3.763300000000000534e-01
1.504400000000000182e-01 3.724350000000000716e-01
1.482500000000000484e-01 3.698000000000000176e-01
1.469850000000000323e-01 3.678450000000000886e-01
1.457650000000000334e-01 3.662050000000000582e-01
1.442650000000000321e-01 3.656050000000000688e-01
1.419350000000000334e-01 3.659400000000000985e-01
1.395600000000000174e-01 3.674800000000000844e-01
1.374350000000000294e-01 3.697900000000000631e-01
1.361250000000000238e-01 3.723400000000000598e-01
1.357500000000000373e-01 3.747250000000000303e-01
1.353650000000000408e-01 3.767550000000000621e-01
1.349450000000000371e-01 3.796050000000000813e-01
1.344400000000000317e-01 3.828800000000001091e-01
1.336800000000000210e-01 3.859350000000000280e-01
1.333400000000000141e-01 3.891600000000000614e-01
1.335550000000000348e-01 3.922550000000000203e-01
1.342450000000000032e-01 3.955400000000000582e-01
1.351850000000000274e-01 4.009450000000001069e-01
1.372200000000000086e-01 4.079600000000001003e-01
1.397250000000000436e-01 4.154800000000000715e-01
1.433700000000000252e-01 4.247200000000000975e-01
1.477000000000000535e-01 4.355650000000000910e-01
1.528200000000000391e-01 4.479250000000000731e-01
1.592800000000000327e-01 4.627000000000001112e-01
1.662100000000000521e-01 4.769300000000000761e-01
1.738600000000000423e-01 4.896750000000000824e-01
1.806250000000000355e-01 5.018550000000001621e-01
1.864900000000000446e-01 5.144400000000000084e-01
1.922700000000000520e-01 5.261600000000000721e-01
1.980250000000000343e-01 5.359200000000000630e-01
2.035550000000000415e-01 5.452650000000001107e-01
2.089550000000000574e-01 5.553150000000001141e-01
2.147550000000000570e-01 5.659650000000001624e-01
2.214950000000000530e-01 5.766750000000001597e-01
2.278400000000000425e-01 5.879450000000001619e-01
2.345150000000000567e-01 6.005550000000001720e-01
2.417750000000000732e-01 6.137800000000002143e-01
2.494750000000000578e-01 6.269550000000001511e-01
2.565900000000000403e-01 6.385350000000000747e-01
2.628700000000000481e-01 6.491100000000000758e-01
2.682600000000000540e-01 6.604150000000000853e-01
2.729250000000000842e-01 6.729000000000000536e-01
2.777400000000000979e-01 6.858650000000000579e-01
2.832350000000000700e-01 6.974000000000001309e-01
2.890800000000000036e-01 7.081650000000001555e-01
2.948700000000000765e-01 7.178450000000000664e-01
2.998750000000000582e-01 7.265400000000001857e-01
3.041950000000001042e-01 7.347550000000000470e-01
3.083750000000000657e-01 7.420450000000000657e-01
3.134000000000000674e-01 7.476450000000001150e-01
3.181100000000000594e-01 7.524300000000001543e-01
3.226900000000000324e-01 7.573950000000001515e-01
3.262350000000000527e-01 7.625500000000000611e-01
3.290300000000000447e-01 7.673100000000001586e-01
3.309350000000000902e-01 7.721550000000001468e-01
3.335050000000000514e-01 7.769450000000001078e-01
3.360000000000000764e-01 7.805950000000001499e-01
3.383350000000000524e-01 7.839400000000000812e-01
3.406300000000000994e-01 7.868250000000001076e-01
3.425400000000000666e-01 7.888950000000001239e-01
3.444000000000000394e-01 7.907150000000001677e-01
3.462050000000000405e-01 7.917200000000002014e-01
3.479600000000000470e-01 7.919650000000001411e-01
3.495950000000001001e-01 7.920800000000001173e-01
3.505900000000000682e-01 7.923350000000001225e-01
3.511550000000001059e-01 7.926300000000001678e-01
3.521450000000000413e-01 7.934500000000000997e-01
3.535200000000000564e-01 7.947350000000000803e-01
3.552600000000000757e-01 7.963800000000000878e-01
3.571000000000000840e-01 7.973900000000000432e-01
3.587900000000000533e-01 7.986650000000001803e-01
3.609400000000000941e-01 8.002500000000001279e-01
3.630200000000001204e-01 8.009800000000001363e-01
3.646900000000000697e-01 8.009700000000001818e-01
3.661700000000001065e-01 8.004900000000001459e-01
3.670650000000000857e-01 7.997100000000001430e-01
3.681450000000000555e-01 7.984650000000000913e-01
3.678750000000000631e-01 7.970000000000001528e-01
3.671750000000000291e-01 7.947650000000001658e-01
3.656750000000000833e-01 7.915900000000001269e-01
3.642300000000000537e-01 7.878050000000000885e-01
3.620150000000000867e-01 7.843900000000001427e-01
3.591600000000000348e-01 7.826700000000001989e-01
3.557350000000000789e-01 7.812050000000001493e-01
3.527450000000000863e-01 7.790000000000001368e-01
3.503050000000000885e-01 7.764250000000001428e-01
3.474150000000000293e-01 7.736300000000000399e-01
3.444750000000000867e-01 7.702400000000001468e-01
3.411400000000001098e-01 7.658500000000001418e-01
3.373100000000000542e-01 7.609400000000001718e-01
3.332600000000000562e-01 7.561250000000001581e-01
3.294150000000000134e-01 7.519200000000001438e-01
3.259150000000000658e-01 7.482850000000000890e-01
3.223950000000000427e-01 7.458950000000000857e-01
3.189750000000001195e-01 7.448750000000001759e-01
3.157100000000000461e-01 7.445000000000001616e-01
3.132650000000001267e-01 7.452950000000001518e-01
3.120550000000000823e-01 7.474050000000002081e-01
3.115150000000000974e-01 7.495950000000001223e-01
3.116100000000000536e-01 7.520950000000001801e-01
3.121550000000000713e-01 7.554150000000001697e-01
3.137150000000000771e-01 7.590400000000001590e-01
3.156450000000000644e-01 7.616000000000001657e-01
3.165900000000000936e-01 7.634850000000001913e-01
3.169550000000000423e-01 7.668450000000002209e-01
3.168400000000001215e-01 7.702800000000001868e-01
3.166900000000000270e-01 7.734150000000001857e-01
3.166100000000000581e-01 7.765600000000001391e-01
3.166350000000000553e-01 7.797100000000001252e-01
3.188650000000000651e-01 7.827700000000001879e-01
3.217800000000000660e-01 7.847250000000001169e-01
3.246700000000000141e-01 7.857700000000001905e-01
3.270650000000000501e-01 7.854350000000001053e-01
3.285700000000000287e-01 7.839450000000001140e-01
3.300050000000000483e-01 7.831400000000001693e-01
3.312350000000000572e-01 7.839550000000000685e-01
3.326300000000000368e-01 7.854450000000001708e-01
3.337600000000000566e-01 7.871800000000002129e-01
3.343300000000000161e-01 7.893450000000001854e-01
3.357200000000000739e-01 7.915650000000001851e-01
3.372150000000000425e-01 7.930000000000001492e-01
3.386400000000000521e-01 7.942850000000001298e-01
3.402750000000000496e-01 7.946450000000000458e-01
3.410600000000000298e-01 7.941750000000000753e-01
3.420000000000000817e-01 7.953300000000000924e-01
3.425950000000000384e-01 7.953850000000001197e-01
3.426500000000000656e-01 7.949750000000002093e-01
3.424200000000000577e-01 7.943200000000001371e-01
3.412000000000000588e-01 7.934650000000001979e-01
3.406150000000001121e-01 7.940650000000001318e-01
3.401300000000000434e-01 7.944400000000001461e-01
3.404300000000001214e-01 7.949000000000001620e-01
3.414150000000000240e-01 7.950300000000001255e-01
3.424050000000000704e-01 7.950000000000001510e-01
3.442400000000001015e-01 7.947400000000001130e-01
3.452550000000000896e-01 7.933250000000000579e-01
3.465100000000000957e-01 7.919850000000001611e-01
3.474800000000000666e-01 7.896500000000001851e-01
3.490750000000000797e-01 7.862600000000001810e-01
3.498800000000000798e-01 7.824700000000001099e-01
3.497000000000000663e-01 7.798150000000001469e-01
3.494800000000000684e-01 7.775250000000001327e-01
3.480850000000000888e-01 7.753250000000001529e-01
3.471000000000000751e-01 7.742450000000001831e-01
3.453050000000000841e-01 7.731450000000001932e-01
3.432050000000000378e-01 7.721650000000002123e-01
3.410750000000000171e-01 7.705400000000002247e-01
3.388300000000000201e-01 7.687350000000001682e-01
3.363700000000000578e-01 7.671050000000001479e-01
3.335350000000000259e-01 7.655750000000001165e-01
3.298100000000000476e-01 7.624150000000000649e-01
3.266800000000000814e-01 7.586600000000001121e-01
3.240550000000000375e-01 7.547200000000000575e-01
3.221350000000000602e-01 7.517900000000001803e-01
3.208950000000000413e-01 7.490750000000001574e-01
3.198300000000000587e-01 7.459450000000000802e-01
3.185800000000000853e-01 7.433250000000001245e-01
3.174300000000001010e-01 7.421400000000001329e-01
3.163650000000001183e-01 7.421200000000001129e-01
3.162000000000000366e-01 7.432150000000001810e-01
3.174500000000000099e-01 7.451000000000000956e-01
3.189650000000000540e-01 7.467950000000000976e-01
3.205149999999999944e-01 7.486450000000002269e-01
3.226450000000000706e-01 7.508550000000001612e-01
3.248200000000000531e-01 7.523750000000001270e-01
3.260300000000000420e-01 7.533450000000001534e-01
3.270650000000000501e-01 7.548950000000000937e-01
3.284850000000000270e-01 7.563250000000001361e-01
3.293450000000000544e-01 7.570400000000001572e-01
3.300600000000000200e-01 7.578550000000001674e-01
3.306950000000000722e-01 7.574350000000000804e-01
3.303350000000000453e-01 7.547450000000002213e-01
3.285800000000000387e-01 7.502450000000001618e-01
3.259350000000000303e-01 7.443250000000001254e-01
3.233500000000000263e-01 7.372450000000001502e-01
3.203799999999999981e-01 7.285750000000001947e-01
3.164200000000000346e-01 7.197800000000000864e-01
3.122300000000000075e-01 7.131150000000001654e-01
3.086600000000000454e-01 7.091050000000000963e-01
3.061850000000000405e-01 7.056750000000001632e-01
3.047400000000000109e-01 7.017650000000001942e-01
3.035400000000000320e-01 6.969850000000000767e-01
3.021550000000000624e-01 6.919000000000000705e-01
3.009750000000001036e-01 6.869650000000000478e-01
2.993900000000000450e-01 6.821650000000001324e-01
2.977500000000000702e-01 6.777950000000001474e-01
2.954700000000000659e-01 6.740050000000001873e-01
2.930750000000000299e-01 6.703750000000001652e-01
2.904850000000000487e-01 6.673300000000000898e-01
2.880050000000000665e-01 6.655850000000000932e-01
2.851150000000000628e-01 6.637900000000001022e-01
2.827850000000000641e-01 6.623800000000001909e-01
2.809850000000000403e-01 6.606050000000001088e-01
2.786399999999999988e-01 6.583300000000000818e-01
2.768050000000000233e-01 6.562200000000002476e-01
2.743200000000000083e-01 6.542400000000001548e-01
2.726150000000000517e-01 6.540000000000001368e-01
2.717950000000000088e-01 6.535650000000001736e-01
2.694100000000000383e-01 6.514050000000001228e-01
2.687300000000000244e-01 6.484200000000001074e-01
2.673100000000000476e-01 6.433800000000000630e-01
2.670200000000000351e-01 6.388650000000001272e-01
2.644900000000000584e-01 6.329950000000000854e-01
2.614900000000000557e-01 6.281150000000002009e-01
2.583250000000000268e-01 6.240400000000001501e-01
2.553750000000000187e-01 6.189650000000002095e-01
2.529950000000000809e-01 6.129800000000000804e-01
2.504700000000000815e-01 6.060650000000000759e-01
2.478900000000000547e-01 5.996750000000001801e-01
2.453650000000000553e-01 5.939300000000000690e-01
2.434400000000000452e-01 5.885700000000000376e-01
2.421500000000000319e-01 5.830400000000001137e-01
2.411650000000000182e-01 5.777300000000000768e-01
2.403250000000000663e-01 5.736400000000000388e-01
2.390250000000000430e-01 5.702850000000001529e-01
2.371600000000000374e-01 5.673600000000000865e-01
2.346700000000000452e-01 5.647550000000001180e-01
2.324900000000000300e-01 5.603150000000001185e-01
2.300850000000000395e-01 5.532100000000000906e-01
2.270900000000000141e-01 5.457550000000001011e-01
2.227950000000000208e-01 5.371900000000001674e-01
2.172850000000000059e-01 5.264700000000001046e-01
2.104750000000000232e-01 5.135850000000001803e-01
2.021200000000000219e-01 4.998450000000000948e-01
1.941400000000000070e-01 4.872650000000000592e-01
1.863900000000000279e-01 4.760550000000001170e-01
1.802400000000000113e-01 4.661050000000001026e-01
1.750650000000000261e-01 4.561550000000000882e-01
1.704950000000000077e-01 4.469500000000001250e-01
1.662500000000000089e-01 4.386300000000001309e-01
1.628200000000000203e-01 4.306850000000000955e-01
1.595250000000000279e-01 4.211700000000000998e-01
1.554200000000000303e-01 4.103100000000000636e-01
1.504000000000000337e-01 3.997150000000000980e-01
1.458000000000000129e-01 3.888550000000000617e-01
1.412700000000000067e-01 3.769950000000000800e-01
1.369250000000000189e-01 3.651350000000000984e-01
1.320550000000000057e-01 3.530950000000000477e-01
1.270999999999999908e-01 3.426200000000000911e-01
1.229100000000000054e-01 3.335000000000001297e-01
1.190250000000000058e-01 3.233100000000000973e-01
1.155600000000000099e-01 3.123750000000000693e-01
1.122250000000000192e-01 3.019450000000000189e-01
1.084450000000000136e-01 2.931100000000000372e-01
1.044800000000000173e-01 2.851950000000000318e-01
1.014750000000000096e-01 2.788250000000000450e-01
9.957500000000002460e-02 2.740350000000000286e-01
9.813000000000002276e-02 2.703750000000000320e-01
9.714000000000001800e-02 2.685700000000000864e-01
9.611000000000001486e-02 2.688800000000000634e-01
9.604500000000001925e-02 2.702700000000000657e-01
9.606500000000001149e-02 2.720200000000000395e-01
9.702000000000002289e-02 2.744800000000000573e-01
9.796000000000001928e-02 2.775950000000000362e-01
9.945000000000002449e-02 2.813350000000000573e-01
1.005400000000000182e-01 2.858000000000000540e-01
1.012850000000000139e-01 2.912000000000000699e-01
1.021600000000000147e-01 2.976300000000000612e-01
1.037550000000000139e-01 3.052650000000000641e-01
1.059800000000000186e-01 3.138100000000000334e-01
1.082850000000000201e-01 3.225850000000000661e-01
1.105650000000000244e-01 3.317800000000000749e-01
1.132800000000000196e-01 3.415850000000000830e-01
1.169650000000000273e-01 3.518900000000000916e-01
1.214350000000000290e-01 3.623350000000000737e-01
1.262800000000000311e-01 3.729250000000000620e-01
1.303850000000000287e-01 3.825650000000000439e-01
1.334650000000000281e-01 3.908250000000000335e-01
1.354700000000000348e-01 3.977400000000000380e-01
1.366350000000000064e-01 4.041050000000000475e-01
1.374050000000000271e-01 4.093100000000000627e-01
1.378800000000000303e-01 4.141300000000001091e-01
1.384950000000000347e-01 4.193750000000001088e-01
1.394500000000000184e-01 4.244100000000000650e-01
1.405700000000000283e-01 4.300050000000000816e-01
1.424350000000000338e-01 4.361350000000001059e-01
1.445300000000000196e-01 4.415900000000000380e-01
1.467550000000000243e-01 4.467200000000001170e-01
1.490950000000000331e-01 4.521850000000000591e-01
1.513450000000000351e-01 4.585000000000000742e-01
1.539850000000000385e-01 4.655850000000000821e-01
1.576000000000000179e-01 4.722200000000000841e-01
1.620450000000000224e-01 4.777750000000000608e-01
1.670450000000000268e-01 4.828000000000000624e-01
1.712300000000000211e-01 4.870650000000000812e-01
1.747150000000000369e-01 4.908850000000001268e-01
1.782000000000000250e-01 4.947900000000000631e-01
1.812700000000000422e-01 4.991350000000001064e-01
1.844650000000000456e-01 5.043550000000001088e-01
1.878100000000000325e-01 5.095950000000001312e-01
1.905150000000000454e-01 5.139500000000001290e-01
1.929400000000000559e-01 5.175850000000001838e-01
1.953000000000000291e-01 5.199900000000001743e-01
1.975350000000000161e-01 5.203700000000001102e-01
1.997100000000000541e-01 5.190400000000001679e-01
2.013000000000000345e-01 5.160500000000001197e-01
2.017000000000000459e-01 5.127050000000000773e-01
2.020250000000000379e-01 5.095850000000001767e-01
2.021200000000000219e-01 5.058850000000000291e-01
2.017950000000000577e-01 5.022150000000000780e-01
2.003550000000000608e-01 4.997350000000000403e-01
1.986800000000000233e-01 4.991350000000001064e-01
1.979000000000000203e-01 4.999900000000001565e-01
1.990100000000000202e-01 5.009100000000001884e-01
2.018500000000000294e-01 5.018950000000002021e-01
2.054800000000000515e-01 5.040100000000000691e-01
2.094450000000000478e-01 5.073700000000000987e-01
2.137750000000000483e-01 5.118450000000001054e-01
2.182200000000000251e-01 5.168700000000000516e-01
2.223750000000000449e-01 5.226650000000000462e-01
2.261950000000000349e-01 5.295300000000000562e-01
2.294000000000000483e-01 5.368200000000000749e-01
2.320750000000000590e-01 5.444250000000000478e-01
2.342550000000000465e-01 5.523300000000000987e-01
2.364000000000000545e-01 5.607500000000000817e-01
2.386050000000000393e-01 5.698750000000001315e-01
2.411250000000000338e-01 5.788900000000001267e-01
2.443400000000000571e-01 5.869900000000001228e-01
2.474000000000000365e-01 5.942650000000001542e-01
2.505200000000000760e-01 6.007300000000002083e-01
2.533400000000000096e-01 6.065600000000002101e-01
2.558800000000000519e-01 6.131950000000001566e-01
2.583950000000000413e-01 6.209500000000001130e-01
2.614950000000000330e-01 6.287500000000001421e-01
2.649650000000000061e-01 6.352600000000001579e-01
2.680750000000000632e-01 6.406800000000001383e-01
2.710450000000000359e-01 6.459450000000001024e-01
2.738250000000000406e-01 6.509850000000001469e-01
2.767450000000000743e-01 6.551000000000001267e-01
2.791900000000000492e-01 6.574750000000001426e-01
2.811150000000000593e-01 6.589150000000001395e-01
2.814450000000000562e-01 6.606200000000002071e-01
2.814350000000000462e-01 6.631900000000001683e-01
2.814250000000000362e-01 6.665900000000000158e-01
2.806600000000000206e-01 6.710450000000001136e-01
2.803650000000000864e-01 6.770300000000001317e-01
2.802900000000000391e-01 6.834600000000001785e-01
2.809050000000000713e-01 6.901450000000001195e-01
2.813750000000000417e-01 6.976700000000001234e-01
2.829250000000000376e-01 7.056250000000000577e-01
2.851600000000000801e-01 7.129900000000001237e-01
2.879300000000000193e-01 7.201000000000000734e-01
2.914650000000000851e-01 7.268400000000001526e-01
2.954300000000000814e-01 7.329800000000000759e-01
2.997850000000000792e-01 7.391200000000002213e-01
3.044500000000000539e-01 7.451950000000000518e-01
3.091150000000000286e-01 7.513450000000001516e-01
3.138350000000000861e-01 7.575750000000001094e-01
3.183800000000000519e-01 7.637750000000000927e-01
3.225450000000000816e-01 7.699800000000001088e-01
3.265750000000000597e-01 7.759900000000001796e-01
3.301700000000000745e-01 7.820850000000001412e-01
3.337300000000000266e-01 7.884700000000002262e-01
3.373550000000000715e-01 7.936900000000002287e-01
3.404450000000000531e-01 7.976150000000001850e-01
3.428500000000000991e-01 8.008450000000002511e-01
3.451950000000000851e-01 8.032700000000001506e-01
3.475050000000000638e-01 8.040000000000001590e-01
3.491500000000000714e-01 8.037900000000001155e-01
3.503500000000000503e-01 8.037850000000001938e-01
3.504000000000000448e-01 8.034000000000001140e-01
3.501200000000000978e-01 8.029000000000001691e-01
3.497900000000000453e-01 8.020550000000001845e-01
3.492550000000000932e-01 8.008250000000001201e-01
3.480650000000000688e-01 7.986750000000002458e-01
3.461700000000000887e-01 7.952900000000002745e-01
3.443250000000001032e-01 7.907050000000002132e-01
3.417400000000000437e-01 7.841200000000002612e-01
3.383500000000000396e-01 7.753950000000001674e-01
3.330550000000000455e-01 7.646450000000002412e-01
3.268300000000000649e-01 7.546350000000001668e-01
3.214900000000000535e-01 7.452650000000001773e-01
3.171350000000000557e-01 7.350300000000001832e-01
3.125950000000000673e-01 7.240800000000000569e-01
3.069950000000000179e-01 7.135700000000001486e-01
3.019050000000000900e-01 7.044450000000000989e-01
2.985700000000000021e-01 6.961350000000000593e-01
2.964000000000000523e-01 6.870950000000000113e-01
2.941700000000000426e-01 6.772700000000000387e-01
2.917950000000000821e-01 6.686800000000001631e-01
2.888900000000000912e-01 6.616100000000001424e-01
2.859250000000000957e-01 6.558950000000001168e-01
2.834500000000000908e-01 6.510600000000001941e-01
2.813950000000000617e-01 6.469800000000001106e-01
2.802150000000000474e-01 6.439600000000000879e-01
2.795000000000000817e-01 6.413450000000000539e-01
2.794700000000000517e-01 6.390050000000000452e-01
2.794300000000000672e-01 6.375950000000001339e-01
2.795850000000000835e-01 6.370250000000001744e-01
2.797650000000000414e-01 6.357750000000002011e-01
2.806200000000000916e-01 6.344450000000001477e-01
2.810850000000000293e-01 6.328850000000001419e-01
2.811950000000000838e-01 6.317850000000000410e-01
2.820400000000000684e-01 6.311600000000001653e-01
2.824250000000000371e-01 6.308950000000000946e-01
2.837700000000000777e-01 6.316450000000002341e-01
2.844350000000001044e-01 6.316250000000001030e-01
2.844200000000000617e-01 6.330000000000001181e-01
2.863150000000000972e-01 6.376750000000001029e-01
2.876350000000000851e-01 6.439600000000000879e-01
2.906700000000000950e-01 6.528900000000001924e-01
2.927450000000000330e-01 6.620500000000001384e-01
2.967100000000000848e-01 6.733850000000001224e-01
3.011550000000000615e-01 6.838700000000000889e-01
3.065300000000000802e-01 6.923700000000001520e-01
3.120150000000000423e-01 6.992950000000001110e-01
3.164900000000000491e-01 7.052050000000000818e-01
3.201600000000001112e-01 7.110600000000001364e-01
3.226850000000001106e-01 7.156750000000000611e-01
3.245800000000000907e-01 7.196500000000001229e-01
3.259250000000001313e-01 7.240650000000001807e-01
3.269550000000001067e-01 7.289500000000002089e-01
3.279100000000000348e-01 7.338700000000002444e-01
3.291950000000000709e-01 7.377700000000002589e-01
3.306300000000000350e-01 7.408600000000001851e-01
3.324600000000000888e-01 7.438200000000001477e-01
3.347400000000000375e-01 7.460900000000001420e-01
3.372650000000000370e-01 7.481100000000001637e-01
3.393700000000000605e-01 7.502700000000001035e-01
3.415450000000000985e-01 7.510500000000002174e-01
3.433000000000000496e-01 7.512500000000001954e-01
3.455600000000000893e-01 7.522450000000001635e-01
3.480350000000000943e-01 7.531800000000001827e-01
3.495250000000000856e-01 7.535500000000001641e-01
3.506500000000000727e-01 7.537250000000002004e-01
3.518450000000000744e-01 7.530700000000001282e-01
3.525300000000000655e-01 7.520150000000001000e-01
3.530150000000000787e-01 7.515250000000001096e-01
3.528850000000000597e-01 7.509300000000000974e-01
3.526800000000001045e-01 7.513050000000001116e-01
3.522300000000000431e-01 7.518500000000001293e-01
3.515600000000000946e-01 7.532450000000001644e-01
3.509650000000000825e-01 7.559100000000000819e-01
3.506550000000000500e-01 7.588250000000000828e-01
3.507800000000000362e-01 7.610750000000001680e-01
3.510200000000001097e-01 7.618550000000001710e-01
3.497650000000000481e-01 7.617650000000002475e-01
3.480550000000001143e-01 7.624100000000002542e-01
3.470850000000000324e-01 7.616650000000001475e-01
3.462450000000000250e-01 7.578700000000002657e-01
3.449000000000000399e-01 7.538650000000002294e-01
3.425450000000000439e-01 7.499450000000001948e-01
3.393900000000000805e-01 7.452750000000001318e-01
3.360600000000000809e-01 7.399600000000001732e-01
3.326900000000000968e-01 7.343350000000001820e-01
3.288500000000000867e-01 7.276950000000002028e-01
3.246650000000000924e-01 7.211650000000000560e-01
3.209850000000000758e-01 7.156150000000001121e-01
3.169100000000000805e-01 7.090350000000000819e-01
3.126250000000000973e-01 7.016250000000001652e-01
3.083900000000000530e-01 6.943750000000001865e-01
3.040000000000000480e-01 6.866550000000001264e-01
2.994300000000000295e-01 6.781350000000001543e-01
2.961250000000000271e-01 6.686950000000000394e-01
2.925400000000000222e-01 6.577850000000000641e-01
2.878900000000000903e-01 6.466850000000000653e-01
2.827300000000000368e-01 6.359350000000001391e-01
2.772600000000000620e-01 6.242850000000000898e-01
2.715800000000000436e-01 6.108400000000000496e-01
2.659250000000000225e-01 5.963600000000001122e-01
2.603650000000000686e-01 5.819450000000001566e-01
2.546900000000000275e-01 5.678100000000001479e-01
2.486250000000000404e-01 5.539200000000000790e-01
2.416650000000000187e-01 5.402050000000000463e-01
2.342650000000000565e-01 5.265500000000000735e-01
2.266150000000000664e-01 5.131950000000000678e-01
2.196050000000000502e-01 5.013250000000001316e-01
2.140250000000000485e-01 4.909000000000001140e-01
2.097050000000000303e-01 4.812900000000001066e-01
2.069600000000000328e-01 4.729450000000001153e-01
2.051400000000000445e-01 4.652100000000001234e-01
2.033000000000000362e-01 4.575200000000000933e-01
2.012600000000000500e-01 4.500900000000001011e-01
1.992800000000000404e-01 4.437200000000001143e-01
1.971400000000000374e-01 4.374850000000001238e-01
1.945400000000000462e-01 4.314700000000000202e-01
1.919000000000000150e-01 4.263100000000000778e-01
1.894350000000000200e-01 4.215450000000000585e-01
1.868950000000000333e-01 4.166200000000000458e-01
1.844350000000000156e-01 4.111050000000000537e-01
1.816950000000000509e-01 4.048400000000000332e-01
1.788750000000000340e-01 3.983200000000000074e-01
1.756150000000000211e-01 3.912450000000000094e-01
1.718400000000000483e-01 3.840050000000000407e-01
1.677850000000000175e-01 3.768650000000000611e-01
1.637150000000000272e-01 3.697750000000000759e-01
1.604050000000000475e-01 3.628150000000001096e-01
1.574000000000000399e-01 3.556850000000000844e-01
1.544800000000000340e-01 3.492800000000000349e-01
1.513100000000000556e-01 3.437250000000000583e-01
1.483200000000000074e-01 3.386600000000000721e-01
1.457900000000000307e-01 3.338650000000000784e-01
1.435350000000000237e-01 3.292750000000000954e-01
1.416250000000000564e-01 3.253100000000000991e-01
1.398600000000000398e-01 3.222700000000000564e-01
1.385350000000000192e-01 3.200500000000000567e-01
1.380700000000000260e-01 3.175400000000000444e-01
1.371500000000000219e-01 3.139600000000000168e-01
1.353150000000000186e-01 3.102150000000000185e-01
1.330700000000000216e-01 3.073300000000000476e-01
1.312100000000000211e-01 3.044350000000000667e-01
1.297950000000000215e-01 3.005750000000000366e-01
1.280350000000000099e-01 2.959300000000000819e-01
1.260500000000000231e-01 2.915550000000000641e-01
1.229250000000000342e-01 2.862250000000000627e-01
1.191150000000000264e-01 2.793100000000000582e-01
1.147200000000000164e-01 2.712950000000000639e-01
1.099900000000000322e-01 2.632100000000000550e-01
1.053950000000000164e-01 2.553950000000000387e-01
1.009600000000000219e-01 2.471400000000000541e-01
9.652000000000000857e-02 2.387650000000000328e-01
9.259000000000001951e-02 2.304150000000000642e-01
8.933000000000002050e-02 2.220200000000000506e-01
8.670000000000001317e-02 2.133000000000000451e-01
8.451500000000000679e-02 2.036350000000000660e-01
8.258000000000001450e-02 1.922600000000000420e-01
7.978000000000001757e-02 1.793700000000000294e-01
7.563000000000001666e-02 1.659350000000000269e-01
7.102000000000001367e-02 1.529900000000000149e-01
6.621000000000001884e-02 1.407800000000000162e-01
6.122000000000001052e-02 1.292400000000000215e-01
5.622500000000000414e-02 1.176950000000000218e-01
5.149500000000000605e-02 1.062850000000000183e-01
4.616000000000000658e-02 9.580000000000001015e-02
4.069000000000000394e-02 8.802500000000001990e-02
3.542000000000000703e-02 8.154000000000000137e-02
3.127500000000000419e-02 7.554500000000000104e-02
2.756000000000000463e-02 6.960500000000000020e-02
2.385500000000000120e-02 6.428500000000000880e-02
2.052000000000000351e-02 6.021500000000000463e-02
1.903500000000000331e-02 5.849500000000000532e-02
1.761000000000000412e-02 5.593000000000000055e-02
1.565000000000000072e-02 5.211500000000000160e-02
1.336000000000000035e-02 4.874000000000000554e-02
1.223499999999999935e-02 4.548499999999999766e-02
1.133000000000000153e-02 4.080500000000000099e-02
1.101500000000000222e-02 3.552500000000000102e-02
8.785000000000004611e-03 2.987000000000000419e-02
6.775000000000002374e-03 2.592500000000000360e-02
4.765000000000001006e-03 2.147500000000000103e-02
2.800000000000001273e-03 1.703500000000000500e-02
7.299999999999988790e-04 1.251500000000000529e-02
-1.635000000000001036e-03 8.545000000000003981e-03
-4.160000000000001370e-03 3.340000000000005725e-03
-5.015000000000000360e-03 -1.004999999999997649e-03
-6.980000000000000961e-03 -4.984999999999998113e-03
-8.725000000000001851e-03 -8.125000000000000278e-03
-1.148500000000000215e-02 -1.180500000000000299e-02
-1.355000000000000301e-02 -1.641500000000000251e-02
-1.521500000000000109e-02 -2.017000000000000043e-02
-1.585999999999999910e-02 -2.250500000000000070e-02
-1.768999999999999739e-02 -2.594499999999999931e-02
-1.970500000000000029e-02 -2.954500000000000876e-02
-2.199999999999999872e-02 -3.218000000000000721e-02
-2.466499999999999942e-02 -3.368500000000000660e-02
-2.804500000000000048e-02 -3.485000000000000597e-02
-3.084500000000000089e-02 -3.602500000000000840e-02
-3.305000000000000299e-02 -3.863000000000001155e-02
-3.422500000000000542e-02 -4.254500000000001336e-02
-3.597500000000000003e-02 -4.747500000000001025e-02
-3.712500000000000522e-02 -5.203500000000001180e-02
-3.817000000000000254e-02 -5.673000000000000265e-02
-3.944000000000000283e-02 -6.165000000000001035e-02
-4.017000000000001125e-02 -6.677500000000001490e-02
-3.980500000000000704e-02 -7.094000000000001693e-02
-3.827000000000001234e-02 -7.316000000000001668e-02
-3.745000000000001106e-02 -7.449500000000000566e-02
-3.661000000000001059e-02 -7.445500000000000729e-02
-3.549000000000000765e-02 -7.334000000000000241e-02
-3.362500000000000905e-02 -7.166000000000000147e-02
-3.162000000000000921e-02 -7.065000000000000446e-02
-3.036500000000000657e-02 -7.035000000000000975e-02
-2.966500000000000734e-02 -6.976500000000002144e-02
-2.852000000000001062e-02 -6.847500000000000808e-02
-2.663500000000000589e-02 -6.714000000000000523e-02
-2.432500000000000634e-02 -6.506500000000001172e-02
-2.190000000000000280e-02 -6.217000000000000304e-02
-1.964500000000000274e-02 -5.869000000000000605e-02
-1.788000000000000353e-02 -5.482500000000001261e-02
-1.624000000000000443e-02 -5.058500000000001190e-02
-1.497500000000000393e-02 -4.631500000000000894e-02
-1.362500000000000343e-02 -4.257500000000000867e-02
-1.214500000000000302e-02 -3.965000000000000469e-02
-1.062000000000000444e-02 -3.723500000000000421e-02
-9.305000000000002505e-03 -3.576000000000000706e-02
-8.340000000000003660e-03 -3.514500000000000957e-02
-7.985000000000002512e-03 -3.517000000000000681e-02
-8.265000000000001512e-03 -3.592500000000001248e-02
-8.925000000000000641e-03 -3.696000000000000674e-02
-9.894999999999999282e-03 -3.770500000000000934e-02
-1.111999999999999968e-02 -3.811000000000001192e-02
-1.209000000000000005e-02 -3.850000000000000644e-02
-1.271500000000000234e-02 -3.942500000000000865e-02
-1.327500000000000555e-02 -4.095000000000000723e-02
-1.358000000000000179e-02 -4.290000000000000757e-02
-1.413500000000000520e-02 -4.565500000000000808e-02
-1.434500000000000358e-02 -4.882500000000001422e-02
-1.475500000000000422e-02 -5.272500000000000797e-02
-1.553500000000000193e-02 -5.737500000000001626e-02
-1.708000000000000143e-02 -6.311000000000001331e-02
-1.947000000000000119e-02 -7.033500000000000862e-02
-2.229500000000000232e-02 -7.848000000000002196e-02
-2.555999999999999939e-02 -8.721000000000000973e-02
-2.918500000000000261e-02 -9.581500000000001127e-02
-3.343000000000000832e-02 -1.034650000000000153e-01
-3.726000000000000839e-02 -1.090850000000000153e-01
-4.029500000000001136e-02 -1.136900000000000133e-01
-4.227500000000000702e-02 -1.182750000000000190e-01
-4.339500000000000302e-02 -1.228100000000000164e-01
-4.413000000000000256e-02 -1.269850000000000145e-01
-4.479500000000000842e-02 -1.312800000000000078e-01
-4.598000000000000698e-02 -1.353600000000000358e-01
-4.807000000000000162e-02 -1.392000000000000459e-01
-5.081000000000000794e-02 -1.424500000000000210e-01
-5.401000000000000245e-02 -1.457300000000000262e-01
-5.762500000000000955e-02 -1.496149999999999980e-01
-6.142000000000000237e-02 -1.535750000000000171e-01
-6.520000000000000795e-02 -1.571300000000000197e-01
-6.870000000000001106e-02 -1.606000000000000205e-01
-7.205000000000000293e-02 -1.637050000000000449e-01
-7.467000000000001414e-02 -1.669350000000000278e-01
-7.754000000000001169e-02 -1.704150000000000387e-01
-8.092500000000002469e-02 -1.723650000000000460e-01
-8.393000000000000460e-02 -1.733700000000000241e-01
-8.707000000000002238e-02 -1.748100000000000209e-01
-9.006000000000001504e-02 -1.762900000000000300e-01
-9.276000000000000911e-02 -1.783600000000000463e-01
-9.519500000000001572e-02 -1.801350000000000451e-01
-9.812000000000001276e-02 -1.816400000000000237e-01
-1.007650000000000212e-01 -1.834550000000000347e-01
-1.030050000000000132e-01 -1.855250000000000232e-01
-1.049850000000000227e-01 -1.882400000000000184e-01
-1.066700000000000148e-01 -1.912000000000000366e-01
-1.084650000000000059e-01 -1.946950000000000347e-01
-1.112100000000000172e-01 -1.994100000000000317e-01
-1.146550000000000208e-01 -2.038150000000000239e-01
-1.172250000000000236e-01 -2.076300000000000368e-01
-1.191050000000000164e-01 -2.120700000000000363e-01
-1.210400000000000226e-01 -2.157950000000000146e-01
-1.223850000000000215e-01 -2.167950000000000155e-01
-1.223850000000000215e-01 -2.167950000000000155e-01
