-1.880600000000000327e-01 -3.954000000000000847e-01
-1.871550000000000158e-01 -3.946050000000000946e-01
-1.858550000000000202e-01 -3.936050000000000937e-01
-1.844050000000000411e-01 -3.920200000000000351e-01
-1.838850000000000207e-01 -3.911400000000000432e-01
-1.836050000000000182e-01 -3.910650000000001070e-01
-1.839150000000000229e-01 -3.920500000000000651e-01
-1.842650000000000399e-01 -3.941550000000000886e-01
-1.843000000000000194e-01 -3.961800000000000876e-01
-1.844900000000000428e-01 -3.994150000000000755e-01
-1.844650000000000456e-01 -4.024600000000000399e-01
-1.847500000000000253e-01 -4.051450000000000884e-01
-1.850950000000000373e-01 -4.080550000000000566e-01
-1.866250000000000409e-01 -4.112000000000000655e-01
-1.880600000000000327e-01 -4.140650000000000719e-01
-1.887600000000000389e-01 -4.180900000000000727e-01
-1.878250000000000197e-01 -4.222450000000000925e-01
-1.859950000000000214e-01 -4.233400000000001051e-01
-1.860200000000000187e-01 -4.206450000000000466e-01
-1.845500000000000473e-01 -4.179750000000000965e-01
-1.818900000000000239e-01 -4.153050000000000352e-01
-1.792750000000000454e-01 -4.119550000000000711e-01
-1.765150000000000330e-01 -4.081400000000000583e-01
-1.735200000000000353e-01 -4.025750000000000717e-01
-1.697950000000000292e-01 -3.953400000000000802e-01
-1.657750000000000334e-01 -3.866200000000000747e-01
-1.620300000000000074e-01 -3.767600000000000948e-01
-1.587150000000000505e-01 -3.665450000000001207e-01
-1.553850000000000509e-01 -3.551150000000000695e-01
-1.515050000000000563e-01 -3.422450000000000769e-01
-1.471800000000000330e-01 -3.290550000000000419e-01
-1.430400000000000560e-01 -3.149400000000000532e-01
-1.390500000000000347e-01 -2.990350000000000508e-01
-1.350200000000000289e-01 -2.826550000000000451e-01
-1.289900000000000213e-01 -2.648350000000000426e-01
-1.206750000000000184e-01 -2.427450000000000441e-01
-1.125550000000000161e-01 -2.193000000000000227e-01
-1.035350000000000159e-01 -1.964050000000000240e-01
-9.437000000000000943e-02 -1.740400000000000280e-01
-8.551000000000001655e-02 -1.524900000000000144e-01
-7.783500000000001529e-02 -1.319300000000000195e-01
-7.135000000000001064e-02 -1.126450000000000229e-01
-6.607000000000001760e-02 -9.475500000000000589e-02
-6.183500000000001495e-02 -7.864500000000002045e-02
-5.787000000000001171e-02 -6.360000000000000375e-02
-5.418500000000001093e-02 -4.926500000000001711e-02
-5.081500000000001294e-02 -3.554500000000000715e-02
-4.772000000000001241e-02 -2.298000000000000737e-02
-4.376500000000001223e-02 -1.134000000000000632e-02
-3.957000000000000794e-02 -1.940000000000001619e-03
-3.571000000000000563e-02 6.584999999999997106e-03
-3.425000000000000266e-02 1.507999999999999965e-02
-3.370000000000000773e-02 2.446000000000000257e-02
-3.323500000000000759e-02 3.207000000000000128e-02
-3.178500000000000769e-02 3.877500000000000391e-02
-3.056500000000000883e-02 4.600500000000000422e-02
-2.953000000000001110e-02 5.311500000000000943e-02
-2.863000000000000961e-02 5.905500000000001026e-02
-2.752500000000000779e-02 6.367000000000000437e-02
-2.663500000000000589e-02 6.775000000000000466e-02
-2.545500000000000540e-02 7.111000000000000654e-02
-2.393500000000000488e-02 7.412500000000002420e-02
-2.239000000000000712e-02 7.799500000000002264e-02
-2.104500000000000121e-02 8.322500000000002118e-02
-1.962500000000000355e-02 8.864500000000002933e-02
-1.797999999999999945e-02 9.440000000000001168e-02
-1.575999999999999970e-02 1.006450000000000122e-01
-1.243999999999999793e-02 1.078200000000000269e-01
-8.839999999999997166e-03 1.158300000000000302e-01
-5.399999999999997684e-03 1.248950000000000338e-01
-1.014999999999997675e-03 1.355350000000000443e-01
4.140000000000001318e-03 1.460050000000000237e-01
9.170000000000006271e-03 1.561150000000000315e-01
1.385500000000000620e-02 1.665200000000000291e-01
1.807500000000000773e-02 1.770200000000000384e-01
2.206000000000000669e-02 1.880750000000000477e-01
2.600500000000000728e-02 1.990950000000000497e-01
2.966500000000000734e-02 2.093400000000000538e-01
3.303000000000001074e-02 2.193050000000000277e-01
3.685000000000000775e-02 2.291050000000000586e-01
4.169500000000000983e-02 2.379050000000000331e-01
4.743500000000001188e-02 2.459100000000000452e-01
5.325500000000001066e-02 2.532300000000000662e-01
5.860500000000001125e-02 2.602650000000000796e-01
6.194000000000001588e-02 2.661600000000000632e-01
6.577000000000000901e-02 2.724500000000000810e-01
6.928000000000000824e-02 2.790550000000000530e-01
7.254000000000000725e-02 2.870200000000000529e-01
7.404000000000000858e-02 2.960200000000000609e-01
7.541500000000000981e-02 3.058000000000000718e-01
7.769500000000001405e-02 3.158850000000000824e-01
8.112000000000001154e-02 3.257100000000000550e-01
8.529000000000001858e-02 3.348550000000000137e-01
9.018500000000001515e-02 3.423450000000000104e-01
9.530500000000001470e-02 3.488150000000000417e-01
1.003700000000000148e-01 3.560200000000000586e-01
1.050150000000000250e-01 3.632850000000000801e-01
1.091450000000000198e-01 3.699650000000000993e-01
1.127100000000000324e-01 3.765900000000000913e-01
1.162300000000000277e-01 3.824300000000001032e-01
1.195850000000000246e-01 3.872700000000001141e-01
1.230900000000000327e-01 3.924250000000000793e-01
1.268150000000000388e-01 3.983850000000001002e-01
1.303150000000000142e-01 4.038000000000000478e-01
1.334000000000000463e-01 4.095600000000000906e-01
1.367350000000000232e-01 4.145000000000000906e-01
1.395750000000000324e-01 4.173100000000001253e-01
1.419500000000000206e-01 4.200500000000001455e-01
1.438800000000000356e-01 4.230650000000000799e-01
1.454250000000000265e-01 4.257450000000000401e-01
1.467250000000000498e-01 4.282900000000000595e-01
1.482200000000000462e-01 4.315000000000000502e-01
1.497750000000000470e-01 4.353650000000000575e-01
1.518050000000000233e-01 4.400350000000000650e-01
1.540500000000000203e-01 4.445050000000000390e-01
1.565600000000000325e-01 4.486400000000000943e-01
1.594600000000000461e-01 4.530550000000000965e-01
1.638250000000000539e-01 4.582150000000000944e-01
1.679600000000000259e-01 4.615600000000000813e-01
1.714150000000000396e-01 4.640900000000001135e-01
1.734900000000000331e-01 4.667000000000001148e-01
1.741400000000000448e-01 4.693550000000001332e-01
1.741650000000000420e-01 4.713000000000001077e-01
1.739600000000000590e-01 4.726200000000000956e-01
1.733900000000000441e-01 4.740100000000000979e-01
1.729150000000000409e-01 4.757000000000001227e-01
1.723600000000000410e-01 4.765100000000001002e-01
1.712800000000000433e-01 4.768250000000001654e-01
1.703950000000000187e-01 4.781900000000001150e-01
1.703050000000000397e-01 4.797550000000001535e-01
1.698900000000000410e-01 4.804400000000000892e-01
1.686400000000000399e-01 4.811950000000000949e-01
1.675350000000000450e-01 4.824750000000000982e-01
1.662800000000000389e-01 4.837550000000001016e-01
1.648550000000000293e-01 4.862150000000001193e-01
1.638750000000000484e-01 4.898550000000001514e-01
1.631400000000000350e-01 4.937300000000001132e-01
1.635650000000000159e-01 4.984750000000001124e-01
1.644900000000000251e-01 5.029300000000000992e-01
1.650300000000000100e-01 5.073950000000000404e-01
1.658100000000000129e-01 5.126300000000001411e-01
1.676550000000000262e-01 5.187100000000001154e-01
1.709450000000000136e-01 5.263000000000002121e-01
1.753700000000000259e-01 5.356750000000001233e-01
1.804050000000000376e-01 5.456350000000000922e-01
1.857100000000000417e-01 5.556050000000001265e-01
1.908700000000000396e-01 5.658600000000001407e-01
1.946300000000000530e-01 5.767850000000001032e-01
1.990450000000000275e-01 5.887450000000000738e-01
2.040850000000000442e-01 6.001100000000001433e-01
2.101600000000000412e-01 6.106950000000000989e-01
2.159050000000000413e-01 6.205800000000001315e-01
2.206750000000000378e-01 6.310000000000001164e-01
2.234500000000000375e-01 6.406000000000000583e-01
2.254100000000000270e-01 6.494700000000001028e-01
2.263500000000000234e-01 6.567250000000002252e-01
2.272400000000000253e-01 6.627450000000001396e-01
2.281050000000000300e-01 6.681100000000002037e-01
2.290900000000000158e-01 6.743400000000001615e-01
2.309250000000000469e-01 6.813800000000002077e-01
2.330750000000000322e-01 6.876900000000001345e-01
2.355150000000000299e-01 6.932150000000001366e-01
2.375150000000000317e-01 6.990150000000001640e-01
2.392450000000000410e-01 7.049850000000001948e-01
2.409600000000000630e-01 7.123400000000001953e-01
2.436800000000000632e-01 7.195150000000001267e-01
2.461700000000000554e-01 7.254950000000002230e-01
2.477900000000000658e-01 7.325050000000000727e-01
2.494300000000000683e-01 7.399350000000001204e-01
2.512750000000000261e-01 7.456100000000001060e-01
2.533850000000000824e-01 7.504800000000000360e-01
2.553450000000000442e-01 7.561000000000001053e-01
2.574050000000000504e-01 7.614950000000001440e-01
2.607100000000000528e-01 7.669450000000002099e-01
2.648150000000000781e-01 7.721600000000001796e-01
2.688100000000000489e-01 7.766150000000002773e-01
2.718500000000000916e-01 7.795150000000001800e-01
2.739900000000000668e-01 7.817550000000001997e-01
2.760500000000000731e-01 7.833850000000002201e-01
2.776050000000001017e-01 7.845350000000002044e-01
2.791700000000000292e-01 7.854750000000002563e-01
2.795450000000000434e-01 7.858600000000002250e-01
2.787000000000000588e-01 7.866650000000001697e-01
2.796800000000000397e-01 7.853200000000002401e-01
2.803400000000000336e-01 7.809850000000002623e-01
2.800350000000000339e-01 7.761700000000002486e-01
2.789350000000000440e-01 7.720100000000001961e-01
2.775350000000000872e-01 7.675950000000002493e-01
2.765450000000000408e-01 7.633600000000001495e-01
2.754650000000000709e-01 7.585550000000000903e-01
2.740050000000000541e-01 7.526450000000001195e-01
2.720200000000000395e-01 7.461450000000001692e-01
2.704500000000000237e-01 7.394950000000001245e-01
2.677850000000000508e-01 7.319700000000001205e-01
2.645200000000000329e-01 7.263500000000001622e-01
2.611900000000000333e-01 7.222600000000001241e-01
2.572650000000000770e-01 7.186000000000001275e-01
2.547950000000000492e-01 7.154450000000002197e-01
2.525200000000000777e-01 7.114350000000002616e-01
2.502250000000000307e-01 7.071400000000002128e-01
2.478650000000000575e-01 7.032000000000001583e-01
2.452300000000000590e-01 6.991750000000001020e-01
2.429150000000000476e-01 6.959100000000001396e-01
2.407550000000000523e-01 6.937800000000000633e-01
2.387600000000000278e-01 6.931250000000002132e-01
2.375350000000000517e-01 6.941800000000001303e-01
2.370100000000000540e-01 6.971600000000002240e-01
2.373050000000000437e-01 7.014400000000001745e-01
2.383250000000000646e-01 7.072200000000001818e-01
2.404000000000000581e-01 7.151350000000001872e-01
2.435000000000000497e-01 7.244750000000002021e-01
2.472200000000000508e-01 7.348600000000001797e-01
2.512600000000000389e-01 7.460300000000001930e-01
2.559900000000000508e-01 7.567750000000001975e-01
2.609650000000000580e-01 7.666100000000002357e-01
2.657600000000000517e-01 7.760750000000001814e-01
2.698300000000000698e-01 7.852900000000001546e-01
2.730500000000000149e-01 7.940450000000001118e-01
2.756100000000000216e-01 8.011750000000001926e-01
2.770550000000000512e-01 8.073650000000001103e-01
2.780700000000000394e-01 8.133950000000000902e-01
2.791950000000000820e-01 8.185650000000002091e-01
2.804200000000000026e-01 8.229450000000001486e-01
2.814100000000000490e-01 8.253050000000001774e-01
2.818050000000000277e-01 8.263000000000001455e-01
2.821150000000000047e-01 8.267750000000001487e-01
2.825650000000000106e-01 8.269050000000002232e-01
2.834050000000000180e-01 8.261600000000002275e-01
2.839500000000000357e-01 8.243650000000002365e-01
2.835600000000000342e-01 8.222850000000001547e-01
2.824400000000000244e-01 8.198800000000001642e-01
2.815050000000000052e-01 8.172500000000002540e-01
2.811250000000000693e-01 8.145550000000001400e-01
2.808650000000000313e-01 8.107600000000001472e-01
2.792450000000000765e-01 8.041150000000001352e-01
2.756250000000000089e-01 7.939700000000001756e-01
2.707749999999999879e-01 7.823550000000001337e-01
2.651149999999999896e-01 7.700350000000002471e-01
2.592450000000000032e-01 7.577550000000001784e-01
2.536150000000000349e-01 7.459200000000001385e-01
2.484300000000000397e-01 7.355400000000001937e-01
2.447550000000000558e-01 7.271550000000002179e-01
2.424050000000000371e-01 7.196150000000001157e-01
2.406400000000000206e-01 7.136550000000001504e-01
2.399100000000000121e-01 7.084550000000000569e-01
2.401000000000000356e-01 7.022250000000000991e-01
2.407000000000000250e-01 6.941500000000000448e-01
2.406850000000000378e-01 6.859650000000001580e-01
2.394800000000000539e-01 6.789650000000001517e-01
2.378600000000000436e-01 6.733800000000000896e-01
2.373900000000000454e-01 6.695450000000000568e-01
2.384050000000000336e-01 6.662450000000000871e-01
2.394450000000000467e-01 6.613250000000001627e-01
2.399250000000000549e-01 6.573350000000001137e-01
2.412350000000000327e-01 6.535700000000002063e-01
2.426100000000000478e-01 6.477700000000001790e-01
2.430150000000000365e-01 6.417700000000001737e-01
2.424450000000000216e-01 6.368150000000001310e-01
2.415800000000000447e-01 6.320850000000000080e-01
2.404200000000000503e-01 6.269650000000001056e-01
2.383000000000000396e-01 6.218700000000000339e-01
2.367600000000000537e-01 6.177900000000000613e-01
2.352850000000000497e-01 6.130650000000000821e-01
2.337000000000000466e-01 6.074150000000000382e-01
2.313450000000000506e-01 6.010500000000000842e-01
2.286350000000000326e-01 5.941900000000001070e-01
2.251450000000000395e-01 5.860450000000001491e-01
2.207700000000000218e-01 5.768750000000001377e-01
2.155500000000000194e-01 5.666700000000001181e-01
2.100250000000000450e-01 5.554000000000001158e-01
2.036100000000000410e-01 5.424900000000001388e-01
1.962700000000000555e-01 5.289600000000000968e-01
1.887150000000000216e-01 5.151050000000001461e-01
1.815050000000000274e-01 5.013200000000000989e-01
1.747550000000000214e-01 4.877350000000001407e-01
1.683300000000000074e-01 4.743650000000000921e-01
1.618450000000000166e-01 4.610250000000001291e-01
1.556000000000000161e-01 4.482800000000000673e-01
1.503700000000000314e-01 4.364550000000000929e-01
1.454100000000000392e-01 4.255200000000000649e-01
1.405850000000000433e-01 4.162000000000000699e-01
1.361100000000000365e-01 4.090750000000000774e-01
1.323900000000000354e-01 4.042700000000000737e-01
1.294650000000000245e-01 4.017700000000000715e-01
1.279500000000000082e-01 4.001200000000000867e-01
1.262700000000000211e-01 3.983050000000000757e-01
1.249450000000000144e-01 3.973200000000000620e-01
1.237250000000000294e-01 3.965100000000000846e-01
1.240200000000000191e-01 3.953950000000000520e-01
1.242850000000000205e-01 3.937150000000000927e-01
1.228550000000000197e-01 3.912250000000000449e-01
1.200850000000000112e-01 3.887750000000000927e-01
1.169300000000000062e-01 3.864550000000001040e-01
1.142050000000000010e-01 3.855750000000000566e-01
1.126100000000000156e-01 3.864250000000000740e-01
1.117900000000000282e-01 3.882250000000000423e-01
1.115500000000000241e-01 3.910750000000000615e-01
1.122050000000000269e-01 3.948450000000000570e-01
1.140300000000000202e-01 3.991050000000000431e-01
1.163700000000000290e-01 4.041450000000000875e-01
1.188600000000000212e-01 4.102950000000000763e-01
1.215300000000000269e-01 4.169000000000001038e-01
1.237100000000000283e-01 4.230600000000001026e-01
1.258050000000000279e-01 4.293650000000001077e-01
1.281100000000000294e-01 4.349750000000001116e-01
1.303800000000000237e-01 4.403700000000000392e-01
1.333150000000000168e-01 4.447000000000000952e-01
1.347900000000000209e-01 4.472400000000000819e-01
1.349450000000000094e-01 4.509250000000000758e-01
1.349100000000000299e-01 4.551350000000000673e-01
1.349450000000000371e-01 4.588350000000001039e-01
1.356300000000000283e-01 4.624050000000000660e-01
1.365350000000000175e-01 4.651450000000000862e-01
1.371300000000000296e-01 4.668650000000000855e-01
1.374550000000000494e-01 4.681600000000000761e-01
1.375700000000000256e-01 4.690450000000001007e-01
1.374900000000000289e-01 4.697750000000001092e-01
1.369800000000000462e-01 4.707150000000001056e-01
1.365900000000000447e-01 4.724700000000001121e-01
1.370200000000000307e-01 4.745350000000000956e-01
1.380000000000000393e-01 4.763000000000001122e-01
1.392350000000000532e-01 4.783650000000000957e-01
1.405150000000000288e-01 4.812200000000000921e-01
1.423250000000000348e-01 4.858500000000001151e-01
1.455650000000000277e-01 4.912350000000000882e-01
1.494700000000000195e-01 4.960100000000000620e-01
1.533750000000000391e-01 5.013800000000000479e-01
1.572950000000000181e-01 5.080200000000001381e-01
1.605150000000000188e-01 5.140800000000000924e-01
1.628450000000000175e-01 5.204250000000001375e-01
1.656700000000000395e-01 5.278250000000000997e-01
1.693950000000000178e-01 5.342800000000000882e-01
1.734300000000000286e-01 5.395050000000001234e-01
1.777250000000000218e-01 5.443150000000001043e-01
1.816550000000000109e-01 5.477100000000001412e-01
1.851250000000000395e-01 5.497850000000001902e-01
1.888250000000000206e-01 5.508350000000001856e-01
1.916100000000000581e-01 5.506950000000001566e-01
1.944500000000000395e-01 5.508600000000001273e-01
1.973000000000000309e-01 5.505200000000001204e-01
1.995450000000000279e-01 5.498700000000000809e-01
2.003900000000000403e-01 5.496800000000001685e-01
1.998800000000000299e-01 5.492400000000000615e-01
1.986500000000000210e-01 5.485250000000001513e-01
1.977850000000000441e-01 5.483800000000000896e-01
1.981350000000000056e-01 5.494950000000000667e-01
1.997500000000000386e-01 5.516350000000000975e-01
2.017100000000000559e-01 5.543100000000000804e-01
2.035450000000000315e-01 5.577700000000000990e-01
2.052950000000000608e-01 5.617200000000001081e-01
2.072500000000000453e-01 5.657500000000000862e-01
2.089850000000000319e-01 5.695149999999999935e-01
2.109900000000000664e-01 5.734300000000001063e-01
2.143200000000000383e-01 5.780400000000001093e-01
2.178950000000000609e-01 5.831300000000001482e-01
2.220400000000000429e-01 5.899850000000000927e-01
2.259850000000000469e-01 5.983950000000001213e-01
2.288900000000000379e-01 6.072250000000001258e-01
2.318350000000000410e-01 6.152650000000000619e-01
2.345850000000000435e-01 6.227100000000000968e-01
2.376050000000000384e-01 6.309150000000001146e-01
2.409300000000000608e-01 6.386450000000001292e-01
2.441250000000000364e-01 6.453600000000001558e-01
2.476100000000000523e-01 6.524550000000001182e-01
2.507050000000000667e-01 6.590850000000001430e-01
2.536450000000000093e-01 6.657150000000000567e-01
2.558350000000000346e-01 6.717750000000001220e-01
2.575100000000000167e-01 6.772350000000000314e-01
2.589050000000000518e-01 6.823200000000001486e-01
2.604500000000000703e-01 6.870750000000001023e-01
2.623100000000000431e-01 6.908450000000001534e-01
2.640050000000000452e-01 6.928300000000001679e-01
2.649500000000000188e-01 6.943700000000001538e-01
2.645050000000000456e-01 6.964450000000002028e-01
2.636200000000000210e-01 6.994450000000000944e-01
2.627750000000000363e-01 7.029050000000001130e-01
2.626400000000000401e-01 7.071950000000000180e-01
2.636249999999999982e-01 7.124100000000002098e-01
2.647800000000000709e-01 7.182100000000001261e-01
2.665300000000000447e-01 7.242500000000000604e-01
2.686250000000000582e-01 7.300400000000002443e-01
2.712550000000000794e-01 7.361250000000001403e-01
2.744250000000000300e-01 7.425750000000002071e-01
2.780150000000000676e-01 7.490500000000001046e-01
2.817650000000000432e-01 7.558050000000001711e-01
2.852500000000000591e-01 7.629500000000001281e-01
2.883550000000000835e-01 7.704900000000002303e-01
2.918000000000000593e-01 7.786550000000002081e-01
2.957600000000000784e-01 7.870600000000002039e-01
2.999800000000000799e-01 7.956850000000001977e-01
3.047050000000000591e-01 8.041650000000001297e-01
3.091200000000000614e-01 8.117550000000002264e-01
3.126750000000000362e-01 8.196150000000000935e-01
3.166200000000000681e-01 8.269900000000001139e-01
3.208500000000000796e-01 8.329050000000001175e-01
3.252300000000001301e-01 8.378700000000001147e-01
3.298400000000000776e-01 8.421800000000001507e-01
3.340150000000000619e-01 8.459950000000002746e-01
3.381100000000000771e-01 8.501000000000001888e-01
3.420150000000000690e-01 8.540550000000002306e-01
3.453300000000000258e-01 8.571400000000002350e-01
3.480500000000000815e-01 8.601900000000001212e-01
3.501100000000000323e-01 8.629650000000002041e-01
3.519150000000000889e-01 8.649100000000000676e-01
3.535400000000000764e-01 8.663050000000001027e-01
3.552250000000000685e-01 8.667100000000000914e-01
3.562850000000000739e-01 8.653650000000001619e-01
3.567750000000000643e-01 8.632550000000002166e-01
3.569150000000000378e-01 8.596800000000002218e-01
3.561250000000000804e-01 8.537700000000002509e-01
3.543000000000000593e-01 8.466800000000002102e-01
3.516450000000000964e-01 8.394600000000002060e-01
3.485900000000000665e-01 8.319700000000002094e-01
3.452400000000001024e-01 8.251050000000001994e-01
3.414600000000000968e-01 8.193050000000001720e-01
3.379600000000000937e-01 8.141300000000002424e-01
3.349750000000000782e-01 8.093850000000002431e-01
3.320950000000000846e-01 8.054950000000001831e-01
3.294750000000000734e-01 8.023700000000002497e-01
3.270850000000000701e-01 7.996150000000001867e-01
3.249000000000000221e-01 7.977600000000001357e-01
3.230800000000000338e-01 7.975150000000000849e-01
3.217550000000000132e-01 7.991900000000000670e-01
3.213050000000000628e-01 8.037550000000001083e-01
3.219400000000001150e-01 8.104600000000001803e-01
3.237000000000000988e-01 8.182600000000000984e-01
3.264000000000000790e-01 8.256000000000001116e-01
3.295000000000000706e-01 8.321400000000001018e-01
3.328300000000000702e-01 8.368050000000001321e-01
3.363100000000000533e-01 8.388100000000002776e-01
3.385350000000000859e-01 8.395150000000001222e-01
3.392600000000000615e-01 8.402800000000001379e-01
3.383150000000000879e-01 8.401150000000001672e-01
3.370600000000000818e-01 8.392600000000001170e-01
3.360050000000001091e-01 8.382450000000001289e-01
3.352800000000000780e-01 8.370450000000001500e-01
3.346400000000001040e-01 8.352250000000001062e-01
3.341400000000001036e-01 8.332800000000001317e-01
3.337650000000000894e-01 8.312350000000001682e-01
3.338200000000001166e-01 8.292650000000001409e-01
3.347850000000000548e-01 8.265800000000002035e-01
3.352800000000000780e-01 8.219200000000002060e-01
3.350250000000000172e-01 8.170550000000001978e-01
3.342600000000000571e-01 8.118550000000002154e-01
3.328050000000000175e-01 8.062050000000001715e-01
3.309200000000000474e-01 8.016850000000002030e-01
3.285200000000000342e-01 7.990300000000001290e-01
3.270200000000000884e-01 7.977500000000001812e-01
3.267650000000000277e-01 7.962600000000001899e-01
3.267950000000000577e-01 7.944700000000001205e-01
3.262200000000000655e-01 7.926300000000001678e-01
3.251450000000000728e-01 7.911600000000000854e-01
3.240100000000001312e-01 7.909300000000002440e-01
3.229500000000000703e-01 7.901450000000000973e-01
3.211500000000000465e-01 7.889950000000002239e-01
3.190850000000000630e-01 7.896850000000001923e-01
3.176450000000000662e-01 7.914400000000001434e-01
3.176550000000000762e-01 7.928850000000000620e-01
3.178450000000000442e-01 7.933800000000001962e-01
3.183900000000000619e-01 7.944550000000001333e-01
3.203850000000000864e-01 7.960800000000001209e-01
3.223400000000000709e-01 7.957850000000001867e-01
3.248300000000000631e-01 7.951200000000001600e-01
3.269250000000000766e-01 7.938500000000001666e-01
3.290300000000000447e-01 7.921900000000001718e-01
3.307550000000000767e-01 7.893400000000001526e-01
3.322600000000000553e-01 7.859500000000001485e-01
3.332400000000000917e-01 7.836500000000001798e-01
3.335200000000000387e-01 7.826000000000001844e-01
3.330850000000000755e-01 7.819550000000001777e-01
3.324300000000000588e-01 7.816800000000001525e-01
3.313550000000000662e-01 7.813700000000001200e-01
3.303350000000000453e-01 7.810700000000001531e-01
3.292800000000000726e-01 7.802950000000001829e-01
3.281950000000000700e-01 7.797250000000002235e-01
3.270650000000000501e-01 7.791300000000001003e-01
3.259850000000000803e-01 7.783150000000000901e-01
3.252450000000000618e-01 7.774800000000001710e-01
3.247950000000000559e-01 7.756900000000001016e-01
3.244650000000000034e-01 7.725000000000001865e-01
3.237950000000000550e-01 7.686450000000000227e-01
3.220450000000000257e-01 7.648450000000002191e-01
3.195400000000000462e-01 7.601600000000001689e-01
3.168350000000000333e-01 7.535000000000000586e-01
3.136050000000000226e-01 7.458000000000002405e-01
3.093850000000000211e-01 7.374700000000000699e-01
3.044650000000000412e-01 7.284600000000001074e-01
2.992550000000000487e-01 7.185100000000002041e-01
2.934650000000000869e-01 7.074600000000000888e-01
2.872150000000001091e-01 6.960250000000001158e-01
2.809150000000000813e-01 6.847600000000000353e-01
2.753150000000000874e-01 6.738200000000000855e-01
2.706200000000000827e-01 6.631300000000001083e-01
2.665150000000000574e-01 6.519250000000000878e-01
2.621900000000000341e-01 6.405300000000000438e-01
2.584650000000000558e-01 6.298650000000001192e-01
2.550400000000000444e-01 6.185500000000000442e-01
2.513100000000000334e-01 6.059700000000001197e-01
2.469600000000000684e-01 5.926050000000000484e-01
2.416550000000000364e-01 5.785649999999999959e-01
2.357850000000000223e-01 5.645500000000001073e-01
2.296150000000000413e-01 5.510550000000000725e-01
2.239700000000000579e-01 5.382900000000001572e-01
2.189150000000000540e-01 5.262350000000001193e-01
2.139050000000000118e-01 5.151950000000000696e-01
2.091050000000000408e-01 5.057249999999999801e-01
2.040250000000000397e-01 4.984950000000000214e-01
2.010600000000000442e-01 4.933650000000000535e-01
1.997550000000000436e-01 4.880050000000000776e-01
1.984750000000000403e-01 4.830550000000001232e-01
1.972450000000000314e-01 4.788400000000000989e-01
1.953450000000000464e-01 4.742350000000000732e-01
1.932500000000000329e-01 4.699800000000000644e-01
1.911350000000000271e-01 4.665750000000000730e-01
1.897200000000000275e-01 4.651300000000000434e-01
1.888250000000000206e-01 4.646300000000000430e-01
1.890650000000000386e-01 4.655100000000000904e-01
1.896600000000000508e-01 4.677900000000000391e-01
1.902700000000000502e-01 4.704550000000000676e-01
1.907000000000000361e-01 4.724700000000000566e-01
1.909700000000000286e-01 4.734950000000001102e-01
1.911800000000000166e-01 4.741600000000000814e-01
1.915450000000000486e-01 4.747250000000001191e-01
1.919650000000000245e-01 4.745250000000000856e-01
1.916850000000000498e-01 4.742500000000000604e-01
1.909300000000000441e-01 4.745650000000000146e-01
1.905350000000000654e-01 4.749300000000000188e-01
1.911550000000000471e-01 4.744700000000000584e-01
1.927450000000000552e-01 4.742100000000000759e-01
1.949450000000000349e-01 4.750650000000000706e-01
1.970250000000000334e-01 4.768100000000001226e-01
1.985200000000000298e-01 4.793700000000000738e-01
1.995450000000000279e-01 4.816850000000001408e-01
2.004700000000000371e-01 4.834150000000000946e-01
2.013150000000000217e-01 4.848550000000001470e-01
2.020400000000000529e-01 4.859050000000000868e-01
2.023250000000000326e-01 4.868050000000000987e-01
2.023300000000000654e-01 4.879400000000000404e-01
2.012800000000000422e-01 4.886450000000001070e-01
1.998750000000000249e-01 4.893300000000000427e-01
1.982100000000000528e-01 4.894150000000000444e-01
1.964900000000000535e-01 4.882150000000000656e-01
1.948400000000000687e-01 4.858550000000000368e-01
1.928250000000000519e-01 4.822450000000000347e-01
1.901850000000000485e-01 4.773550000000000293e-01
1.864700000000000246e-01 4.703750000000000431e-01
1.812200000000000477e-01 4.610250000000000181e-01
1.753800000000000359e-01 4.505850000000000688e-01
1.696100000000000108e-01 4.391300000000000203e-01
1.639300000000000201e-01 4.273950000000000804e-01
1.577300000000000368e-01 4.163600000000000634e-01
1.519500000000000295e-01 4.064150000000000817e-01
1.470150000000000068e-01 3.964600000000000346e-01
1.417050000000000254e-01 3.863750000000000240e-01
1.367300000000000182e-01 3.773100000000000342e-01
1.321550000000000225e-01 3.685400000000000897e-01
1.281100000000000017e-01 3.592100000000000293e-01
1.253850000000000242e-01 3.502450000000000840e-01
1.227000000000000174e-01 3.416450000000000875e-01
1.193500000000000116e-01 3.328650000000000775e-01
1.154250000000000276e-01 3.240750000000000575e-01
1.114500000000000213e-01 3.165600000000000636e-01
1.082750000000000101e-01 3.098350000000000271e-01
1.057250000000000134e-01 3.027300000000000546e-01
1.039250000000000174e-01 2.958300000000000374e-01
1.026800000000000213e-01 2.889200000000000657e-01
1.021200000000000163e-01 2.826700000000000879e-01
1.020350000000000146e-01 2.773700000000000609e-01
1.016750000000000154e-01 2.721750000000000558e-01
1.004050000000000220e-01 2.674150000000000693e-01
9.817500000000001226e-02 2.638600000000000390e-01
9.628500000000000947e-02 2.620050000000000434e-01
9.520000000000002072e-02 2.596900000000000874e-01
9.444500000000001505e-02 2.563000000000000278e-01
9.333500000000002905e-02 2.529000000000000692e-01
9.228000000000001479e-02 2.499500000000000610e-01
9.106000000000002981e-02 2.469650000000000456e-01
8.886500000000001342e-02 2.427350000000000341e-01
8.677000000000001378e-02 2.381600000000000383e-01
8.458000000000001628e-02 2.333000000000000629e-01
8.215500000000000580e-02 2.283350000000000657e-01
7.949500000000001010e-02 2.237300000000000400e-01
7.682500000000000440e-02 2.195350000000000357e-01
7.375500000000001499e-02 2.147050000000000347e-01
7.039000000000000812e-02 2.089750000000000496e-01
6.718500000000000860e-02 2.025000000000000411e-01
6.435000000000001830e-02 1.957000000000000406e-01
6.168000000000000566e-02 1.885850000000000304e-01
5.889000000000001178e-02 1.809450000000000225e-01
5.614000000000000934e-02 1.737400000000000611e-01
5.372000000000001080e-02 1.676750000000000185e-01
5.219500000000001222e-02 1.641300000000000536e-01
5.180500000000001076e-02 1.633650000000000380e-01
5.201000000000000761e-02 1.650700000000000223e-01
5.281500000000001471e-02 1.687550000000000439e-01
5.408000000000000307e-02 1.742550000000000487e-01
5.581000000000001238e-02 1.817650000000000376e-01
5.797000000000000763e-02 1.902450000000000530e-01
6.021000000000001351e-02 1.985950000000000215e-01
6.238000000000001183e-02 2.066500000000000559e-01
6.430500000000000105e-02 2.148250000000000437e-01
6.566500000000000115e-02 2.228650000000000353e-01
6.618500000000000771e-02 2.309150000000000369e-01
6.616500000000000159e-02 2.391950000000000465e-01
6.586000000000001575e-02 2.470050000000000301e-01
6.515000000000001346e-02 2.549100000000000810e-01
6.509500000000001396e-02 2.634700000000000375e-01
6.558000000000002716e-02 2.721650000000000458e-01
6.676500000000001878e-02 2.818000000000000504e-01
6.888000000000001066e-02 2.923000000000000043e-01
7.200500000000001344e-02 3.029200000000000781e-01
7.605500000000001148e-02 3.125650000000000928e-01
8.020000000000002127e-02 3.212550000000000683e-01
8.415000000000000258e-02 3.288500000000000867e-01
8.781500000000001804e-02 3.353850000000000442e-01
9.158500000000001362e-02 3.414750000000000840e-01
9.513500000000002510e-02 3.474800000000000666e-01
9.873000000000001219e-02 3.536750000000000727e-01
1.029400000000000176e-01 3.602150000000000629e-01
1.077800000000000147e-01 3.666400000000000770e-01
1.128200000000000314e-01 3.718500000000000694e-01
1.171500000000000180e-01 3.753850000000000797e-01
1.205300000000000260e-01 3.771700000000000608e-01
1.225850000000000134e-01 3.765100000000000668e-01
1.232800000000000284e-01 3.738150000000000639e-01
1.229300000000000115e-01 3.698650000000000548e-01
1.216950000000000254e-01 3.650350000000000539e-01
1.195550000000000224e-01 3.605300000000000171e-01
1.167650000000000216e-01 3.579400000000000359e-01
1.141450000000000242e-01 3.573650000000000437e-01
1.130200000000000232e-01 3.574300000000000255e-01
1.130650000000000127e-01 3.573350000000000692e-01
1.141450000000000242e-01 3.575500000000000345e-01
1.151150000000000229e-01 3.582100000000000284e-01
1.160650000000000293e-01 3.598400000000000487e-01
1.174950000000000161e-01 3.625600000000001044e-01
1.194850000000000217e-01 3.651750000000000274e-01
1.210050000000000292e-01 3.672900000000000609e-01
1.215300000000000269e-01 3.698550000000000448e-01
1.212450000000000194e-01 3.731750000000000345e-01
1.202600000000000335e-01 3.771200000000000663e-01
1.194200000000000261e-01 3.824750000000000649e-01
1.192800000000000249e-01 3.884950000000000903e-01
1.197450000000000181e-01 3.937800000000001299e-01
1.200750000000000289e-01 3.988550000000000706e-01
1.200050000000000283e-01 4.039500000000001423e-01
1.202400000000000274e-01 4.085800000000000542e-01
1.207950000000000135e-01 4.121950000000000891e-01
1.218450000000000227e-01 4.154200000000000670e-01
1.231550000000000145e-01 4.186150000000000704e-01
1.245300000000000296e-01 4.219450000000000700e-01
1.260350000000000081e-01 4.260500000000000953e-01
1.272550000000000348e-01 4.308100000000000818e-01
1.281500000000000139e-01 4.371550000000000713e-01
1.296000000000000485e-01 4.449250000000000704e-01
1.319800000000000417e-01 4.528600000000000958e-01
1.355650000000000466e-01 4.607400000000000939e-01
1.394800000000000484e-01 4.690150000000000707e-01
1.444100000000000383e-01 4.792600000000001303e-01
1.497650000000000370e-01 4.899950000000001249e-01
1.541550000000000420e-01 5.007250000000000867e-01
1.576650000000000551e-01 5.133950000000000458e-01
1.606950000000000323e-01 5.258600000000001051e-01
1.631500000000000172e-01 5.372950000000000781e-01
1.655400000000000205e-01 5.493300000000000960e-01
1.682850000000000179e-01 5.619700000000000806e-01
1.712450000000000361e-01 5.747350000000001069e-01
1.743400000000000227e-01 5.871200000000000863e-01
1.785050000000000248e-01 5.995250000000000856e-01
1.839450000000000252e-01 6.121650000000000702e-01
1.903800000000000492e-01 6.253950000000001452e-01
1.975750000000000284e-01 6.385200000000000875e-01
2.045900000000000496e-01 6.509350000000000414e-01
2.116400000000000503e-01 6.632050000000000445e-01
2.186950000000000283e-01 6.752400000000000624e-01
2.255150000000000210e-01 6.868300000000000516e-01
2.319850000000000523e-01 6.979800000000000448e-01
2.378300000000000414e-01 7.086950000000000749e-01
2.422650000000000359e-01 7.192450000000001342e-01
2.461150000000000559e-01 7.301800000000000512e-01
2.500950000000000673e-01 7.401800000000001711e-01
2.550550000000000317e-01 7.479550000000001475e-01
2.604400000000000603e-01 7.544000000000001815e-01
2.648450000000000526e-01 7.615500000000001712e-01
2.691000000000000614e-01 7.692300000000001914e-01
2.735250000000000736e-01 7.773650000000001947e-01
2.784550000000001191e-01 7.853600000000001691e-01
2.830950000000000966e-01 7.930650000000001310e-01
2.881150000000001210e-01 8.011600000000000943e-01
2.934100000000000597e-01 8.092450000000002142e-01
2.994800000000000795e-01 8.175550000000001427e-01
3.059750000000000525e-01 8.259000000000000785e-01
3.122800000000000575e-01 8.340050000000001074e-01
3.176000000000001044e-01 8.415400000000001768e-01
3.221150000000000402e-01 8.482400000000001050e-01
3.252900000000000791e-01 8.533300000000001440e-01
3.272700000000000609e-01 8.576150000000002382e-01
3.289150000000000684e-01 8.626650000000002372e-01
3.301500000000000545e-01 8.677650000000002306e-01
3.314600000000000879e-01 8.728250000000001840e-01
3.333250000000000934e-01 8.766800000000002369e-01
3.354400000000000714e-01 8.781600000000001627e-01
3.371450000000000835e-01 8.784800000000002607e-01
3.381950000000000789e-01 8.786000000000001586e-01
3.392950000000000688e-01 8.782450000000002754e-01
3.401500000000000634e-01 8.768500000000001293e-01
3.409750000000000281e-01 8.752250000000002528e-01
3.411000000000000698e-01 8.737700000000001577e-01
3.407100000000000684e-01 8.724050000000002081e-01
3.407800000000000828e-01 8.712100000000001510e-01
3.407200000000000228e-01 8.698800000000002086e-01
3.406650000000000511e-01 8.692750000000001309e-01
3.408150000000000901e-01 8.694200000000000816e-01
3.414800000000000613e-01 8.693550000000000999e-01
3.417300000000000892e-01 8.674250000000001126e-01
3.415900000000000603e-01 8.652200000000001001e-01
3.404700000000000504e-01 8.624500000000001609e-01
3.395000000000000240e-01 8.587850000000001316e-01
3.385400000000000631e-01 8.543400000000002104e-01
3.372350000000000625e-01 8.496250000000000746e-01
3.351900000000000990e-01 8.450650000000001771e-01
3.331000000000000627e-01 8.404800000000001159e-01
3.300900000000001056e-01 8.347650000000002013e-01
3.260100000000000775e-01 8.280200000000002003e-01
3.213050000000000628e-01 8.209000000000001851e-01
3.160700000000000731e-01 8.135800000000001919e-01
3.107900000000000662e-01 8.059900000000002063e-01
3.049500000000000544e-01 7.964000000000002188e-01
2.978400000000000492e-01 7.836150000000001725e-01
2.905250000000000332e-01 7.690750000000001751e-01
2.831800000000000428e-01 7.529950000000001920e-01
2.757400000000000961e-01 7.359900000000001441e-01
2.690950000000000841e-01 7.205900000000001748e-01
2.631700000000000705e-01 7.068550000000002331e-01
2.576750000000000984e-01 6.945350000000001245e-01
2.527400000000000757e-01 6.848200000000002063e-01
2.488800000000000734e-01 6.781800000000002271e-01
2.461750000000000327e-01 6.732150000000001189e-01
2.451450000000000573e-01 6.701850000000001417e-01
2.454850000000000643e-01 6.687350000000000794e-01
2.464500000000000579e-01 6.683800000000000852e-01
2.476500000000000645e-01 6.692350000000001353e-01
2.486600000000000477e-01 6.711500000000001354e-01
2.495800000000000241e-01 6.744850000000002233e-01
2.507850000000000357e-01 6.792800000000001059e-01
2.522000000000000353e-01 6.857400000000002382e-01
2.540300000000000891e-01 6.934200000000001474e-01
2.562800000000000633e-01 7.018500000000001959e-01
2.586400000000000921e-01 7.110000000000001874e-01
2.613000000000000878e-01 7.203000000000001624e-01
2.645000000000000684e-01 7.287050000000001582e-01
2.674050000000000593e-01 7.359350000000001168e-01
2.696400000000000463e-01 7.431450000000001666e-01
2.718950000000000533e-01 7.503850000000000797e-01
2.739400000000000723e-01 7.569050000000001610e-01
2.759050000000000669e-01 7.630800000000002026e-01
2.775500000000000744e-01 7.692250000000001586e-01
2.786500000000000643e-01 7.749100000000002098e-01
2.798450000000000659e-01 7.799400000000001887e-01
2.810950000000000948e-01 7.842500000000002247e-01
2.822850000000000636e-01 7.877000000000002888e-01
2.832750000000000545e-01 7.894900000000002471e-01
2.837450000000000805e-01 7.904300000000001880e-01
2.833000000000000518e-01 7.915900000000002379e-01
2.821050000000000502e-01 7.924950000000001715e-01
2.802550000000000319e-01 7.930900000000001837e-01
2.785100000000000353e-01 7.935250000000002579e-01
2.767450000000000743e-01 7.931050000000001710e-01
2.753550000000000719e-01 7.929150000000002585e-01
2.744550000000000600e-01 7.932550000000001544e-01
2.739900000000000668e-01 7.937100000000001376e-01
2.734750000000000236e-01 7.937500000000001776e-01
2.728400000000000825e-01 7.942200000000001481e-01
2.729900000000000659e-01 7.951650000000001217e-01
2.737700000000000689e-01 7.961100000000000954e-01
2.746900000000000452e-01 7.976050000000001194e-01
2.759600000000000386e-01 7.997600000000001375e-01
2.784400000000000208e-01 8.022400000000001752e-01
2.824450000000000571e-01 8.037400000000001210e-01
2.862900000000000444e-01 8.050750000000002071e-01
2.905850000000000932e-01 8.074850000000002304e-01
2.935050000000000714e-01 8.091350000000001597e-01
2.958050000000000956e-01 8.096000000000002084e-01
2.983800000000000896e-01 8.096450000000001701e-01
3.011150000000000770e-01 8.099400000000002153e-01
3.034900000000000375e-01 8.105850000000002220e-01
3.050350000000000561e-01 8.113550000000002704e-01
3.056450000000000555e-01 8.122900000000001786e-01
3.057600000000000318e-01 8.133050000000001667e-01
3.053700000000000303e-01 8.135100000000001774e-01
3.041550000000000642e-01 8.127700000000002145e-01
3.019850000000000589e-01 8.103400000000002823e-01
2.991600000000000925e-01 8.056350000000002121e-01
2.960500000000000353e-01 7.989800000000002456e-01
2.927100000000000257e-01 7.906750000000002387e-01
2.890550000000000619e-01 7.809400000000001896e-01
2.851450000000000373e-01 7.697150000000001491e-01
2.812999999999999945e-01 7.570400000000001572e-01
2.762550000000000283e-01 7.443000000000001837e-01
2.710950000000000304e-01 7.330200000000002269e-01
2.662050000000000249e-01 7.222800000000001441e-01
2.622200000000000641e-01 7.120400000000001173e-01
2.597300000000000719e-01 7.024450000000002081e-01
2.582550000000000123e-01 6.927200000000001134e-01
2.572500000000000342e-01 6.833100000000001950e-01
2.565850000000000630e-01 6.743450000000001943e-01
2.557500000000000329e-01 6.652350000000001318e-01
2.542600000000000415e-01 6.556550000000000988e-01
2.518550000000000511e-01 6.456300000000001482e-01
2.486600000000000477e-01 6.352000000000002089e-01
2.449750000000000538e-01 6.242300000000001736e-01
2.410300000000000498e-01 6.136100000000002108e-01
2.371650000000000424e-01 6.039900000000001379e-01
2.333900000000000419e-01 5.946050000000001612e-01
2.301300000000000567e-01 5.856750000000001677e-01
2.269750000000000378e-01 5.772900000000001919e-01
2.240400000000000447e-01 5.691000000000001613e-01
2.216200000000000392e-01 5.605900000000001437e-01
2.192400000000000460e-01 5.523550000000001514e-01
2.163300000000000500e-01 5.449100000000002275e-01
2.131100000000000494e-01 5.383350000000002300e-01
2.100900000000000545e-01 5.324450000000001681e-01
2.073000000000000398e-01 5.271800000000002040e-01
2.051300000000000623e-01 5.229250000000000842e-01
2.033000000000000640e-01 5.190550000000001551e-01
2.012450000000000627e-01 5.149250000000000771e-01
1.990750000000000575e-01 5.111550000000001370e-01
1.970600000000000129e-01 5.074650000000001659e-01
1.953450000000000464e-01 5.031350000000001099e-01
1.936750000000000416e-01 4.984950000000001324e-01
1.920050000000000368e-01 4.936750000000000860e-01
1.898800000000000487e-01 4.888550000000000950e-01
1.870550000000000268e-01 4.851850000000000884e-01
1.849550000000000360e-01 4.820650000000000768e-01
1.828150000000000608e-01 4.783550000000000857e-01
1.804100000000000426e-01 4.748500000000001053e-01
1.774450000000000471e-01 4.730200000000001070e-01
1.749050000000000327e-01 4.733250000000001068e-01
1.739650000000000363e-01 4.745350000000000956e-01
1.741400000000000170e-01 4.750100000000000433e-01
1.753900000000000181e-01 4.750000000000000888e-01
1.773700000000000276e-01 4.746300000000001074e-01
1.788500000000000367e-01 4.738800000000000789e-01
1.798850000000000449e-01 4.735300000000001175e-01
1.806600000000000428e-01 4.735250000000000847e-01
1.815450000000000397e-01 4.737200000000001410e-01
1.821100000000000219e-01 4.738200000000001300e-01
1.819000000000000339e-01 4.737200000000000855e-01
1.800500000000000156e-01 4.728900000000000881e-01
1.763900000000000468e-01 4.705850000000000866e-01
1.710850000000000148e-01 4.669200000000001127e-01
1.656650000000000345e-01 4.629400000000001292e-01
1.615400000000000169e-01 4.592200000000000726e-01
1.579800000000000093e-01 4.546000000000001151e-01
1.549850000000000394e-01 4.503800000000001136e-01
1.524250000000000327e-01 4.467750000000000887e-01
1.501350000000000184e-01 4.425450000000000772e-01
1.467650000000000343e-01 4.373200000000000420e-01
1.421650000000000413e-01 4.311000000000000387e-01
1.374400000000000066e-01 4.241150000000000198e-01
1.329200000000000381e-01 4.164400000000000324e-01
1.286600000000000243e-01 4.089500000000000357e-01
1.247350000000000264e-01 4.035000000000000808e-01
1.222200000000000231e-01 3.997650000000000370e-01
1.204600000000000254e-01 3.958350000000000479e-01
1.190050000000000274e-01 3.917800000000000726e-01
1.175250000000000183e-01 3.877050000000000773e-01
1.158200000000000202e-01 3.828550000000000564e-01
1.135400000000000159e-01 3.754500000000000615e-01
1.097300000000000220e-01 3.662450000000000427e-01
1.059000000000000219e-01 3.562200000000000366e-01
1.020000000000000212e-01 3.458950000000000635e-01
9.781000000000002192e-02 3.371950000000000225e-01
9.432000000000001494e-02 3.296250000000000568e-01
9.061000000000002386e-02 3.218900000000000095e-01
8.723500000000002086e-02 3.152950000000000474e-01
8.366000000000002601e-02 3.089750000000000552e-01
7.968500000000001970e-02 3.026950000000000474e-01
7.639000000000001345e-02 2.982700000000000351e-01
7.372500000000001275e-02 2.950050000000000727e-01
7.200500000000001344e-02 2.922650000000000525e-01
6.971500000000002695e-02 2.906700000000000950e-01
6.711000000000001686e-02 2.900550000000000628e-01
6.556000000000000716e-02 2.893700000000000716e-01
6.432500000000002105e-02 2.877800000000000358e-01
6.364000000000001600e-02 2.847100000000000186e-01
6.261000000000001287e-02 2.810100000000000375e-01
6.190000000000001751e-02 2.770250000000000767e-01
6.087500000000001243e-02 2.721550000000000358e-01
5.964000000000001245e-02 2.671900000000000386e-01
5.779500000000001303e-02 2.624750000000000139e-01
5.561500000000001165e-02 2.577500000000000346e-01
5.297500000000000819e-02 2.528600000000000292e-01
5.061500000000000721e-02 2.478900000000000547e-01
4.857000000000000900e-02 2.427150000000000418e-01
4.668500000000000427e-02 2.377900000000000569e-01
4.523000000000000631e-02 2.339050000000000296e-01
4.383000000000000784e-02 2.300500000000000322e-01
4.290500000000001257e-02 2.256900000000000295e-01
4.199000000000000649e-02 2.206450000000000355e-01
4.041500000000000647e-02 2.159300000000000386e-01
3.805500000000000549e-02 2.128700000000000592e-01
3.569500000000000450e-02 2.110750000000000404e-01
3.449000000000000676e-02 2.100850000000000217e-01
3.386500000000000621e-02 2.095300000000000495e-01
3.346500000000000863e-02 2.092550000000000243e-01
3.379000000000000059e-02 2.082600000000000562e-01
3.392500000000001070e-02 2.058300000000000407e-01
3.383500000000000396e-02 2.040350000000000497e-01
3.300000000000000849e-02 2.021950000000000414e-01
3.200500000000000567e-02 1.998150000000000481e-01
3.122000000000000816e-02 1.975500000000000589e-01
3.010000000000000522e-02 1.955250000000000599e-01
2.890500000000000708e-02 1.939600000000000213e-01
2.792000000000000384e-02 1.925900000000000389e-01
2.704500000000000653e-02 1.908250000000000224e-01
2.654500000000000609e-02 1.889350000000000196e-01
2.611500000000000626e-02 1.870500000000000496e-01
2.535500000000000254e-02 1.868450000000000388e-01
2.516000000000000528e-02 1.888750000000000429e-01
2.565500000000000419e-02 1.916650000000000298e-01
2.577500000000000624e-02 1.950100000000000444e-01
2.666500000000000467e-02 2.010850000000000415e-01
2.892500000000000626e-02 2.084950000000000414e-01
3.197500000000000342e-02 2.153200000000000391e-01
3.545000000000000234e-02 2.214600000000000457e-01
3.850500000000000450e-02 2.274150000000000338e-01
4.151500000000000329e-02 2.356050000000000644e-01
4.537000000000000755e-02 2.464100000000000457e-01
4.897000000000000658e-02 2.581150000000000388e-01
5.259500000000000286e-02 2.711800000000000321e-01
5.706500000000000461e-02 2.854600000000000470e-01
6.166500000000000453e-02 2.988550000000000373e-01
6.573000000000001064e-02 3.113500000000000711e-01
6.964500000000001245e-02 3.232450000000000601e-01
7.320000000000001505e-02 3.337700000000000666e-01
7.590000000000000913e-02 3.420500000000000762e-01
7.810000000000000275e-02 3.484950000000001102e-01
7.950500000000000622e-02 3.522800000000000931e-01
7.937000000000000999e-02 3.547150000000001135e-01
7.858500000000001595e-02 3.566850000000000853e-01
7.801000000000000989e-02 3.576250000000000817e-01
7.819000000000000949e-02 3.573600000000000665e-01
7.868000000000001382e-02 3.559150000000000924e-01
7.863500000000001044e-02 3.537000000000000699e-01
7.803000000000001601e-02 3.513300000000000312e-01
7.747500000000001608e-02 3.491800000000000459e-01
7.638000000000000345e-02 3.465750000000000774e-01
7.506500000000000672e-02 3.438900000000000290e-01
7.377500000000000724e-02 3.412650000000000405e-01
7.303500000000000270e-02 3.389400000000000190e-01
7.302500000000000657e-02 3.372550000000000825e-01
7.376000000000000612e-02 3.369400000000000728e-01
7.467000000000001414e-02 3.375500000000000722e-01
7.562000000000000666e-02 3.390200000000000990e-01
7.670500000000000929e-02 3.414950000000001040e-01
7.823499999999999899e-02 3.445200000000000484e-01
7.958000000000001184e-02 3.470750000000000779e-01
8.074000000000000621e-02 3.495050000000000656e-01
8.152000000000000912e-02 3.514500000000000401e-01
8.142499999999999738e-02 3.533150000000001012e-01
8.066000000000000947e-02 3.564050000000000828e-01
7.996000000000000330e-02 3.597800000000000997e-01
7.974500000000001032e-02 3.619700000000001250e-01
7.999000000000000554e-02 3.635250000000000981e-01
8.078000000000001846e-02 3.647900000000000587e-01
8.123000000000001053e-02 3.653400000000001091e-01
8.152000000000000912e-02 3.659700000000000730e-01
8.149000000000000687e-02 3.668800000000000949e-01
8.174000000000002097e-02 3.682750000000000745e-01
8.241000000000001102e-02 3.702400000000000690e-01
8.331500000000002792e-02 3.729900000000000992e-01
8.450000000000001954e-02 3.761350000000000526e-01
8.523000000000002796e-02 3.799850000000000727e-01
8.588000000000001188e-02 3.849800000000000444e-01
8.692500000000001614e-02 3.900900000000000478e-01
8.852000000000001534e-02 3.948850000000000415e-01
9.052000000000001712e-02 3.997250000000000525e-01
9.131500000000002115e-02 4.052950000000000719e-01
9.246000000000001440e-02 4.115400000000000724e-01
9.327000000000001956e-02 4.172250000000000680e-01
9.539000000000003032e-02 4.239450000000000718e-01
9.829500000000002125e-02 4.318950000000001399e-01
1.013800000000000257e-01 4.409450000000000869e-01
1.046900000000000192e-01 4.508700000000001040e-01
1.084550000000000236e-01 4.613900000000000778e-01
1.134250000000000258e-01 4.725100000000000966e-01
1.193650000000000266e-01 4.844300000000000272e-01
1.257150000000000212e-01 4.985750000000001014e-01
1.325550000000000339e-01 5.146250000000001101e-01
1.401150000000000451e-01 5.321400000000000574e-01
1.482050000000000312e-01 5.496800000000001685e-01
1.555500000000000216e-01 5.660600000000001186e-01
1.623850000000000293e-01 5.816350000000001241e-01
1.686450000000000449e-01 5.960850000000000870e-01
1.741850000000000342e-01 6.094950000000001200e-01
1.788550000000000417e-01 6.222800000000001663e-01
1.826850000000000418e-01 6.352300000000001834e-01
1.873100000000000320e-01 6.473950000000001648e-01
1.918050000000000310e-01 6.574450000000001681e-01
1.961350000000000315e-01 6.660900000000001819e-01
1.999900000000000289e-01 6.727800000000001557e-01
2.032200000000000117e-01 6.777100000000002566e-01
2.061800000000000299e-01 6.815900000000001402e-01
2.093250000000000388e-01 6.844100000000001849e-01
2.122700000000000420e-01 6.856300000000001837e-01
2.138750000000000373e-01 6.872700000000000475e-01
2.159150000000000513e-01 6.895800000000000818e-01
2.177300000000000346e-01 6.916150000000000908e-01
2.195700000000000429e-01 6.946950000000000625e-01
2.213800000000000490e-01 6.986950000000000660e-01
2.233400000000000385e-01 7.031650000000000400e-01
2.257700000000000262e-01 7.083150000000001389e-01
2.292250000000000398e-01 7.142050000000000898e-01
2.332850000000000479e-01 7.199800000000001754e-01
2.375650000000000261e-01 7.257500000000001172e-01
2.416350000000000442e-01 7.317350000000001353e-01
2.452300000000000313e-01 7.372150000000001757e-01
2.477000000000000590e-01 7.414300000000000335e-01
2.498100000000000320e-01 7.451350000000001028e-01
2.519750000000000600e-01 7.489450000000001939e-01
2.541550000000000198e-01 7.529350000000001319e-01
2.568000000000000282e-01 7.571900000000001407e-01
2.596800000000000219e-01 7.608700000000001573e-01
2.626200000000000756e-01 7.639300000000001090e-01
2.653250000000000330e-01 7.668550000000000644e-01
2.675000000000000711e-01 7.697200000000001818e-01
2.692050000000000276e-01 7.726800000000001445e-01
2.710400000000000587e-01 7.756550000000002054e-01
2.729050000000000642e-01 7.781550000000001521e-01
2.745150000000000645e-01 7.804900000000001281e-01
2.764800000000000590e-01 7.822400000000001574e-01
2.792300000000000892e-01 7.825050000000002282e-01
2.816100000000000825e-01 7.819450000000001122e-01
2.838850000000001095e-01 7.811100000000001931e-01
2.853250000000001063e-01 7.796400000000001107e-01
2.867350000000000732e-01 7.774400000000001310e-01
2.880950000000001010e-01 7.733300000000000729e-01
2.887100000000000222e-01 7.677300000000001345e-01
2.882600000000000717e-01 7.619300000000002182e-01
2.864450000000000607e-01 7.561400000000002564e-01
2.835350000000000370e-01 7.507100000000002105e-01
2.807350000000000678e-01 7.458950000000001967e-01
2.784050000000000136e-01 7.414050000000000917e-01
2.760800000000001031e-01 7.365700000000001690e-01
2.733550000000000146e-01 7.322900000000001075e-01
2.705900000000001082e-01 7.291750000000001286e-01
2.680400000000000560e-01 7.265200000000001657e-01
2.663100000000000467e-01 7.249100000000001653e-01
2.659600000000000852e-01 7.248000000000001108e-01
2.674150000000000693e-01 7.256400000000000627e-01
2.689150000000000706e-01 7.251100000000001433e-01
2.690600000000000769e-01 7.226150000000001183e-01
2.690750000000000641e-01 7.197300000000002029e-01
2.684750000000000747e-01 7.150900000000001144e-01
2.666500000000000536e-01 7.080600000000001337e-01
2.634500000000000730e-01 6.997550000000001269e-01
2.597950000000000537e-01 6.907550000000001189e-01
2.561650000000000316e-01 6.815650000000001985e-01
2.524950000000000250e-01 6.733150000000001079e-01
2.500350000000000072e-01 6.670250000000002011e-01
2.492700000000000471e-01 6.620250000000000856e-01
2.487450000000000494e-01 6.579950000000001076e-01
2.481700000000000572e-01 6.568850000000001632e-01
2.477600000000000358e-01 6.589050000000000740e-01
2.475050000000000583e-01 6.638400000000000967e-01
2.485300000000000564e-01 6.715700000000001113e-01
2.521100000000000563e-01 6.810000000000000497e-01
2.575400000000000467e-01 6.929750000000001187e-01
2.649000000000000243e-01 7.063950000000001062e-01
2.719350000000000378e-01 7.194250000000000922e-01
2.783400000000000318e-01 7.321100000000000385e-01
2.838100000000000622e-01 7.427850000000000286e-01
2.868250000000000521e-01 7.509700000000001374e-01
2.887250000000000649e-01 7.581200000000001271e-01
2.895900000000000696e-01 7.636050000000000892e-01
2.904100000000000570e-01 7.687550000000000772e-01
2.916200000000001014e-01 7.733400000000001384e-01
2.925450000000000550e-01 7.760700000000001486e-01
2.932500000000000107e-01 7.777600000000002289e-01
2.933550000000000324e-01 7.793850000000002165e-01
2.940500000000000336e-01 7.806350000000001899e-01
2.950750000000000317e-01 7.816100000000001380e-01
2.959050000000000291e-01 7.820500000000001339e-01
2.964200000000000168e-01 7.825250000000001371e-01
2.963500000000000023e-01 7.835750000000001325e-01
2.960200000000000053e-01 7.847650000000001569e-01
2.955900000000000194e-01 7.864550000000001262e-01
2.954350000000000032e-01 7.888300000000001422e-01
2.957700000000000329e-01 7.907200000000000895e-01
2.968049999999999855e-01 7.906950000000001477e-01
2.976250000000000284e-01 7.889850000000000474e-01
2.982400000000000606e-01 7.872000000000001219e-01
2.983200000000000296e-01 7.864950000000000552e-01
2.981100000000000416e-01 7.864550000000001262e-01
2.978950000000000209e-01 7.866650000000000587e-01
2.976200000000000512e-01 7.868550000000000821e-01
2.976350000000000939e-01 7.872650000000001036e-01
2.980000000000000426e-01 7.876500000000001833e-01
2.988700000000000800e-01 7.879150000000001430e-01
3.006200000000001094e-01 7.881300000000002193e-01
3.031400000000000761e-01 7.871550000000001601e-01
3.053400000000000558e-01 7.854950000000001653e-01
3.063650000000000539e-01 7.828500000000001569e-01
3.070900000000000851e-01 7.795100000000001472e-01
3.078650000000000553e-01 7.755350000000000854e-01
3.072250000000000814e-01 7.721150000000001068e-01
3.063050000000000495e-01 7.697300000000002473e-01
3.044350000000000112e-01 7.662200000000001232e-01
3.021900000000000697e-01 7.630100000000001881e-01
2.996500000000000830e-01 7.608750000000001901e-01
2.971300000000000052e-01 7.579000000000001291e-01
2.948100000000000720e-01 7.536600000000002186e-01
2.927400000000000557e-01 7.485100000000001197e-01
2.901700000000000390e-01 7.426200000000000578e-01
2.872750000000000581e-01 7.366100000000000980e-01
2.838150000000000395e-01 7.299850000000001060e-01
2.801900000000000501e-01 7.232000000000000650e-01
2.775600000000000844e-01 7.149150000000000782e-01
2.738100000000000533e-01 7.051900000000000945e-01
2.694900000000000628e-01 6.965550000000001463e-01
2.657750000000000390e-01 6.888400000000001189e-01
2.630350000000000188e-01 6.797400000000002329e-01
2.608100000000000418e-01 6.688300000000000356e-01
2.583600000000000341e-01 6.571400000000000574e-01
2.557800000000000074e-01 6.459150000000001279e-01
2.528650000000000064e-01 6.353700000000002124e-01
2.494200000000000306e-01 6.255600000000001160e-01
2.462150000000000449e-01 6.163700000000001955e-01
2.431150000000000255e-01 6.072700000000001985e-01
2.402900000000000313e-01 5.987650000000002137e-01
2.375600000000000211e-01 5.907400000000001539e-01
2.347800000000000442e-01 5.835050000000001624e-01
2.321350000000000358e-01 5.766700000000001269e-01
2.299500000000000433e-01 5.694150000000001155e-01
2.274900000000000255e-01 5.618200000000000971e-01
2.247300000000000408e-01 5.543450000000000877e-01
2.216550000000000187e-01 5.475750000000000339e-01
2.188250000000000473e-01 5.421000000000001373e-01
2.170250000000000234e-01 5.369200000000000639e-01
2.158650000000000291e-01 5.318900000000000849e-01
2.145500000000000185e-01 5.271700000000001385e-01
2.121700000000000252e-01 5.225150000000000627e-01
2.090550000000000186e-01 5.182950000000001722e-01
2.061250000000000304e-01 5.142650000000000832e-01
2.032950000000000312e-01 5.095500000000001695e-01
2.007500000000000395e-01 5.046100000000001140e-01
1.987500000000000377e-01 4.994900000000001561e-01
1.970250000000000612e-01 4.938700000000001422e-01
1.955350000000000421e-01 4.877850000000001351e-01
1.935250000000000581e-01 4.811250000000001359e-01
1.908500000000000196e-01 4.741700000000000914e-01
1.878150000000000375e-01 4.659850000000001491e-01
1.843600000000000239e-01 4.569500000000000783e-01
1.811850000000000405e-01 4.477450000000001706e-01
1.775599999999999956e-01 4.378350000000000852e-01
1.731050000000000089e-01 4.279850000000000598e-01
1.690800000000000081e-01 4.193900000000000405e-01
1.654750000000000387e-01 4.108600000000000585e-01
1.626500000000000168e-01 4.029400000000000759e-01
1.611050000000000537e-01 3.956000000000000627e-01
1.606400000000000328e-01 3.883800000000000585e-01
1.604650000000000243e-01 3.819750000000000645e-01
1.603050000000000308e-01 3.771650000000000835e-01
1.599650000000000516e-01 3.734500000000000597e-01
1.595200000000000506e-01 3.709000000000001185e-01
1.591600000000000514e-01 3.698250000000000703e-01
1.591700000000000337e-01 3.698350000000000803e-01
1.596850000000000491e-01 3.699450000000000793e-01
1.602150000000000241e-01 3.696900000000000741e-01
1.608450000000000435e-01 3.691450000000000564e-01
1.611900000000000277e-01 3.685550000000000770e-01
1.614450000000000329e-01 3.681400000000000783e-01
1.618850000000000289e-01 3.669150000000001022e-01
1.625100000000000433e-01 3.644400000000000972e-01
1.628600000000000325e-01 3.611550000000001148e-01
1.623450000000000171e-01 3.572900000000001075e-01
1.602700000000000236e-01 3.535350000000000437e-01
1.572950000000000459e-01 3.500300000000000633e-01
1.537500000000000533e-01 3.459950000000000525e-01
1.497850000000000292e-01 3.414400000000000213e-01
1.458000000000000407e-01 3.364400000000000723e-01
1.419750000000000179e-01 3.305150000000000587e-01
1.382850000000000468e-01 3.236500000000001043e-01
1.344550000000000189e-01 3.159350000000000769e-01
1.302750000000000297e-01 3.072850000000000303e-01
1.254399999999999959e-01 2.974000000000000532e-01
1.201750000000000179e-01 2.866000000000000769e-01
1.151550000000000074e-01 2.745200000000000418e-01
1.106350000000000111e-01 2.608800000000000563e-01
1.055100000000000204e-01 2.453050000000000508e-01
9.996000000000002106e-02 2.291850000000000553e-01
9.471500000000002140e-02 2.136700000000000543e-01
8.946000000000001173e-02 1.992450000000000609e-01
8.401500000000000634e-02 1.863050000000000539e-01
7.915500000000001701e-02 1.748900000000000454e-01
7.479000000000000925e-02 1.635900000000000409e-01
7.059500000000001885e-02 1.527500000000000246e-01
6.687000000000001276e-02 1.432650000000000312e-01
6.339500000000000690e-02 1.354700000000000348e-01
6.090000000000001662e-02 1.298250000000000237e-01
5.915500000000001313e-02 1.249750000000000444e-01
5.788000000000001477e-02 1.211950000000000388e-01
5.667000000000001203e-02 1.192600000000000326e-01
5.515500000000000957e-02 1.184550000000000325e-01
5.350000000000001282e-02 1.182000000000000273e-01
5.390500000000000846e-02 1.180500000000000160e-01
5.427500000000001074e-02 1.176750000000000296e-01
5.434000000000000635e-02 1.161800000000000332e-01
5.478500000000000730e-02 1.150050000000000239e-01
5.458500000000000851e-02 1.125550000000000161e-01
5.494500000000000772e-02 1.087450000000000222e-01
5.368500000000001049e-02 1.036250000000000226e-01
5.207500000000000323e-02 1.002650000000000208e-01
4.958500000000000407e-02 9.794000000000001316e-02
4.697000000000000480e-02 9.584500000000001352e-02
4.535000000000000142e-02 9.301500000000001434e-02
4.237000000000000488e-02 9.017000000000000015e-02
3.979000000000000592e-02 8.752500000000001945e-02
3.744500000000000606e-02 8.468000000000000527e-02
3.633500000000000618e-02 8.162500000000003086e-02
3.420499999999999929e-02 7.898000000000002241e-02
3.156000000000000472e-02 7.569500000000002615e-02
2.889500000000000401e-02 7.168000000000002148e-02
2.583500000000000379e-02 6.617000000000002047e-02
2.445500000000000451e-02 6.159500000000002473e-02
2.290500000000000175e-02 5.817000000000002030e-02
2.245500000000000274e-02 5.577000000000002095e-02
2.129500000000000143e-02 5.266000000000001929e-02
2.074999999999999761e-02 5.182000000000001882e-02
2.015500000000000277e-02 5.108000000000002122e-02
1.878000000000000155e-02 4.963000000000002132e-02
1.753500000000000197e-02 4.892500000000002403e-02
1.596500000000000002e-02 4.809000000000002162e-02
1.422999999999999959e-02 4.662000000000002253e-02
1.244499999999999947e-02 4.467000000000001525e-02
1.043999999999999789e-02 4.281000000000001471e-02
7.744999999999998413e-03 4.029000000000001330e-02
5.029999999999998014e-03 3.753000000000000780e-02
2.504999999999998114e-03 3.435000000000001247e-02
6.549999999999975980e-04 3.142000000000001042e-02
-7.050000000000029333e-04 2.885500000000000911e-02
-1.910000000000002841e-03 2.567500000000001031e-02
-2.460000000000003417e-03 2.220500000000000945e-02
-2.190000000000003576e-03 1.905500000000000596e-02
-1.130000000000002313e-03 1.622000000000000872e-02
3.799999999999977441e-04 1.356000000000000608e-02
2.454999999999998850e-03 1.191000000000000565e-02
4.125000000000000194e-03 1.057500000000000454e-02
5.775000000000000619e-03 8.760000000000002160e-03
7.160000000000001433e-03 6.950000000000002183e-03
8.710000000000000728e-03 6.690000000000006705e-03
1.072000000000000036e-02 7.765000000000006272e-03
1.256000000000000172e-02 8.945000000000005030e-03
1.413500000000000173e-02 1.103500000000000834e-02
1.576000000000000317e-02 1.456500000000000850e-02
1.771000000000000352e-02 1.916000000000001036e-02
2.041000000000000453e-02 2.504000000000001017e-02
2.345000000000000556e-02 3.142000000000001042e-02
2.660000000000000558e-02 3.692500000000001337e-02
2.924000000000000210e-02 4.085500000000001630e-02
3.045000000000000484e-02 4.285500000000001808e-02
3.101000000000000284e-02 4.296000000000002594e-02
3.085500000000000742e-02 4.030000000000001636e-02
2.993000000000000521e-02 3.508000000000001395e-02
2.835000000000000367e-02 2.734000000000001360e-02
2.586000000000000104e-02 1.690000000000001223e-02
2.155000000000000318e-02 4.650000000000007426e-03
1.597500000000000309e-02 -8.389999999999991215e-03
9.335000000000001283e-03 -2.113499999999999407e-02
2.114999999999999693e-03 -3.364000000000000323e-02
-4.375000000000000416e-03 -4.549000000000000266e-02
-9.030000000000001567e-03 -5.627000000000000751e-02
-1.182000000000000065e-02 -6.552500000000001379e-02
-1.339000000000000259e-02 -7.424500000000000544e-02
-1.424500000000000419e-02 -8.241000000000001102e-02
-1.503000000000000516e-02 -8.975000000000002420e-02
-1.586000000000000257e-02 -9.596500000000002251e-02
-1.670500000000000457e-02 -1.010050000000000253e-01
-1.778000000000000413e-02 -1.046650000000000080e-01
-1.896000000000000463e-02 -1.077350000000000252e-01
-1.998000000000000470e-02 -1.107050000000000117e-01
-2.082000000000000517e-02 -1.132250000000000201e-01
-2.182000000000000259e-02 -1.154550000000000159e-01
-2.248000000000000345e-02 -1.172800000000000092e-01
-2.317999999999999922e-02 -1.186450000000000143e-01
-2.322500000000000259e-02 -1.196900000000000186e-01
-2.295500000000000318e-02 -1.207800000000000124e-01
-2.312000000000000166e-02 -1.220400000000000096e-01
-2.377500000000000099e-02 -1.226950000000000124e-01
-2.506500000000000394e-02 -1.218400000000000177e-01
-2.671500000000000263e-02 -1.196700000000000125e-01
-2.803500000000000436e-02 -1.171500000000000180e-01
-2.904500000000000831e-02 -1.154950000000000143e-01
-2.952000000000000457e-02 -1.142250000000000210e-01
-2.950500000000000692e-02 -1.127200000000000146e-01
-2.967500000000000693e-02 -1.118100000000000205e-01
-3.054500000000000617e-02 -1.121600000000000097e-01
-3.217000000000000415e-02 -1.127500000000000169e-01
-3.432000000000000328e-02 -1.132800000000000196e-01
-3.671500000000000458e-02 -1.137750000000000150e-01
-3.892500000000000820e-02 -1.130700000000000038e-01
-4.032500000000000667e-02 -1.116600000000000092e-01
-4.193500000000000699e-02 -1.095150000000000012e-01
-4.366500000000000936e-02 -1.073350000000000137e-01
-4.573500000000001176e-02 -1.054650000000000032e-01
-4.757500000000001311e-02 -1.046200000000000185e-01
-4.932500000000000773e-02 -1.046250000000000097e-01
-5.021000000000001851e-02 -1.046600000000000169e-01
-5.075000000000001732e-02 -1.058500000000000135e-01
-5.018500000000001432e-02 -1.083950000000000191e-01
-4.900000000000001577e-02 -1.109650000000000081e-01
-4.744500000000001494e-02 -1.128200000000000175e-01
-4.631000000000001088e-02 -1.128650000000000209e-01
-4.619000000000000883e-02 -1.110850000000000171e-01
-4.682500000000001245e-02 -1.093850000000000100e-01
-4.746000000000000912e-02 -1.087100000000000150e-01
-4.766500000000001291e-02 -1.091500000000000109e-01
-4.766500000000001291e-02 -1.091500000000000109e-01
