#!MLF!#
"/tmp/ext/data/picklist_212.rec"
0 82000 sil -79.065514
82000 360000 a -240.504608
360000 426000 e -21.627592
426000 660000 i -195.724854
660000 762000 m -20.554337
762000 966000 a -184.303040
966000 996000 e -26.724646
996000 1234000 i -187.905731
1234000 1418000 m -121.594078
1418000 1510000 a -85.014122
1510000 1664000 e -71.185089
1664000 1782000 i -110.097412
1782000 1882000 m -20.908714
1882000 2098000 a -192.862991
2098000 2208000 e -61.895813
2208000 2376000 i -140.773788
2376000 2524000 m 58.347672
2524000 2586000 sil -55.246086
.
