#!MLF!#
"/tmp/ext/data/picklist_202.rec"
0 74000 sil -83.484932
74000 304000 a -218.630264
304000 480000 e -202.385452
480000 738000 i -235.128021
738000 870000 m -116.040428
870000 1102000 a -252.288681
1102000 1228000 e -94.861778
1228000 1442000 i -196.532623
1442000 1550000 m -88.977676
1550000 1782000 a -257.950348
1782000 1906000 e -106.054947
1906000 2104000 i -152.529831
2104000 2182000 m -88.766907
2182000 2448000 a -316.705139
2448000 2562000 e -95.370995
2562000 2762000 i -224.311401
2762000 2950000 m 94.336456
2950000 2962000 sil -45.669773
.
