0.00050111 0.27711162 0.58204588 0.3335578  0.34033719 0.36287842  0.51475587 0.44998219 0.44411745 0.38098864 0.50246853 0.45809662  0.4426108  0.41452704 0.4705883  0.46760634
0.00050111 0.27711162 0.58204588 0.3335578  0.34033719 0.36287842  0.51475587 0.44998219 0.44411745 0.38098864 0.50246853 0.45809662  0.4426108  0.41452704 0.4705883  0.46760634
0.         0.28516253 0.58283399 0.32367871 0.37323926 0.36269704  0.51719234 0.41107804 0.43551331 0.47204634 0.50167857 0.54771807  0.54003457 0.47396526 0.38406494 0.50433029
0.         0.28516253 0.58283399 0.32367871 0.37323926 0.36269704  0.51719234 0.41107804 0.43551331 0.47204634 0.50167857 0.54771807  0.54003457 0.47396526 0.38406494 0.50433029
0.         0.28516253 0.58283399 0.32367871 0.37323926 0.36269704  0.51719234 0.41107804 0.43551331 0.47204634 0.50167857 0.54771807  0.54003457 0.47396526 0.38406494 0.50433029
0.         0.28516253 0.58283399 0.32367871 0.37323926 0.36269704  0.51719234 0.41107804 0.43551331 0.47204634 0.50167857 0.54771807  0.54003457 0.47396526 0.38406494 0.50433029
0.         0.28516253 0.58283399 0.32367871 0.37323926 0.36269704  0.51719234 0.41107804 0.43551331 0.47204634 0.50167857 0.54771807  0.54003457 0.47396526 0.38406494 0.50433029
0.         0.28516253 0.58283399 0.32367871 0.37323926 0.36269704  0.51719234 0.41107804 0.43551331 0.47204634 0.50167857 0.54771807  0.54003457 0.47396526 0.38406494 0.50433029
0.         0.28516253 0.58283399 0.32367871 0.37323926 0.36269704  0.51719234 0.41107804 0.43551331 0.47204634 0.50167857 0.54771807  0.54003457 0.47396526 0.38406494 0.50433029
0.         0.28516253 0.58283399 0.32367871 0.37323926 0.36269704  0.51719234 0.41107804 0.43551331 0.47204634 0.50167857 0.54771807  0.54003457 0.47396526 0.38406494 0.50433029
0.         0.28516253 0.58283399 0.32367871 0.37323926 0.36269704  0.51719234 0.41107804 0.43551331 0.47204634 0.50167857 0.54771807  0.54003457 0.47396526 0.38406494 0.50433029
0.         0.28516253 0.58283399 0.32367871 0.37323926 0.36269704  0.51719234 0.41107804 0.43551331 0.47204634 0.50167857 0.54771807  0.54003457 0.47396526 0.38406494 0.50433029
0.         0.28516253 0.58283399 0.32367871 0.37323926 0.36269704  0.51719234 0.41107804 0.43551331 0.47204634 0.50167857 0.54771807  0.54003457 0.47396526 0.38406494 0.50433029
0.         0.28516253 0.58283399 0.32367871 0.37323926 0.36269704  0.51719234 0.41107804 0.43551331 0.47204634 0.50167857 0.54771807  0.54003457 0.47396526 0.38406494 0.50433029
0.         0.28516253 0.58283399 0.32367871 0.37323926 0.36269704  0.51719234 0.41107804 0.43551331 0.47204634 0.50167857 0.54771807  0.54003457 0.47396526 0.38406494 0.50433029
0.         0.28516253 0.58283399 0.32367871 0.37323926 0.36269704  0.51719234 0.41107804 0.43551331 0.47204634 0.50167857 0.54771807  0.54003457 0.47396526 0.38406494 0.50433029
0.         0.28516253 0.58283399 0.32367871 0.37323926 0.36269704  0.51719234 0.41107804 0.43551331 0.47204634 0.50167857 0.54771807  0.54003457 0.47396526 0.38406494 0.50433029
0.00345893 0.30364278 0.57819525 0.32026704 0.3838176  0.3733055  0.51690784 0.39658336 0.40293954 0.48078062 0.51701845 0.60017224  0.53534112 0.51440632 0.44635913 0.51052044
0.00345893 0.30364278 0.57819525 0.32026704 0.3838176  0.3733055  0.51690784 0.39658336 0.40293954 0.48078062 0.51701845 0.60017224  0.53534112 0.51440632 0.44635913 0.51052044
0.00390551 0.30963648 0.5771507  0.3182171  0.39807319 0.37853668  0.51381152 0.36903511 0.39003154 0.53746948 0.51440854 0.64868978  0.59021435 0.53436482 0.40323233 0.52543457
0.00428854 0.31478235 0.57663791 0.31629075 0.41113982 0.3837298  0.51149694 0.34448747 0.37962353 0.58907071 0.51292498 0.6953233  0.63965844 0.55509207 0.3708616  0.54081663
0.00681043 0.33044036 0.57463947 0.31514792 0.42804192 0.39452434  0.50327782 0.31280227 0.35618553 0.63744559 0.51419188 0.76735076  0.67821934 0.60320054 0.41143375 0.53090805
0.00681043 0.33044036 0.57463947 0.31514792 0.42804192 0.39452434  0.50327782 0.31280227 0.35618553 0.63744559 0.51419188 0.76735076  0.67821934 0.60320054 0.41143375 0.53090805
0.00681043 0.33044036 0.57463947 0.31514792 0.42804192 0.39452434  0.50327782 0.31280227 0.35618553 0.63744559 0.51419188 0.76735076  0.67821934 0.60320054 0.41143375 0.53090805
0.00681043 0.33044036 0.57463947 0.31514792 0.42804192 0.39452434  0.50327782 0.31280227 0.35618553 0.63744559 0.51419188 0.76735076  0.67821934 0.60320054 0.41143375 0.53090805
0.00681043 0.33044036 0.57463947 0.31514792 0.42804192 0.39452434  0.50327782 0.31280227 0.35618553 0.63744559 0.51419188 0.76735076  0.67821934 0.60320054 0.41143375 0.53090805
0.00681043 0.33044036 0.57463947 0.31514792 0.42804192 0.39452434  0.50327782 0.31280227 0.35618553 0.63744559 0.51419188 0.76735076  0.67821934 0.60320054 0.41143375 0.53090805
0.00681043 0.33044036 0.57463947 0.31514792 0.42804192 0.39452434  0.50327782 0.31280227 0.35618553 0.63744559 0.51419188 0.76735076  0.67821934 0.60320054 0.41143375 0.53090805
0.00681043 0.33044036 0.57463947 0.31514792 0.42804192 0.39452434  0.50327782 0.31280227 0.35618553 0.63744559 0.51419188 0.76735076  0.67821934 0.60320054 0.41143375 0.53090805
0.00681043 0.33044036 0.57463947 0.31514792 0.42804192 0.39452434  0.50327782 0.31280227 0.35618553 0.63744559 0.51419188 0.76735076  0.67821934 0.60320054 0.41143375 0.53090805
0.00681043 0.33044036 0.57463947 0.31514792 0.42804192 0.39452434  0.50327782 0.31280227 0.35618553 0.63744559 0.51419188 0.76735076  0.67821934 0.60320054 0.41143375 0.53090805
0.00681043 0.33044036 0.57463947 0.31514792 0.42804192 0.39452434  0.50327782 0.31280227 0.35618553 0.63744559 0.51419188 0.76735076  0.67821934 0.60320054 0.41143375 0.53090805
0.00681043 0.33044036 0.57463947 0.31514792 0.42804192 0.39452434  0.50327782 0.31280227 0.35618553 0.63744559 0.51419188 0.76735076  0.67821934 0.60320054 0.41143375 0.53090805
0.00681043 0.33044036 0.57463947 0.31514792 0.42804192 0.39452434  0.50327782 0.31280227 0.35618553 0.63744559 0.51419188 0.76735076  0.67821934 0.60320054 0.41143375 0.53090805
0.07540332 0.27514846 0.45207099 0.40886719 0.41709574 0.31869239  0.59411599 0.33956408 0.45377783 0.51499901 0.65292368 0.57561256  0.4589779  0.55713697 0.4300612  0.48882982
0.22048185 0.22048126 0.23698285 0.48310432 0.54050756 0.21469979  0.62450587 0.35230715 0.28456173 0.44428051 0.4889726  0.48350482  0.65543587 0.55755534 0.42172688 0.5436823 
0.33114379 0.2008416  0.13571926 0.44004315 0.52091377 0.28304552  0.73359825 0.35704257 0.50392168 0.46745633 0.45786045 0.54445585  0.6802478  0.4879896  0.45040181 0.54637276
0.40629035 0.16464315 0.09729458 0.46941361 0.24405913 0.42593282  0.64628279 0.45142153 0.59760233 0.40076838 0.29973069 0.47439296  0.72458308 0.40888357 0.43412    0.49968575
0.59096644 0.13426553 0.23318987 0.1954722  0.23006432 0.43432315  0.39288959 0.50204997 0.43265065 0.53074156 0.39604535 0.4171645  0.31633951 0.48201688 0.44361265 0.3915858 
0.63825258 0.13289574 0.3042494  0.1378761  0.19609064 0.43037606  0.38082211 0.4514272  0.39598451 0.60325587 0.47527691 0.30760171  0.29552058 0.58152792 0.40085903 0.42120361
0.66408375 0.13614559 0.3664064  0.14878205 0.17225997 0.37132135  0.41417801 0.40667991 0.36435445 0.66435884 0.45506311 0.27493129  0.28343846 0.51099775 0.47549009 0.48597151
0.67350155 0.12906385 0.39691895 0.17224419 0.17782859 0.37541046  0.43265163 0.37186246 0.37034227 0.62657121 0.39621431 0.28472462  0.22027346 0.53892858 0.4861481  0.55064991
0.7176689  0.11808567 0.52462303 0.24716638 0.17036776 0.30671162  0.48315485 0.29788183 0.38594967 0.59206791 0.3187573  0.30392546  0.26421581 0.45326236 0.61114705 0.6465795 
0.76510428 0.09871782 0.6439817  0.297256   0.17641111 0.28161057  0.47924431 0.25358796 0.40727581 0.4449469  0.41351442 0.35841834  0.47292541 0.43326642 0.65492787 0.66991626
0.78502942 0.07769357 0.69438153 0.33398815 0.21149953 0.317523  0.44760394 0.2410314  0.41213996 0.28280525 0.50235455 0.44360657  0.57216928 0.43646686 0.58935925 0.62160013
0.78502942 0.07769357 0.69438153 0.33398815 0.21149953 0.317523  0.44760394 0.2410314  0.41213996 0.28280525 0.50235455 0.44360657  0.57216928 0.43646686 0.58935925 0.62160013
0.79609954 0.09652358 0.70765103 0.33711952 0.19478103 0.29150169  0.48731071 0.26446116 0.38066193 0.27846598 0.4965862  0.46868425  0.53465973 0.38420942 0.51358836 0.61086286
0.80107501 0.09080198 0.72730566 0.36401734 0.20763588 0.31606815  0.5163164  0.26132996 0.36185219 0.2771897  0.45549666 0.48911004  0.45898757 0.3580707  0.4770046  0.55635081
0.80584846 0.08385151 0.74549503 0.39039258 0.22437757 0.35183787  0.5395458  0.26166016 0.34140098 0.26712571 0.4378664  0.50241815  0.40722293 0.32700481 0.4239488  0.51142433
0.80584846 0.08385151 0.74549503 0.39039258 0.22437757 0.35183787  0.5395458  0.26166016 0.34140098 0.26712571 0.4378664  0.50241815  0.40722293 0.32700481 0.4239488  0.51142433
0.81328183 0.08714018 0.77040648 0.42027546 0.22796484 0.32813125  0.55512242 0.28613431 0.35877981 0.28917236 0.40584111 0.54066232  0.4118615  0.31258487 0.43125303 0.42963657
0.81328183 0.08714018 0.77040648 0.42027546 0.22796484 0.32813125  0.55512242 0.28613431 0.35877981 0.28917236 0.40584111 0.54066232  0.4118615  0.31258487 0.43125303 0.42963657
0.81328183 0.08714018 0.77040648 0.42027546 0.22796484 0.32813125  0.55512242 0.28613431 0.35877981 0.28917236 0.40584111 0.54066232  0.4118615  0.31258487 0.43125303 0.42963657
0.81328183 0.08714018 0.77040648 0.42027546 0.22796484 0.32813125  0.55512242 0.28613431 0.35877981 0.28917236 0.40584111 0.54066232  0.4118615  0.31258487 0.43125303 0.42963657
0.81328183 0.08714018 0.77040648 0.42027546 0.22796484 0.32813125  0.55512242 0.28613431 0.35877981 0.28917236 0.40584111 0.54066232  0.4118615  0.31258487 0.43125303 0.42963657
0.81625496 0.08295123 0.78267857 0.44276001 0.24296623 0.36077779  0.57511399 0.29973811 0.33786834 0.30798941 0.39980072 0.53925491  0.37951415 0.28321727 0.40064365 0.39615767
0.81625496 0.08295123 0.78267857 0.44276001 0.24296623 0.36077779  0.57511399 0.29973811 0.33786834 0.30798941 0.39980072 0.53925491  0.37951415 0.28321727 0.40064365 0.39615767
0.82093074 0.08148606 0.80103218 0.47492221 0.26083942 0.38498112  0.59356943 0.31927925 0.33697108 0.30935536 0.37607998 0.55449792  0.3418353  0.28870144 0.37360417 0.28948853
0.82508484 0.07874436 0.81653135 0.50399415 0.28123921 0.420029  0.60569935 0.34228087 0.33308289 0.31161316 0.37736935 0.55533848  0.33250636 0.29074149 0.34087994 0.21807907
0.82749612 0.07459467 0.82531577 0.52283367 0.29851096 0.45771199  0.61366451 0.35818123 0.31458018 0.32715689 0.39796407 0.53917296  0.33531221 0.26103207 0.32230155 0.2333768 
0.82749612 0.07459467 0.82531577 0.52283367 0.29851096 0.45771199  0.61366451 0.35818123 0.31458018 0.32715689 0.39796407 0.53917296  0.33531221 0.26103207 0.32230155 0.2333768 
0.82749612 0.07459467 0.82531577 0.52283367 0.29851096 0.45771199  0.61366451 0.35818123 0.31458018 0.32715689 0.39796407 0.53917296  0.33531221 0.26103207 0.32230155 0.2333768 
0.82749612 0.07459467 0.82531577 0.52283367 0.29851096 0.45771199  0.61366451 0.35818123 0.31458018 0.32715689 0.39796407 0.53917296  0.33531221 0.26103207 0.32230155 0.2333768 
0.82749612 0.07459467 0.82531577 0.52283367 0.29851096 0.45771199  0.61366451 0.35818123 0.31458018 0.32715689 0.39796407 0.53917296  0.33531221 0.26103207 0.32230155 0.2333768 
0.82749612 0.07459467 0.82531577 0.52283367 0.29851096 0.45771199  0.61366451 0.35818123 0.31458018 0.32715689 0.39796407 0.53917296  0.33531221 0.26103207 0.32230155 0.2333768 
0.82749612 0.07459467 0.82531577 0.52283367 0.29851096 0.45771199  0.61366451 0.35818123 0.31458018 0.32715689 0.39796407 0.53917296  0.33531221 0.26103207 0.32230155 0.2333768 
0.80899264 0.05247599 0.78713483 0.48981942 0.31164218 0.50743992  0.55838112 0.31027732 0.32867937 0.30944951 0.4357577  0.47585111  0.36818319 0.32770944 0.39076822 0.32590183
0.80431686 0.05394117 0.76878123 0.45765722 0.29376899 0.48323659  0.53992568 0.29073618 0.32957663 0.30808355 0.45947845 0.4606081  0.40586205 0.32222527 0.4178077  0.43257098
0.78840271 0.04957412 0.72569812 0.41853256 0.28645952 0.48585946  0.50165371 0.26541962 0.35615349 0.26833275 0.46272706 0.4444911  0.40770662 0.39063786 0.43454058 0.52220997
0.76332894 0.05076104 0.65056904 0.3590471  0.28354974 0.51655837  0.44858972 0.27491365 0.37913858 0.20941019 0.51896124 0.43090522  0.42985278 0.5254666  0.39206414 0.54201208
0.69950626 0.04344757 0.52007936 0.3319691  0.31884934 0.51665305  0.29230294 0.32009925 0.54098087 0.15237671 0.51517287 0.50057982  0.49771206 0.63231895 0.29946474 0.6428408 
0.57230892 0.07898108 0.26402059 0.3229912  0.34577824 0.48690059  0.23669112 0.488209   0.5611392  0.2583646  0.46916035 0.6168198  0.46584717 0.45356815 0.30754166 0.55676476
0.49063245 0.11401991 0.15118532 0.34975459 0.32805047 0.38407263  0.25527853 0.53853442 0.5006448  0.46541873 0.40019664 0.57807294  0.35733223 0.30684489 0.47651383 0.51164464
0.4168101  0.11597506 0.15360276 0.47855629 0.35871464 0.28546842  0.22097568 0.50026138 0.396823   0.45757903 0.47326936 0.56113486  0.30172091 0.2810296  0.51900522 0.56721544
0.21782691 0.18146412 0.26962118 0.58532934 0.3144537  0.24325157  0.33357743 0.45004835 0.10435652 0.35372605 0.36675492 0.34918447  0.60017214 0.52017598 0.42714992 0.4637788 
0.12888689 0.2230655  0.37214632 0.54827943 0.25228972 0.3000006  0.39163635 0.44673394 0.10706275 0.34117175 0.33361048 0.31647205  0.69532749 0.58377069 0.36342039 0.4141511 
0.09336447 0.2386705  0.43741731 0.50048289 0.22101003 0.34417269  0.37351292 0.46501957 0.16284803 0.34920023 0.31406842 0.37039999  0.68598422 0.52899418 0.38897579 0.45354754
0.02865296 0.26517764 0.54378343 0.39501782 0.26483705 0.37313144  0.42815631 0.46697228 0.32008081 0.3691915  0.39703253 0.43771249  0.56224408 0.45370402 0.43566476 0.46677206
0.01127263 0.27312044 0.56699535 0.39141017 0.23694552 0.39737547  0.44866587 0.45075845 0.41690237 0.39722444 0.48009993 0.47894387  0.47222712 0.42524697 0.45818264 0.47346974
0.00050111 0.27711162 0.58204588 0.3335578  0.34033719 0.36287842  0.51475587 0.44998219 0.44411745 0.38098864 0.50246853 0.45809662  0.4426108  0.41452704 0.4705883  0.46760634
0.00050111 0.27711162 0.58204588 0.3335578  0.34033719 0.36287842  0.51475587 0.44998219 0.44411745 0.38098864 0.50246853 0.45809662  0.4426108  0.41452704 0.4705883  0.46760634
0.00050111 0.27711162 0.58204588 0.3335578  0.34033719 0.36287842  0.51475587 0.44998219 0.44411745 0.38098864 0.50246853 0.45809662  0.4426108  0.41452704 0.4705883  0.46760634
0.00050111 0.27711162 0.58204588 0.3335578  0.34033719 0.36287842  0.51475587 0.44998219 0.44411745 0.38098864 0.50246853 0.45809662  0.4426108  0.41452704 0.4705883  0.46760634
0.00050111 0.27711162 0.58204588 0.3335578  0.34033719 0.36287842  0.51475587 0.44998219 0.44411745 0.38098864 0.50246853 0.45809662  0.4426108  0.41452704 0.4705883  0.46760634
0.00050111 0.27711162 0.58204588 0.3335578  0.34033719 0.36287842  0.51475587 0.44998219 0.44411745 0.38098864 0.50246853 0.45809662  0.4426108  0.41452704 0.4705883  0.46760634
0.00050111 0.27711162 0.58204588 0.3335578  0.34033719 0.36287842  0.51475587 0.44998219 0.44411745 0.38098864 0.50246853 0.45809662  0.4426108  0.41452704 0.4705883  0.46760634
0.00050111 0.27711162 0.58204588 0.3335578  0.34033719 0.36287842  0.51475587 0.44998219 0.44411745 0.38098864 0.50246853 0.45809662  0.4426108  0.41452704 0.4705883  0.46760634
0.00050111 0.27711162 0.58204588 0.3335578  0.34033719 0.36287842  0.51475587 0.44998219 0.44411745 0.38098864 0.50246853 0.45809662  0.4426108  0.41452704 0.4705883  0.46760634
0.00050111 0.27711162 0.58204588 0.3335578  0.34033719 0.36287842  0.51475587 0.44998219 0.44411745 0.38098864 0.50246853 0.45809662  0.4426108  0.41452704 0.4705883  0.46760634
0.00050111 0.27711162 0.58204588 0.3335578  0.34033719 0.36287842  0.51475587 0.44998219 0.44411745 0.38098864 0.50246853 0.45809662  0.4426108  0.41452704 0.4705883  0.46760634
0.00050111 0.27711162 0.58204588 0.3335578  0.34033719 0.36287842  0.51475587 0.44998219 0.44411745 0.38098864 0.50246853 0.45809662  0.4426108  0.41452704 0.4705883  0.46760634
0.00050111 0.27711162 0.58204588 0.3335578  0.34033719 0.36287842  0.51475587 0.44998219 0.44411745 0.38098864 0.50246853 0.45809662  0.4426108  0.41452704 0.4705883  0.46760634
0.00050111 0.27711162 0.58204588 0.3335578  0.34033719 0.36287842  0.51475587 0.44998219 0.44411745 0.38098864 0.50246853 0.45809662  0.4426108  0.41452704 0.4705883  0.46760634
0.00050111 0.27711162 0.58204588 0.3335578  0.34033719 0.36287842  0.51475587 0.44998219 0.44411745 0.38098864 0.50246853 0.45809662  0.4426108  0.41452704 0.4705883  0.46760634
0.00050111 0.27711162 0.58204588 0.3335578  0.34033719 0.36287842  0.51475587 0.44998219 0.44411745 0.38098864 0.50246853 0.45809662  0.4426108  0.41452704 0.4705883  0.46760634
0.00050111 0.27711162 0.58204588 0.3335578  0.34033719 0.36287842  0.51475587 0.44998219 0.44411745 0.38098864 0.50246853 0.45809662  0.4426108  0.41452704 0.4705883  0.46760634
0.00050111 0.27711162 0.58204588 0.3335578  0.34033719 0.36287842  0.51475587 0.44998219 0.44411745 0.38098864 0.50246853 0.45809662  0.4426108  0.41452704 0.4705883  0.46760634
0.         0.28516253 0.58283399 0.32367871 0.37323926 0.36269704  0.51719234 0.41107804 0.43551331 0.47204634 0.50167857 0.54771807  0.54003457 0.47396526 0.38406494 0.50433029
0.         0.28516253 0.58283399 0.32367871 0.37323926 0.36269704  0.51719234 0.41107804 0.43551331 0.47204634 0.50167857 0.54771807  0.54003457 0.47396526 0.38406494 0.50433029
0.         0.28516253 0.58283399 0.32367871 0.37323926 0.36269704  0.51719234 0.41107804 0.43551331 0.47204634 0.50167857 0.54771807  0.54003457 0.47396526 0.38406494 0.50433029
