0.00039479 0.36283831 0.35232302 0.39930133 0.34523319 0.50234819  0.48417291 0.45702496 0.47508945 0.39693445 0.45000532 0.44589633  0.47476172 0.42761975 0.50206904 0.41641874
0.00039479 0.36283831 0.35232302 0.39930133 0.34523319 0.50234819  0.48417291 0.45702496 0.47508945 0.39693445 0.45000532 0.44589633  0.47476172 0.42761975 0.50206904 0.41641874
0.00039479 0.36283831 0.35232302 0.39930133 0.34523319 0.50234819  0.48417291 0.45702496 0.47508945 0.39693445 0.45000532 0.44589633  0.47476172 0.42761975 0.50206904 0.41641874
0.00039479 0.36283831 0.35232302 0.39930133 0.34523319 0.50234819  0.48417291 0.45702496 0.47508945 0.39693445 0.45000532 0.44589633  0.47476172 0.42761975 0.50206904 0.41641874
0.00039479 0.36283831 0.35232302 0.39930133 0.34523319 0.50234819  0.48417291 0.45702496 0.47508945 0.39693445 0.45000532 0.44589633  0.47476172 0.42761975 0.50206904 0.41641874
0.00039479 0.36283831 0.35232302 0.39930133 0.34523319 0.50234819  0.48417291 0.45702496 0.47508945 0.39693445 0.45000532 0.44589633  0.47476172 0.42761975 0.50206904 0.41641874
0.00039479 0.36283831 0.35232302 0.39930133 0.34523319 0.50234819  0.48417291 0.45702496 0.47508945 0.39693445 0.45000532 0.44589633  0.47476172 0.42761975 0.50206904 0.41641874
0.00039479 0.36283831 0.35232302 0.39930133 0.34523319 0.50234819  0.48417291 0.45702496 0.47508945 0.39693445 0.45000532 0.44589633  0.47476172 0.42761975 0.50206904 0.41641874
0.00039479 0.36283831 0.35232302 0.39930133 0.34523319 0.50234819  0.48417291 0.45702496 0.47508945 0.39693445 0.45000532 0.44589633  0.47476172 0.42761975 0.50206904 0.41641874
0.00039479 0.36283831 0.35232302 0.39930133 0.34523319 0.50234819  0.48417291 0.45702496 0.47508945 0.39693445 0.45000532 0.44589633  0.47476172 0.42761975 0.50206904 0.41641874
0.00039479 0.36283831 0.35232302 0.39930133 0.34523319 0.50234819  0.48417291 0.45702496 0.47508945 0.39693445 0.45000532 0.44589633  0.47476172 0.42761975 0.50206904 0.41641874
0.00039479 0.36283831 0.35232302 0.39930133 0.34523319 0.50234819  0.48417291 0.45702496 0.47508945 0.39693445 0.45000532 0.44589633  0.47476172 0.42761975 0.50206904 0.41641874
0.00039479 0.36283831 0.35232302 0.39930133 0.34523319 0.50234819  0.48417291 0.45702496 0.47508945 0.39693445 0.45000532 0.44589633  0.47476172 0.42761975 0.50206904 0.41641874
0.00039479 0.36283831 0.35232302 0.39930133 0.34523319 0.50234819  0.48417291 0.45702496 0.47508945 0.39693445 0.45000532 0.44589633  0.47476172 0.42761975 0.50206904 0.41641874
0.00039479 0.36283831 0.35232302 0.39930133 0.34523319 0.50234819  0.48417291 0.45702496 0.47508945 0.39693445 0.45000532 0.44589633  0.47476172 0.42761975 0.50206904 0.41641874
0.00039479 0.36283831 0.35232302 0.39930133 0.34523319 0.50234819  0.48417291 0.45702496 0.47508945 0.39693445 0.45000532 0.44589633  0.47476172 0.42761975 0.50206904 0.41641874
0.00039479 0.36283831 0.35232302 0.39930133 0.34523319 0.50234819  0.48417291 0.45702496 0.47508945 0.39693445 0.45000532 0.44589633  0.47476172 0.42761975 0.50206904 0.41641874
0.00039479 0.36283831 0.35232302 0.39930133 0.34523319 0.50234819  0.48417291 0.45702496 0.47508945 0.39693445 0.45000532 0.44589633  0.47476172 0.42761975 0.50206904 0.41641874
0.00039479 0.36283831 0.35232302 0.39930133 0.34523319 0.50234819  0.48417291 0.45702496 0.47508945 0.39693445 0.45000532 0.44589633  0.47476172 0.42761975 0.50206904 0.41641874
0.00039479 0.36283831 0.35232302 0.39930133 0.34523319 0.50234819  0.48417291 0.45702496 0.47508945 0.39693445 0.45000532 0.44589633  0.47476172 0.42761975 0.50206904 0.41641874
0.00039479 0.36283831 0.35232302 0.39930133 0.34523319 0.50234819  0.48417291 0.45702496 0.47508945 0.39693445 0.45000532 0.44589633  0.47476172 0.42761975 0.50206904 0.41641874
0.00039479 0.36283831 0.35232302 0.39930133 0.34523319 0.50234819  0.48417291 0.45702496 0.47508945 0.39693445 0.45000532 0.44589633  0.47476172 0.42761975 0.50206904 0.41641874
0.00039479 0.36283831 0.35232302 0.39930133 0.34523319 0.50234819  0.48417291 0.45702496 0.47508945 0.39693445 0.45000532 0.44589633  0.47476172 0.42761975 0.50206904 0.41641874
0.00039479 0.36283831 0.35232302 0.39930133 0.34523319 0.50234819  0.48417291 0.45702496 0.47508945 0.39693445 0.45000532 0.44589633  0.47476172 0.42761975 0.50206904 0.41641874
0.00039479 0.36283831 0.35232302 0.39930133 0.34523319 0.50234819  0.48417291 0.45702496 0.47508945 0.39693445 0.45000532 0.44589633  0.47476172 0.42761975 0.50206904 0.41641874
0.00039479 0.36283831 0.35232302 0.39930133 0.34523319 0.50234819  0.48417291 0.45702496 0.47508945 0.39693445 0.45000532 0.44589633  0.47476172 0.42761975 0.50206904 0.41641874
0.00039479 0.36283831 0.35232302 0.39930133 0.34523319 0.50234819  0.48417291 0.45702496 0.47508945 0.39693445 0.45000532 0.44589633  0.47476172 0.42761975 0.50206904 0.41641874
0.00039479 0.36283831 0.35232302 0.39930133 0.34523319 0.50234819  0.48417291 0.45702496 0.47508945 0.39693445 0.45000532 0.44589633  0.47476172 0.42761975 0.50206904 0.41641874
0.00039479 0.36283831 0.35232302 0.39930133 0.34523319 0.50234819  0.48417291 0.45702496 0.47508945 0.39693445 0.45000532 0.44589633  0.47476172 0.42761975 0.50206904 0.41641874
0.00039479 0.36283831 0.35232302 0.39930133 0.34523319 0.50234819  0.48417291 0.45702496 0.47508945 0.39693445 0.45000532 0.44589633  0.47476172 0.42761975 0.50206904 0.41641874
0.00039479 0.36283831 0.35232302 0.39930133 0.34523319 0.50234819  0.48417291 0.45702496 0.47508945 0.39693445 0.45000532 0.44589633  0.47476172 0.42761975 0.50206904 0.41641874
0.00039479 0.36283831 0.35232302 0.39930133 0.34523319 0.50234819  0.48417291 0.45702496 0.47508945 0.39693445 0.45000532 0.44589633  0.47476172 0.42761975 0.50206904 0.41641874
0.00039479 0.36283831 0.35232302 0.39930133 0.34523319 0.50234819  0.48417291 0.45702496 0.47508945 0.39693445 0.45000532 0.44589633  0.47476172 0.42761975 0.50206904 0.41641874
0.00039479 0.36283831 0.35232302 0.39930133 0.34523319 0.50234819  0.48417291 0.45702496 0.47508945 0.39693445 0.45000532 0.44589633  0.47476172 0.42761975 0.50206904 0.41641874
0.00039479 0.36283831 0.35232302 0.39930133 0.34523319 0.50234819  0.48417291 0.45702496 0.47508945 0.39693445 0.45000532 0.44589633  0.47476172 0.42761975 0.50206904 0.41641874
0.00039479 0.36283831 0.35232302 0.39930133 0.34523319 0.50234819  0.48417291 0.45702496 0.47508945 0.39693445 0.45000532 0.44589633  0.47476172 0.42761975 0.50206904 0.41641874
0.00039479 0.36283831 0.35232302 0.39930133 0.34523319 0.50234819  0.48417291 0.45702496 0.47508945 0.39693445 0.45000532 0.44589633  0.47476172 0.42761975 0.50206904 0.41641874
0.00039479 0.36283831 0.35232302 0.39930133 0.34523319 0.50234819  0.48417291 0.45702496 0.47508945 0.39693445 0.45000532 0.44589633  0.47476172 0.42761975 0.50206904 0.41641874
0.00039479 0.36283831 0.35232302 0.39930133 0.34523319 0.50234819  0.48417291 0.45702496 0.47508945 0.39693445 0.45000532 0.44589633  0.47476172 0.42761975 0.50206904 0.41641874
0.00039479 0.36283831 0.35232302 0.39930133 0.34523319 0.50234819  0.48417291 0.45702496 0.47508945 0.39693445 0.45000532 0.44589633  0.47476172 0.42761975 0.50206904 0.41641874
0.00039479 0.36283831 0.35232302 0.39930133 0.34523319 0.50234819  0.48417291 0.45702496 0.47508945 0.39693445 0.45000532 0.44589633  0.47476172 0.42761975 0.50206904 0.41641874
0.00039479 0.36283831 0.35232302 0.39930133 0.34523319 0.50234819  0.48417291 0.45702496 0.47508945 0.39693445 0.45000532 0.44589633  0.47476172 0.42761975 0.50206904 0.41641874
0.00039479 0.36283831 0.35232302 0.39930133 0.34523319 0.50234819  0.48417291 0.45702496 0.47508945 0.39693445 0.45000532 0.44589633  0.47476172 0.42761975 0.50206904 0.41641874
0.00039479 0.36283831 0.35232302 0.39930133 0.34523319 0.50234819  0.48417291 0.45702496 0.47508945 0.39693445 0.45000532 0.44589633  0.47476172 0.42761975 0.50206904 0.41641874
0.00039479 0.36283831 0.35232302 0.39930133 0.34523319 0.50234819  0.48417291 0.45702496 0.47508945 0.39693445 0.45000532 0.44589633  0.47476172 0.42761975 0.50206904 0.41641874
0.00039479 0.36283831 0.35232302 0.39930133 0.34523319 0.50234819  0.48417291 0.45702496 0.47508945 0.39693445 0.45000532 0.44589633  0.47476172 0.42761975 0.50206904 0.41641874
0.00039479 0.36283831 0.35232302 0.39930133 0.34523319 0.50234819  0.48417291 0.45702496 0.47508945 0.39693445 0.45000532 0.44589633  0.47476172 0.42761975 0.50206904 0.41641874
0.00039479 0.36283831 0.35232302 0.39930133 0.34523319 0.50234819  0.48417291 0.45702496 0.47508945 0.39693445 0.45000532 0.44589633  0.47476172 0.42761975 0.50206904 0.41641874
0.00039479 0.36283831 0.35232302 0.39930133 0.34523319 0.50234819  0.48417291 0.45702496 0.47508945 0.39693445 0.45000532 0.44589633  0.47476172 0.42761975 0.50206904 0.41641874
0.00039479 0.36283831 0.35232302 0.39930133 0.34523319 0.50234819  0.48417291 0.45702496 0.47508945 0.39693445 0.45000532 0.44589633  0.47476172 0.42761975 0.50206904 0.41641874
0.00039479 0.36283831 0.35232302 0.39930133 0.34523319 0.50234819  0.48417291 0.45702496 0.47508945 0.39693445 0.45000532 0.44589633  0.47476172 0.42761975 0.50206904 0.41641874
0.00039479 0.36283831 0.35232302 0.39930133 0.34523319 0.50234819  0.48417291 0.45702496 0.47508945 0.39693445 0.45000532 0.44589633  0.47476172 0.42761975 0.50206904 0.41641874
0.00039479 0.36283831 0.35232302 0.39930133 0.34523319 0.50234819  0.48417291 0.45702496 0.47508945 0.39693445 0.45000532 0.44589633  0.47476172 0.42761975 0.50206904 0.41641874
0.03525649 0.41685964 0.32437467 0.45347996 0.36854765 0.43569141  0.43485985 0.4975719  0.47652552 0.39120509 0.39620065 0.45304628  0.55757342 0.45566594 0.52722734 0.46096477
0.10846349 0.5161602  0.27485696 0.52488035 0.38998215 0.39558002  0.37786764 0.52084603 0.54171124 0.38639428 0.46754028 0.44026698  0.50485682 0.51615751 0.63764816 0.40001787
0.23806457 0.66057919 0.20854755 0.5833577  0.37686202 0.46035204  0.33208982 0.51045003 0.63596623 0.40534586 0.58362959 0.43108508  0.42566008 0.48533513 0.63293021 0.3902919 
0.3292695  0.74684638 0.17408619 0.60904989 0.34387596 0.5607754  0.30423723 0.44505516 0.65059194 0.46386287 0.50411691 0.46610185  0.47076633 0.40515406 0.51679012 0.5032221 
0.5714099  0.77708272 0.34752619 0.54463712 0.11739498 0.68857062  0.38630536 0.48347301 0.44086829 0.46317401 0.46611666 0.44453413  0.52598815 0.49412174 0.1501058  0.38029333
0.64657959 0.74147233 0.54666884 0.58422103 0.06813083 0.61653549  0.33623964 0.53785761 0.33194789 0.46117215 0.46515709 0.44935297  0.37808903 0.49292916 0.26171486 0.27655082
0.68543392 0.74550853 0.64545108 0.58108325 0.04550207 0.57338609  0.43465551 0.53285676 0.39678112 0.31846687 0.46627911 0.40957395  0.4638059  0.39693765 0.40980816 0.3692884 
0.70566381 0.73103894 0.68414466 0.55691615 0.05280182 0.55004882  0.41674742 0.58911301 0.41820131 0.31459945 0.41373454 0.36838005  0.34059961 0.32135973 0.47678604 0.36369618
0.71280319 0.75874476 0.74116446 0.5392288  0.11506401 0.57031408  0.39134962 0.57611722 0.3962644  0.24748797 0.39774161 0.35029501  0.28382363 0.3122354  0.49904358 0.35740704
0.71280319 0.75874476 0.74116446 0.5392288  0.11506401 0.57031408  0.39134962 0.57611722 0.3962644  0.24748797 0.39774161 0.35029501  0.28382363 0.3122354  0.49904358 0.35740704
0.71280319 0.75874476 0.74116446 0.5392288  0.11506401 0.57031408  0.39134962 0.57611722 0.3962644  0.24748797 0.39774161 0.35029501  0.28382363 0.3122354  0.49904358 0.35740704
0.71280319 0.75874476 0.74116446 0.5392288  0.11506401 0.57031408  0.39134962 0.57611722 0.3962644  0.24748797 0.39774161 0.35029501  0.28382363 0.3122354  0.49904358 0.35740704
0.71280319 0.75874476 0.74116446 0.5392288  0.11506401 0.57031408  0.39134962 0.57611722 0.3962644  0.24748797 0.39774161 0.35029501  0.28382363 0.3122354  0.49904358 0.35740704
0.71280319 0.75874476 0.74116446 0.5392288  0.11506401 0.57031408  0.39134962 0.57611722 0.3962644  0.24748797 0.39774161 0.35029501  0.28382363 0.3122354  0.49904358 0.35740704
0.71280319 0.75874476 0.74116446 0.5392288  0.11506401 0.57031408  0.39134962 0.57611722 0.3962644  0.24748797 0.39774161 0.35029501  0.28382363 0.3122354  0.49904358 0.35740704
0.71280319 0.75874476 0.74116446 0.5392288  0.11506401 0.57031408  0.39134962 0.57611722 0.3962644  0.24748797 0.39774161 0.35029501  0.28382363 0.3122354  0.49904358 0.35740704
0.70155001 0.7152571  0.65329333 0.56673812 0.03707429 0.55038704  0.41837679 0.59022656 0.40685986 0.30733756 0.44692954 0.42531659  0.36620738 0.29696042 0.49111036 0.39147632
0.66664813 0.71059759 0.53449783 0.57650042 0.0321386  0.61807858  0.38298224 0.54088741 0.28659227 0.30539125 0.5455975  0.52001875  0.59715884 0.37385636 0.4485596  0.28926481
0.57691721 0.75307857 0.28531827 0.49760357 0.14768605 0.7513978  0.37934047 0.51986373 0.38153312 0.40557372 0.51857129 0.48292745  0.77105434 0.47725104 0.18980648 0.27862275
0.54429344 0.76059061 0.18120761 0.42309789 0.22479735 0.78215615  0.38561738 0.57718764 0.47631058 0.4085901  0.43674845 0.41698499  0.62497076 0.35664509 0.24123413 0.37522093
0.52884152 0.77395563 0.15806754 0.41527683 0.24887085 0.76523002  0.4303868  0.5668992  0.52686922 0.38984976 0.47905139 0.41193488  0.63089425 0.36440641 0.29725751 0.44350019
0.47681929 0.80959576 0.12749145 0.49015345 0.30693238 0.6782693  0.49014772 0.44520121 0.56477099 0.40392997 0.63175481 0.40811068  0.47620197 0.37808742 0.38644123 0.42043074
0.45897988 0.82090494 0.12868243 0.53369618 0.30899141 0.66975993  0.45636899 0.40061998 0.56590799 0.43330554 0.60340142 0.42570883  0.39612583 0.34770569 0.37657972 0.40835261
0.44054965 0.82022789 0.12361278 0.55557381 0.33438396 0.60795342  0.46314807 0.39556488 0.55763478 0.4277996  0.63100969 0.42226633  0.33193637 0.36346912 0.41500279 0.3699135 
0.44054965 0.82022789 0.12361278 0.55557381 0.33438396 0.60795342  0.46314807 0.39556488 0.55763478 0.4277996  0.63100969 0.42226633  0.33193637 0.36346912 0.41500279 0.3699135 
0.44054965 0.82022789 0.12361278 0.55557381 0.33438396 0.60795342  0.46314807 0.39556488 0.55763478 0.4277996  0.63100969 0.42226633  0.33193637 0.36346912 0.41500279 0.3699135 
0.49420437 0.7937186  0.12995003 0.44886392 0.30145873 0.68354487  0.50167774 0.51131743 0.56766515 0.38160458 0.6393356  0.39536778  0.54291297 0.3938165  0.39514976 0.43842189
0.5114926  0.78429312 0.14426298 0.4323876  0.27509106 0.72530551  0.46525662 0.54061202 0.54721396 0.38800691 0.561128   0.40469863  0.58495459 0.38051023 0.34102423 0.44383127
0.59787761 0.73134667 0.12022963 0.27059545 0.29584709 0.67845973  0.66056277 0.55335991 0.40061692 0.40211321 0.42785235 0.44404497  0.69609507 0.42322775 0.46911648 0.50576494
0.68876911 0.55670912 0.12158425 0.13225471 0.30615699 0.53592245  0.53294428 0.69344621 0.53844639 0.35568618 0.41378574 0.48517776  0.50927056 0.44996623 0.55661891 0.53779928
0.73124847 0.50231198 0.18481535 0.16337776 0.23559513 0.51746784  0.44685542 0.75098679 0.41376612 0.44732808 0.39518859 0.52633326  0.36894615 0.41879607 0.5433159  0.41229915
0.78752159 0.50007499 0.38319793 0.27350054 0.1121393  0.42382752  0.49386263 0.68517718 0.33968812 0.48097675 0.47025252 0.54528037  0.44952943 0.57702883 0.52044295 0.31836266
0.8784213  0.47748234 0.66959516 0.34769029 0.19309396 0.2467122  0.60674906 0.51825681 0.64063118 0.44217268 0.45323919 0.39953533  0.40876158 0.48391097 0.50396298 0.56507311
0.89959619 0.47189512 0.72741917 0.30572221 0.31951026 0.21658814  0.58672427 0.48956845 0.74827829 0.56003319 0.42596356 0.27578309  0.42951626 0.47399196 0.34275318 0.46760388
0.9198204  0.43697726 0.74994829 0.33543134 0.36385916 0.20635624  0.58756561 0.41277058 0.82380138 0.51562014 0.40620131 0.3027401  0.43168667 0.37535937 0.31748342 0.50368447
0.9198204  0.43697726 0.74994829 0.33543134 0.36385916 0.20635624  0.58756561 0.41277058 0.82380138 0.51562014 0.40620131 0.3027401  0.43168667 0.37535937 0.31748342 0.50368447
0.91583528 0.42488909 0.72240309 0.34006446 0.34365828 0.20183888  0.59533546 0.42245434 0.83261883 0.57080166 0.41595206 0.30985126  0.46814099 0.39164839 0.29015944 0.48717396
0.91254457 0.40921106 0.6921059  0.35347472 0.30040473 0.18785239  0.61146131 0.42520037 0.84098677 0.57781379 0.42197771 0.3231627  0.48995239 0.38537841 0.30040535 0.50393144
0.90420163 0.40350311 0.64767962 0.35163121 0.20275724 0.19511783  0.55323923 0.40192537 0.73094263 0.42989517 0.45097492 0.38489834  0.40511434 0.39952591 0.39961797 0.52502914
0.87748616 0.41264818 0.57138691 0.34183149 0.16484513 0.23105506  0.5828032  0.4560277  0.69993705 0.58276676 0.42464508 0.45340534  0.5013751  0.46580318 0.44697877 0.48161341
0.85828923 0.37256227 0.45761972 0.34224271 0.13927241 0.25552215  0.56434471 0.49720742 0.64410536 0.63803088 0.48241797 0.55466539  0.52934826 0.45751526 0.45852293 0.43650665
0.82407214 0.42587977 0.42559779 0.35755372 0.09731726 0.32863967  0.59853758 0.62033433 0.51865664 0.6314696  0.52652363 0.65178536  0.57394416 0.48654023 0.60234513 0.46200365
0.79011117 0.39383537 0.23832086 0.23603644 0.1999081  0.42197208  0.4333473  0.5983283  0.41017083 0.58043909 0.48349528 0.64398776  0.47939612 0.54345083 0.57030652 0.36639758
0.77035591 0.42418651 0.19672934 0.17211422 0.24148865 0.46210581  0.41967257 0.60882192 0.44014891 0.50565794 0.34396408 0.57833126  0.42032082 0.47210658 0.63407781 0.31938193
0.77035591 0.42418651 0.19672934 0.17211422 0.24148865 0.46210581  0.41967257 0.60882192 0.44014891 0.50565794 0.34396408 0.57833126  0.42032082 0.47210658 0.63407781 0.31938193
0.74648508 0.45288524 0.14051336 0.11774526 0.29175015 0.50767889  0.41228904 0.59880289 0.52237057 0.40237862 0.26042083 0.52859122  0.41654656 0.42345462 0.56847263 0.42426942
0.72875953 0.45967067 0.09330936 0.11606702 0.35196685 0.5000459  0.46717444 0.46267961 0.61566995 0.36275456 0.28128111 0.52359774  0.56390589 0.46055312 0.59836666 0.48499876
0.6535038  0.58980348 0.07814199 0.19222219 0.36805135 0.53923884  0.61887618 0.363063   0.57583067 0.36059847 0.36283591 0.50032897  0.6960161  0.58273737 0.67465468 0.49952961
0.63615489 0.60014097 0.06433743 0.20933297 0.39427156 0.49931433  0.65374599 0.33677583 0.5961754  0.35875562 0.44491252 0.49309273  0.65007644 0.59884118 0.7184214  0.49986069
0.5349484  0.70613879 0.06546414 0.41411908 0.41017975 0.49208797  0.62985307 0.1400336  0.4927197  0.46882209 0.40636501 0.51762799  0.39940587 0.5107325  0.62770054 0.40623383
0.3402089  0.67019537 0.12376552 0.5190768  0.47846703 0.18088691  0.62473565 0.39863895 0.23930473 0.38840345 0.29868045 0.48603687  0.41068354 0.45132296 0.46941926 0.3767938 
0.26986133 0.65247975 0.15818448 0.54603476 0.47053105 0.17290396  0.59801473 0.47108513 0.17805536 0.39434293 0.24714008 0.4854438  0.46517196 0.33887751 0.34876358 0.44131529
0.19658872 0.6030227  0.20475468 0.57271363 0.44632583 0.20573806  0.47266515 0.51386328 0.25534278 0.39241285 0.17552803 0.49416713  0.60327531 0.34128977 0.32961272 0.52435037
0.0712766  0.46501237 0.29700545 0.49174133 0.38327848 0.36767898  0.43732918 0.51908763 0.38978412 0.36749229 0.30925158 0.45357909  0.6468312  0.34507545 0.28261673 0.50303593
0.03530472 0.41371177 0.32449245 0.44717499 0.36543573 0.42942868  0.4584486  0.49182641 0.42935187 0.38251683 0.3665383  0.45119726  0.57400726 0.38653202 0.39012683 0.47468522
0.00039479 0.36283831 0.35232302 0.39930133 0.34523319 0.50234819  0.48417291 0.45702496 0.47508945 0.39693445 0.45000532 0.44589633  0.47476172 0.42761975 0.50206904 0.41641874
0.00039479 0.36283831 0.35232302 0.39930133 0.34523319 0.50234819  0.48417291 0.45702496 0.47508945 0.39693445 0.45000532 0.44589633  0.47476172 0.42761975 0.50206904 0.41641874
0.00039479 0.36283831 0.35232302 0.39930133 0.34523319 0.50234819  0.48417291 0.45702496 0.47508945 0.39693445 0.45000532 0.44589633  0.47476172 0.42761975 0.50206904 0.41641874
0.00039479 0.36283831 0.35232302 0.39930133 0.34523319 0.50234819  0.48417291 0.45702496 0.47508945 0.39693445 0.45000532 0.44589633  0.47476172 0.42761975 0.50206904 0.41641874
0.00039479 0.36283831 0.35232302 0.39930133 0.34523319 0.50234819  0.48417291 0.45702496 0.47508945 0.39693445 0.45000532 0.44589633  0.47476172 0.42761975 0.50206904 0.41641874
0.00039479 0.36283831 0.35232302 0.39930133 0.34523319 0.50234819  0.48417291 0.45702496 0.47508945 0.39693445 0.45000532 0.44589633  0.47476172 0.42761975 0.50206904 0.41641874
0.00039479 0.36283831 0.35232302 0.39930133 0.34523319 0.50234819  0.48417291 0.45702496 0.47508945 0.39693445 0.45000532 0.44589633  0.47476172 0.42761975 0.50206904 0.41641874
0.00039479 0.36283831 0.35232302 0.39930133 0.34523319 0.50234819  0.48417291 0.45702496 0.47508945 0.39693445 0.45000532 0.44589633  0.47476172 0.42761975 0.50206904 0.41641874
0.00039479 0.36283831 0.35232302 0.39930133 0.34523319 0.50234819  0.48417291 0.45702496 0.47508945 0.39693445 0.45000532 0.44589633  0.47476172 0.42761975 0.50206904 0.41641874
0.00039479 0.36283831 0.35232302 0.39930133 0.34523319 0.50234819  0.48417291 0.45702496 0.47508945 0.39693445 0.45000532 0.44589633  0.47476172 0.42761975 0.50206904 0.41641874
0.00039479 0.36283831 0.35232302 0.39930133 0.34523319 0.50234819  0.48417291 0.45702496 0.47508945 0.39693445 0.45000532 0.44589633  0.47476172 0.42761975 0.50206904 0.41641874
0.00140664 0.36431381 0.35232474 0.39642652 0.34463577 0.50247588  0.48308211 0.45859707 0.47435751 0.39611259 0.44362313 0.46430998  0.44184368 0.4496556  0.47683731 0.47370053
0.01891573 0.39133    0.33817734 0.42355381 0.35621298 0.46730294  0.46043805 0.47851505 0.46918656 0.39267915 0.41086383 0.46817695  0.48676639 0.45540578 0.47323176 0.49964613
0.05366919 0.4421924  0.31069322 0.47135153 0.37657555 0.39807253  0.43068881 0.51402747 0.43522697 0.37939906 0.33911074 0.4728939  0.57897821 0.43086388 0.39365896 0.55056743
0.07157805 0.46806334 0.29686685 0.49476619 0.3856925  0.36636314  0.4165818  0.53019424 0.42052416 0.37140537 0.31152166 0.47388297  0.62039336 0.41851563 0.35256331 0.56314922
0.21751512 0.65537667 0.19632147 0.62140981 0.43357854 0.25296664  0.36468524 0.55447131 0.42141798 0.3716121  0.33644594 0.47243904  0.50453208 0.44216661 0.43402988 0.49103608
0.38548282 0.79223372 0.12173571 0.58592937 0.41968946 0.38149951  0.49040657 0.45121291 0.41288225 0.38289211 0.55038604 0.49316126  0.23858174 0.36318043 0.41125638 0.45507049
0.51349663 0.80546961 0.10515092 0.42519799 0.34653289 0.62657808  0.63426944 0.39032312 0.415622   0.43168536 0.55170324 0.50943708  0.37219713 0.3681053  0.41996534 0.5933311 
0.61494311 0.7065236  0.11952107 0.23983447 0.31327673 0.66046379  0.64245436 0.51343333 0.42692372 0.379126   0.38926096 0.524451  0.65164716 0.50331646 0.49798259 0.63495193
0.70447125 0.52881246 0.11462195 0.11068026 0.31354138 0.51917188  0.52415638 0.62537683 0.56772666 0.36487829 0.33988173 0.53291058  0.49360379 0.54627944 0.59166633 0.60204345
0.73160302 0.46946041 0.11543294 0.11121859 0.3163807  0.49929651  0.46327094 0.58246906 0.55686837 0.39046872 0.27544692 0.54710429  0.39864135 0.44929881 0.63972664 0.55277145
0.78540787 0.35067998 0.11509994 0.11997572 0.34516959 0.45345519  0.31319004 0.45482236 0.60082227 0.35481971 0.29652311 0.51571679  0.38143208 0.31263527 0.38606773 0.39081295
0.78540787 0.35067998 0.11509994 0.11997572 0.34516959 0.45345519  0.31319004 0.45482236 0.60082227 0.35481971 0.29652311 0.51571679  0.38143208 0.31263527 0.38606773 0.39081295
0.78439602 0.34920449 0.11509822 0.12285053 0.34576701 0.4533275  0.31428084 0.45325025 0.60155421 0.35564157 0.3029053  0.49730314  0.41435012 0.29059942 0.41129945 0.33353117
0.80038249 0.29398739 0.11608708 0.20459531 0.35971837 0.458305  0.32094226 0.45713778 0.55783749 0.4045745  0.41550074 0.47470253  0.43997328 0.28498629 0.41143993 0.44292613
0.83184861 0.24424545 0.17090404 0.30091873 0.3262885  0.45610405  0.30836836 0.44274895 0.43174166 0.46876208 0.50177785 0.48212341  0.48706001 0.35709905 0.44801539 0.39135723
0.83967488 0.21472361 0.16930572 0.34722793 0.34657904 0.47165297  0.30575322 0.43654437 0.39224852 0.48461539 0.53859173 0.43321238  0.48208585 0.3821875  0.42515858 0.47342314
0.83967488 0.21472361 0.16930572 0.34722793 0.34657904 0.47165297  0.30575322 0.43654437 0.39224852 0.48461539 0.53859173 0.43321238  0.48208585 0.3821875  0.42515858 0.47342314
0.85122097 0.20067078 0.19786813 0.37549264 0.32615396 0.44687638  0.31895547 0.44077479 0.35734898 0.53823022 0.57693311 0.45391558  0.50206188 0.39108939 0.48513822 0.40489548
0.86036865 0.20616336 0.23514242 0.39325839 0.30280038 0.43615242  0.31900084 0.41299973 0.34768543 0.51035627 0.59348489 0.46826347  0.53851113 0.43574577 0.45465275 0.42246507
0.89137857 0.1631237  0.29520204 0.51615255 0.32913148 0.49481502  0.32470963 0.40043605 0.2418038  0.44720279 0.60489505 0.43625243  0.5338356  0.53281691 0.46694478 0.50977148
0.89461015 0.15075777 0.29904779 0.55167946 0.33375046 0.49553434  0.36450672 0.40950976 0.29012268 0.45835238 0.61671111 0.47068251  0.55980271 0.48123679 0.44902739 0.55465133
0.91798464 0.18912602 0.42520221 0.56033075 0.33909841 0.45822236  0.38972225 0.36896367 0.31171059 0.30742514 0.59838043 0.47592407  0.38974441 0.47880176 0.47394641 0.79679483
0.94009682 0.17350397 0.49112241 0.64465081 0.34131182 0.46465426  0.44725984 0.33809972 0.31598518 0.22470606 0.57260706 0.44323904  0.45830446 0.41907282 0.6264019  0.78558671
0.94408194 0.18559215 0.5186676  0.64001769 0.3615127  0.46917161  0.43948999 0.32841596 0.30716774 0.16952454 0.56285631 0.43612788  0.42185014 0.4027838  0.65372587 0.80209722
0.94408194 0.18559215 0.5186676  0.64001769 0.3615127  0.46917161  0.43948999 0.32841596 0.30716774 0.16952454 0.56285631 0.43612788  0.42185014 0.4027838  0.65372587 0.80209722
0.94408194 0.18559215 0.5186676  0.64001769 0.3615127  0.46917161  0.43948999 0.32841596 0.30716774 0.16952454 0.56285631 0.43612788  0.42185014 0.4027838  0.65372587 0.80209722
0.94408194 0.18559215 0.5186676  0.64001769 0.3615127  0.46917161  0.43948999 0.32841596 0.30716774 0.16952454 0.56285631 0.43612788  0.42185014 0.4027838  0.65372587 0.80209722
0.94408194 0.18559215 0.5186676  0.64001769 0.3615127  0.46917161  0.43948999 0.32841596 0.30716774 0.16952454 0.56285631 0.43612788  0.42185014 0.4027838  0.65372587 0.80209722
0.94408194 0.18559215 0.5186676  0.64001769 0.3615127  0.46917161  0.43948999 0.32841596 0.30716774 0.16952454 0.56285631 0.43612788  0.42185014 0.4027838  0.65372587 0.80209722
0.94183121 0.17548203 0.50002307 0.64806048 0.33700813 0.45947383  0.45608174 0.33389291 0.32007019 0.20107726 0.55873797 0.41920876  0.47704062 0.36586189 0.68523122 0.73899962
0.94109391 0.1739143  0.49510519 0.65243181 0.32136409 0.45786043  0.46151537 0.33215212 0.32372796 0.20375438 0.54345024 0.39066964  0.48509321 0.38547015 0.67672555 0.70850139
0.94517011 0.16338846 0.50521184 0.67974831 0.32432432 0.43839619  0.50776967 0.33531491 0.40471367 0.24455547 0.55486108 0.40947544  0.50783411 0.31157865 0.64786482 0.77973203
0.94517011 0.16338846 0.50521184 0.67974831 0.32432432 0.43839619  0.50776967 0.33531491 0.40471367 0.24455547 0.55486108 0.40947544  0.50783411 0.31157865 0.64786482 0.77973203
0.94519026 0.15723586 0.5064495  0.70057895 0.3289016  0.44396847  0.5333994  0.34465291 0.43624868 0.23073527 0.54965772 0.42229669  0.53324104 0.28081299 0.64924606 0.72498077
0.94757421 0.14606543 0.50611979 0.7341559  0.34199186 0.46464939  0.56667588 0.37083377 0.46101225 0.21415075 0.52610605 0.45957459  0.51834823 0.29941024 0.62408433 0.68840557
0.94662603 0.14306595 0.50209058 0.73609489 0.33769433 0.46233621  0.56915045 0.3678931  0.46907454 0.23021872 0.52244885 0.43978394  0.54198292 0.31125861 0.61368313 0.6508702 
0.94662603 0.14306595 0.50209058 0.73609489 0.33769433 0.46233621  0.56915045 0.3678931  0.46907454 0.23021872 0.52244885 0.43978394  0.54198292 0.31125861 0.61368313 0.6508702 
0.92950564 0.11632699 0.4075965  0.71541979 0.33943302 0.49022425  0.51229952 0.37938287 0.3914899  0.31699207 0.58888545 0.48335874  0.67142467 0.30755253 0.64163458 0.56063982
0.92542944 0.12685283 0.39748984 0.6881033  0.33647279 0.50968849  0.46604521 0.37622008 0.31050419 0.27619099 0.57747461 0.46455294  0.64868376 0.38144402 0.67049531 0.48940918
0.89998599 0.11835121 0.28706059 0.61126119 0.35729283 0.54148731  0.39721455 0.43315504 0.24814533 0.40048157 0.56348055 0.42718177  0.59207104 0.48260877 0.6055609  0.38324298
0.82539735 0.18672888 0.08710908 0.39600949 0.49598271 0.63465216  0.33968131 0.47737634 0.40455491 0.34606922 0.31949681 0.23513844  0.4420573  0.31476159 0.586392   0.49921667
0.7870195  0.25357594 0.05989944 0.36742228 0.5023135  0.60611245  0.40458398 0.39245092 0.49206174 0.29540165 0.36127679 0.27189844  0.50880086 0.31788427 0.62510776 0.48771142
0.62620028 0.52341552 0.03150212 0.41178347 0.4902259  0.52923689  0.54051731 0.04033535 0.54827742 0.39000698 0.41698521 0.39963303  0.56004386 0.46408488 0.62976778 0.43805789
0.27635663 0.57795659 0.14643813 0.57203171 0.50631984 0.15887445  0.46563291 0.33125526 0.29975256 0.41382863 0.15497411 0.51294662  0.55225721 0.32079367 0.4437848  0.44373107
0.14232685 0.49271896 0.24464069 0.44814467 0.42690938 0.2721747  0.62310591 0.44005196 0.18302446 0.41808125 0.18692043 0.50475397  0.5375986  0.29890043 0.28964113 0.53721618
0.01779563 0.38669558 0.33863985 0.42004769 0.35385851 0.46460162  0.48109267 0.47190843 0.43452283 0.38595027 0.3992976  0.44733029  0.52908455 0.38078184 0.39373238 0.44873962
0.00039479 0.36283831 0.35232302 0.39930133 0.34523319 0.50234819  0.48417291 0.45702496 0.47508945 0.39693445 0.45000532 0.44589633  0.47476172 0.42761975 0.50206904 0.41641874
0.00039479 0.36283831 0.35232302 0.39930133 0.34523319 0.50234819  0.48417291 0.45702496 0.47508945 0.39693445 0.45000532 0.44589633  0.47476172 0.42761975 0.50206904 0.41641874
0.00039479 0.36283831 0.35232302 0.39930133 0.34523319 0.50234819  0.48417291 0.45702496 0.47508945 0.39693445 0.45000532 0.44589633  0.47476172 0.42761975 0.50206904 0.41641874
0.00039479 0.36283831 0.35232302 0.39930133 0.34523319 0.50234819  0.48417291 0.45702496 0.47508945 0.39693445 0.45000532 0.44589633  0.47476172 0.42761975 0.50206904 0.41641874
0.00039479 0.36283831 0.35232302 0.39930133 0.34523319 0.50234819  0.48417291 0.45702496 0.47508945 0.39693445 0.45000532 0.44589633  0.47476172 0.42761975 0.50206904 0.41641874
0.00039479 0.36283831 0.35232302 0.39930133 0.34523319 0.50234819  0.48417291 0.45702496 0.47508945 0.39693445 0.45000532 0.44589633  0.47476172 0.42761975 0.50206904 0.41641874
0.00039479 0.36283831 0.35232302 0.39930133 0.34523319 0.50234819  0.48417291 0.45702496 0.47508945 0.39693445 0.45000532 0.44589633  0.47476172 0.42761975 0.50206904 0.41641874
0.00039479 0.36283831 0.35232302 0.39930133 0.34523319 0.50234819  0.48417291 0.45702496 0.47508945 0.39693445 0.45000532 0.44589633  0.47476172 0.42761975 0.50206904 0.41641874
0.00039479 0.36283831 0.35232302 0.39930133 0.34523319 0.50234819  0.48417291 0.45702496 0.47508945 0.39693445 0.45000532 0.44589633  0.47476172 0.42761975 0.50206904 0.41641874
0.00039479 0.36283831 0.35232302 0.39930133 0.34523319 0.50234819  0.48417291 0.45702496 0.47508945 0.39693445 0.45000532 0.44589633  0.47476172 0.42761975 0.50206904 0.41641874
0.00039479 0.36283831 0.35232302 0.39930133 0.34523319 0.50234819  0.48417291 0.45702496 0.47508945 0.39693445 0.45000532 0.44589633  0.47476172 0.42761975 0.50206904 0.41641874
0.0177474  0.38984345 0.33852207 0.42635267 0.35697043 0.47086435  0.45750391 0.47765391 0.48169648 0.39463854 0.42895995 0.44917931  0.51265071 0.44991576 0.53083289 0.43501917
0.07056619 0.46658785 0.29686513 0.497641   0.38628993 0.36623544  0.4176726  0.52862213 0.42125609 0.37222723 0.31790385 0.45546932  0.6533114  0.39647978 0.37779503 0.50586743
0.30941778 0.74901505 0.16918621 0.66020925 0.37810419 0.45391029  0.24804142 0.48814542 0.65032111 0.46684334 0.43395832 0.482752  0.47402283 0.48829527 0.68858695 0.47445385
0.38500068 0.80008635 0.1500423  0.61767303 0.33122515 0.60162614  0.29400884 0.44804128 0.70074437 0.44820811 0.57761426 0.44710914  0.49223646 0.42720784 0.52387333 0.45930185
0.44040188 0.82034229 0.13390782 0.56752468 0.31175412 0.65393346  0.39916614 0.40180063 0.59057552 0.45478735 0.55829857 0.44628621  0.39278733 0.34402745 0.40483746 0.43352958
0.47504771 0.81068316 0.10684289 0.50897495 0.34185231 0.59683515  0.55071348 0.33984459 0.45412722 0.50016313 0.47218942 0.48944874  0.35304037 0.33302527 0.44791077 0.4867838 
0.45784359 0.81350438 0.12079455 0.53253518 0.32777485 0.62713534  0.47723175 0.38006892 0.53882252 0.46776736 0.54598657 0.45786357  0.38558501 0.35624519 0.43651386 0.443989  
0.45784359 0.81350438 0.12079455 0.53253518 0.32777485 0.62713534  0.47723175 0.38006892 0.53882252 0.46776736 0.54598657 0.45786357  0.38558501 0.35624519 0.43651386 0.443989  
0.44040188 0.82034229 0.13390782 0.56752468 0.31175412 0.65393346  0.39916614 0.40180063 0.59057552 0.45478735 0.55829857 0.44628621  0.39278733 0.34402745 0.40483746 0.43352958
0.42171714 0.81159209 0.14346617 0.58709314 0.31055413 0.65015237  0.34046159 0.42144209 0.63585157 0.46311384 0.52288784 0.4584271  0.4659697  0.36945024 0.44683659 0.47824036
0.42171714 0.81159209 0.14346617 0.58709314 0.31055413 0.65015237  0.34046159 0.42144209 0.63585157 0.46311384 0.52288784 0.4584271  0.4659697  0.36945024 0.44683659 0.47824036
0.38500068 0.80008635 0.1500423  0.61767303 0.33122515 0.60162614  0.29400884 0.44804128 0.70074437 0.44820811 0.57761426 0.44710914  0.49223646 0.42720784 0.52387333 0.45930185
0.38500068 0.80008635 0.1500423  0.61767303 0.33122515 0.60162614  0.29400884 0.44804128 0.70074437 0.44820811 0.57761426 0.44710914  0.49223646 0.42720784 0.52387333 0.45930185
0.38500068 0.80008635 0.1500423  0.61767303 0.33122515 0.60162614  0.29400884 0.44804128 0.70074437 0.44820811 0.57761426 0.44710914  0.49223646 0.42720784 0.52387333 0.45930185
0.34703591 0.78070022 0.15599052 0.65275933 0.36251509 0.50632265  0.2602343  0.47521433 0.67039174 0.46170498 0.49562397 0.46881395  0.46104983 0.45533444 0.61526442 0.46587666
0.34703591 0.78070022 0.15599052 0.65275933 0.36251509 0.50632265  0.2602343  0.47521433 0.67039174 0.46170498 0.49562397 0.46881395  0.46104983 0.45533444 0.61526442 0.46587666
0.31157204 0.73141329 0.18333431 0.61086128 0.34516397 0.57410952  0.27032696 0.44923641 0.7358233  0.47972001 0.57602934 0.46598723  0.3753182  0.53128067 0.79001553 0.41778686
0.31157204 0.73141329 0.18333431 0.61086128 0.34516397 0.57410952  0.27032696 0.44923641 0.7358233  0.47972001 0.57602934 0.46598723  0.3753182  0.53128067 0.79001553 0.41778686
0.27446527 0.68540067 0.20707586 0.58542276 0.33739018 0.59169255  0.27112498 0.45107705 0.7422888  0.48933197 0.54705963 0.47373919  0.40974523 0.5416191  0.81295345 0.4650762 
0.27446527 0.68540067 0.20707586 0.58542276 0.33739018 0.59169255  0.27112498 0.45107705 0.7422888  0.48933197 0.54705963 0.47373919  0.40974523 0.5416191  0.81295345 0.4650762 
0.40713871 0.83983284 0.64804952 0.46613153 0.56408504 0.69828244  0.38080261 0.32834225 0.97867555 0.6159881  0.52763258 0.18760102  0.39474772 0.65301841 0.51728625 0.45865129
0.40713871 0.83983284 0.64804952 0.46613153 0.56408504 0.69828244  0.38080261 0.32834225 0.97867555 0.6159881  0.52763258 0.18760102  0.39474772 0.65301841 0.51728625 0.45865129
0.49066794 0.78435915 0.79502139 0.5212205  0.41479297 0.75033168  0.27909199 0.36874055 0.80058926 0.68880664 0.40472811 0.26534243  0.57036883 0.64546017 0.41852453 0.26500928
0.57874152 0.84338749 0.81995573 0.55910081 0.4423207  0.65455498  0.27684097 0.46809268 0.74116275 0.67882452 0.3855317  0.24051321  0.69798849 0.62141996 0.38907757 0.23156547
0.62825472 0.84166686 0.93103901 0.46301325 0.5653181  0.66469432  0.26686647 0.5589468  0.68977585 0.56564076 0.47358172 0.3431951  0.7111695  0.56334693 0.49163653 0.36658072
0.71521132 0.77999146 0.95246585 0.40927927 0.59214044 0.58240523  0.27661725 0.73906274 0.6846975  0.59184372 0.47823917 0.40710985  0.57229462 0.27848948 0.48750511 0.45546799
0.75081166 0.77075675 0.9463439  0.33836753 0.63894454 0.58339696  0.3409598  0.76332964 0.64926238 0.56793191 0.56491418 0.43897274  0.56884631 0.26660709 0.51856396 0.44266842
0.76856628 0.75543808 0.93329321 0.30530429 0.61163707 0.55483652  0.41973967 0.77035545 0.66115724 0.55670216 0.54556333 0.38400339  0.60161105 0.31627508 0.56522121 0.42650808
0.79536403 0.74096764 0.92957131 0.3333941  0.60632228 0.51511145  0.4879901  0.74320437 0.5979573  0.62543334 0.61712466 0.42093301  0.52241804 0.29000345 0.48263872 0.49531386
0.81554126 0.71741942 0.91034402 0.34554375 0.57907107 0.47546101  0.62165935 0.72759405 0.60851127 0.64203883 0.58089386 0.41465074  0.52842865 0.26740544 0.4925177  0.53287734
0.84374174 0.66348941 0.85507936 0.348504   0.45635516 0.37038166  0.70706075 0.68878532 0.60956061 0.64577152 0.46463182 0.30275555  0.43511271 0.30146746 0.41201614 0.52585689
0.85841799 0.63124385 0.8499609  0.32652518 0.4662039  0.33806254  0.6857411  0.67170331 0.65474054 0.61948177 0.46998921 0.30806784  0.4350155  0.35217211 0.39400867 0.52344941
0.85677686 0.62262186 0.83140228 0.34459548 0.40396708 0.32556024  0.69743583 0.66961366 0.66042933 0.59393703 0.45576711 0.29193023  0.41549805 0.34874819 0.40560974 0.54083953
0.86669859 0.5716598  0.79464718 0.35497142 0.38042824 0.28433128  0.67989473 0.62626168 0.71186609 0.58383881 0.48473524 0.28904169  0.43043366 0.30446963 0.33656208 0.52836747
0.86587881 0.49108197 0.67350803 0.37334125 0.2436137  0.24080099  0.705522   0.61593801 0.75696683 0.65376972 0.46065973 0.34664043  0.51482837 0.31539725 0.43224146 0.48124557
0.87519772 0.44311563 0.64033326 0.39383532 0.21142589 0.21005856  0.67748342 0.60239824 0.78557784 0.62671358 0.52792373 0.32989112  0.50909488 0.25494187 0.33736732 0.468562  
0.87519772 0.44311563 0.64033326 0.39383532 0.21142589 0.21005856  0.67748342 0.60239824 0.78557784 0.62671358 0.52792373 0.32989112  0.50909488 0.25494187 0.33736732 0.468562  
0.88726611 0.40616965 0.6247203  0.39725674 0.21941213 0.20180598  0.63637266 0.51955075 0.79755853 0.58521058 0.51523748 0.3555961  0.51709259 0.22325543 0.32777507 0.43964949
0.88315231 0.3903878  0.59386897 0.40707871 0.20368459 0.2021442  0.63800203 0.52066429 0.78621708 0.57794869 0.54843248 0.41253263  0.54270036 0.19885612 0.3420994  0.46742963
0.89559139 0.3528713  0.56925057 0.40324508 0.17208012 0.18740998  0.62365873 0.44562881 0.79403137 0.5369408  0.49883433 0.47953136  0.53308102 0.25703478 0.42992016 0.50778898
0.89559139 0.3528713  0.56925057 0.40324508 0.17208012 0.18740998  0.62365873 0.44562881 0.79403137 0.5369408  0.49883433 0.47953136  0.53308102 0.25703478 0.42992016 0.50778898
0.88969965 0.34018026 0.53501347 0.40654166 0.17620021 0.20118497  0.60814658 0.4556761  0.7814266  0.56147581 0.5262076  0.51953195  0.57041929 0.23752434 0.44638345 0.48458391
0.89733339 0.29440413 0.49139045 0.41372664 0.17930608 0.20215247  0.57177352 0.3758132  0.77290278 0.57513673 0.51867839 0.57526405  0.62468011 0.21752437 0.44284092 0.46379321
0.88818571 0.28891156 0.45411615 0.39596089 0.20265966 0.21287642  0.57172815 0.40358826 0.78256634 0.60301068 0.50212661 0.56091615  0.58823085 0.17286799 0.47332638 0.44622363
0.87840871 0.27733299 0.40292495 0.3899222  0.20156757 0.24510307  0.54003704 0.41959148 0.72880018 0.603288   0.52674643 0.61325097  0.58878306 0.18754699 0.45510621 0.4090164 
0.87840871 0.27733299 0.40292495 0.3899222  0.20156757 0.24510307  0.54003704 0.41959148 0.72880018 0.603288   0.52674643 0.61325097  0.58878306 0.18754699 0.45510621 0.4090164 
0.8710737  0.27296996 0.37007166 0.37427018 0.21474634 0.25793403  0.53040342 0.44662597 0.73818876 0.68696764 0.52304009 0.60555976  0.58648728 0.22417221 0.38616377 0.36919344
0.8710737  0.27296996 0.37007166 0.37427018 0.21474634 0.25793403  0.53040342 0.44662597 0.73818876 0.68696764 0.52304009 0.60555976  0.58648728 0.22417221 0.38616377 0.36919344
0.8710737  0.27296996 0.37007166 0.37427018 0.21474634 0.25793403  0.53040342 0.44662597 0.73818876 0.68696764 0.52304009 0.60555976  0.58648728 0.22417221 0.38616377 0.36919344
0.8710737  0.27296996 0.37007166 0.37427018 0.21474634 0.25793403  0.53040342 0.44662597 0.73818876 0.68696764 0.52304009 0.60555976  0.58648728 0.22417221 0.38616377 0.36919344
0.8710737  0.27296996 0.37007166 0.37427018 0.21474634 0.25793403  0.53040342 0.44662597 0.73818876 0.68696764 0.52304009 0.60555976  0.58648728 0.22417221 0.38616377 0.36919344
0.8710737  0.27296996 0.37007166 0.37427018 0.21474634 0.25793403  0.53040342 0.44662597 0.73818876 0.68696764 0.52304009 0.60555976  0.58648728 0.22417221 0.38616377 0.36919344
0.8710737  0.27296996 0.37007166 0.37427018 0.21474634 0.25793403  0.53040342 0.44662597 0.73818876 0.68696764 0.52304009 0.60555976  0.58648728 0.22417221 0.38616377 0.36919344
0.87192462 0.26930197 0.37135746 0.38874139 0.21786506 0.26165593  0.55133664 0.45527682 0.76664134 0.67595164 0.51257982 0.62944141  0.57889901 0.21282262 0.36594594 0.37659897
0.87192462 0.26930197 0.37135746 0.38874139 0.21786506 0.26165593  0.55133664 0.45527682 0.76664134 0.67595164 0.51257982 0.62944141  0.57889901 0.21282262 0.36594594 0.37659897
0.87968582 0.23919756 0.36403063 0.43218644 0.24462358 0.29570181  0.54442325 0.44953022 0.72306026 0.67010714 0.51258684 0.57356066  0.59586515 0.1904583  0.42187782 0.39663847
0.87262337 0.2362287  0.33127241 0.40706627 0.2633042  0.3163103  0.49892033 0.44354819 0.65161344 0.67353792 0.54077412 0.57737696  0.65159146 0.19259341 0.45705729 0.34124867
0.87262337 0.2362287  0.33127241 0.40706627 0.2633042  0.3163103  0.49892033 0.44354819 0.65161344 0.67353792 0.54077412 0.57737696  0.65159146 0.19259341 0.45705729 0.34124867
0.87262337 0.2362287  0.33127241 0.40706627 0.2633042  0.3163103  0.49892033 0.44354819 0.65161344 0.67353792 0.54077412 0.57737696  0.65159146 0.19259341 0.45705729 0.34124867
0.87262337 0.2362287  0.33127241 0.40706627 0.2633042  0.3163103  0.49892033 0.44354819 0.65161344 0.67353792 0.54077412 0.57737696  0.65159146 0.19259341 0.45705729 0.34124867
0.87048772 0.23289877 0.31827045 0.41238762 0.24620134 0.33040064  0.47611001 0.43179886 0.60051754 0.60502742 0.55996232 0.61437232  0.64051711 0.19600098 0.49913668 0.33927896
0.8302309  0.27569462 0.22304635 0.28741769 0.29258908 0.33757068  0.46269672 0.48323682 0.71870086 0.59433579 0.48440627 0.60890094  0.46746354 0.17377519 0.41865838 0.44856925
0.81234304 0.30997992 0.18142085 0.20453598 0.29846573 0.38829017  0.36791868 0.46643207 0.60031826 0.49972197 0.39785939 0.56584898  0.44086528 0.26535988 0.4480439  0.29987432
0.7959421  0.33515166 0.14366063 0.15111524 0.32534192 0.4285509  0.32748309 0.45748067 0.56665466 0.4092564  0.34124668 0.51800634  0.43432614 0.29950131 0.47127909 0.26500352
0.7959421  0.33515166 0.14366063 0.15111524 0.32534192 0.4285509  0.32748309 0.45748067 0.56665466 0.4092564  0.34124668 0.51800634  0.43432614 0.29950131 0.47127909 0.26500352
0.73928223 0.42129645 0.08811635 0.15355701 0.36880849 0.48656911  0.41274646 0.35665063 0.62004767 0.34328868 0.30937631 0.48770377  0.51639063 0.31561381 0.51245832 0.39242676
0.71216502 0.48884653 0.09953935 0.17116587 0.34274522 0.54284719  0.47083836 0.38768189 0.54853681 0.39426115 0.24160808 0.50736713  0.53661613 0.32792254 0.62606445 0.42068066
0.49920111 0.72216991 0.06970427 0.47401183 0.43093801 0.46225544  0.60907084 0.18568193 0.4267594  0.46167196 0.45251906 0.47855924  0.35662462 0.34288342 0.54793821 0.34499563
0.41849551 0.7656255  0.09780474 0.51026617 0.43507338 0.33527216  0.64136329 0.4264306  0.34843228 0.40002115 0.53011149 0.44317078  0.36020443 0.41212452 0.51545976 0.34140386
0.27008488 0.65698166 0.16251841 0.55354813 0.45775345 0.20983102  0.55508543 0.47394255 0.24044591 0.40130238 0.2569099  0.48998238  0.53183543 0.35158686 0.36392932 0.48448425
0.14221014 0.53923103 0.24357071 0.53251109 0.42301369 0.27067463  0.46480341 0.51156204 0.30745873 0.39319288 0.21016319 0.48825866  0.65445073 0.34005365 0.31369606 0.55962077
0.03585866 0.41212524 0.32497922 0.44119937 0.36258431 0.43456132  0.47408025 0.48300288 0.40965789 0.37891942 0.36959995 0.44872305  0.56049334 0.35167352 0.32731793 0.46450854
0.01779563 0.38669558 0.33863985 0.42004769 0.35385851 0.46460162  0.48109267 0.47190843 0.43452283 0.38595027 0.3992976  0.44733029  0.52908455 0.38078184 0.39373238 0.44873962
0.00039479 0.36283831 0.35232302 0.39930133 0.34523319 0.50234819  0.48417291 0.45702496 0.47508945 0.39693445 0.45000532 0.44589633  0.47476172 0.42761975 0.50206904 0.41641874
0.00039479 0.36283831 0.35232302 0.39930133 0.34523319 0.50234819  0.48417291 0.45702496 0.47508945 0.39693445 0.45000532 0.44589633  0.47476172 0.42761975 0.50206904 0.41641874
0.00039479 0.36283831 0.35232302 0.39930133 0.34523319 0.50234819  0.48417291 0.45702496 0.47508945 0.39693445 0.45000532 0.44589633  0.47476172 0.42761975 0.50206904 0.41641874
0.00039479 0.36283831 0.35232302 0.39930133 0.34523319 0.50234819  0.48417291 0.45702496 0.47508945 0.39693445 0.45000532 0.44589633  0.47476172 0.42761975 0.50206904 0.41641874
0.00039479 0.36283831 0.35232302 0.39930133 0.34523319 0.50234819  0.48417291 0.45702496 0.47508945 0.39693445 0.45000532 0.44589633  0.47476172 0.42761975 0.50206904 0.41641874
0.00039479 0.36283831 0.35232302 0.39930133 0.34523319 0.50234819  0.48417291 0.45702496 0.47508945 0.39693445 0.45000532 0.44589633  0.47476172 0.42761975 0.50206904 0.41641874
0.00039479 0.36283831 0.35232302 0.39930133 0.34523319 0.50234819  0.48417291 0.45702496 0.47508945 0.39693445 0.45000532 0.44589633  0.47476172 0.42761975 0.50206904 0.41641874
0.00039479 0.36283831 0.35232302 0.39930133 0.34523319 0.50234819  0.48417291 0.45702496 0.47508945 0.39693445 0.45000532 0.44589633  0.47476172 0.42761975 0.50206904 0.41641874
0.00039479 0.36283831 0.35232302 0.39930133 0.34523319 0.50234819  0.48417291 0.45702496 0.47508945 0.39693445 0.45000532 0.44589633  0.47476172 0.42761975 0.50206904 0.41641874
0.00039479 0.36283831 0.35232302 0.39930133 0.34523319 0.50234819  0.48417291 0.45702496 0.47508945 0.39693445 0.45000532 0.44589633  0.47476172 0.42761975 0.50206904 0.41641874
0.00039479 0.36283831 0.35232302 0.39930133 0.34523319 0.50234819  0.48417291 0.45702496 0.47508945 0.39693445 0.45000532 0.44589633  0.47476172 0.42761975 0.50206904 0.41641874
0.00039479 0.36283831 0.35232302 0.39930133 0.34523319 0.50234819  0.48417291 0.45702496 0.47508945 0.39693445 0.45000532 0.44589633  0.47476172 0.42761975 0.50206904 0.41641874
0.00039479 0.36283831 0.35232302 0.39930133 0.34523319 0.50234819  0.48417291 0.45702496 0.47508945 0.39693445 0.45000532 0.44589633  0.47476172 0.42761975 0.50206904 0.41641874
0.00039479 0.36283831 0.35232302 0.39930133 0.34523319 0.50234819  0.48417291 0.45702496 0.47508945 0.39693445 0.45000532 0.44589633  0.47476172 0.42761975 0.50206904 0.41641874
0.00039479 0.36283831 0.35232302 0.39930133 0.34523319 0.50234819  0.48417291 0.45702496 0.47508945 0.39693445 0.45000532 0.44589633  0.47476172 0.42761975 0.50206904 0.41641874
