0.00039479 0.36283831 0.35232302 0.39930133 0.34523319 0.50234819  0.48417291 0.45702496 0.47508945 0.39693445 0.45000532 0.44589633  0.47476172 0.42761975 0.50206904 0.41641874
0.00039479 0.36283831 0.35232302 0.39930133 0.34523319 0.50234819  0.48417291 0.45702496 0.47508945 0.39693445 0.45000532 0.44589633  0.47476172 0.42761975 0.50206904 0.41641874
0.00039479 0.36283831 0.35232302 0.39930133 0.34523319 0.50234819  0.48417291 0.45702496 0.47508945 0.39693445 0.45000532 0.44589633  0.47476172 0.42761975 0.50206904 0.41641874
0.00039479 0.36283831 0.35232302 0.39930133 0.34523319 0.50234819  0.48417291 0.45702496 0.47508945 0.39693445 0.45000532 0.44589633  0.47476172 0.42761975 0.50206904 0.41641874
0.00039479 0.36283831 0.35232302 0.39930133 0.34523319 0.50234819  0.48417291 0.45702496 0.47508945 0.39693445 0.45000532 0.44589633  0.47476172 0.42761975 0.50206904 0.41641874
0.00039479 0.36283831 0.35232302 0.39930133 0.34523319 0.50234819  0.48417291 0.45702496 0.47508945 0.39693445 0.45000532 0.44589633  0.47476172 0.42761975 0.50206904 0.41641874
0.00039479 0.36283831 0.35232302 0.39930133 0.34523319 0.50234819  0.48417291 0.45702496 0.47508945 0.39693445 0.45000532 0.44589633  0.47476172 0.42761975 0.50206904 0.41641874
0.00039479 0.36283831 0.35232302 0.39930133 0.34523319 0.50234819  0.48417291 0.45702496 0.47508945 0.39693445 0.45000532 0.44589633  0.47476172 0.42761975 0.50206904 0.41641874
0.00039479 0.36283831 0.35232302 0.39930133 0.34523319 0.50234819  0.48417291 0.45702496 0.47508945 0.39693445 0.45000532 0.44589633  0.47476172 0.42761975 0.50206904 0.41641874
0.00039479 0.36283831 0.35232302 0.39930133 0.34523319 0.50234819  0.48417291 0.45702496 0.47508945 0.39693445 0.45000532 0.44589633  0.47476172 0.42761975 0.50206904 0.41641874
0.00039479 0.36283831 0.35232302 0.39930133 0.34523319 0.50234819  0.48417291 0.45702496 0.47508945 0.39693445 0.45000532 0.44589633  0.47476172 0.42761975 0.50206904 0.41641874
0.00039479 0.36283831 0.35232302 0.39930133 0.34523319 0.50234819  0.48417291 0.45702496 0.47508945 0.39693445 0.45000532 0.44589633  0.47476172 0.42761975 0.50206904 0.41641874
0.00039479 0.36283831 0.35232302 0.39930133 0.34523319 0.50234819  0.48417291 0.45702496 0.47508945 0.39693445 0.45000532 0.44589633  0.47476172 0.42761975 0.50206904 0.41641874
0.00039479 0.36283831 0.35232302 0.39930133 0.34523319 0.50234819  0.48417291 0.45702496 0.47508945 0.39693445 0.45000532 0.44589633  0.47476172 0.42761975 0.50206904 0.41641874
0.00039479 0.36283831 0.35232302 0.39930133 0.34523319 0.50234819  0.48417291 0.45702496 0.47508945 0.39693445 0.45000532 0.44589633  0.47476172 0.42761975 0.50206904 0.41641874
0.00039479 0.36283831 0.35232302 0.39930133 0.34523319 0.50234819  0.48417291 0.45702496 0.47508945 0.39693445 0.45000532 0.44589633  0.47476172 0.42761975 0.50206904 0.41641874
0.00039479 0.36283831 0.35232302 0.39930133 0.34523319 0.50234819  0.48417291 0.45702496 0.47508945 0.39693445 0.45000532 0.44589633  0.47476172 0.42761975 0.50206904 0.41641874
0.00039479 0.36283831 0.35232302 0.39930133 0.34523319 0.50234819  0.48417291 0.45702496 0.47508945 0.39693445 0.45000532 0.44589633  0.47476172 0.42761975 0.50206904 0.41641874
0.00039479 0.36283831 0.35232302 0.39930133 0.34523319 0.50234819  0.48417291 0.45702496 0.47508945 0.39693445 0.45000532 0.44589633  0.47476172 0.42761975 0.50206904 0.41641874
0.00039479 0.36283831 0.35232302 0.39930133 0.34523319 0.50234819  0.48417291 0.45702496 0.47508945 0.39693445 0.45000532 0.44589633  0.47476172 0.42761975 0.50206904 0.41641874
0.00039479 0.36283831 0.35232302 0.39930133 0.34523319 0.50234819  0.48417291 0.45702496 0.47508945 0.39693445 0.45000532 0.44589633  0.47476172 0.42761975 0.50206904 0.41641874
0.00039479 0.36283831 0.35232302 0.39930133 0.34523319 0.50234819  0.48417291 0.45702496 0.47508945 0.39693445 0.45000532 0.44589633  0.47476172 0.42761975 0.50206904 0.41641874
0.00039479 0.36283831 0.35232302 0.39930133 0.34523319 0.50234819  0.48417291 0.45702496 0.47508945 0.39693445 0.45000532 0.44589633  0.47476172 0.42761975 0.50206904 0.41641874
0.00039479 0.36283831 0.35232302 0.39930133 0.34523319 0.50234819  0.48417291 0.45702496 0.47508945 0.39693445 0.45000532 0.44589633  0.47476172 0.42761975 0.50206904 0.41641874
0.00039479 0.36283831 0.35232302 0.39930133 0.34523319 0.50234819  0.48417291 0.45702496 0.47508945 0.39693445 0.45000532 0.44589633  0.47476172 0.42761975 0.50206904 0.41641874
0.00039479 0.36283831 0.35232302 0.39930133 0.34523319 0.50234819  0.48417291 0.45702496 0.47508945 0.39693445 0.45000532 0.44589633  0.47476172 0.42761975 0.50206904 0.41641874
0.00039479 0.36283831 0.35232302 0.39930133 0.34523319 0.50234819  0.48417291 0.45702496 0.47508945 0.39693445 0.45000532 0.44589633  0.47476172 0.42761975 0.50206904 0.41641874
0.00039479 0.36283831 0.35232302 0.39930133 0.34523319 0.50234819  0.48417291 0.45702496 0.47508945 0.39693445 0.45000532 0.44589633  0.47476172 0.42761975 0.50206904 0.41641874
0.00039479 0.36283831 0.35232302 0.39930133 0.34523319 0.50234819  0.48417291 0.45702496 0.47508945 0.39693445 0.45000532 0.44589633  0.47476172 0.42761975 0.50206904 0.41641874
0.00039479 0.36283831 0.35232302 0.39930133 0.34523319 0.50234819  0.48417291 0.45702496 0.47508945 0.39693445 0.45000532 0.44589633  0.47476172 0.42761975 0.50206904 0.41641874
0.00039479 0.36283831 0.35232302 0.39930133 0.34523319 0.50234819  0.48417291 0.45702496 0.47508945 0.39693445 0.45000532 0.44589633  0.47476172 0.42761975 0.50206904 0.41641874
0.00039479 0.36283831 0.35232302 0.39930133 0.34523319 0.50234819  0.48417291 0.45702496 0.47508945 0.39693445 0.45000532 0.44589633  0.47476172 0.42761975 0.50206904 0.41641874
0.00039479 0.36283831 0.35232302 0.39930133 0.34523319 0.50234819  0.48417291 0.45702496 0.47508945 0.39693445 0.45000532 0.44589633  0.47476172 0.42761975 0.50206904 0.41641874
0.00039479 0.36283831 0.35232302 0.39930133 0.34523319 0.50234819  0.48417291 0.45702496 0.47508945 0.39693445 0.45000532 0.44589633  0.47476172 0.42761975 0.50206904 0.41641874
0.00039479 0.36283831 0.35232302 0.39930133 0.34523319 0.50234819  0.48417291 0.45702496 0.47508945 0.39693445 0.45000532 0.44589633  0.47476172 0.42761975 0.50206904 0.41641874
0.00039479 0.36283831 0.35232302 0.39930133 0.34523319 0.50234819  0.48417291 0.45702496 0.47508945 0.39693445 0.45000532 0.44589633  0.47476172 0.42761975 0.50206904 0.41641874
0.00039479 0.36283831 0.35232302 0.39930133 0.34523319 0.50234819  0.48417291 0.45702496 0.47508945 0.39693445 0.45000532 0.44589633  0.47476172 0.42761975 0.50206904 0.41641874
0.00039479 0.36283831 0.35232302 0.39930133 0.34523319 0.50234819  0.48417291 0.45702496 0.47508945 0.39693445 0.45000532 0.44589633  0.47476172 0.42761975 0.50206904 0.41641874
0.00039479 0.36283831 0.35232302 0.39930133 0.34523319 0.50234819  0.48417291 0.45702496 0.47508945 0.39693445 0.45000532 0.44589633  0.47476172 0.42761975 0.50206904 0.41641874
0.00039479 0.36283831 0.35232302 0.39930133 0.34523319 0.50234819  0.48417291 0.45702496 0.47508945 0.39693445 0.45000532 0.44589633  0.47476172 0.42761975 0.50206904 0.41641874
0.00039479 0.36283831 0.35232302 0.39930133 0.34523319 0.50234819  0.48417291 0.45702496 0.47508945 0.39693445 0.45000532 0.44589633  0.47476172 0.42761975 0.50206904 0.41641874
0.00039479 0.36283831 0.35232302 0.39930133 0.34523319 0.50234819  0.48417291 0.45702496 0.47508945 0.39693445 0.45000532 0.44589633  0.47476172 0.42761975 0.50206904 0.41641874
0.00039479 0.36283831 0.35232302 0.39930133 0.34523319 0.50234819  0.48417291 0.45702496 0.47508945 0.39693445 0.45000532 0.44589633  0.47476172 0.42761975 0.50206904 0.41641874
0.00039479 0.36283831 0.35232302 0.39930133 0.34523319 0.50234819  0.48417291 0.45702496 0.47508945 0.39693445 0.45000532 0.44589633  0.47476172 0.42761975 0.50206904 0.41641874
0.00039479 0.36283831 0.35232302 0.39930133 0.34523319 0.50234819  0.48417291 0.45702496 0.47508945 0.39693445 0.45000532 0.44589633  0.47476172 0.42761975 0.50206904 0.41641874
0.00039479 0.36283831 0.35232302 0.39930133 0.34523319 0.50234819  0.48417291 0.45702496 0.47508945 0.39693445 0.45000532 0.44589633  0.47476172 0.42761975 0.50206904 0.41641874
0.00039479 0.36283831 0.35232302 0.39930133 0.34523319 0.50234819  0.48417291 0.45702496 0.47508945 0.39693445 0.45000532 0.44589633  0.47476172 0.42761975 0.50206904 0.41641874
0.00039479 0.36283831 0.35232302 0.39930133 0.34523319 0.50234819  0.48417291 0.45702496 0.47508945 0.39693445 0.45000532 0.44589633  0.47476172 0.42761975 0.50206904 0.41641874
0.00039479 0.36283831 0.35232302 0.39930133 0.34523319 0.50234819  0.48417291 0.45702496 0.47508945 0.39693445 0.45000532 0.44589633  0.47476172 0.42761975 0.50206904 0.41641874
0.00039479 0.36283831 0.35232302 0.39930133 0.34523319 0.50234819  0.48417291 0.45702496 0.47508945 0.39693445 0.45000532 0.44589633  0.47476172 0.42761975 0.50206904 0.41641874
0.00039479 0.36283831 0.35232302 0.39930133 0.34523319 0.50234819  0.48417291 0.45702496 0.47508945 0.39693445 0.45000532 0.44589633  0.47476172 0.42761975 0.50206904 0.41641874
0.00039479 0.36283831 0.35232302 0.39930133 0.34523319 0.50234819  0.48417291 0.45702496 0.47508945 0.39693445 0.45000532 0.44589633  0.47476172 0.42761975 0.50206904 0.41641874
0.00039479 0.36283831 0.35232302 0.39930133 0.34523319 0.50234819  0.48417291 0.45702496 0.47508945 0.39693445 0.45000532 0.44589633  0.47476172 0.42761975 0.50206904 0.41641874
0.00039479 0.36283831 0.35232302 0.39930133 0.34523319 0.50234819  0.48417291 0.45702496 0.47508945 0.39693445 0.45000532 0.44589633  0.47476172 0.42761975 0.50206904 0.41641874
0.00039479 0.36283831 0.35232302 0.39930133 0.34523319 0.50234819  0.48417291 0.45702496 0.47508945 0.39693445 0.45000532 0.44589633  0.47476172 0.42761975 0.50206904 0.41641874
0.00039479 0.36283831 0.35232302 0.39930133 0.34523319 0.50234819  0.48417291 0.45702496 0.47508945 0.39693445 0.45000532 0.44589633  0.47476172 0.42761975 0.50206904 0.41641874
0.00039479 0.36283831 0.35232302 0.39930133 0.34523319 0.50234819  0.48417291 0.45702496 0.47508945 0.39693445 0.45000532 0.44589633  0.47476172 0.42761975 0.50206904 0.41641874
0.00039479 0.36283831 0.35232302 0.39930133 0.34523319 0.50234819  0.48417291 0.45702496 0.47508945 0.39693445 0.45000532 0.44589633  0.47476172 0.42761975 0.50206904 0.41641874
0.00039479 0.36283831 0.35232302 0.39930133 0.34523319 0.50234819  0.48417291 0.45702496 0.47508945 0.39693445 0.45000532 0.44589633  0.47476172 0.42761975 0.50206904 0.41641874
0.00039479 0.36283831 0.35232302 0.39930133 0.34523319 0.50234819  0.48417291 0.45702496 0.47508945 0.39693445 0.45000532 0.44589633  0.47476172 0.42761975 0.50206904 0.41641874
0.0177474  0.38984345 0.33852207 0.42635267 0.35697043 0.47086435  0.45750391 0.47765391 0.48169648 0.39463854 0.42895995 0.44917931  0.51265071 0.44991576 0.53083289 0.43501917
0.0177474  0.38984345 0.33852207 0.42635267 0.35697043 0.47086435  0.45750391 0.47765391 0.48169648 0.39463854 0.42895995 0.44917931  0.51265071 0.44991576 0.53083289 0.43501917
0.03525649 0.41685964 0.32437467 0.45347996 0.36854765 0.43569141  0.43485985 0.4975719  0.47652552 0.39120509 0.39620065 0.45304628  0.55757342 0.45566594 0.52722734 0.46096477
0.03525649 0.41685964 0.32437467 0.45347996 0.36854765 0.43569141  0.43485985 0.4975719  0.47652552 0.39120509 0.39620065 0.45304628  0.55757342 0.45566594 0.52722734 0.46096477
0.05357196 0.4426501  0.31126372 0.47372404 0.37603629 0.41875523  0.42072775 0.50444347 0.48490619 0.39013906 0.40420374 0.45185212  0.54462992 0.46722303 0.55234375 0.44813721
0.05357196 0.4426501  0.31126372 0.47372404 0.37603629 0.41875523  0.42072775 0.50444347 0.48490619 0.39013906 0.40420374 0.45185212  0.54462992 0.46722303 0.55234375 0.44813721
0.07122472 0.46999628 0.29724973 0.50078613 0.3872153  0.38752921  0.39567049 0.52368823 0.48880919 0.3880822  0.3822649  0.45508466  0.57974546 0.48072028 0.56815586 0.46528705
0.10704769 0.51870974 0.27133613 0.53919502 0.40008362 0.34395987  0.3754509  0.54434168 0.47612433 0.37671698 0.36237751 0.45177994  0.60919001 0.46227032 0.51418633 0.47078444
0.14301957 0.57001034 0.24384912 0.58376136 0.41792636 0.28221017  0.35433148 0.5716029  0.43655658 0.36169243 0.30509079 0.45416177  0.68201396 0.42081375 0.40667622 0.49913515
0.16113776 0.59654737 0.2301951  0.60741668 0.42673755 0.25708448  0.33532904 0.58617756 0.43941123 0.35750582 0.29598695 0.45429866  0.70298453 0.42763509 0.40924099 0.49956179
0.16113776 0.59654737 0.2301951  0.60741668 0.42673755 0.25708448  0.33532904 0.58617756 0.43941123 0.35750582 0.29598695 0.45429866  0.70298453 0.42763509 0.40924099 0.49956179
0.12459746 0.54515415 0.25607956 0.56609884 0.41368336 0.28803295  0.37147083 0.56583291 0.40867482 0.36207347 0.27427045 0.45890045  0.70689224 0.39242581 0.3523091  0.52595864
0.12459746 0.54515415 0.25607956 0.56609884 0.41368336 0.28803295  0.37147083 0.56583291 0.40867482 0.36207347 0.27427045 0.45890045  0.70689224 0.39242581 0.3523091  0.52595864
0.12459746 0.54515415 0.25607956 0.56609884 0.41368336 0.28803295  0.37147083 0.56583291 0.40867482 0.36207347 0.27427045 0.45890045  0.70689224 0.39242581 0.3523091  0.52595864
0.10628198 0.51936369 0.26919051 0.54585476 0.40619473 0.30496913  0.38560293 0.55896134 0.40029415 0.36313951 0.26626736 0.46009462  0.71983574 0.38086872 0.3271927  0.5387862 
0.10628198 0.51936369 0.26919051 0.54585476 0.40619473 0.30496913  0.38560293 0.55896134 0.40029415 0.36313951 0.26626736 0.46009462  0.71983574 0.38086872 0.3271927  0.5387862 
0.10628198 0.51936369 0.26919051 0.54585476 0.40619473 0.30496913  0.38560293 0.55896134 0.40029415 0.36313951 0.26626736 0.46009462  0.71983574 0.38086872 0.3271927  0.5387862 
0.10628198 0.51936369 0.26919051 0.54585476 0.40619473 0.30496913  0.38560293 0.55896134 0.40029415 0.36313951 0.26626736 0.46009462  0.71983574 0.38086872 0.3271927  0.5387862 
0.08862922 0.49201751 0.2832045  0.51879267 0.39501572 0.33619514  0.41066018 0.53971658 0.39639115 0.36519637 0.2882062  0.45686207  0.68472019 0.36737147 0.31138058 0.52163636
0.07056619 0.46658785 0.29686513 0.497641   0.38628993 0.36623544  0.4176726  0.52862213 0.42125609 0.37222723 0.31790385 0.45546932  0.6533114  0.39647978 0.37779503 0.50586743
0.07056619 0.46658785 0.29686513 0.497641   0.38628993 0.36623544  0.4176726  0.52862213 0.42125609 0.37222723 0.31790385 0.45546932  0.6533114  0.39647978 0.37779503 0.50586743
0.07056619 0.46658785 0.29686513 0.497641   0.38628993 0.36623544  0.4176726  0.52862213 0.42125609 0.37222723 0.31790385 0.45546932  0.6533114  0.39647978 0.37779503 0.50586743
0.07056619 0.46658785 0.29686513 0.497641   0.38628993 0.36623544  0.4176726  0.52862213 0.42125609 0.37222723 0.31790385 0.45546932  0.6533114  0.39647978 0.37779503 0.50586743
0.07056619 0.46658785 0.29686513 0.497641   0.38628993 0.36623544  0.4176726  0.52862213 0.42125609 0.37222723 0.31790385 0.45546932  0.6533114  0.39647978 0.37779503 0.50586743
0.07056619 0.46658785 0.29686513 0.497641   0.38628993 0.36623544  0.4176726  0.52862213 0.42125609 0.37222723 0.31790385 0.45546932  0.6533114  0.39647978 0.37779503 0.50586743
0.07056619 0.46658785 0.29686513 0.497641   0.38628993 0.36623544  0.4176726  0.52862213 0.42125609 0.37222723 0.31790385 0.45546932  0.6533114  0.39647978 0.37779503 0.50586743
0.07056619 0.46658785 0.29686513 0.497641   0.38628993 0.36623544  0.4176726  0.52862213 0.42125609 0.37222723 0.31790385 0.45546932  0.6533114  0.39647978 0.37779503 0.50586743
0.07056619 0.46658785 0.29686513 0.497641   0.38628993 0.36623544  0.4176726  0.52862213 0.42125609 0.37222723 0.31790385 0.45546932  0.6533114  0.39647978 0.37779503 0.50586743
0.03525649 0.41685964 0.32437467 0.45347996 0.36854765 0.43569141  0.43485985 0.4975719  0.47652552 0.39120509 0.39620065 0.45304628  0.55757342 0.45566594 0.52722734 0.46096477
0.05316535 0.44273058 0.31054829 0.47689463 0.3776646  0.40398201  0.42075284 0.51373867 0.46182271 0.3832114  0.36861157 0.45403535  0.59898857 0.44331769 0.48613169 0.47354656
0.12505313 0.54067879 0.25936785 0.55488146 0.40458043 0.32028091  0.36936963 0.56002388 0.45907073 0.35942915 0.34396865 0.44714269  0.67238109 0.44839136 0.44610607 0.46516774
0.19817155 0.64307986 0.20830521 0.63558188 0.42931627 0.26755743  0.29697443 0.59422821 0.52907222 0.36063069 0.39319254 0.44327701  0.63046205 0.5225983  0.60166348 0.41808213
0.23505122 0.68981724 0.18448225 0.66316525 0.43656593 0.25139071  0.28929851 0.59671048 0.52922757 0.35229296 0.41794994 0.43459076  0.61186048 0.50053926 0.5503742  0.39540535
0.3096006  0.75888425 0.14743648 0.66666134 0.42476793 0.30648061  0.33841456 0.52775907 0.51323169 0.38782252 0.48224562 0.44034132  0.39502861 0.4379348  0.54581215 0.34446138
0.36624719 0.78952197 0.13096296 0.61589534 0.39610968 0.4063926  0.42435046 0.48435931 0.51027823 0.36811674 0.61812561 0.40341223  0.33538426 0.38538028 0.40940866 0.29262954
0.40334436 0.80460479 0.12285463 0.58286797 0.37595784 0.48174344  0.46710441 0.44336238 0.51464293 0.39197487 0.64139114 0.40727923  0.29418271 0.38285263 0.43577543 0.3067368 
0.43968307 0.8042621  0.10918076 0.52632324 0.37221626 0.51052458  0.55818734 0.41245982 0.47913071 0.40004134 0.65457285 0.41142306  0.32449637 0.37870983 0.42203611 0.33112551
0.47519548 0.81056876 0.09654784 0.49702408 0.36448215 0.55085511  0.61469541 0.33360884 0.42118648 0.47317538 0.54490054 0.46542886  0.29218941 0.35246694 0.45807609 0.42316772
0.51063446 0.78752363 0.0882966  0.41029067 0.37272032 0.54616975  0.70739643 0.38563215 0.40662178 0.43244602 0.58982791 0.44134334  0.41918407 0.42158995 0.52790212 0.43021969
0.51063446 0.78752363 0.0882966  0.41029067 0.37272032 0.54616975  0.70739643 0.38563215 0.40662178 0.43244602 0.58982791 0.44134334  0.41918407 0.42158995 0.52790212 0.43021969
0.49232617 0.77839575 0.08697787 0.4160296  0.39453189 0.47553903  0.72437009 0.42425879 0.37987072 0.39170774 0.62570307 0.4189227  0.41894639 0.42461292 0.50325903 0.38097228
0.45688719 0.80144088 0.09522911 0.50276301 0.38629372 0.48022438  0.63166906 0.37223548 0.39443541 0.4324371  0.58077569 0.44300822  0.29195173 0.35548991 0.43343301 0.37392031
0.42054847 0.80178357 0.10890297 0.55930774 0.3900353  0.45144325  0.54058613 0.40313805 0.42994763 0.42437063 0.56759398 0.43886439  0.26163807 0.35963271 0.44717233 0.3495316 
0.32828533 0.76763445 0.13787814 0.64709288 0.42596792 0.31026171  0.39711911 0.50811761 0.46795564 0.37949602 0.51765635 0.42820043  0.32184623 0.41251202 0.50381303 0.29975061
0.23505122 0.68981724 0.18448225 0.66316525 0.43656593 0.25139071  0.28929851 0.59671048 0.52922757 0.35229296 0.41794994 0.43459076  0.61186048 0.50053926 0.5503742  0.39540535
0.10628198 0.51936369 0.26919051 0.54585476 0.40619473 0.30496913  0.38560293 0.55896134 0.40029415 0.36313951 0.26626736 0.46009462  0.71983574 0.38086872 0.3271927  0.5387862 
0.0712766  0.46501237 0.29700545 0.49174133 0.38327848 0.36767898  0.43732918 0.51908763 0.38978412 0.36749229 0.30925158 0.45357909  0.6468312  0.34507545 0.28261673 0.50303593
0.00039479 0.36283831 0.35232302 0.39930133 0.34523319 0.50234819  0.48417291 0.45702496 0.47508945 0.39693445 0.45000532 0.44589633  0.47476172 0.42761975 0.50206904 0.41641874
0.00039479 0.36283831 0.35232302 0.39930133 0.34523319 0.50234819  0.48417291 0.45702496 0.47508945 0.39693445 0.45000532 0.44589633  0.47476172 0.42761975 0.50206904 0.41641874
0.00039479 0.36283831 0.35232302 0.39930133 0.34523319 0.50234819  0.48417291 0.45702496 0.47508945 0.39693445 0.45000532 0.44589633  0.47476172 0.42761975 0.50206904 0.41641874
0.00039479 0.36283831 0.35232302 0.39930133 0.34523319 0.50234819  0.48417291 0.45702496 0.47508945 0.39693445 0.45000532 0.44589633  0.47476172 0.42761975 0.50206904 0.41641874
0.00039479 0.36283831 0.35232302 0.39930133 0.34523319 0.50234819  0.48417291 0.45702496 0.47508945 0.39693445 0.45000532 0.44589633  0.47476172 0.42761975 0.50206904 0.41641874
0.00039479 0.36283831 0.35232302 0.39930133 0.34523319 0.50234819  0.48417291 0.45702496 0.47508945 0.39693445 0.45000532 0.44589633  0.47476172 0.42761975 0.50206904 0.41641874
0.00039479 0.36283831 0.35232302 0.39930133 0.34523319 0.50234819  0.48417291 0.45702496 0.47508945 0.39693445 0.45000532 0.44589633  0.47476172 0.42761975 0.50206904 0.41641874
0.00039479 0.36283831 0.35232302 0.39930133 0.34523319 0.50234819  0.48417291 0.45702496 0.47508945 0.39693445 0.45000532 0.44589633  0.47476172 0.42761975 0.50206904 0.41641874
0.00039479 0.36283831 0.35232302 0.39930133 0.34523319 0.50234819  0.48417291 0.45702496 0.47508945 0.39693445 0.45000532 0.44589633  0.47476172 0.42761975 0.50206904 0.41641874
0.00039479 0.36283831 0.35232302 0.39930133 0.34523319 0.50234819  0.48417291 0.45702496 0.47508945 0.39693445 0.45000532 0.44589633  0.47476172 0.42761975 0.50206904 0.41641874
0.00039479 0.36283831 0.35232302 0.39930133 0.34523319 0.50234819  0.48417291 0.45702496 0.47508945 0.39693445 0.45000532 0.44589633  0.47476172 0.42761975 0.50206904 0.41641874
0.00039479 0.36283831 0.35232302 0.39930133 0.34523319 0.50234819  0.48417291 0.45702496 0.47508945 0.39693445 0.45000532 0.44589633  0.47476172 0.42761975 0.50206904 0.41641874
0.00039479 0.36283831 0.35232302 0.39930133 0.34523319 0.50234819  0.48417291 0.45702496 0.47508945 0.39693445 0.45000532 0.44589633  0.47476172 0.42761975 0.50206904 0.41641874
0.00039479 0.36283831 0.35232302 0.39930133 0.34523319 0.50234819  0.48417291 0.45702496 0.47508945 0.39693445 0.45000532 0.44589633  0.47476172 0.42761975 0.50206904 0.41641874
0.00039479 0.36283831 0.35232302 0.39930133 0.34523319 0.50234819  0.48417291 0.45702496 0.47508945 0.39693445 0.45000532 0.44589633  0.47476172 0.42761975 0.50206904 0.41641874
0.00039479 0.36283831 0.35232302 0.39930133 0.34523319 0.50234819  0.48417291 0.45702496 0.47508945 0.39693445 0.45000532 0.44589633  0.47476172 0.42761975 0.50206904 0.41641874
0.00039479 0.36283831 0.35232302 0.39930133 0.34523319 0.50234819  0.48417291 0.45702496 0.47508945 0.39693445 0.45000532 0.44589633  0.47476172 0.42761975 0.50206904 0.41641874
0.00039479 0.36283831 0.35232302 0.39930133 0.34523319 0.50234819  0.48417291 0.45702496 0.47508945 0.39693445 0.45000532 0.44589633  0.47476172 0.42761975 0.50206904 0.41641874
0.00039479 0.36283831 0.35232302 0.39930133 0.34523319 0.50234819  0.48417291 0.45702496 0.47508945 0.39693445 0.45000532 0.44589633  0.47476172 0.42761975 0.50206904 0.41641874
0.00039479 0.36283831 0.35232302 0.39930133 0.34523319 0.50234819  0.48417291 0.45702496 0.47508945 0.39693445 0.45000532 0.44589633  0.47476172 0.42761975 0.50206904 0.41641874
0.00039479 0.36283831 0.35232302 0.39930133 0.34523319 0.50234819  0.48417291 0.45702496 0.47508945 0.39693445 0.45000532 0.44589633  0.47476172 0.42761975 0.50206904 0.41641874
0.00039479 0.36283831 0.35232302 0.39930133 0.34523319 0.50234819  0.48417291 0.45702496 0.47508945 0.39693445 0.45000532 0.44589633  0.47476172 0.42761975 0.50206904 0.41641874
0.00039479 0.36283831 0.35232302 0.39930133 0.34523319 0.50234819  0.48417291 0.45702496 0.47508945 0.39693445 0.45000532 0.44589633  0.47476172 0.42761975 0.50206904 0.41641874
0.00039479 0.36283831 0.35232302 0.39930133 0.34523319 0.50234819  0.48417291 0.45702496 0.47508945 0.39693445 0.45000532 0.44589633  0.47476172 0.42761975 0.50206904 0.41641874
0.00039479 0.36283831 0.35232302 0.39930133 0.34523319 0.50234819  0.48417291 0.45702496 0.47508945 0.39693445 0.45000532 0.44589633  0.47476172 0.42761975 0.50206904 0.41641874
0.00039479 0.36283831 0.35232302 0.39930133 0.34523319 0.50234819  0.48417291 0.45702496 0.47508945 0.39693445 0.45000532 0.44589633  0.47476172 0.42761975 0.50206904 0.41641874
0.00039479 0.36283831 0.35232302 0.39930133 0.34523319 0.50234819  0.48417291 0.45702496 0.47508945 0.39693445 0.45000532 0.44589633  0.47476172 0.42761975 0.50206904 0.41641874
0.00039479 0.36283831 0.35232302 0.39930133 0.34523319 0.50234819  0.48417291 0.45702496 0.47508945 0.39693445 0.45000532 0.44589633  0.47476172 0.42761975 0.50206904 0.41641874
0.05453764 0.43523272 0.31911157 0.45542964 0.35189235 0.49992353  0.41465758 0.46894096 0.5502463  0.43470847 0.45405755 0.4674958  0.42295228 0.48104892 0.69194473 0.4426293 
0.23824812 0.65040185 0.2195835  0.56774702 0.3500848  0.55277122  0.30220565 0.47353691 0.73024055 0.45658738 0.61052386 0.45032948  0.3680924  0.55699033 0.82940602 0.40324701
0.38490418 0.78759098 0.15046991 0.59374881 0.33091439 0.60193458  0.35375745 0.41105265 0.62590374 0.46487746 0.53921937 0.45931542  0.40336689 0.37795695 0.48330405 0.46513035
0.44040188 0.82034229 0.13390782 0.56752468 0.31175412 0.65393346  0.39916614 0.40180063 0.59057552 0.45478735 0.55829857 0.44628621  0.39278733 0.34402745 0.40483746 0.43352958
0.49347223 0.80865824 0.12904373 0.49365963 0.2967012  0.68122038  0.49342959 0.38969023 0.4607615  0.47210364 0.45139668 0.46662485  0.40562282 0.3111795  0.33385109 0.45655679
0.54564794 0.77560568 0.13219359 0.40026983 0.28102807 0.69962233  0.54815541 0.46036193 0.39155793 0.46460111 0.36458885 0.47269556  0.51107116 0.3230225  0.3304693  0.48467629
0.56348734 0.7642965  0.13100261 0.3567271  0.27896904 0.7081317  0.58193414 0.50494316 0.39042092 0.43522554 0.39294224 0.45509741  0.59114729 0.35340423 0.34033081 0.49675441
0.58108692 0.75256055 0.12394235 0.31353641 0.28926624 0.69493698  0.64085643 0.51238524 0.37699323 0.42387175 0.40951623 0.44861004  0.63806581 0.39214551 0.40029533 0.49172826
0.58108692 0.75256055 0.12394235 0.31353641 0.28926624 0.69493698  0.64085643 0.51238524 0.37699323 0.42387175 0.40951623 0.44861004  0.63806581 0.39214551 0.40029533 0.49172826
0.58108692 0.75256055 0.12394235 0.31353641 0.28926624 0.69493698  0.64085643 0.51238524 0.37699323 0.42387175 0.40951623 0.44861004  0.63806581 0.39214551 0.40029533 0.49172826
0.58108692 0.75256055 0.12394235 0.31353641 0.28926624 0.69493698  0.64085643 0.51238524 0.37699323 0.42387175 0.40951623 0.44861004  0.63806581 0.39214551 0.40029533 0.49172826
0.58108692 0.75256055 0.12394235 0.31353641 0.28926624 0.69493698  0.64085643 0.51238524 0.37699323 0.42387175 0.40951623 0.44861004  0.63806581 0.39214551 0.40029533 0.49172826
0.58108692 0.75256055 0.12394235 0.31353641 0.28926624 0.69493698  0.64085643 0.51238524 0.37699323 0.42387175 0.40951623 0.44861004  0.63806581 0.39214551 0.40029533 0.49172826
0.58108692 0.75256055 0.12394235 0.31353641 0.28926624 0.69493698  0.64085643 0.51238524 0.37699323 0.42387175 0.40951623 0.44861004  0.63806581 0.39214551 0.40029533 0.49172826
0.58108692 0.75256055 0.12394235 0.31353641 0.28926624 0.69493698  0.64085643 0.51238524 0.37699323 0.42387175 0.40951623 0.44861004  0.63806581 0.39214551 0.40029533 0.49172826
0.58108692 0.75256055 0.12394235 0.31353641 0.28926624 0.69493698  0.64085643 0.51238524 0.37699323 0.42387175 0.40951623 0.44861004  0.63806581 0.39214551 0.40029533 0.49172826
0.54610226 0.78017366 0.12854403 0.39801663 0.28444269 0.70285614  0.57040413 0.43882694 0.38752676 0.45755093 0.38536145 0.46784031  0.5244363  0.33767515 0.33162227 0.47876325
0.49362571 0.81124581 0.1016175  0.47514645 0.3390896  0.61266162  0.60791633 0.33866394 0.42945969 0.47868133 0.51729227 0.46887136  0.35637887 0.33670351 0.41965302 0.46160683
0.44054965 0.82022789 0.12361278 0.55557381 0.33438396 0.60795342  0.46314807 0.39556488 0.55763478 0.4277996  0.63100969 0.42226633  0.33193637 0.36346912 0.41500279 0.3699135 
0.42197165 0.81966524 0.12883817 0.58940231 0.33714667 0.59212695  0.40594522 0.39674552 0.58230231 0.4492814  0.58590683 0.4428437  0.32859787 0.35979088 0.44326054 0.39509047
0.38400688 0.80027911 0.13478638 0.62448861 0.36843661 0.49682347  0.37217067 0.42391857 0.55194968 0.46277827 0.50391654 0.46454851  0.29741123 0.38791748 0.53465163 0.40166528
0.30983353 0.76257574 0.15619934 0.67616474 0.40265727 0.37928527  0.27073384 0.51959709 0.61542993 0.42376266 0.48752646 0.45691024  0.44094478 0.47372309 0.63905033 0.40324622
0.30983353 0.76257574 0.15619934 0.67616474 0.40265727 0.37928527  0.27073384 0.51959709 0.61542993 0.42376266 0.48752646 0.45691024  0.44094478 0.47372309 0.63905033 0.40324622
0.27230287 0.73267769 0.16547083 0.68332028 0.43003633 0.28129444  0.27429226 0.57383444 0.55875287 0.38318526 0.44123623 0.44755586  0.5143895  0.4866367  0.6130834  0.38891645
0.23476218 0.6886814  0.1873013  0.66667202 0.42877097 0.27141515  0.269237   0.58962159 0.5418727  0.38683453 0.3690882  0.46105598  0.59724024 0.49718258 0.62285176 0.44932239
0.23476218 0.6886814  0.1873013  0.66667202 0.42877097 0.27141515  0.269237   0.58962159 0.5418727  0.38683453 0.3690882  0.46105598  0.59724024 0.49718258 0.62285176 0.44932239
0.16260011 0.59027996 0.23982946 0.58930794 0.39889893 0.36972692  0.29997855 0.55143776 0.59724897 0.41318516 0.43021375 0.46375426  0.52603877 0.554315   0.77053085 0.43938926
0.12565038 0.54525189 0.25940317 0.56170694 0.40392703 0.34165168  0.33784291 0.56136885 0.5317018  0.3803315  0.3938001  0.45210673  0.61554765 0.52223445 0.628561   0.45074141
0.05393092 0.44226248 0.31069522 0.4734986  0.37473855 0.41034016  0.42841941 0.50768438 0.45807034 0.3813207  0.38055311 0.45088927  0.58207015 0.42784302 0.4599326  0.45537278
0.00039479 0.36283831 0.35232302 0.39930133 0.34523319 0.50234819  0.48417291 0.45702496 0.47508945 0.39693445 0.45000532 0.44589633  0.47476172 0.42761975 0.50206904 0.41641874
0.00039479 0.36283831 0.35232302 0.39930133 0.34523319 0.50234819  0.48417291 0.45702496 0.47508945 0.39693445 0.45000532 0.44589633  0.47476172 0.42761975 0.50206904 0.41641874
0.00039479 0.36283831 0.35232302 0.39930133 0.34523319 0.50234819  0.48417291 0.45702496 0.47508945 0.39693445 0.45000532 0.44589633  0.47476172 0.42761975 0.50206904 0.41641874
0.00039479 0.36283831 0.35232302 0.39930133 0.34523319 0.50234819  0.48417291 0.45702496 0.47508945 0.39693445 0.45000532 0.44589633  0.47476172 0.42761975 0.50206904 0.41641874
0.00039479 0.36283831 0.35232302 0.39930133 0.34523319 0.50234819  0.48417291 0.45702496 0.47508945 0.39693445 0.45000532 0.44589633  0.47476172 0.42761975 0.50206904 0.41641874
0.00208839 0.37990734 0.39024705 0.35866385 0.51508664 0.55795143  0.42390915 0.46977124 0.40707356 0.40134232 0.590193   0.65726784  0.48990571 0.35226428 0.52918239 0.51816346
0.00437648 0.39209846 0.41765783 0.32759438 0.63225519 0.5864291  0.387231   0.48121014 0.37031205 0.41272128 0.67744997 0.80197633  0.50162629 0.28511645 0.55795011 0.59991116
0.00437648 0.39209846 0.41765783 0.32759438 0.63225519 0.5864291  0.387231   0.48121014 0.37031205 0.41272128 0.67744997 0.80197633  0.50162629 0.28511645 0.55795011 0.59991116
0.01017012 0.40511064 0.45208527 0.32957841 0.63432859 0.58716484  0.37607654 0.45768539 0.36333071 0.34430328 0.67655558 0.80226206  0.47035206 0.30001749 0.55334519 0.65707389
0.01017012 0.40511064 0.45208527 0.32957841 0.63432859 0.58716484  0.37607654 0.45768539 0.36333071 0.34430328 0.67655558 0.80226206  0.47035206 0.30001749 0.55334519 0.65707389
0.01633449 0.42625093 0.49758153 0.31849442 0.67323183 0.59841375  0.35557519 0.43995953 0.34551727 0.2582996  0.66214058 0.79211045  0.3864124  0.32981778 0.54388248 0.711853  
0.01017012 0.40511064 0.45208527 0.32957841 0.63432859 0.58716484  0.37607654 0.45768539 0.36333071 0.34430328 0.67655558 0.80226206  0.47035206 0.30001749 0.55334519 0.65707389
0.01037144 0.40310822 0.44838564 0.33600832 0.60435309 0.57478498  0.39000869 0.45391416 0.38027849 0.34480719 0.63822815 0.73562149  0.47890438 0.32778268 0.54291499 0.60187571
0.00383757 0.38488218 0.40058535 0.34898156 0.53684563 0.55456904  0.42517091 0.47224129 0.41059776 0.40977824 0.57756903 0.63656464  0.50724392 0.35850869 0.5319899  0.48131725
0.01870308 0.37196619 0.35364175 0.3935624  0.32342162 0.57297891  0.46719925 0.41839832 0.50184052 0.43767273 0.41413017 0.46831696  0.4749994  0.42459677 0.52671212 0.46566615
0.05574985 0.40665825 0.34341554 0.40430201 0.29676138 0.66640131  0.43202533 0.36288097 0.56853816 0.51624736 0.39788616 0.50914755  0.36582874 0.42208349 0.66893936 0.52042171
0.12733334 0.51201741 0.29042243 0.49779801 0.33135928 0.58191643  0.34404566 0.41661437 0.61831326 0.51766378 0.38240932 0.51639919  0.40082195 0.4968744  0.81214085 0.53548322
0.27345622 0.65211321 0.23296444 0.55172704 0.30855214 0.63626208  0.25852738 0.46847666 0.67943845 0.50016879 0.43001654 0.49070206  0.45623971 0.48039516 0.68296581 0.50619314
0.47503902 0.80057932 0.16202534 0.53393759 0.25916625 0.73561862  0.3278752  0.45738239 0.5497796  0.46303252 0.39801436 0.4628533  0.48076861 0.31461737 0.30694521 0.43860789
0.56305022 0.73139214 0.18989384 0.38314781 0.21437949 0.76246516  0.33870901 0.65915863 0.44144499 0.4296521  0.42273655 0.43436941  0.46582224 0.47010472 0.17090277 0.46947753
0.67827335 0.60902196 0.17235397 0.18225807 0.2359942  0.62484298  0.49078224 0.80437646 0.30856423 0.45439012 0.33972089 0.48300195  0.30248486 0.38107919 0.49366074 0.52518938
0.69059808 0.59437606 0.20000754 0.20836232 0.20615778 0.6040465  0.48496353 0.81016507 0.26124212 0.5040546  0.38492276 0.5120388  0.28628309 0.42082925 0.49928628 0.48882955
0.74010301 0.53111165 0.26332866 0.2163599  0.16730769 0.51833921  0.44320853 0.73463427 0.29063446 0.46783802 0.44725776 0.57779185  0.34782139 0.60421655 0.41637654 0.47799887
0.74010301 0.53111165 0.26332866 0.2163599  0.16730769 0.51833921  0.44320853 0.73463427 0.29063446 0.46783802 0.44725776 0.57779185  0.34782139 0.60421655 0.41637654 0.47799887
0.7516491  0.51705882 0.29189107 0.24462461 0.14688261 0.49356261  0.45641078 0.73886469 0.25573491 0.52145285 0.48559914 0.59849505  0.36779742 0.61311844 0.47635618 0.40947122
0.83987463 0.31671921 0.29598662 0.2719231  0.18315264 0.35195061  0.32980075 0.50359332 0.38213868 0.51207076 0.60919323 0.64498559  0.44964941 0.64594426 0.28466867 0.32490107
0.86132322 0.28406657 0.32007472 0.30004862 0.18325537 0.32547798  0.33106496 0.40307951 0.40859158 0.50610268 0.57653247 0.66186833  0.51933923 0.58076307 0.34112274 0.28132809
0.86132322 0.28406657 0.32007472 0.30004862 0.18325537 0.32547798  0.33106496 0.40307951 0.40859158 0.50610268 0.57653247 0.66186833  0.51933923 0.58076307 0.34112274 0.28132809
0.88013314 0.28544597 0.39947615 0.35756336 0.16491294 0.28111041  0.40049196 0.35286639 0.49069835 0.40452339 0.58444409 0.68126312  0.55984265 0.43712015 0.42317258 0.41166733
0.88013314 0.28544597 0.39947615 0.35756336 0.16491294 0.28111041  0.40049196 0.35286639 0.49069835 0.40452339 0.58444409 0.68126312  0.55984265 0.43712015 0.42317258 0.41166733
0.87029693 0.24907082 0.31349784 0.35210348 0.21127953 0.35587132  0.32061103 0.40258153 0.34142498 0.50231918 0.61019601 0.60018637  0.5046079  0.61664382 0.33723005 0.35464858
0.87029693 0.24907082 0.31349784 0.35210348 0.21127953 0.35587132  0.32061103 0.40258153 0.34142498 0.50231918 0.61019601 0.60018637  0.5046079  0.61664382 0.33723005 0.35464858
0.8781232  0.21954898 0.31189952 0.39841268 0.23157008 0.37142024  0.31799588 0.39637695 0.30193184 0.5181725  0.64700989 0.55127534  0.49963374 0.64173228 0.31437324 0.43671449
0.859956   0.21374323 0.23891066 0.35586198 0.27431219 0.40332571  0.29130157 0.4402945  0.30108372 0.55436788 0.62018013 0.52716988  0.41673137 0.62843535 0.29937011 0.43430694
0.84786009 0.22175621 0.20656451 0.32589618 0.29771794 0.40790976  0.29778205 0.45541252 0.351005   0.5498779  0.5959773  0.5098401  0.35341941 0.60721279 0.29533033 0.51322613
0.83647991 0.22674785 0.17207429 0.29912205 0.32806992 0.42336011  0.29762384 0.46984335 0.38619763 0.52951031 0.55490908 0.47557532  0.30709704 0.55248578 0.32031228 0.5484747 
0.82493382 0.24080068 0.14351189 0.27085734 0.348495   0.44813671  0.28442158 0.46561293 0.42109717 0.47589548 0.5165677  0.45487213  0.28712102 0.54358389 0.26033264 0.61700235
0.81920236 0.22253728 0.09864751 0.29815669 0.43995735 0.55331382  0.27209755 0.45214591 0.38585132 0.3809442  0.38696487 0.28710167  0.30178964 0.49167923 0.3460138  0.65884578
0.80238812 0.24104046 0.07597188 0.28287746 0.46118662 0.53565523  0.32046582 0.44230577 0.4546453  0.36050672 0.40973673 0.28974117  0.33531469 0.44132943 0.4448597  0.68093529
0.78768542 0.2674267  0.06353442 0.28567971 0.47783856 0.55023949  0.35596653 0.40084224 0.48144482 0.33726965 0.43123281 0.28267263  0.45351383 0.50448833 0.40776487 0.70179632
0.75681318 0.35408602 0.06454816 0.21509651 0.44145371 0.52210834  0.39433318 0.34633185 0.57291406 0.31945682 0.39742151 0.37816297  0.53779994 0.56338642 0.33922199 0.59057163
0.72402038 0.40367485 0.05541781 0.24137389 0.45619253 0.51141625  0.49114539 0.32522257 0.6000234  0.34057016 0.41728074 0.38774416  0.61598216 0.50576188 0.56806678 0.53577789
0.65026442 0.58211011 0.06780241 0.22511144 0.38586462 0.54655677  0.59834247 0.23278768 0.58377844 0.37806167 0.33784635 0.50235834  0.72442231 0.57859798 0.57346469 0.46163801
0.57017288 0.67895244 0.06673174 0.32928683 0.40264706 0.50587291  0.67516182 0.25073106 0.49447685 0.41712113 0.44229918 0.48728694  0.54619301 0.55684331 0.64627058 0.43630311
0.47922394 0.67599552 0.06758894 0.44061211 0.46914276 0.30635362  0.64825832 0.22764739 0.42069562 0.38765743 0.43858378 0.47819652  0.40619227 0.5363219  0.59384866 0.3037729 
0.28985498 0.71103495 0.15305853 0.61550012 0.44387349 0.24810517  0.44976065 0.49746583 0.36298921 0.38736462 0.37203482 0.46027896  0.45199286 0.38263434 0.4152392  0.39860833
0.12466471 0.54268774 0.25711711 0.56107672 0.41122702 0.29138041  0.37908614 0.56429568 0.40196876 0.35586995 0.27754409 0.45576378  0.7182491  0.38812544 0.32914831 0.51345709
0.12466471 0.54268774 0.25711711 0.56107672 0.41122702 0.29138041  0.37908614 0.56429568 0.40196876 0.35586995 0.27754409 0.45576378  0.7182491  0.38812544 0.32914831 0.51345709
0.00039479 0.36283831 0.35232302 0.39930133 0.34523319 0.50234819  0.48417291 0.45702496 0.47508945 0.39693445 0.45000532 0.44589633  0.47476172 0.42761975 0.50206904 0.41641874
0.00039479 0.36283831 0.35232302 0.39930133 0.34523319 0.50234819  0.48417291 0.45702496 0.47508945 0.39693445 0.45000532 0.44589633  0.47476172 0.42761975 0.50206904 0.41641874
0.00039479 0.36283831 0.35232302 0.39930133 0.34523319 0.50234819  0.48417291 0.45702496 0.47508945 0.39693445 0.45000532 0.44589633  0.47476172 0.42761975 0.50206904 0.41641874
0.00039479 0.36283831 0.35232302 0.39930133 0.34523319 0.50234819  0.48417291 0.45702496 0.47508945 0.39693445 0.45000532 0.44589633  0.47476172 0.42761975 0.50206904 0.41641874
0.00039479 0.36283831 0.35232302 0.39930133 0.34523319 0.50234819  0.48417291 0.45702496 0.47508945 0.39693445 0.45000532 0.44589633  0.47476172 0.42761975 0.50206904 0.41641874
0.00039479 0.36283831 0.35232302 0.39930133 0.34523319 0.50234819  0.48417291 0.45702496 0.47508945 0.39693445 0.45000532 0.44589633  0.47476172 0.42761975 0.50206904 0.41641874
0.00039479 0.36283831 0.35232302 0.39930133 0.34523319 0.50234819  0.48417291 0.45702496 0.47508945 0.39693445 0.45000532 0.44589633  0.47476172 0.42761975 0.50206904 0.41641874
0.00039479 0.36283831 0.35232302 0.39930133 0.34523319 0.50234819  0.48417291 0.45702496 0.47508945 0.39693445 0.45000532 0.44589633  0.47476172 0.42761975 0.50206904 0.41641874
0.00039479 0.36283831 0.35232302 0.39930133 0.34523319 0.50234819  0.48417291 0.45702496 0.47508945 0.39693445 0.45000532 0.44589633  0.47476172 0.42761975 0.50206904 0.41641874
0.00039479 0.36283831 0.35232302 0.39930133 0.34523319 0.50234819  0.48417291 0.45702496 0.47508945 0.39693445 0.45000532 0.44589633  0.47476172 0.42761975 0.50206904 0.41641874
0.00039479 0.36283831 0.35232302 0.39930133 0.34523319 0.50234819  0.48417291 0.45702496 0.47508945 0.39693445 0.45000532 0.44589633  0.47476172 0.42761975 0.50206904 0.41641874
0.00039479 0.36283831 0.35232302 0.39930133 0.34523319 0.50234819  0.48417291 0.45702496 0.47508945 0.39693445 0.45000532 0.44589633  0.47476172 0.42761975 0.50206904 0.41641874
0.00039479 0.36283831 0.35232302 0.39930133 0.34523319 0.50234819  0.48417291 0.45702496 0.47508945 0.39693445 0.45000532 0.44589633  0.47476172 0.42761975 0.50206904 0.41641874
0.00039479 0.36283831 0.35232302 0.39930133 0.34523319 0.50234819  0.48417291 0.45702496 0.47508945 0.39693445 0.45000532 0.44589633  0.47476172 0.42761975 0.50206904 0.41641874
0.00039479 0.36283831 0.35232302 0.39930133 0.34523319 0.50234819  0.48417291 0.45702496 0.47508945 0.39693445 0.45000532 0.44589633  0.47476172 0.42761975 0.50206904 0.41641874
0.03616574 0.41672153 0.32465501 0.45001873 0.36522338 0.44599649  0.44011322 0.49084438 0.4818471  0.39069097 0.41896264 0.44926577  0.53084784 0.44793834 0.52044592 0.43399523
0.18218058 0.61155878 0.22494233 0.58870714 0.41066888 0.33097754  0.36000225 0.54197595 0.50805887 0.35791398 0.46878531 0.42867712  0.52972068 0.46820332 0.50954663 0.34986332
0.23551263 0.68728843 0.18488133 0.65424332 0.43511442 0.25223525  0.3171386  0.58254739 0.49020305 0.34311532 0.41613863 0.42923937  0.60408793 0.45550354 0.45197155 0.38130632
0.27212371 0.69093035 0.17143252 0.60309595 0.4354217  0.27750699  0.38695136 0.57556839 0.50442019 0.326999   0.50084017 0.40766202  0.62210178 0.4875371  0.4832785  0.3513257 
0.30814342 0.68465509 0.15309385 0.53427795 0.44867972 0.26653534  0.52221983 0.55265604 0.42799965 0.31849722 0.53363103 0.39866201  0.61823796 0.50343307 0.48669715 0.33660815
0.38052602 0.67377315 0.13324417 0.41469473 0.44287389 0.30207277  0.65516668 0.60056831 0.41932214 0.25045329 0.67222785 0.35008662  0.67683164 0.52770819 0.47740531 0.29750807
0.39942011 0.68276975 0.13171662 0.39702825 0.42454328 0.35847944  0.6616408  0.59481219 0.44753288 0.24765733 0.71620052 0.3395697  0.69669901 0.51234251 0.42897631 0.31089111
0.44228706 0.59617765 0.12038652 0.35750341 0.45359522 0.31469472  0.60054735 0.59974707 0.51366946 0.17624153 0.8092045  0.28841355  0.73797687 0.42903812 0.26954619 0.26655498
0.47449278 0.58798574 0.10530887 0.36445486 0.46471639 0.27372594  0.54715024 0.62041481 0.5797949  0.15973336 0.87807276 0.28524205  0.67186576 0.46141394 0.27719768 0.25600125
0.47449278 0.58798574 0.10530887 0.36445486 0.46471639 0.27372594  0.54715024 0.62041481 0.5797949  0.15973336 0.87807276 0.28524205  0.67186576 0.46141394 0.27719768 0.25600125
0.49054254 0.56189065 0.10647244 0.33137145 0.46509244 0.25453697  0.53344464 0.67694373 0.6030108  0.1415307  0.88488726 0.28728293  0.65370887 0.43848213 0.33853199 0.26828135
0.52097264 0.50439344 0.10840986 0.2829791  0.46925645 0.20780031  0.49038675 0.73306136 0.64642068 0.13457641 0.8764262  0.30182142  0.59845673 0.46590468 0.33967257 0.27915924
0.52097264 0.50439344 0.10840986 0.2829791  0.46925645 0.20780031  0.49038675 0.73306136 0.64642068 0.13457641 0.8764262  0.30182142  0.59845673 0.46590468 0.33967257 0.27915924
0.55707376 0.50806743 0.09389761 0.23786363 0.4635716  0.23307937  0.57688579 0.68366616 0.57796617 0.16205863 0.82812276 0.32597305  0.60342807 0.42632422 0.30565375 0.33588333
0.55707376 0.50806743 0.09389761 0.23786363 0.4635716  0.23307937  0.57688579 0.68366616 0.57796617 0.16205863 0.82812276 0.32597305  0.60342807 0.42632422 0.30565375 0.33588333
0.59103593 0.50095942 0.09325136 0.22747941 0.44521486 0.24989874  0.52726436 0.72872975 0.61258675 0.20273348 0.81658101 0.34977228  0.44661529 0.36826066 0.44572635 0.3533827 
0.60244902 0.47171909 0.10218665 0.25101792 0.42946456 0.21956216  0.5162929  0.74200639 0.58611156 0.26125309 0.91456412 0.38889741  0.35529345 0.52052586 0.3158835  0.51782731
0.63816748 0.46297066 0.12156926 0.21266398 0.37770434 0.32312932  0.47309271 0.77635608 0.57393358 0.27316136 0.80874826 0.40167076  0.46152454 0.49145616 0.2233349  0.5616758 
0.64360204 0.51862857 0.14331907 0.235393   0.31508065 0.42624936  0.47894963 0.84118127 0.49126326 0.3876768  0.73761793 0.44215863  0.30434979 0.40959437 0.40874989 0.61656902
0.62730902 0.61608032 0.16184682 0.20373617 0.26780181 0.56758632  0.47904361 0.87293899 0.41706711 0.36251573 0.49169613 0.42394604  0.34071531 0.4150834  0.51364414 0.50142644
0.64561731 0.6252082  0.16316556 0.19799724 0.24599024 0.63821704  0.46206995 0.83431235 0.44381818 0.40325401 0.45582097 0.44636667  0.34095299 0.41206043 0.53828722 0.55067385
0.66282142 0.62238697 0.1492139  0.17443701 0.2600677  0.60791685  0.53555167 0.79408802 0.35912288 0.43564978 0.38202382 0.47795184  0.30840835 0.38884051 0.54968412 0.59346864
0.67751171 0.59301482 0.14224988 0.15573737 0.26804952 0.59103858  0.52785457 0.72444654 0.38913508 0.44566374 0.314502   0.507271  0.32565962 0.46311787 0.60996327 0.60043102
0.70800623 0.54350043 0.14260473 0.11995359 0.27861542 0.56644707  0.48726558 0.62975299 0.45096918 0.41188994 0.25411716 0.5323822  0.45756684 0.64719498 0.53567879 0.56135532
0.77502814 0.3806942  0.12344041 0.10479796 0.32524215 0.47125352  0.32724729 0.47710701 0.54493935 0.38680983 0.2397282  0.52958737  0.33032243 0.48816698 0.41427052 0.44276714
0.79464118 0.31715928 0.11414954 0.15634758 0.36488412 0.47332568  0.29208002 0.46459508 0.53609214 0.37471889 0.31648043 0.4535754  0.304529   0.45307435 0.31683143 0.48341987
0.8063894  0.2709401  0.11005394 0.24028876 0.40659088 0.51729207  0.3143763  0.47946644 0.50471183 0.38054536 0.32623133 0.39875903  0.28236425 0.51695578 0.29025595 0.55448713
0.82745594 0.18750066 0.09037881 0.37331939 0.48825517 0.6206846  0.31795739 0.48529013 0.39545276 0.35352331 0.31152504 0.25354557  0.3188408  0.4771178  0.4501164  0.58632562
0.86106415 0.12830426 0.15323165 0.47229461 0.42960934 0.55116061  0.3352586  0.49879807 0.30021032 0.51291334 0.51306233 0.32698772  0.30776645 0.60049812 0.43410972 0.60989211
0.87316006 0.12029128 0.18557779 0.50226042 0.40620359 0.54657656  0.32877811 0.48368005 0.25028905 0.51740331 0.53726516 0.3443175  0.37107841 0.62172068 0.4381495  0.53097292
0.87806143 0.09894133 0.18164477 0.54897291 0.4308256  0.58330839  0.35092549 0.50618162 0.23581429 0.50402843 0.51769409 0.32773843  0.37302953 0.63380541 0.47965292 0.5150457 
0.87806143 0.09894133 0.18164477 0.54897291 0.4308256  0.58330839  0.35092549 0.50618162 0.23581429 0.50402843 0.51769409 0.32773843  0.37302953 0.63380541 0.47965292 0.5150457 
0.87927391 0.09317915 0.18168647 0.56799202 0.43885417 0.59538369  0.37365303 0.52379467 0.25973405 0.48929732 0.49549549 0.35600672  0.34931648 0.65935639 0.44608543 0.48820866
0.8832754  0.07477991 0.18027974 0.62343229 0.46539935 0.63315933  0.43335137 0.56723441 0.31242174 0.44978118 0.43634302 0.41376998  0.30522464 0.7116017  0.39727871 0.41613254
0.88565936 0.06360948 0.17995003 0.65700924 0.4784896  0.65384024  0.46662785 0.59341528 0.33718531 0.43319666 0.41279136 0.45104788  0.29033182 0.73019895 0.37211698 0.37955733
0.90264364 0.03505613 0.2172296  0.75371874 0.47015677 0.66487376  0.54569286 0.62208224 0.3891933  0.43821648 0.42006062 0.56663242  0.32023398 0.778765   0.27848472 0.3261037 
0.90264364 0.03505613 0.2172296  0.75371874 0.47015677 0.66487376  0.54569286 0.62208224 0.3891933  0.43821648 0.42006062 0.56663242  0.32023398 0.778765   0.27848472 0.3261037 
0.91573937 0.02484346 0.26305082 0.80582018 0.45372846 0.624228  0.61859612 0.60910254 0.48069068 0.47069613 0.44174943 0.59519578  0.38942801 0.67351405 0.29511259 0.38217231
0.91573937 0.02484346 0.26305082 0.80582018 0.45372846 0.624228  0.61859612 0.60910254 0.48069068 0.47069613 0.44174943 0.59519578  0.38942801 0.67351405 0.29511259 0.38217231
0.90671984 0.02453028 0.22733626 0.78103523 0.473117   0.64540952  0.59194717 0.62524503 0.47017901 0.47901756 0.43147146 0.58543822  0.34297489 0.7048735  0.24962399 0.39733433
0.90671984 0.02453028 0.22733626 0.78103523 0.473117   0.64540952  0.59194717 0.62524503 0.47017901 0.47901756 0.43147146 0.58543822  0.34297489 0.7048735  0.24962399 0.39733433
0.90210882 0.03749127 0.21760018 0.74617075 0.4654719  0.65845982  0.53598643 0.61385801 0.37769535 0.44655686 0.43509432 0.55521423  0.33742843 0.75914463 0.2963157  0.34277738
0.90210882 0.03749127 0.21760018 0.74617075 0.4654719  0.65845982  0.53598643 0.61385801 0.37769535 0.44655686 0.43509432 0.55521423  0.33742843 0.75914463 0.2963157  0.34277738
0.89072864 0.04248291 0.18310996 0.71939663 0.49582388 0.67391017  0.53582822 0.62828884 0.41288798 0.42618927 0.39402609 0.52094946  0.29110607 0.70441761 0.32129765 0.37802595
0.89072864 0.04248291 0.18310996 0.71939663 0.49582388 0.67391017  0.53582822 0.62828884 0.41288798 0.42618927 0.39402609 0.52094946  0.29110607 0.70441761 0.32129765 0.37802595
0.88749706 0.05484884 0.17926421 0.68386972 0.49120489 0.67319085  0.49603112 0.61921514 0.3645691  0.41503968 0.38221004 0.48651937  0.26513896 0.75599773 0.33921504 0.33314609
0.87394427 0.0696613  0.14624699 0.63071891 0.50694697 0.6660687  0.47531634 0.61721076 0.38770691 0.42764498 0.37699491 0.43609137  0.22165008 0.71180715 0.36956876 0.4307065 
0.859348   0.09823695 0.1183287  0.5565746  0.5066282  0.65941939  0.40998329 0.56956744 0.3713029  0.40691824 0.39143345 0.35164839  0.25057996 0.65155551 0.37605855 0.57248244
0.83626423 0.14941278 0.08390354 0.45974532 0.53460293 0.68421834  0.36900901 0.53366075 0.3886469  0.3194247  0.27132028 0.25394192  0.26892161 0.57659095 0.43438409 0.56315325
0.81944999 0.16791597 0.06122791 0.44446609 0.55583219 0.66655974  0.41737728 0.52382062 0.45744088 0.29898722 0.29409214 0.25658143  0.30244666 0.52624115 0.53322999 0.58524276
0.80216176 0.17734144 0.04691495 0.4609424  0.58219986 0.6247991  0.4537984  0.49452603 0.47789207 0.29258489 0.37229973 0.24725058  0.26040503 0.53954742 0.58735552 0.57983339
0.73284648 0.27932086 0.02623247 0.35554654 0.58153797 0.45921035  0.51655916 0.4485252  0.56343789 0.20596894 0.48794169 0.31680266  0.36033792 0.53112471 0.59937433 0.41300252
0.7147511  0.34600898 0.03652175 0.24559167 0.51737626 0.37240139  0.49325175 0.39041652 0.63262942 0.24313929 0.53402492 0.35497563  0.47386012 0.3763451  0.6244078  0.37305352
0.62494407 0.44692301 0.03112304 0.28207335 0.54145304 0.28427104  0.60398573 0.28384847 0.60988472 0.1970852  0.56476661 0.37100721  0.62554377 0.49968797 0.5449401  0.26387897
0.55718907 0.55504902 0.04914589 0.30544322 0.50361848 0.26364566  0.65195955 0.25248696 0.50369393 0.28475321 0.47505699 0.434487  0.63741859 0.54553747 0.58064217 0.28180146
0.4747443  0.59159857 0.07897446 0.34616529 0.48767045 0.27917895  0.72414574 0.28997036 0.35792782 0.30161995 0.45298557 0.42720264  0.64579255 0.45577306 0.46566257 0.30089332
0.35652374 0.63460086 0.12436046 0.44705671 0.47057985 0.26521561  0.71282405 0.36172122 0.22451705 0.3553255  0.40791012 0.43677777  0.5017264  0.34765466 0.36137178 0.33651206
0.30650517 0.65162616 0.14760087 0.48550132 0.46384122 0.21621379  0.67011545 0.46169424 0.20559853 0.37921647 0.33761845 0.46531995  0.50405587 0.38450587 0.40732162 0.41505446
0.28915255 0.62462103 0.16140182 0.45844998 0.45210397 0.24769763  0.69678445 0.44106529 0.19899149 0.38151239 0.35866382 0.46203697  0.46616688 0.36220986 0.37855777 0.39645403
0.21553783 0.58949847 0.19547527 0.51560169 0.44794139 0.22222587  0.58052171 0.46427873 0.21269898 0.40294077 0.23067821 0.49300622  0.52382792 0.33321686 0.33305863 0.47455626
0.16135844 0.56208699 0.23164423 0.54433703 0.42511992 0.26344407  0.46595319 0.51084208 0.30538097 0.38403262 0.23338145 0.48078174  0.63594566 0.33183569 0.28945259 0.51611788
0.14324025 0.53554995 0.24529826 0.5206817  0.41630873 0.28856975  0.48495562 0.49626743 0.30252631 0.38821923 0.24248529 0.48064484  0.61497509 0.32501436 0.28688782 0.51569123
0.14324025 0.53554995 0.24529826 0.5206817  0.41630873 0.28856975  0.48495562 0.49626743 0.30252631 0.38821923 0.24248529 0.48064484  0.61497509 0.32501436 0.28688782 0.51569123
0.14324025 0.53554995 0.24529826 0.5206817  0.41630873 0.28856975  0.48495562 0.49626743 0.30252631 0.38821923 0.24248529 0.48064484  0.61497509 0.32501436 0.28688782 0.51569123
0.08940324 0.48981166 0.28474443 0.51061071 0.39037282 0.35457364  0.41986214 0.52749996 0.41006454 0.36615956 0.32617854 0.45149173  0.63894496 0.37817768 0.34148011 0.48227488
0.07102051 0.46648761 0.29681783 0.49538875 0.38534053 0.36816237  0.42637893 0.52216562 0.40838993 0.37342912 0.31490181 0.45582256  0.6405316  0.37092096 0.3395245  0.50760399
0.07102051 0.46648761 0.29681783 0.49538875 0.38534053 0.36816237  0.42637893 0.52216562 0.40838993 0.37342912 0.31490181 0.45582256  0.6405316  0.37092096 0.3395245  0.50760399
0.05351142 0.43947142 0.31096524 0.46826146 0.37376331 0.40333531  0.449023   0.50224764 0.41356088 0.37686256 0.34766111 0.45195559  0.59560889 0.36517078 0.34313004 0.48165838
0.05351142 0.43947142 0.31096524 0.46826146 0.37376331 0.40333531  0.449023   0.50224764 0.41356088 0.37686256 0.34766111 0.45195559  0.59560889 0.36517078 0.34313004 0.48165838
