0.00039479 0.36283831 0.35232302 0.39930133 0.34523319 0.50234819  0.48417291 0.45702496 0.47508945 0.39693445 0.45000532 0.44589633  0.47476172 0.42761975 0.50206904 0.41641874
0.00039479 0.36283831 0.35232302 0.39930133 0.34523319 0.50234819  0.48417291 0.45702496 0.47508945 0.39693445 0.45000532 0.44589633  0.47476172 0.42761975 0.50206904 0.41641874
0.00039479 0.36283831 0.35232302 0.39930133 0.34523319 0.50234819  0.48417291 0.45702496 0.47508945 0.39693445 0.45000532 0.44589633  0.47476172 0.42761975 0.50206904 0.41641874
0.00039479 0.36283831 0.35232302 0.39930133 0.34523319 0.50234819  0.48417291 0.45702496 0.47508945 0.39693445 0.45000532 0.44589633  0.47476172 0.42761975 0.50206904 0.41641874
0.00039479 0.36283831 0.35232302 0.39930133 0.34523319 0.50234819  0.48417291 0.45702496 0.47508945 0.39693445 0.45000532 0.44589633  0.47476172 0.42761975 0.50206904 0.41641874
0.00039479 0.36283831 0.35232302 0.39930133 0.34523319 0.50234819  0.48417291 0.45702496 0.47508945 0.39693445 0.45000532 0.44589633  0.47476172 0.42761975 0.50206904 0.41641874
0.00039479 0.36283831 0.35232302 0.39930133 0.34523319 0.50234819  0.48417291 0.45702496 0.47508945 0.39693445 0.45000532 0.44589633  0.47476172 0.42761975 0.50206904 0.41641874
0.00039479 0.36283831 0.35232302 0.39930133 0.34523319 0.50234819  0.48417291 0.45702496 0.47508945 0.39693445 0.45000532 0.44589633  0.47476172 0.42761975 0.50206904 0.41641874
0.00039479 0.36283831 0.35232302 0.39930133 0.34523319 0.50234819  0.48417291 0.45702496 0.47508945 0.39693445 0.45000532 0.44589633  0.47476172 0.42761975 0.50206904 0.41641874
0.00039479 0.36283831 0.35232302 0.39930133 0.34523319 0.50234819  0.48417291 0.45702496 0.47508945 0.39693445 0.45000532 0.44589633  0.47476172 0.42761975 0.50206904 0.41641874
0.00039479 0.36283831 0.35232302 0.39930133 0.34523319 0.50234819  0.48417291 0.45702496 0.47508945 0.39693445 0.45000532 0.44589633  0.47476172 0.42761975 0.50206904 0.41641874
0.00039479 0.36283831 0.35232302 0.39930133 0.34523319 0.50234819  0.48417291 0.45702496 0.47508945 0.39693445 0.45000532 0.44589633  0.47476172 0.42761975 0.50206904 0.41641874
0.00039479 0.36283831 0.35232302 0.39930133 0.34523319 0.50234819  0.48417291 0.45702496 0.47508945 0.39693445 0.45000532 0.44589633  0.47476172 0.42761975 0.50206904 0.41641874
0.00039479 0.36283831 0.35232302 0.39930133 0.34523319 0.50234819  0.48417291 0.45702496 0.47508945 0.39693445 0.45000532 0.44589633  0.47476172 0.42761975 0.50206904 0.41641874
0.00039479 0.36283831 0.35232302 0.39930133 0.34523319 0.50234819  0.48417291 0.45702496 0.47508945 0.39693445 0.45000532 0.44589633  0.47476172 0.42761975 0.50206904 0.41641874
0.00039479 0.36283831 0.35232302 0.39930133 0.34523319 0.50234819  0.48417291 0.45702496 0.47508945 0.39693445 0.45000532 0.44589633  0.47476172 0.42761975 0.50206904 0.41641874
0.00039479 0.36283831 0.35232302 0.39930133 0.34523319 0.50234819  0.48417291 0.45702496 0.47508945 0.39693445 0.45000532 0.44589633  0.47476172 0.42761975 0.50206904 0.41641874
0.00039479 0.36283831 0.35232302 0.39930133 0.34523319 0.50234819  0.48417291 0.45702496 0.47508945 0.39693445 0.45000532 0.44589633  0.47476172 0.42761975 0.50206904 0.41641874
0.00039479 0.36283831 0.35232302 0.39930133 0.34523319 0.50234819  0.48417291 0.45702496 0.47508945 0.39693445 0.45000532 0.44589633  0.47476172 0.42761975 0.50206904 0.41641874
0.00039479 0.36283831 0.35232302 0.39930133 0.34523319 0.50234819  0.48417291 0.45702496 0.47508945 0.39693445 0.45000532 0.44589633  0.47476172 0.42761975 0.50206904 0.41641874
0.00039479 0.36283831 0.35232302 0.39930133 0.34523319 0.50234819  0.48417291 0.45702496 0.47508945 0.39693445 0.45000532 0.44589633  0.47476172 0.42761975 0.50206904 0.41641874
0.00039479 0.36283831 0.35232302 0.39930133 0.34523319 0.50234819  0.48417291 0.45702496 0.47508945 0.39693445 0.45000532 0.44589633  0.47476172 0.42761975 0.50206904 0.41641874
0.00039479 0.36283831 0.35232302 0.39930133 0.34523319 0.50234819  0.48417291 0.45702496 0.47508945 0.39693445 0.45000532 0.44589633  0.47476172 0.42761975 0.50206904 0.41641874
0.00039479 0.36283831 0.35232302 0.39930133 0.34523319 0.50234819  0.48417291 0.45702496 0.47508945 0.39693445 0.45000532 0.44589633  0.47476172 0.42761975 0.50206904 0.41641874
0.00039479 0.36283831 0.35232302 0.39930133 0.34523319 0.50234819  0.48417291 0.45702496 0.47508945 0.39693445 0.45000532 0.44589633  0.47476172 0.42761975 0.50206904 0.41641874
0.00039479 0.36283831 0.35232302 0.39930133 0.34523319 0.50234819  0.48417291 0.45702496 0.47508945 0.39693445 0.45000532 0.44589633  0.47476172 0.42761975 0.50206904 0.41641874
0.00039479 0.36283831 0.35232302 0.39930133 0.34523319 0.50234819  0.48417291 0.45702496 0.47508945 0.39693445 0.45000532 0.44589633  0.47476172 0.42761975 0.50206904 0.41641874
0.00039479 0.36283831 0.35232302 0.39930133 0.34523319 0.50234819  0.48417291 0.45702496 0.47508945 0.39693445 0.45000532 0.44589633  0.47476172 0.42761975 0.50206904 0.41641874
0.00039479 0.36283831 0.35232302 0.39930133 0.34523319 0.50234819  0.48417291 0.45702496 0.47508945 0.39693445 0.45000532 0.44589633  0.47476172 0.42761975 0.50206904 0.41641874
0.00039479 0.36283831 0.35232302 0.39930133 0.34523319 0.50234819  0.48417291 0.45702496 0.47508945 0.39693445 0.45000532 0.44589633  0.47476172 0.42761975 0.50206904 0.41641874
0.00039479 0.36283831 0.35232302 0.39930133 0.34523319 0.50234819  0.48417291 0.45702496 0.47508945 0.39693445 0.45000532 0.44589633  0.47476172 0.42761975 0.50206904 0.41641874
0.00039479 0.36283831 0.35232302 0.39930133 0.34523319 0.50234819  0.48417291 0.45702496 0.47508945 0.39693445 0.45000532 0.44589633  0.47476172 0.42761975 0.50206904 0.41641874
0.00039479 0.36283831 0.35232302 0.39930133 0.34523319 0.50234819  0.48417291 0.45702496 0.47508945 0.39693445 0.45000532 0.44589633  0.47476172 0.42761975 0.50206904 0.41641874
0.00039479 0.36283831 0.35232302 0.39930133 0.34523319 0.50234819  0.48417291 0.45702496 0.47508945 0.39693445 0.45000532 0.44589633  0.47476172 0.42761975 0.50206904 0.41641874
0.00039479 0.36283831 0.35232302 0.39930133 0.34523319 0.50234819  0.48417291 0.45702496 0.47508945 0.39693445 0.45000532 0.44589633  0.47476172 0.42761975 0.50206904 0.41641874
0.00039479 0.36283831 0.35232302 0.39930133 0.34523319 0.50234819  0.48417291 0.45702496 0.47508945 0.39693445 0.45000532 0.44589633  0.47476172 0.42761975 0.50206904 0.41641874
0.00039479 0.36283831 0.35232302 0.39930133 0.34523319 0.50234819  0.48417291 0.45702496 0.47508945 0.39693445 0.45000532 0.44589633  0.47476172 0.42761975 0.50206904 0.41641874
0.00039479 0.36283831 0.35232302 0.39930133 0.34523319 0.50234819  0.48417291 0.45702496 0.47508945 0.39693445 0.45000532 0.44589633  0.47476172 0.42761975 0.50206904 0.41641874
0.00039479 0.36283831 0.35232302 0.39930133 0.34523319 0.50234819  0.48417291 0.45702496 0.47508945 0.39693445 0.45000532 0.44589633  0.47476172 0.42761975 0.50206904 0.41641874
0.00039479 0.36283831 0.35232302 0.39930133 0.34523319 0.50234819  0.48417291 0.45702496 0.47508945 0.39693445 0.45000532 0.44589633  0.47476172 0.42761975 0.50206904 0.41641874
0.00039479 0.36283831 0.35232302 0.39930133 0.34523319 0.50234819  0.48417291 0.45702496 0.47508945 0.39693445 0.45000532 0.44589633  0.47476172 0.42761975 0.50206904 0.41641874
0.00039479 0.36283831 0.35232302 0.39930133 0.34523319 0.50234819  0.48417291 0.45702496 0.47508945 0.39693445 0.45000532 0.44589633  0.47476172 0.42761975 0.50206904 0.41641874
0.00039479 0.36283831 0.35232302 0.39930133 0.34523319 0.50234819  0.48417291 0.45702496 0.47508945 0.39693445 0.45000532 0.44589633  0.47476172 0.42761975 0.50206904 0.41641874
0.00039479 0.36283831 0.35232302 0.39930133 0.34523319 0.50234819  0.48417291 0.45702496 0.47508945 0.39693445 0.45000532 0.44589633  0.47476172 0.42761975 0.50206904 0.41641874
0.00039479 0.36283831 0.35232302 0.39930133 0.34523319 0.50234819  0.48417291 0.45702496 0.47508945 0.39693445 0.45000532 0.44589633  0.47476172 0.42761975 0.50206904 0.41641874
0.00039479 0.36283831 0.35232302 0.39930133 0.34523319 0.50234819  0.48417291 0.45702496 0.47508945 0.39693445 0.45000532 0.44589633  0.47476172 0.42761975 0.50206904 0.41641874
0.00039479 0.36283831 0.35232302 0.39930133 0.34523319 0.50234819  0.48417291 0.45702496 0.47508945 0.39693445 0.45000532 0.44589633  0.47476172 0.42761975 0.50206904 0.41641874
0.00039479 0.36283831 0.35232302 0.39930133 0.34523319 0.50234819  0.48417291 0.45702496 0.47508945 0.39693445 0.45000532 0.44589633  0.47476172 0.42761975 0.50206904 0.41641874
0.00039479 0.36283831 0.35232302 0.39930133 0.34523319 0.50234819  0.48417291 0.45702496 0.47508945 0.39693445 0.45000532 0.44589633  0.47476172 0.42761975 0.50206904 0.41641874
0.00039479 0.36283831 0.35232302 0.39930133 0.34523319 0.50234819  0.48417291 0.45702496 0.47508945 0.39693445 0.45000532 0.44589633  0.47476172 0.42761975 0.50206904 0.41641874
0.0177474  0.38984345 0.33852207 0.42635267 0.35697043 0.47086435  0.45750391 0.47765391 0.48169648 0.39463854 0.42895995 0.44917931  0.51265071 0.44991576 0.53083289 0.43501917
0.0177474  0.38984345 0.33852207 0.42635267 0.35697043 0.47086435  0.45750391 0.47765391 0.48169648 0.39463854 0.42895995 0.44917931  0.51265071 0.44991576 0.53083289 0.43501917
0.18138273 0.59042683 0.25039056 0.56624315 0.35599069 0.51579503  0.28525981 0.456877   0.64387872 0.50966268 0.37136652 0.51566437  0.44183695 0.53783387 0.86546719 0.53503198
0.36466596 0.83776543 0.54401476 0.5020332  0.70032923 0.69064953  0.14051071 0.38796145 0.61278032 0.36755553 0.57181977 0.56368206  0.45064084 0.61620056 0.63827481 0.54023767
0.54303942 0.92604184 0.72251162 0.50920493 0.68191912 0.80746333  0.06660544 0.37398112 0.46276451 0.26061102 0.46848784 0.59381386  0.67535378 0.44330523 0.34730048 0.46043109
0.60995589 0.93361044 0.76416694 0.41811152 0.71764454 0.81562602  0.24086293 0.38605215 0.41877573 0.23997171 0.58938873 0.5470373  0.74983726 0.42049092 0.30705039 0.38781652
0.6456272  0.92856196 0.75497973 0.36811973 0.71689242 0.80762131  0.30562476 0.42051407 0.34850388 0.22704611 0.56985136 0.54216985  0.72609204 0.39422582 0.27714527 0.38630708
0.72411075 0.82955349 0.77987613 0.24866842 0.69841397 0.72392608  0.34230867 0.60387993 0.33141781 0.24235156 0.6432458  0.57184617  0.74160743 0.45867928 0.49361292 0.38331409
0.79913691 0.74703053 0.78688291 0.20818548 0.64706073 0.61484548  0.43354036 0.64592918 0.09996541 0.30492958 0.57842777 0.70766367  0.46094987 0.30371684 0.72417338 0.42013999
0.79707942 0.73934652 0.76988532 0.22275282 0.60396907 0.6152316  0.43018433 0.64321557 0.07972751 0.25538647 0.59195954 0.74242049  0.4350992  0.28420062 0.75802237 0.45028114
0.79284069 0.7203357  0.73188487 0.2409771  0.54921827 0.60188192  0.44588206 0.64139544 0.08216881 0.24195136 0.59222639 0.75078819  0.44900217 0.27734315 0.76810987 0.46018676
0.79100244 0.7119504  0.71309997 0.26003488 0.48854472 0.59335321  0.45389233 0.63953929 0.08370519 0.21237053 0.58395869 0.74152205  0.42422368 0.27341967 0.77745732 0.48532471
0.81027406 0.610644   0.62384397 0.27897948 0.30671704 0.48683158  0.44126107 0.6288502  0.18745972 0.15270731 0.5723827  0.62467769  0.39522454 0.40499741 0.6617683  0.41127999
0.81848873 0.54794312 0.55316172 0.2951335  0.18222333 0.42880888  0.47164758 0.58220804 0.26222554 0.15880106 0.50809108 0.61562778  0.43891894 0.49743029 0.68879628 0.44696904
0.8294272  0.5044385  0.53015036 0.3131778  0.15022723 0.3904785  0.45000435 0.56255966 0.30845697 0.14120583 0.54214614 0.54890816  0.42662214 0.4494852  0.58371158 0.39921123
0.84250319 0.46909409 0.52286988 0.31049951 0.1687497  0.36499744  0.4148353  0.51589565 0.34677427 0.11917765 0.5648721  0.53504574  0.42123609 0.41237133 0.50959749 0.36393952
0.85130173 0.4270309  0.48166877 0.29509644 0.18085161 0.36189416  0.39162605 0.45630146 0.36418169 0.15372662 0.52472355 0.60436549  0.47582564 0.46713825 0.58633993 0.34769683
0.86199355 0.38327831 0.45403331 0.30071868 0.18048604 0.34145544  0.37166955 0.38758976 0.40444783 0.17924982 0.50734371 0.60938159  0.53745834 0.3911802  0.59362974 0.27807628
0.86199355 0.38327831 0.45403331 0.30071868 0.18048604 0.34145544  0.37166955 0.38758976 0.40444783 0.17924982 0.50734371 0.60938159  0.53745834 0.3911802  0.59362974 0.27807628
0.87442262 0.35031249 0.44240684 0.30405926 0.1999773  0.33616433  0.34628481 0.30321845 0.42038905 0.18160318 0.46440498 0.61650676  0.56069503 0.35735846 0.60459522 0.24966532
0.87442262 0.35031249 0.44240684 0.30405926 0.1999773  0.33616433  0.34628481 0.30321845 0.42038905 0.18160318 0.46440498 0.61650676  0.56069503 0.35735846 0.60459522 0.24966532
0.87043749 0.33822431 0.41486164 0.30869238 0.17977642 0.33164697  0.35405466 0.31290221 0.42920649 0.2367847  0.47415574 0.62361793  0.59714935 0.37364748 0.57727124 0.23315481
0.86141797 0.33791113 0.37914708 0.28390744 0.19916495 0.35282849  0.32740571 0.32904471 0.41869482 0.24510613 0.46387777 0.61386036  0.55069623 0.40500694 0.53178264 0.24831683
0.84987189 0.35196396 0.35058467 0.25564272 0.21959004 0.37760509  0.31420346 0.32481429 0.45359436 0.1914913  0.42553639 0.59315717  0.53072021 0.39610506 0.471803   0.31684448
0.83667954 0.33140959 0.27971573 0.23911247 0.22564053 0.38894171  0.31181884 0.37468046 0.45006606 0.31861004 0.43363636 0.59997365  0.54652771 0.41433022 0.4344398  0.24039612
0.81615168 0.33090865 0.20795123 0.19457259 0.27934608 0.41511601  0.31161526 0.41688635 0.49492224 0.32611639 0.37601634 0.55136098  0.46375609 0.31494683 0.48990721 0.2580751 
0.79649193 0.34119151 0.14744437 0.15281633 0.32236126 0.44874345  0.30780036 0.43813223 0.55163293 0.36013155 0.32710813 0.51463293  0.47766208 0.31182198 0.41533923 0.25461197
0.75728743 0.41096125 0.10916896 0.1212098  0.34641582 0.49149097  0.38723597 0.42630405 0.60342859 0.35946672 0.26170413 0.51478543  0.55259635 0.41567793 0.46822919 0.38144778
0.71397187 0.48457198 0.09095834 0.13037086 0.3600837  0.49693461  0.48628655 0.43962225 0.64109086 0.33093287 0.36408085 0.49519712  0.62746532 0.51901714 0.46081723 0.47610997
0.61392737 0.70525158 0.1213932  0.23751204 0.29622314 0.65927076  0.64685717 0.60988884 0.42383282 0.38391055 0.43466685 0.44608585  0.67793819 0.40029594 0.53045078 0.51804505
0.52906469 0.78820068 0.09336626 0.38841304 0.34732777 0.60797626  0.70061735 0.39068725 0.41489499 0.43795197 0.56221965 0.44478585  0.48337353 0.40582652 0.48947905 0.4686588 
0.47519548 0.81056876 0.09654784 0.49702408 0.36448215 0.55085511  0.61469541 0.33360884 0.42118648 0.47317538 0.54490054 0.46542886  0.29218941 0.35246694 0.45807609 0.42316772
0.45629848 0.80407354 0.09710843 0.51857932 0.38424446 0.49527585  0.60167809 0.3427797  0.40494569 0.47808893 0.51940683 0.4728624  0.25467343 0.36882748 0.50349181 0.40923842
0.3468045  0.78215462 0.1349952  0.64789402 0.40857879 0.36978608  0.38267021 0.46830133 0.49698787 0.42483595 0.49581903 0.45264481  0.27730618 0.40630613 0.55843754 0.33903484
0.27230287 0.73267769 0.16547083 0.68332028 0.43003633 0.28129444  0.27429226 0.57383444 0.55875287 0.38318526 0.44123623 0.44755586  0.5143895  0.4866367  0.6130834  0.38891645
0.27230287 0.73267769 0.16547083 0.68332028 0.43003633 0.28129444  0.27429226 0.57383444 0.55875287 0.38318526 0.44123623 0.44755586  0.5143895  0.4866367  0.6130834  0.38891645
0.25357882 0.70998913 0.17713897 0.67310372 0.42729483 0.28528874  0.2685735  0.58100941 0.56689299 0.38552766 0.42354325 0.45097698  0.54722988 0.50423186 0.63797693 0.41087669
0.25357882 0.70998913 0.17713897 0.67310372 0.42729483 0.28528874  0.2685735  0.58100941 0.56689299 0.38552766 0.42354325 0.45097698  0.54722988 0.50423186 0.63797693 0.41087669
0.25357882 0.70998913 0.17713897 0.67310372 0.42729483 0.28528874  0.2685735  0.58100941 0.56689299 0.38552766 0.42354325 0.45097698  0.54722988 0.50423186 0.63797693 0.41087669
0.21811495 0.6607022  0.20448277 0.63120568 0.40994371 0.35307561  0.27866616 0.55503149 0.63232455 0.40354269 0.50394862 0.44815026  0.46149826 0.58017808 0.81272804 0.36278689
0.21811495 0.6607022  0.20448277 0.63120568 0.40994371 0.35307561  0.27866616 0.55503149 0.63232455 0.40354269 0.50394862 0.44815026  0.46149826 0.58017808 0.81272804 0.36278689
0.25357882 0.70998913 0.17713897 0.67310372 0.42729483 0.28528874  0.2685735  0.58100941 0.56689299 0.38552766 0.42354325 0.45097698  0.54722988 0.50423186 0.63797693 0.41087669
0.27230287 0.73267769 0.16547083 0.68332028 0.43003633 0.28129444  0.27429226 0.57383444 0.55875287 0.38318526 0.44123623 0.44755586  0.5143895  0.4866367  0.6130834  0.38891645
0.27230287 0.73267769 0.16547083 0.68332028 0.43003633 0.28129444  0.27429226 0.57383444 0.55875287 0.38318526 0.44123623 0.44755586  0.5143895  0.4866367  0.6130834  0.38891645
0.29082203 0.74719787 0.16258789 0.68412143 0.4126472  0.34081881  0.25984336 0.53401816 0.58778509 0.42852519 0.41939891 0.47200023  0.46984945 0.48043082 0.66770791 0.42820069
0.3289013  0.77546665 0.15081171 0.66263368 0.39112964 0.41900949  0.29149107 0.5015949  0.62954177 0.41517933 0.54402305 0.44263897  0.43461543 0.46195703 0.59307496 0.38274211
0.36610368 0.79359113 0.15060289 0.63922827 0.35098746 0.54604688  0.28099153 0.45721214 0.68450359 0.45312166 0.55212056 0.45454268  0.45472048 0.44356838 0.56928905 0.44537256
0.42211565 0.8095136  0.14555362 0.57622693 0.30703259 0.66721375  0.34593432 0.43345492 0.66374153 0.44538756 0.58541673 0.43841075  0.48324354 0.38602163 0.44345113 0.45303018
0.44040188 0.82034229 0.13390782 0.56752468 0.31175412 0.65393346  0.39916614 0.40180063 0.59057552 0.45478735 0.55829857 0.44628621  0.39278733 0.34402745 0.40483746 0.43352958
0.54564794 0.77560568 0.13219359 0.40026983 0.28102807 0.69962233  0.54815541 0.46036193 0.39155793 0.46460111 0.36458885 0.47269556  0.51107116 0.3230225  0.3304693  0.48467629
0.62903096 0.67874912 0.13377887 0.22393226 0.28086532 0.64734327  0.60924595 0.68675614 0.39439622 0.42650933 0.39718525 0.46110902  0.54883916 0.33928326 0.54230849 0.51986918
0.71585666 0.49775977 0.12546431 0.13724764 0.30342984 0.51357957  0.47292954 0.66726486 0.51999846 0.38578525 0.3823941  0.49212716  0.388454   0.34955422 0.57954988 0.49804336
0.7689441  0.36256951 0.09195815 0.11502946 0.36984051 0.43640136  0.35905026 0.4429618  0.65211285 0.33690123 0.34520823 0.49225303  0.42027361 0.29836074 0.46732284 0.40181043
0.83995068 0.15783055 0.11443147 0.49695116 0.50797023 0.67675685  0.4570686  0.58079558 0.50180089 0.32615606 0.20817162 0.40990384  0.29742815 0.5253466  0.44910071 0.27052178
0.86013103 0.0829715  0.11437796 0.63946637 0.54947494 0.72306861  0.52950344 0.63869597 0.51691453 0.33197361 0.25365382 0.46481362  0.25307712 0.60465824 0.362235   0.29138382
0.86180461 0.07510073 0.11505256 0.66645416 0.5588237  0.73739235  0.56169373 0.66016695 0.54964214 0.31113982 0.22882036 0.50600889  0.22516131 0.63660302 0.31617903 0.26430815
0.86180461 0.07510073 0.11505256 0.66645416 0.5588237  0.73739235  0.56169373 0.66016695 0.54964214 0.31113982 0.22882036 0.50600889  0.22516131 0.63660302 0.31617903 0.26430815
0.86180461 0.07510073 0.11505256 0.66645416 0.5588237  0.73739235  0.56169373 0.66016695 0.54964214 0.31113982 0.22882036 0.50600889  0.22516131 0.63660302 0.31617903 0.26430815
0.84110479 0.11510613 0.08029768 0.60320182 0.59988868 0.7828722  0.55399593 0.65044113 0.59174971 0.20706176 0.08515552 0.44558032  0.22861014 0.58023571 0.34934284 0.21840376
0.83943121 0.12297691 0.07962308 0.57621403 0.59053993 0.76854847  0.52180564 0.62897015 0.55902209 0.22789556 0.10998898 0.40438504  0.25652595 0.54829093 0.39539881 0.24547943
0.81999957 0.1550929  0.05715022 0.51031546 0.58954437 0.71328067  0.50424149 0.56761344 0.55418366 0.24796368 0.21100872 0.32561979  0.32124545 0.48635845 0.52968337 0.39309862
0.77983842 0.28208446 0.05695025 0.33480013 0.51471146 0.62525074  0.50002516 0.48995196 0.65592415 0.23463771 0.23019921 0.41669075  0.50194719 0.44567699 0.54948999 0.31849659
0.71577641 0.46977332 0.07976486 0.19008848 0.39834324 0.56315762  0.5401568  0.38057414 0.66549256 0.32254632 0.21074586 0.55263587  0.64685288 0.5311474  0.49818693 0.36843477
0.67079203 0.580378   0.09245495 0.17574588 0.34168368 0.58099948  0.58245506 0.39235759 0.55537948 0.3670008  0.28462831 0.50965982  0.73805772 0.5694311  0.62052914 0.50493899
0.57793076 0.72173749 0.0851481  0.2854829  0.35641678 0.57989631  0.7241566  0.42813667 0.47142505 0.403882   0.52061474 0.45679705  0.62536507 0.5269152  0.62728787 0.50764902
0.54585538 0.76698681 0.08965354 0.34547207 0.35390861 0.59149901  0.72032369 0.43166193 0.43851868 0.41619343 0.58055577 0.44022078  0.54140279 0.43690875 0.55830019 0.48269548
0.52906469 0.78820068 0.09336626 0.38841304 0.34732777 0.60797626  0.70061735 0.39068725 0.41489499 0.43795197 0.56221965 0.44478585  0.48337353 0.40582652 0.48947905 0.4686588 
0.52906469 0.78820068 0.09336626 0.38841304 0.34732777 0.60797626  0.70061735 0.39068725 0.41489499 0.43795197 0.56221965 0.44478585  0.48337353 0.40582652 0.48947905 0.4686588 
0.52906469 0.78820068 0.09336626 0.38841304 0.34732777 0.60797626  0.70061735 0.39068725 0.41489499 0.43795197 0.56221965 0.44478585  0.48337353 0.40582652 0.48947905 0.4686588 
0.52906469 0.78820068 0.09336626 0.38841304 0.34732777 0.60797626  0.70061735 0.39068725 0.41489499 0.43795197 0.56221965 0.44478585  0.48337353 0.40582652 0.48947905 0.4686588 
0.52906469 0.78820068 0.09336626 0.38841304 0.34732777 0.60797626  0.70061735 0.39068725 0.41489499 0.43795197 0.56221965 0.44478585  0.48337353 0.40582652 0.48947905 0.4686588 
0.54644978 0.77232352 0.09582484 0.34712351 0.34185412 0.61325183  0.71214736 0.45680348 0.41778916 0.41562658 0.56980044 0.43204295  0.55008453 0.4215556  0.49818758 0.48664996
0.54644978 0.77232352 0.09582484 0.34712351 0.34185412 0.61325183  0.71214736 0.45680348 0.41778916 0.41562658 0.56980044 0.43204295  0.55008453 0.4215556  0.49818758 0.48664996
0.54644978 0.77232352 0.09582484 0.34712351 0.34185412 0.61325183  0.71214736 0.45680348 0.41778916 0.41562658 0.56980044 0.43204295  0.55008453 0.4215556  0.49818758 0.48664996
0.54644978 0.77232352 0.09582484 0.34712351 0.34185412 0.61325183  0.71214736 0.45680348 0.41778916 0.41562658 0.56980044 0.43204295  0.55008453 0.4215556  0.49818758 0.48664996
0.54644978 0.77232352 0.09582484 0.34712351 0.34185412 0.61325183  0.71214736 0.45680348 0.41778916 0.41562658 0.56980044 0.43204295  0.55008453 0.4215556  0.49818758 0.48664996
0.52906469 0.78820068 0.09336626 0.38841304 0.34732777 0.60797626  0.70061735 0.39068725 0.41489499 0.43795197 0.56221965 0.44478585  0.48337353 0.40582652 0.48947905 0.4686588 
0.52906469 0.78820068 0.09336626 0.38841304 0.34732777 0.60797626  0.70061735 0.39068725 0.41489499 0.43795197 0.56221965 0.44478585  0.48337353 0.40582652 0.48947905 0.4686588 
0.47519548 0.81056876 0.09654784 0.49702408 0.36448215 0.55085511  0.61469541 0.33360884 0.42118648 0.47317538 0.54490054 0.46542886  0.29218941 0.35246694 0.45807609 0.42316772
0.4379931  0.79244428 0.09675666 0.52042949 0.40462433 0.42381772  0.62519495 0.3779916  0.36622467 0.43523306 0.53680303 0.45352515  0.27208436 0.37085559 0.48186201 0.36053727
0.32647795 0.74943536 0.13031504 0.63148933 0.45003531 0.24149506  0.45971036 0.48231435 0.35561551 0.41665432 0.37573165 0.47487558  0.31820627 0.39599982 0.54386751 0.36749987
0.1624698  0.59069867 0.23248494 0.58814134 0.4185311  0.27680808  0.37833936 0.55793799 0.39845694 0.35057081 0.3151817  0.44800241  0.65554679 0.3666127  0.30317209 0.46049552
0.03585866 0.41212524 0.32497922 0.44119937 0.36258431 0.43456132  0.47408025 0.48300288 0.40965789 0.37891942 0.36959995 0.44872305  0.56049334 0.35167352 0.32731793 0.46450854
0.00039479 0.36283831 0.35232302 0.39930133 0.34523319 0.50234819  0.48417291 0.45702496 0.47508945 0.39693445 0.45000532 0.44589633  0.47476172 0.42761975 0.50206904 0.41641874
0.00039479 0.36283831 0.35232302 0.39930133 0.34523319 0.50234819  0.48417291 0.45702496 0.47508945 0.39693445 0.45000532 0.44589633  0.47476172 0.42761975 0.50206904 0.41641874
0.00039479 0.36283831 0.35232302 0.39930133 0.34523319 0.50234819  0.48417291 0.45702496 0.47508945 0.39693445 0.45000532 0.44589633  0.47476172 0.42761975 0.50206904 0.41641874
0.00039479 0.36283831 0.35232302 0.39930133 0.34523319 0.50234819  0.48417291 0.45702496 0.47508945 0.39693445 0.45000532 0.44589633  0.47476172 0.42761975 0.50206904 0.41641874
0.00039479 0.36283831 0.35232302 0.39930133 0.34523319 0.50234819  0.48417291 0.45702496 0.47508945 0.39693445 0.45000532 0.44589633  0.47476172 0.42761975 0.50206904 0.41641874
0.00039479 0.36283831 0.35232302 0.39930133 0.34523319 0.50234819  0.48417291 0.45702496 0.47508945 0.39693445 0.45000532 0.44589633  0.47476172 0.42761975 0.50206904 0.41641874
0.00039479 0.36283831 0.35232302 0.39930133 0.34523319 0.50234819  0.48417291 0.45702496 0.47508945 0.39693445 0.45000532 0.44589633  0.47476172 0.42761975 0.50206904 0.41641874
0.00039479 0.36283831 0.35232302 0.39930133 0.34523319 0.50234819  0.48417291 0.45702496 0.47508945 0.39693445 0.45000532 0.44589633  0.47476172 0.42761975 0.50206904 0.41641874
0.00039479 0.36283831 0.35232302 0.39930133 0.34523319 0.50234819  0.48417291 0.45702496 0.47508945 0.39693445 0.45000532 0.44589633  0.47476172 0.42761975 0.50206904 0.41641874
0.00039479 0.36283831 0.35232302 0.39930133 0.34523319 0.50234819  0.48417291 0.45702496 0.47508945 0.39693445 0.45000532 0.44589633  0.47476172 0.42761975 0.50206904 0.41641874
0.00039479 0.36283831 0.35232302 0.39930133 0.34523319 0.50234819  0.48417291 0.45702496 0.47508945 0.39693445 0.45000532 0.44589633  0.47476172 0.42761975 0.50206904 0.41641874
0.00039479 0.36283831 0.35232302 0.39930133 0.34523319 0.50234819  0.48417291 0.45702496 0.47508945 0.39693445 0.45000532 0.44589633  0.47476172 0.42761975 0.50206904 0.41641874
0.00039479 0.36283831 0.35232302 0.39930133 0.34523319 0.50234819  0.48417291 0.45702496 0.47508945 0.39693445 0.45000532 0.44589633  0.47476172 0.42761975 0.50206904 0.41641874
0.00039479 0.36283831 0.35232302 0.39930133 0.34523319 0.50234819  0.48417291 0.45702496 0.47508945 0.39693445 0.45000532 0.44589633  0.47476172 0.42761975 0.50206904 0.41641874
0.00039479 0.36283831 0.35232302 0.39930133 0.34523319 0.50234819  0.48417291 0.45702496 0.47508945 0.39693445 0.45000532 0.44589633  0.47476172 0.42761975 0.50206904 0.41641874
0.09049698 0.48915177 0.28895756 0.50273163 0.37945396 0.42007098  0.38707963 0.51604378 0.55039553 0.38867569 0.47452904 0.44278296  0.50665257 0.52926791 0.67265304 0.38645827
0.14331576 0.56589617 0.24730063 0.57401995 0.40877345 0.31544207  0.34724831 0.567012   0.48995513 0.36626438 0.36347294 0.44907296  0.64731326 0.47583193 0.51961518 0.45730654
0.19781245 0.64365332 0.20687501 0.63907103 0.43379907 0.24333991  0.30710137 0.59955268 0.47632552 0.35398087 0.33267455 0.44940845  0.68674913 0.46510203 0.48088191 0.46067454
0.27230287 0.73267769 0.16547083 0.68332028 0.43003633 0.28129444  0.27429226 0.57383444 0.55875287 0.38318526 0.44123623 0.44755586  0.5143895  0.4866367  0.6130834  0.38891645
0.27230287 0.73267769 0.16547083 0.68332028 0.43003633 0.28129444  0.27429226 0.57383444 0.55875287 0.38318526 0.44123623 0.44755586  0.5143895  0.4866367  0.6130834  0.38891645
0.32814182 0.77170362 0.15751807 0.67042581 0.3808457  0.44991599  0.25376018 0.48097045 0.64218099 0.46450094 0.4516513  0.47933088  0.44118245 0.47070012 0.66369342 0.45249362
0.36549583 0.79542322 0.14048465 0.6481925  0.3740396  0.47635993  0.32774923 0.43131397 0.58312683 0.4653174  0.48102973 0.47293506  0.34439689 0.41693988 0.57910438 0.41248892
0.36549583 0.79542322 0.14048465 0.6481925  0.3740396  0.47635993  0.32774923 0.43131397 0.58312683 0.4653174  0.48102973 0.47293506  0.34439689 0.41693988 0.57910438 0.41248892
0.36549583 0.79542322 0.14048465 0.6481925  0.3740396  0.47635993  0.32774923 0.43131397 0.58312683 0.4653174  0.48102973 0.47293506  0.34439689 0.41693988 0.57910438 0.41248892
0.38438991 0.80441982 0.1389571  0.63052601 0.35570899 0.5327666  0.33422335 0.42555785 0.61133757 0.46252145 0.5250024  0.46241813  0.36426426 0.40157421 0.53067538 0.42587196
0.38438991 0.80441982 0.1389571  0.63052601 0.35570899 0.5327666  0.33422335 0.42555785 0.61133757 0.46252145 0.5250024  0.46241813  0.36426426 0.40157421 0.53067538 0.42587196
0.36549583 0.79542322 0.14048465 0.6481925  0.3740396  0.47635993  0.32774923 0.43131397 0.58312683 0.4653174  0.48102973 0.47293506  0.34439689 0.41693988 0.57910438 0.41248892
0.34720959 0.78459453 0.15213045 0.65689475 0.36931807 0.48964022  0.27451741 0.46296826 0.65629284 0.45591761 0.5081479  0.4650596  0.4348531  0.45893406 0.61771805 0.43198952
0.34720959 0.78459453 0.15213045 0.65689475 0.36931807 0.48964022  0.27451741 0.46296826 0.65629284 0.45591761 0.5081479  0.4650596  0.4348531  0.45893406 0.61771805 0.43198952
0.36610368 0.79359113 0.15060289 0.63922827 0.35098746 0.54604688  0.28099153 0.45721214 0.68450359 0.45312166 0.55212056 0.45454268  0.45472048 0.44356838 0.56928905 0.44537256
0.38500068 0.80008635 0.1500423  0.61767303 0.33122515 0.60162614  0.29400884 0.44804128 0.70074437 0.44820811 0.57761426 0.44710914  0.49223646 0.42720784 0.52387333 0.45930185
0.38500068 0.80008635 0.1500423  0.61767303 0.33122515 0.60162614  0.29400884 0.44804128 0.70074437 0.44820811 0.57761426 0.44710914  0.49223646 0.42720784 0.52387333 0.45930185
0.40343091 0.8007634  0.15511196 0.5957954  0.3058326  0.66343265  0.28722977 0.45309638 0.70901758 0.45371406 0.550006   0.45055164  0.55642592 0.41144441 0.48545025 0.49774096
0.40343091 0.8007634  0.15511196 0.5957954  0.3058326  0.66343265  0.28722977 0.45309638 0.70901758 0.45371406 0.550006   0.45055164  0.55642592 0.41144441 0.48545025 0.49774096
0.44099397 0.83451244 0.28855233 0.57956377 0.31894843 0.71768454  0.20934011 0.41973703 0.64980603 0.32107233 0.47654939 0.46050178  0.53583557 0.51094957 0.35438122 0.5933516 
0.49766724 0.91994952 0.56299644 0.47624813 0.62873045 0.79853358  0.1146282  0.41936571 0.56790968 0.3171727  0.44441457 0.51222577  0.55236628 0.52099797 0.30125359 0.54697777
0.57905376 0.93439953 0.6991979  0.45920721 0.63271255 0.80188358  0.21151727 0.374591   0.4589865  0.31589435 0.49463991 0.47713759  0.54337127 0.48494222 0.18890268 0.38083013
0.6674709  0.88550154 0.85267565 0.39506981 0.64600006 0.72821691  0.30433639 0.51387011 0.50906484 0.28842114 0.59223901 0.48636519  0.72998234 0.42523918 0.38657268 0.42076486
0.69892326 0.85583892 0.89719292 0.3675147  0.65701583 0.66842217  0.34996339 0.57115421 0.53738774 0.37602372 0.64678998 0.48580984  0.78391611 0.46406225 0.50013118 0.41469369
0.73224162 0.81878532 0.8969849  0.29798352 0.66141691 0.64118965  0.38646528 0.65122785 0.52078419 0.38162589 0.64983194 0.4889735  0.77576089 0.48061521 0.58081784 0.42174375
0.74956697 0.7952551  0.91572884 0.27054132 0.66822695 0.61131873  0.3752721  0.7217925  0.55870128 0.45365878 0.61621896 0.45887949  0.69702083 0.42097283 0.59870467 0.42021032
0.81720173 0.77003843 0.88945557 0.20048709 0.68639472 0.52635588  0.54455055 0.6696457  0.32228745 0.53167143 0.48149557 0.51698602  0.44861852 0.30481757 0.64025913 0.4331029 
0.81646443 0.7684707  0.88453769 0.20485842 0.67075068 0.52474248  0.54998417 0.66790491 0.32594522 0.53434855 0.46620784 0.4884469  0.4566711  0.32442582 0.63175346 0.40260467
0.81557472 0.75986808 0.86551984 0.22660695 0.57936615 0.49710368  0.57891341 0.6623315  0.35472382 0.51878196 0.40076111 0.39139817  0.42674907 0.36038042 0.62296063 0.37537529
0.81436414 0.75133195 0.8456294  0.24997918 0.4881142  0.4735849  0.60724334 0.65488595 0.38291336 0.50586454 0.33435815 0.29137853  0.4047338  0.39710421 0.6086559  0.34053388
0.81436414 0.75133195 0.8456294  0.24997918 0.4881142  0.4735849  0.60724334 0.65488595 0.38291336 0.50586454 0.33435815 0.29137853  0.4047338  0.39710421 0.6086559  0.34053388
0.81272301 0.74270995 0.82707078 0.26804947 0.42587737 0.46108261  0.61893807 0.6527963  0.38860215 0.4803198  0.32013606 0.27524092  0.38521635 0.39368029 0.62025698 0.357924  
0.8193753  0.68069308 0.76122709 0.29315465 0.30393186 0.39715542  0.61925358 0.66917248 0.45550332 0.49204407 0.3423409  0.22581539  0.3635992  0.4249556  0.5253627  0.34315667
0.82907861 0.62829408 0.7134707  0.3013652  0.22390166 0.35591806  0.60617802 0.6514885  0.49028857 0.42351462 0.36572694 0.27092365  0.35039399 0.45561977 0.53360108 0.39251368
0.82367315 0.60453208 0.66634171 0.32928544 0.14225406 0.3423142  0.61715977 0.64940653 0.48121013 0.38442272 0.38989277 0.3195771  0.34384503 0.43235638 0.56620913 0.4487103 
0.83652788 0.56512392 0.64295769 0.31138105 0.13147902 0.31217961  0.61920848 0.6104441  0.52921362 0.40987806 0.34990804 0.34485971  0.41114033 0.46533571 0.64141112 0.41998253
0.83652788 0.56512392 0.64295769 0.31138105 0.13147902 0.31217961  0.61920848 0.6104441  0.52921362 0.40987806 0.34990804 0.34485971  0.41114033 0.46533571 0.64141112 0.41998253
0.84987941 0.47723564 0.56431917 0.30133814 0.16279799 0.2822089  0.52596307 0.58080566 0.57737958 0.45577486 0.46703441 0.34736217  0.41443553 0.41674922 0.389822   0.32545254
0.84404817 0.43791578 0.50914705 0.33649257 0.14795728 0.26234713  0.5850012  0.60860674 0.65400517 0.55773206 0.51253465 0.42281878  0.49405844 0.30355737 0.37989052 0.3673006 
0.86421081 0.36630095 0.45605714 0.30241808 0.18239978 0.24383405  0.53107702 0.48855287 0.70477787 0.62114782 0.43017432 0.4612158  0.50999035 0.38109219 0.36870467 0.32362539
0.86421081 0.36630095 0.45605714 0.30241808 0.18239978 0.24383405  0.53107702 0.48855287 0.70477787 0.62114782 0.43017432 0.4612158  0.50999035 0.38109219 0.36870467 0.32362539
0.86421081 0.36630095 0.45605714 0.30241808 0.18239978 0.24383405  0.53107702 0.48855287 0.70477787 0.62114782 0.43017432 0.4612158  0.50999035 0.38109219 0.36870467 0.32362539
0.87258589 0.34094143 0.46315844 0.33956618 0.17117121 0.21915068  0.54459353 0.49249008 0.70999242 0.67556139 0.52863729 0.49260753  0.52274328 0.39770943 0.32991532 0.40588961
0.87723244 0.29153489 0.40524795 0.35332284 0.17888688 0.24042682  0.48599341 0.40836608 0.67236693 0.63785702 0.52954976 0.57724032  0.56987614 0.34226349 0.39192713 0.35783504
0.87723244 0.29153489 0.40524795 0.35332284 0.17888688 0.24042682  0.48599341 0.40836608 0.67236693 0.63785702 0.52954976 0.57724032  0.56987614 0.34226349 0.39192713 0.35783504
0.87723244 0.29153489 0.40524795 0.35332284 0.17888688 0.24042682  0.48599341 0.40836608 0.67236693 0.63785702 0.52954976 0.57724032  0.56987614 0.34226349 0.39192713 0.35783504
0.87485414 0.28749853 0.39049824 0.36183036 0.16967091 0.2605811  0.46784138 0.39802788 0.62911041 0.5794336  0.54696402 0.62247292  0.58589508 0.32381628 0.41567508 0.33991346
0.87485414 0.28749853 0.39049824 0.36183036 0.16967091 0.2605811  0.46784138 0.39802788 0.62911041 0.5794336  0.54696402 0.62247292  0.58589508 0.32381628 0.41567508 0.33991346
0.87485414 0.28749853 0.39049824 0.36183036 0.16967091 0.2605811  0.46784138 0.39802788 0.62911041 0.5794336  0.54696402 0.62247292  0.58589508 0.32381628 0.41567508 0.33991346
0.87485414 0.28749853 0.39049824 0.36183036 0.16967091 0.2605811  0.46784138 0.39802788 0.62911041 0.5794336  0.54696402 0.62247292  0.58589508 0.32381628 0.41567508 0.33991346
0.87485414 0.28749853 0.39049824 0.36183036 0.16967091 0.2605811  0.46784138 0.39802788 0.62911041 0.5794336  0.54696402 0.62247292  0.58589508 0.32381628 0.41567508 0.33991346
0.87485414 0.28749853 0.39049824 0.36183036 0.16967091 0.2605811  0.46784138 0.39802788 0.62911041 0.5794336  0.54696402 0.62247292  0.58589508 0.32381628 0.41567508 0.33991346
0.87485414 0.28749853 0.39049824 0.36183036 0.16967091 0.2605811  0.46784138 0.39802788 0.62911041 0.5794336  0.54696402 0.62247292  0.58589508 0.32381628 0.41567508 0.33991346
0.87485414 0.28749853 0.39049824 0.36183036 0.16967091 0.2605811  0.46784138 0.39802788 0.62911041 0.5794336  0.54696402 0.62247292  0.58589508 0.32381628 0.41567508 0.33991346
0.87485414 0.28749853 0.39049824 0.36183036 0.16967091 0.2605811  0.46784138 0.39802788 0.62911041 0.5794336  0.54696402 0.62247292  0.58589508 0.32381628 0.41567508 0.33991346
0.87485414 0.28749853 0.39049824 0.36183036 0.16967091 0.2605811  0.46784138 0.39802788 0.62911041 0.5794336  0.54696402 0.62247292  0.58589508 0.32381628 0.41567508 0.33991346
0.87485414 0.28749853 0.39049824 0.36183036 0.16967091 0.2605811  0.46784138 0.39802788 0.62911041 0.5794336  0.54696402 0.62247292  0.58589508 0.32381628 0.41567508 0.33991346
0.87485414 0.28749853 0.39049824 0.36183036 0.16967091 0.2605811  0.46784138 0.39802788 0.62911041 0.5794336  0.54696402 0.62247292  0.58589508 0.32381628 0.41567508 0.33991346
0.84639922 0.28558177 0.27593031 0.28131422 0.23125214 0.3362812  0.37032306 0.44145147 0.50428236 0.56724268 0.52645043 0.60725961  0.52838985 0.37519638 0.44449433 0.218291  
0.81964702 0.31551413 0.20580441 0.20399361 0.26515353 0.39230407  0.32182259 0.44883845 0.48413992 0.47928847 0.42751677 0.58130796  0.46444674 0.39397839 0.45192268 0.19339512
0.7959421  0.33515166 0.14366063 0.15111524 0.32534192 0.4285509  0.32748309 0.45748067 0.56665466 0.4092564  0.34124668 0.51800634  0.43432614 0.29950131 0.47127909 0.26500352
0.7689441  0.36256951 0.09195815 0.11502946 0.36984051 0.43640136  0.35905026 0.4429618  0.65211285 0.33690123 0.34520823 0.49225303  0.42027361 0.29836074 0.46732284 0.40181043
0.70914496 0.47496259 0.06898187 0.17668195 0.39454607 0.51823203  0.47714359 0.25442244 0.64989203 0.31261145 0.34800744 0.47322221  0.72677195 0.44052888 0.42289362 0.41125976
0.60087978 0.6395923  0.05594569 0.30492914 0.4076458  0.53221942  0.64387106 0.15389081 0.55474973 0.41789498 0.40340217 0.50088291  0.6158481  0.52656429 0.63846324 0.4394358 
0.46802175 0.74774251 0.07806994 0.48057938 0.4344128  0.40533189  0.6587325  0.30106238 0.3687382  0.42623263 0.51043829 0.45416296  0.34223958 0.37577514 0.552792   0.32710017
0.41811768 0.77365046 0.09548239 0.53262255 0.43744655 0.33921727  0.61389706 0.39578519 0.36122372 0.45027462 0.48278046 0.4750487  0.27814839 0.42227917 0.61549999 0.3667588 
0.28799616 0.68768333 0.14915287 0.59197408 0.46208919 0.20286503  0.49687428 0.4830663  0.29623651 0.43964875 0.24273353 0.51341153  0.45907497 0.39820312 0.54805074 0.48793925
0.25202684 0.67434936 0.16960942 0.61702511 0.45533956 0.19576513  0.43953367 0.52049908 0.31032409 0.39343403 0.24945222 0.48544795  0.53090789 0.38229279 0.4287716  0.4620085 
0.12425167 0.51607436 0.25538578 0.5188985  0.41734613 0.28102709  0.46675122 0.51268272 0.31184647 0.39364458 0.20441174 0.48853369  0.67037269 0.34217413 0.31239051 0.56340722
0.08892937 0.49235855 0.28299146 0.51880341 0.39445748 0.33645297  0.41227192 0.53833239 0.39368712 0.36543542 0.28731273 0.45681163  0.68194675 0.35857271 0.29842885 0.52018578
0.03530472 0.41371177 0.32449245 0.44717499 0.36543573 0.42942868  0.4584486  0.49182641 0.42935187 0.38251683 0.3665383  0.45119726  0.57400726 0.38653202 0.39012683 0.47468522
0.01779563 0.38669558 0.33863985 0.42004769 0.35385851 0.46460162  0.48109267 0.47190843 0.43452283 0.38595027 0.3992976  0.44733029  0.52908455 0.38078184 0.39373238 0.44873962
0.01779563 0.38669558 0.33863985 0.42004769 0.35385851 0.46460162  0.48109267 0.47190843 0.43452283 0.38595027 0.3992976  0.44733029  0.52908455 0.38078184 0.39373238 0.44873962
0.00039479 0.36283831 0.35232302 0.39930133 0.34523319 0.50234819  0.48417291 0.45702496 0.47508945 0.39693445 0.45000532 0.44589633  0.47476172 0.42761975 0.50206904 0.41641874
0.00039479 0.36283831 0.35232302 0.39930133 0.34523319 0.50234819  0.48417291 0.45702496 0.47508945 0.39693445 0.45000532 0.44589633  0.47476172 0.42761975 0.50206904 0.41641874
0.00039479 0.36283831 0.35232302 0.39930133 0.34523319 0.50234819  0.48417291 0.45702496 0.47508945 0.39693445 0.45000532 0.44589633  0.47476172 0.42761975 0.50206904 0.41641874
0.00039479 0.36283831 0.35232302 0.39930133 0.34523319 0.50234819  0.48417291 0.45702496 0.47508945 0.39693445 0.45000532 0.44589633  0.47476172 0.42761975 0.50206904 0.41641874
0.00039479 0.36283831 0.35232302 0.39930133 0.34523319 0.50234819  0.48417291 0.45702496 0.47508945 0.39693445 0.45000532 0.44589633  0.47476172 0.42761975 0.50206904 0.41641874
0.00039479 0.36283831 0.35232302 0.39930133 0.34523319 0.50234819  0.48417291 0.45702496 0.47508945 0.39693445 0.45000532 0.44589633  0.47476172 0.42761975 0.50206904 0.41641874
0.00039479 0.36283831 0.35232302 0.39930133 0.34523319 0.50234819  0.48417291 0.45702496 0.47508945 0.39693445 0.45000532 0.44589633  0.47476172 0.42761975 0.50206904 0.41641874
0.00039479 0.36283831 0.35232302 0.39930133 0.34523319 0.50234819  0.48417291 0.45702496 0.47508945 0.39693445 0.45000532 0.44589633  0.47476172 0.42761975 0.50206904 0.41641874
0.00039479 0.36283831 0.35232302 0.39930133 0.34523319 0.50234819  0.48417291 0.45702496 0.47508945 0.39693445 0.45000532 0.44589633  0.47476172 0.42761975 0.50206904 0.41641874
0.00039479 0.36283831 0.35232302 0.39930133 0.34523319 0.50234819  0.48417291 0.45702496 0.47508945 0.39693445 0.45000532 0.44589633  0.47476172 0.42761975 0.50206904 0.41641874
0.00039479 0.36283831 0.35232302 0.39930133 0.34523319 0.50234819  0.48417291 0.45702496 0.47508945 0.39693445 0.45000532 0.44589633  0.47476172 0.42761975 0.50206904 0.41641874
0.00039479 0.36283831 0.35232302 0.39930133 0.34523319 0.50234819  0.48417291 0.45702496 0.47508945 0.39693445 0.45000532 0.44589633  0.47476172 0.42761975 0.50206904 0.41641874
0.00039479 0.36283831 0.35232302 0.39930133 0.34523319 0.50234819  0.48417291 0.45702496 0.47508945 0.39693445 0.45000532 0.44589633  0.47476172 0.42761975 0.50206904 0.41641874
0.00039479 0.36283831 0.35232302 0.39930133 0.34523319 0.50234819  0.48417291 0.45702496 0.47508945 0.39693445 0.45000532 0.44589633  0.47476172 0.42761975 0.50206904 0.41641874
0.00039479 0.36283831 0.35232302 0.39930133 0.34523319 0.50234819  0.48417291 0.45702496 0.47508945 0.39693445 0.45000532 0.44589633  0.47476172 0.42761975 0.50206904 0.41641874
0.00039479 0.36283831 0.35232302 0.39930133 0.34523319 0.50234819  0.48417291 0.45702496 0.47508945 0.39693445 0.45000532 0.44589633  0.47476172 0.42761975 0.50206904 0.41641874
