0.00039479 0.36283831 0.35232302 0.39930133 0.34523319 0.50234819  0.48417291 0.45702496 0.47508945 0.39693445 0.45000532 0.44589633  0.47476172 0.42761975 0.50206904 0.41641874
0.00039479 0.36283831 0.35232302 0.39930133 0.34523319 0.50234819  0.48417291 0.45702496 0.47508945 0.39693445 0.45000532 0.44589633  0.47476172 0.42761975 0.50206904 0.41641874
0.00039479 0.36283831 0.35232302 0.39930133 0.34523319 0.50234819  0.48417291 0.45702496 0.47508945 0.39693445 0.45000532 0.44589633  0.47476172 0.42761975 0.50206904 0.41641874
0.00039479 0.36283831 0.35232302 0.39930133 0.34523319 0.50234819  0.48417291 0.45702496 0.47508945 0.39693445 0.45000532 0.44589633  0.47476172 0.42761975 0.50206904 0.41641874
0.00039479 0.36283831 0.35232302 0.39930133 0.34523319 0.50234819  0.48417291 0.45702496 0.47508945 0.39693445 0.45000532 0.44589633  0.47476172 0.42761975 0.50206904 0.41641874
0.00039479 0.36283831 0.35232302 0.39930133 0.34523319 0.50234819  0.48417291 0.45702496 0.47508945 0.39693445 0.45000532 0.44589633  0.47476172 0.42761975 0.50206904 0.41641874
0.00039479 0.36283831 0.35232302 0.39930133 0.34523319 0.50234819  0.48417291 0.45702496 0.47508945 0.39693445 0.45000532 0.44589633  0.47476172 0.42761975 0.50206904 0.41641874
0.00039479 0.36283831 0.35232302 0.39930133 0.34523319 0.50234819  0.48417291 0.45702496 0.47508945 0.39693445 0.45000532 0.44589633  0.47476172 0.42761975 0.50206904 0.41641874
0.00039479 0.36283831 0.35232302 0.39930133 0.34523319 0.50234819  0.48417291 0.45702496 0.47508945 0.39693445 0.45000532 0.44589633  0.47476172 0.42761975 0.50206904 0.41641874
0.00039479 0.36283831 0.35232302 0.39930133 0.34523319 0.50234819  0.48417291 0.45702496 0.47508945 0.39693445 0.45000532 0.44589633  0.47476172 0.42761975 0.50206904 0.41641874
0.00039479 0.36283831 0.35232302 0.39930133 0.34523319 0.50234819  0.48417291 0.45702496 0.47508945 0.39693445 0.45000532 0.44589633  0.47476172 0.42761975 0.50206904 0.41641874
0.00039479 0.36283831 0.35232302 0.39930133 0.34523319 0.50234819  0.48417291 0.45702496 0.47508945 0.39693445 0.45000532 0.44589633  0.47476172 0.42761975 0.50206904 0.41641874
0.00039479 0.36283831 0.35232302 0.39930133 0.34523319 0.50234819  0.48417291 0.45702496 0.47508945 0.39693445 0.45000532 0.44589633  0.47476172 0.42761975 0.50206904 0.41641874
0.00039479 0.36283831 0.35232302 0.39930133 0.34523319 0.50234819  0.48417291 0.45702496 0.47508945 0.39693445 0.45000532 0.44589633  0.47476172 0.42761975 0.50206904 0.41641874
0.00039479 0.36283831 0.35232302 0.39930133 0.34523319 0.50234819  0.48417291 0.45702496 0.47508945 0.39693445 0.45000532 0.44589633  0.47476172 0.42761975 0.50206904 0.41641874
0.00039479 0.36283831 0.35232302 0.39930133 0.34523319 0.50234819  0.48417291 0.45702496 0.47508945 0.39693445 0.45000532 0.44589633  0.47476172 0.42761975 0.50206904 0.41641874
0.00039479 0.36283831 0.35232302 0.39930133 0.34523319 0.50234819  0.48417291 0.45702496 0.47508945 0.39693445 0.45000532 0.44589633  0.47476172 0.42761975 0.50206904 0.41641874
0.00039479 0.36283831 0.35232302 0.39930133 0.34523319 0.50234819  0.48417291 0.45702496 0.47508945 0.39693445 0.45000532 0.44589633  0.47476172 0.42761975 0.50206904 0.41641874
0.00039479 0.36283831 0.35232302 0.39930133 0.34523319 0.50234819  0.48417291 0.45702496 0.47508945 0.39693445 0.45000532 0.44589633  0.47476172 0.42761975 0.50206904 0.41641874
0.00039479 0.36283831 0.35232302 0.39930133 0.34523319 0.50234819  0.48417291 0.45702496 0.47508945 0.39693445 0.45000532 0.44589633  0.47476172 0.42761975 0.50206904 0.41641874
0.00039479 0.36283831 0.35232302 0.39930133 0.34523319 0.50234819  0.48417291 0.45702496 0.47508945 0.39693445 0.45000532 0.44589633  0.47476172 0.42761975 0.50206904 0.41641874
0.00039479 0.36283831 0.35232302 0.39930133 0.34523319 0.50234819  0.48417291 0.45702496 0.47508945 0.39693445 0.45000532 0.44589633  0.47476172 0.42761975 0.50206904 0.41641874
0.00039479 0.36283831 0.35232302 0.39930133 0.34523319 0.50234819  0.48417291 0.45702496 0.47508945 0.39693445 0.45000532 0.44589633  0.47476172 0.42761975 0.50206904 0.41641874
0.00039479 0.36283831 0.35232302 0.39930133 0.34523319 0.50234819  0.48417291 0.45702496 0.47508945 0.39693445 0.45000532 0.44589633  0.47476172 0.42761975 0.50206904 0.41641874
0.00039479 0.36283831 0.35232302 0.39930133 0.34523319 0.50234819  0.48417291 0.45702496 0.47508945 0.39693445 0.45000532 0.44589633  0.47476172 0.42761975 0.50206904 0.41641874
0.00039479 0.36283831 0.35232302 0.39930133 0.34523319 0.50234819  0.48417291 0.45702496 0.47508945 0.39693445 0.45000532 0.44589633  0.47476172 0.42761975 0.50206904 0.41641874
0.00039479 0.36283831 0.35232302 0.39930133 0.34523319 0.50234819  0.48417291 0.45702496 0.47508945 0.39693445 0.45000532 0.44589633  0.47476172 0.42761975 0.50206904 0.41641874
0.00039479 0.36283831 0.35232302 0.39930133 0.34523319 0.50234819  0.48417291 0.45702496 0.47508945 0.39693445 0.45000532 0.44589633  0.47476172 0.42761975 0.50206904 0.41641874
0.00039479 0.36283831 0.35232302 0.39930133 0.34523319 0.50234819  0.48417291 0.45702496 0.47508945 0.39693445 0.45000532 0.44589633  0.47476172 0.42761975 0.50206904 0.41641874
0.00039479 0.36283831 0.35232302 0.39930133 0.34523319 0.50234819  0.48417291 0.45702496 0.47508945 0.39693445 0.45000532 0.44589633  0.47476172 0.42761975 0.50206904 0.41641874
0.00039479 0.36283831 0.35232302 0.39930133 0.34523319 0.50234819  0.48417291 0.45702496 0.47508945 0.39693445 0.45000532 0.44589633  0.47476172 0.42761975 0.50206904 0.41641874
0.00039479 0.36283831 0.35232302 0.39930133 0.34523319 0.50234819  0.48417291 0.45702496 0.47508945 0.39693445 0.45000532 0.44589633  0.47476172 0.42761975 0.50206904 0.41641874
0.00039479 0.36283831 0.35232302 0.39930133 0.34523319 0.50234819  0.48417291 0.45702496 0.47508945 0.39693445 0.45000532 0.44589633  0.47476172 0.42761975 0.50206904 0.41641874
0.00039479 0.36283831 0.35232302 0.39930133 0.34523319 0.50234819  0.48417291 0.45702496 0.47508945 0.39693445 0.45000532 0.44589633  0.47476172 0.42761975 0.50206904 0.41641874
0.00039479 0.36283831 0.35232302 0.39930133 0.34523319 0.50234819  0.48417291 0.45702496 0.47508945 0.39693445 0.45000532 0.44589633  0.47476172 0.42761975 0.50206904 0.41641874
0.00039479 0.36283831 0.35232302 0.39930133 0.34523319 0.50234819  0.48417291 0.45702496 0.47508945 0.39693445 0.45000532 0.44589633  0.47476172 0.42761975 0.50206904 0.41641874
0.00039479 0.36283831 0.35232302 0.39930133 0.34523319 0.50234819  0.48417291 0.45702496 0.47508945 0.39693445 0.45000532 0.44589633  0.47476172 0.42761975 0.50206904 0.41641874
0.00039479 0.36283831 0.35232302 0.39930133 0.34523319 0.50234819  0.48417291 0.45702496 0.47508945 0.39693445 0.45000532 0.44589633  0.47476172 0.42761975 0.50206904 0.41641874
0.00039479 0.36283831 0.35232302 0.39930133 0.34523319 0.50234819  0.48417291 0.45702496 0.47508945 0.39693445 0.45000532 0.44589633  0.47476172 0.42761975 0.50206904 0.41641874
0.00039479 0.36283831 0.35232302 0.39930133 0.34523319 0.50234819  0.48417291 0.45702496 0.47508945 0.39693445 0.45000532 0.44589633  0.47476172 0.42761975 0.50206904 0.41641874
0.00039479 0.36283831 0.35232302 0.39930133 0.34523319 0.50234819  0.48417291 0.45702496 0.47508945 0.39693445 0.45000532 0.44589633  0.47476172 0.42761975 0.50206904 0.41641874
0.00039479 0.36283831 0.35232302 0.39930133 0.34523319 0.50234819  0.48417291 0.45702496 0.47508945 0.39693445 0.45000532 0.44589633  0.47476172 0.42761975 0.50206904 0.41641874
0.00039479 0.36283831 0.35232302 0.39930133 0.34523319 0.50234819  0.48417291 0.45702496 0.47508945 0.39693445 0.45000532 0.44589633  0.47476172 0.42761975 0.50206904 0.41641874
0.00039479 0.36283831 0.35232302 0.39930133 0.34523319 0.50234819  0.48417291 0.45702496 0.47508945 0.39693445 0.45000532 0.44589633  0.47476172 0.42761975 0.50206904 0.41641874
0.00039479 0.36283831 0.35232302 0.39930133 0.34523319 0.50234819  0.48417291 0.45702496 0.47508945 0.39693445 0.45000532 0.44589633  0.47476172 0.42761975 0.50206904 0.41641874
0.00039479 0.36283831 0.35232302 0.39930133 0.34523319 0.50234819  0.48417291 0.45702496 0.47508945 0.39693445 0.45000532 0.44589633  0.47476172 0.42761975 0.50206904 0.41641874
0.00039479 0.36283831 0.35232302 0.39930133 0.34523319 0.50234819  0.48417291 0.45702496 0.47508945 0.39693445 0.45000532 0.44589633  0.47476172 0.42761975 0.50206904 0.41641874
0.00039479 0.36283831 0.35232302 0.39930133 0.34523319 0.50234819  0.48417291 0.45702496 0.47508945 0.39693445 0.45000532 0.44589633  0.47476172 0.42761975 0.50206904 0.41641874
0.00039479 0.36283831 0.35232302 0.39930133 0.34523319 0.50234819  0.48417291 0.45702496 0.47508945 0.39693445 0.45000532 0.44589633  0.47476172 0.42761975 0.50206904 0.41641874
0.00039479 0.36283831 0.35232302 0.39930133 0.34523319 0.50234819  0.48417291 0.45702496 0.47508945 0.39693445 0.45000532 0.44589633  0.47476172 0.42761975 0.50206904 0.41641874
0.00039479 0.36283831 0.35232302 0.39930133 0.34523319 0.50234819  0.48417291 0.45702496 0.47508945 0.39693445 0.45000532 0.44589633  0.47476172 0.42761975 0.50206904 0.41641874
0.00039479 0.36283831 0.35232302 0.39930133 0.34523319 0.50234819  0.48417291 0.45702496 0.47508945 0.39693445 0.45000532 0.44589633  0.47476172 0.42761975 0.50206904 0.41641874
0.00039479 0.36283831 0.35232302 0.39930133 0.34523319 0.50234819  0.48417291 0.45702496 0.47508945 0.39693445 0.45000532 0.44589633  0.47476172 0.42761975 0.50206904 0.41641874
0.00039479 0.36283831 0.35232302 0.39930133 0.34523319 0.50234819  0.48417291 0.45702496 0.47508945 0.39693445 0.45000532 0.44589633  0.47476172 0.42761975 0.50206904 0.41641874
0.00039479 0.36283831 0.35232302 0.39930133 0.34523319 0.50234819  0.48417291 0.45702496 0.47508945 0.39693445 0.45000532 0.44589633  0.47476172 0.42761975 0.50206904 0.41641874
0.00039479 0.36283831 0.35232302 0.39930133 0.34523319 0.50234819  0.48417291 0.45702496 0.47508945 0.39693445 0.45000532 0.44589633  0.47476172 0.42761975 0.50206904 0.41641874
0.00039479 0.36283831 0.35232302 0.39930133 0.34523319 0.50234819  0.48417291 0.45702496 0.47508945 0.39693445 0.45000532 0.44589633  0.47476172 0.42761975 0.50206904 0.41641874
0.00039479 0.36283831 0.35232302 0.39930133 0.34523319 0.50234819  0.48417291 0.45702496 0.47508945 0.39693445 0.45000532 0.44589633  0.47476172 0.42761975 0.50206904 0.41641874
0.00039479 0.36283831 0.35232302 0.39930133 0.34523319 0.50234819  0.48417291 0.45702496 0.47508945 0.39693445 0.45000532 0.44589633  0.47476172 0.42761975 0.50206904 0.41641874
0.00039479 0.36283831 0.35232302 0.39930133 0.34523319 0.50234819  0.48417291 0.45702496 0.47508945 0.39693445 0.45000532 0.44589633  0.47476172 0.42761975 0.50206904 0.41641874
0.00039479 0.36283831 0.35232302 0.39930133 0.34523319 0.50234819  0.48417291 0.45702496 0.47508945 0.39693445 0.45000532 0.44589633  0.47476172 0.42761975 0.50206904 0.41641874
0.00039479 0.36283831 0.35232302 0.39930133 0.34523319 0.50234819  0.48417291 0.45702496 0.47508945 0.39693445 0.45000532 0.44589633  0.47476172 0.42761975 0.50206904 0.41641874
0.00039479 0.36283831 0.35232302 0.39930133 0.34523319 0.50234819  0.48417291 0.45702496 0.47508945 0.39693445 0.45000532 0.44589633  0.47476172 0.42761975 0.50206904 0.41641874
0.00039479 0.36283831 0.35232302 0.39930133 0.34523319 0.50234819  0.48417291 0.45702496 0.47508945 0.39693445 0.45000532 0.44589633  0.47476172 0.42761975 0.50206904 0.41641874
0.00039479 0.36283831 0.35232302 0.39930133 0.34523319 0.50234819  0.48417291 0.45702496 0.47508945 0.39693445 0.45000532 0.44589633  0.47476172 0.42761975 0.50206904 0.41641874
0.00039479 0.36283831 0.35232302 0.39930133 0.34523319 0.50234819  0.48417291 0.45702496 0.47508945 0.39693445 0.45000532 0.44589633  0.47476172 0.42761975 0.50206904 0.41641874
0.00039479 0.36283831 0.35232302 0.39930133 0.34523319 0.50234819  0.48417291 0.45702496 0.47508945 0.39693445 0.45000532 0.44589633  0.47476172 0.42761975 0.50206904 0.41641874
0.00039479 0.36283831 0.35232302 0.39930133 0.34523319 0.50234819  0.48417291 0.45702496 0.47508945 0.39693445 0.45000532 0.44589633  0.47476172 0.42761975 0.50206904 0.41641874
0.00039479 0.36283831 0.35232302 0.39930133 0.34523319 0.50234819  0.48417291 0.45702496 0.47508945 0.39693445 0.45000532 0.44589633  0.47476172 0.42761975 0.50206904 0.41641874
0.00039479 0.36283831 0.35232302 0.39930133 0.34523319 0.50234819  0.48417291 0.45702496 0.47508945 0.39693445 0.45000532 0.44589633  0.47476172 0.42761975 0.50206904 0.41641874
0.00039479 0.36283831 0.35232302 0.39930133 0.34523319 0.50234819  0.48417291 0.45702496 0.47508945 0.39693445 0.45000532 0.44589633  0.47476172 0.42761975 0.50206904 0.41641874
0.00039479 0.36283831 0.35232302 0.39930133 0.34523319 0.50234819  0.48417291 0.45702496 0.47508945 0.39693445 0.45000532 0.44589633  0.47476172 0.42761975 0.50206904 0.41641874
0.00039479 0.36283831 0.35232302 0.39930133 0.34523319 0.50234819  0.48417291 0.45702496 0.47508945 0.39693445 0.45000532 0.44589633  0.47476172 0.42761975 0.50206904 0.41641874
0.00039479 0.36283831 0.35232302 0.39930133 0.34523319 0.50234819  0.48417291 0.45702496 0.47508945 0.39693445 0.45000532 0.44589633  0.47476172 0.42761975 0.50206904 0.41641874
0.00039479 0.36283831 0.35232302 0.39930133 0.34523319 0.50234819  0.48417291 0.45702496 0.47508945 0.39693445 0.45000532 0.44589633  0.47476172 0.42761975 0.50206904 0.41641874
0.00039479 0.36283831 0.35232302 0.39930133 0.34523319 0.50234819  0.48417291 0.45702496 0.47508945 0.39693445 0.45000532 0.44589633  0.47476172 0.42761975 0.50206904 0.41641874
0.00039479 0.36283831 0.35232302 0.39930133 0.34523319 0.50234819  0.48417291 0.45702496 0.47508945 0.39693445 0.45000532 0.44589633  0.47476172 0.42761975 0.50206904 0.41641874
0.07219041 0.4625789  0.30509759 0.48249172 0.36307135 0.46869752  0.38960032 0.48818572 0.5541493  0.43265161 0.43211871 0.47072834  0.45806783 0.49454618 0.70775685 0.45977915
0.07219041 0.4625789  0.30509759 0.48249172 0.36307135 0.46869752  0.38960032 0.48818572 0.5541493  0.43265161 0.43211871 0.47072834  0.45806783 0.49454618 0.70775685 0.45977915
0.31256018 0.71203757 0.1966001  0.56589138 0.31628471 0.66139818  0.29745128 0.42389878 0.76676689 0.48280016 0.62911212 0.45756462  0.37141904 0.52726838 0.78569546 0.41913437
0.31256018 0.71203757 0.1966001  0.56589138 0.31628471 0.66139818  0.29745128 0.42389878 0.76676689 0.48280016 0.62911212 0.45756462  0.37141904 0.52726838 0.78569546 0.41913437
0.50885035 0.7940929  0.43215348 0.67026646 0.15153303 0.71384956  0.16417924 0.37669991 0.50802928 0.23606266 0.42018385 0.53594558  0.72357023 0.48611789 0.34962594 0.49248175
0.56989248 0.84133322 0.70966124 0.72541901 0.15033867 0.62265802  0.22225473 0.33924259 0.50578787 0.24291359 0.38430733 0.40411614  0.57491342 0.53358852 0.45173601 0.40193205
0.56989248 0.84133322 0.70966124 0.72541901 0.15033867 0.62265802  0.22225473 0.33924259 0.50578787 0.24291359 0.38430733 0.40411614  0.57491342 0.53358852 0.45173601 0.40193205
0.56989248 0.84133322 0.70966124 0.72541901 0.15033867 0.62265802  0.22225473 0.33924259 0.50578787 0.24291359 0.38430733 0.40411614  0.57491342 0.53358852 0.45173601 0.40193205
0.66684845 0.81877068 0.7306402  0.61582513 0.12758308 0.58726797  0.38439973 0.4074792  0.37193237 0.25657347 0.39957546 0.35856251  0.24692862 0.50144612 0.32493656 0.41340507
0.66684845 0.81877068 0.7306402  0.61582513 0.12758308 0.58726797  0.38439973 0.4074792  0.37193237 0.25657347 0.39957546 0.35856251  0.24692862 0.50144612 0.32493656 0.41340507
0.66684845 0.81877068 0.7306402  0.61582513 0.12758308 0.58726797  0.38439973 0.4074792  0.37193237 0.25657347 0.39957546 0.35856251  0.24692862 0.50144612 0.32493656 0.41340507
0.68468785 0.8074615  0.72944921 0.5722824  0.12552405 0.59577734  0.41817847 0.45206043 0.37079536 0.2271979  0.42792885 0.34096436  0.32700475 0.53182784 0.33479807 0.42548319
0.73189096 0.72876885 0.74416203 0.4925358  0.11091833 0.54547191  0.35315605 0.64198558 0.38779056 0.23339135 0.40407626 0.36006928  0.16159195 0.42495155 0.46932439 0.45186754
0.76628123 0.69581903 0.73338905 0.40640415 0.12779638 0.51579994  0.43178467 0.69040233 0.39798656 0.20027901 0.43898637 0.34901685  0.26653973 0.49477507 0.59811005 0.46087807
0.78348534 0.6929978  0.71943739 0.38284392 0.14187384 0.48549974  0.5052664  0.650178   0.31329127 0.23267478 0.36518921 0.38060201  0.2339951  0.47155515 0.60950695 0.50367287
0.79694193 0.67407172 0.67877892 0.35248755 0.13769368 0.45418426  0.59110186 0.63813005 0.2703557  0.30083632 0.36262797 0.39929054  0.2632471  0.50006191 0.61385938 0.49762177
0.83985436 0.56654553 0.65069582 0.29844011 0.12976396 0.32605022  0.56428577 0.60194144 0.44756596 0.31856921 0.36124187 0.38705968  0.2461381  0.6449592  0.54815397 0.543993  
0.85216635 0.53313702 0.62898209 0.288248   0.1285298  0.32932625  0.53843664 0.52196175 0.43432165 0.27015977 0.3111343  0.46161145  0.27940831 0.70078936 0.63218107 0.53303379
0.84107797 0.49549275 0.54818314 0.30836525 0.07771452 0.32919152  0.54180919 0.5356258  0.40751116 0.30502761 0.38440306 0.57019536  0.38352554 0.6441225  0.66878407 0.53016559
0.82055061 0.47057534 0.44446092 0.27618297 0.09694377 0.3533591  0.52979095 0.61252646 0.41337143 0.51582598 0.38879667 0.56932064  0.39703726 0.69897289 0.56247842 0.41389426
0.79301846 0.44231474 0.31079866 0.24085813 0.14548386 0.42894387  0.44819929 0.64922381 0.30258681 0.53159905 0.44107732 0.64544114  0.45818612 0.6822134  0.59706761 0.30358448
0.74897676 0.46905901 0.17968533 0.13106854 0.23905521 0.49493638  0.41467036 0.69068474 0.41208859 0.46144809 0.32718691 0.56338582  0.28212265 0.6287214  0.51254154 0.50144192
0.73665203 0.48370491 0.15203176 0.1049643  0.26889163 0.51573286  0.42048907 0.68489613 0.4594107  0.4117836  0.28198505 0.53434897  0.29832441 0.58897133 0.506916   0.53780175
0.7034594  0.52733697 0.11462023 0.11355507 0.3141388  0.51904418  0.52524718 0.62380473 0.56845859 0.36570015 0.34626392 0.51449692  0.52652183 0.5242436  0.61689806 0.54476166
0.64107473 0.6227693  0.08976846 0.18888162 0.34856009 0.54452995  0.64426091 0.44743431 0.55988945 0.35824512 0.40577464 0.49320379  0.6727794  0.6165591  0.6636892  0.52794057
0.60767606 0.65920188 0.07480033 0.23907581 0.37440424 0.52379441  0.69283633 0.36461821 0.55701828 0.37460493 0.48103675 0.48392667  0.64499663 0.65559472 0.64612161 0.51599154
0.57617405 0.71259532 0.08342786 0.30406862 0.35776325 0.57297053  0.69376748 0.34015746 0.48680885 0.42027373 0.45762965 0.48360427  0.58714577 0.57490161 0.59688203 0.50315318
0.52205044 0.71866755 0.07458089 0.37297471 0.41044102 0.43525773  0.7059902  0.30761278 0.44889041 0.39635489 0.51353228 0.47048403  0.45600764 0.57795893 0.60195348 0.39747551
0.47157748 0.77206873 0.08826509 0.48406337 0.39427553 0.46334612  0.62397197 0.302594   0.42444762 0.44245107 0.51325387 0.47232739  0.30920301 0.42976728 0.49371215 0.38088269
0.47157748 0.77206873 0.08826509 0.48406337 0.39427553 0.46334612  0.62397197 0.302594   0.42444762 0.44245107 0.51325387 0.47232739  0.30920301 0.42976728 0.49371215 0.38088269
0.43378639 0.75657691 0.09035323 0.52328509 0.43236845 0.3513602  0.60448053 0.31752098 0.37999609 0.45016057 0.4437875  0.49027785  0.25181966 0.46149349 0.58755687 0.35357036
0.4005181  0.78538641 0.10254264 0.57581323 0.42714935 0.35241199  0.55497478 0.38834311 0.37465141 0.46162841 0.46620647 0.48153606  0.23122988 0.38353789 0.55553547 0.37178495
0.38145033 0.77249549 0.10793027 0.58934429 0.43867698 0.31268776  0.53421755 0.40634529 0.36053956 0.47021173 0.40970988 0.49580734  0.23755923 0.39530395 0.60151084 0.39228905
0.36293116 0.75797532 0.1108132  0.58854315 0.45606611 0.25316339  0.54866645 0.44616157 0.33150734 0.4248718  0.4315472  0.47136296  0.28209928 0.40150984 0.54688633 0.35300482
0.34548945 0.76481322 0.12392648 0.62353265 0.44004538 0.27996152  0.47060084 0.46789328 0.38326034 0.41189179 0.4438592  0.45978559  0.2893016  0.3892921  0.51520993 0.3425454 
0.34548945 0.76481322 0.12392648 0.62353265 0.44004538 0.27996152  0.47060084 0.46789328 0.38326034 0.41189179 0.4438592  0.45978559  0.2893016  0.3892921  0.51520993 0.3425454 
0.34548945 0.76481322 0.12392648 0.62353265 0.44004538 0.27996152  0.47060084 0.46789328 0.38326034 0.41189179 0.4438592  0.45978559  0.2893016  0.3892921  0.51520993 0.3425454 
0.34548945 0.76481322 0.12392648 0.62353265 0.44004538 0.27996152  0.47060084 0.46789328 0.38326034 0.41189179 0.4438592  0.45978559  0.2893016  0.3892921  0.51520993 0.3425454 
0.32828533 0.76763445 0.13787814 0.64709288 0.42596792 0.31026171  0.39711911 0.50811761 0.46795564 0.37949602 0.51765635 0.42820043  0.32184623 0.41251202 0.50381303 0.29975061
0.3096006  0.75888425 0.14743648 0.66666134 0.42476793 0.30648061  0.33841456 0.52775907 0.51323169 0.38782252 0.48224562 0.44034132  0.39502861 0.4379348  0.54581215 0.34446138
0.2905891  0.74350638 0.15382504 0.67461803 0.43475786 0.26801415  0.32752409 0.54218014 0.48558686 0.39258504 0.41411807 0.45543131  0.42393328 0.44464253 0.57446973 0.36941585
0.25357882 0.70998913 0.17713897 0.67310372 0.42729483 0.28528874  0.2685735  0.58100941 0.56689299 0.38552766 0.42354325 0.45097698  0.54722988 0.50423186 0.63797693 0.41087669
0.25357882 0.70998913 0.17713897 0.67310372 0.42729483 0.28528874  0.2685735  0.58100941 0.56689299 0.38552766 0.42354325 0.45097698  0.54722988 0.50423186 0.63797693 0.41087669
0.25357882 0.70998913 0.17713897 0.67310372 0.42729483 0.28528874  0.2685735  0.58100941 0.56689299 0.38552766 0.42354325 0.45097698  0.54722988 0.50423186 0.63797693 0.41087669
0.32814182 0.77170362 0.15751807 0.67042581 0.3808457  0.44991599  0.25376018 0.48097045 0.64218099 0.46450094 0.4516513  0.47933088  0.44118245 0.47070012 0.66369342 0.45249362
0.38400688 0.80027911 0.13478638 0.62448861 0.36843661 0.49682347  0.37217067 0.42391857 0.55194968 0.46277827 0.50391654 0.46454851  0.29741123 0.38791748 0.53465163 0.40166528
0.42197165 0.81966524 0.12883817 0.58940231 0.33714667 0.59212695  0.40594522 0.39674552 0.58230231 0.4492814  0.58590683 0.4428437  0.32859787 0.35979088 0.44326054 0.39509047
0.45897988 0.82090494 0.12868243 0.53369618 0.30899141 0.66975993  0.45636899 0.40061998 0.56590799 0.43330554 0.60340142 0.42570883  0.39612583 0.34770569 0.37657972 0.40835261
0.55081517 0.95060115 0.53483852 0.41104744 0.58854387 0.76343497  0.35362911 0.35236322 0.56322841 0.31081034 0.32118515 0.23064118  0.39071074 0.4541726  0.17844637 0.40075263
0.63021832 0.92103869 0.72287027 0.48270938 0.47681924 0.70806815  0.41406316 0.33830089 0.4923911  0.26208226 0.36275884 0.26436661  0.61112482 0.42813608 0.25309459 0.27659552
0.69879548 0.87111987 0.75239465 0.39827893 0.44445419 0.59957225  0.62627491 0.41171104 0.49027322 0.41618808 0.38755249 0.21159752  0.70982538 0.54767677 0.3473901  0.28088763
0.72886861 0.777537   0.65356469 0.37369269 0.3222779  0.49310579  0.70830782 0.52887002 0.40852632 0.75320808 0.32233973 0.24199672  0.59264058 0.6448266  0.24861481 0.28295322
0.72407982 0.75661627 0.60893579 0.40844552 0.21460566 0.47565246  0.72723604 0.52855744 0.41850011 0.72855116 0.31885532 0.23819455  0.58068596 0.64147264 0.25193322 0.32850534
0.67069719 0.70231386 0.41344797 0.45936206 0.15548545 0.55255572  0.60835015 0.57784927 0.31917603 0.7470938  0.41985894 0.4629697  0.56598988 0.52314976 0.25436259 0.32109116
0.62454286 0.7114335  0.25778432 0.38785445 0.20539697 0.63265328  0.57157199 0.58908435 0.34545798 0.54937194 0.36151462 0.48522284  0.48038264 0.38002316 0.34676553 0.46059292
0.62684171 0.69594423 0.18433106 0.30967211 0.23434979 0.66739552  0.56238089 0.6088751  0.25666945 0.51728892 0.39154278 0.49174777  0.49296983 0.50674571 0.33392023 0.44917794
0.61529563 0.70999706 0.15576865 0.2814074  0.25477488 0.69217212  0.54917864 0.60464468 0.291569   0.46367409 0.3532014  0.47104458  0.4729938  0.49784382 0.27394059 0.51770559
0.61529563 0.70999706 0.15576865 0.2814074  0.25477488 0.69217212  0.54917864 0.60464468 0.291569   0.46367409 0.3532014  0.47104458  0.4729938  0.49784382 0.27394059 0.51770559
0.63208631 0.68878318 0.15205592 0.23846643 0.26135572 0.67569487  0.56888497 0.64561935 0.31519268 0.44191555 0.37153751 0.46647951  0.53102306 0.52892606 0.34276173 0.53174227
0.67566655 0.62739521 0.19226266 0.21502613 0.22924039 0.63484319  0.51980247 0.74779492 0.28544246 0.43564302 0.38541979 0.4932632  0.48399596 0.46546065 0.46060568 0.46713122
0.7295408  0.57606357 0.32730911 0.30158449 0.14367134 0.52674889  0.55979869 0.78692881 0.25178214 0.58288864 0.43401279 0.53705948  0.40390241 0.36297243 0.63611551 0.34777154
0.83277595 0.603523   0.66055347 0.17683933 0.44915469 0.44505517  0.50841489 0.56870802 0.38611005 0.57685226 0.2566943  0.42296373  0.4614398  0.75792131 0.56728631 0.24147635
0.84988973 0.63298638 0.7553794  0.18984225 0.45825021 0.4374773  0.4991242  0.50846502 0.3609227  0.3695731  0.2497555  0.4238295  0.39600702 0.71990811 0.6589478  0.35497255
0.85006444 0.6388101  0.7667537  0.17746205 0.51551905 0.46656549  0.4650961  0.51352219 0.30438265 0.31995636 0.32444802 0.54923501  0.38062328 0.66800461 0.70841293 0.41517079
0.86450358 0.60974519 0.77370303 0.15366276 0.57033812 0.44400719  0.41801378 0.53015412 0.3256356  0.30413707 0.40954685 0.59642296  0.35233417 0.65617549 0.64643533 0.43025405
0.87497638 0.57524068 0.78142542 0.21128179 0.52158266 0.39533164  0.45772937 0.53253605 0.36250292 0.35887398 0.5234778  0.65705328  0.34255684 0.6576079  0.60700865 0.58828268
0.87222912 0.56275195 0.75381128 0.23776005 0.43410545 0.38390405  0.4668897  0.52418973 0.3542931  0.300328   0.50566661 0.64244312  0.30293205 0.65827357 0.63067025 0.60390386
0.91389346 0.44143705 0.72857613 0.27935884 0.4375668  0.28772145  0.42269342 0.38677764 0.5447872  0.27734637 0.54793801 0.57633142  0.29616995 0.47389261 0.39961799 0.57210041
0.92321399 0.39171514 0.68188788 0.31437102 0.34682201 0.25517687  0.42481461 0.29518563 0.58772352 0.26362198 0.462135   0.5251502  0.30763949 0.45062147 0.4111244  0.54037733
0.91822147 0.3677122  0.63362836 0.34648302 0.24408715 0.23090025  0.45045283 0.29664152 0.60237937 0.2459711  0.46010947 0.52685795  0.30318267 0.43953331 0.42553829 0.58831493
0.91604223 0.35866008 0.6156773  0.35293389 0.22538479 0.2241687  0.46318433 0.30468362 0.61137537 0.27679325 0.46477371 0.52989841  0.350668   0.393444   0.46232497 0.55004633
0.91604223 0.35866008 0.6156773  0.35293389 0.22538479 0.2241687  0.46318433 0.30468362 0.61137537 0.27679325 0.46477371 0.52989841  0.350668   0.393444   0.46232497 0.55004633
0.93629057 0.25664082 0.57479572 0.50297988 0.2506151  0.29449977  0.45771866 0.29422632 0.4878073  0.28624535 0.52051035 0.37657827  0.38835406 0.37450727 0.52830081 0.69969665
0.93504391 0.19040729 0.50719426 0.58692597 0.28091962 0.33390972  0.4954452  0.33887747 0.4967304  0.40531922 0.57464907 0.39926207  0.47718735 0.31534265 0.52803711 0.73191703
0.92484727 0.17168227 0.44817665 0.58091014 0.28251808 0.35372275  0.47864535 0.35123006 0.46255362 0.45291552 0.60212684 0.43407118  0.56177972 0.32241719 0.51567479 0.66742224
0.92172173 0.14988793 0.40840132 0.59594013 0.28613572 0.39599386  0.4500073  0.36916633 0.37529495 0.43969862 0.60614923 0.43166894  0.56878785 0.39990379 0.5605876  0.61423543
0.91764553 0.16041377 0.39829466 0.56862364 0.28317549 0.41545811  0.403753   0.36600354 0.29430923 0.39889754 0.59473839 0.41286314  0.54604694 0.47379529 0.58944832 0.5430048 
0.90221665 0.15148106 0.33034192 0.54065118 0.30579614 0.4529375  0.36224319 0.38998477 0.23912362 0.39772082 0.60191875 0.4212851  0.52171948 0.48576072 0.59261257 0.50388436
0.87525423 0.20999659 0.29153307 0.42962232 0.32373784 0.46741985  0.34628132 0.39847299 0.30287403 0.30796839 0.44833256 0.40708974  0.46839051 0.3875895  0.65979839 0.3891604 
0.8227288  0.24782686 0.13424077 0.27355769 0.39006852 0.52234594  0.26692876 0.43547079 0.38793771 0.36876576 0.37758164 0.36358222  0.39844949 0.42796369 0.39629061 0.46602852
0.79952993 0.33731069 0.14927836 0.13920675 0.31783952 0.44309025  0.28331239 0.44747166 0.51994319 0.36423759 0.32662827 0.52236632  0.37358729 0.44746994 0.32428573 0.33679236
0.74183551 0.42432626 0.08602888 0.11338874 0.37048932 0.47456484  0.4320054  0.4160156  0.65398724 0.34072638 0.30400707 0.50973532  0.55851984 0.42343925 0.52425258 0.44972705
0.68366309 0.54567752 0.08277055 0.17491726 0.36002047 0.56729231  0.54976705 0.31560378 0.58664961 0.36170185 0.26258424 0.51163546  0.75220509 0.53956235 0.59103227 0.47358705
0.52906469 0.78820068 0.09336626 0.38841304 0.34732777 0.60797626  0.70061735 0.39068725 0.41489499 0.43795197 0.56221965 0.44478585  0.48337353 0.40582652 0.48947905 0.4686588 
0.47519548 0.81056876 0.09654784 0.49702408 0.36448215 0.55085511  0.61469541 0.33360884 0.42118648 0.47317538 0.54490054 0.46542886  0.29218941 0.35246694 0.45807609 0.42316772
0.38307638 0.79222431 0.11565592 0.61080273 0.41112862 0.37921011  0.47690916 0.41007481 0.42640442 0.44864839 0.47851847 0.46995869  0.2384322  0.37132015 0.52385907 0.36132553
0.32828533 0.76763445 0.13787814 0.64709288 0.42596792 0.31026171  0.39711911 0.50811761 0.46795564 0.37949602 0.51765635 0.42820043  0.32184623 0.41251202 0.50381303 0.29975061
0.27202218 0.70939613 0.16327811 0.63489453 0.44248745 0.24189153  0.40123488 0.54541473 0.41078551 0.35336625 0.42624251 0.43032533  0.44822189 0.4331223  0.46976141 0.33119397
0.27202218 0.70939613 0.16327811 0.63489453 0.44248745 0.24189153  0.40123488 0.54541473 0.41078551 0.35336625 0.42624251 0.43032533  0.44822189 0.4331223  0.46976141 0.33119397
0.25333745 0.70064593 0.17283645 0.654463   0.44128746 0.23811043  0.34253033 0.56505619 0.45606156 0.36169274 0.39083178 0.44246622  0.52140427 0.45854508 0.51176053 0.37590475
0.25333745 0.70064593 0.17283645 0.654463   0.44128746 0.23811043  0.34253033 0.56505619 0.45606156 0.36169274 0.39083178 0.44246622  0.52140427 0.45854508 0.51176053 0.37590475
0.32828533 0.76763445 0.13787814 0.64709288 0.42596792 0.31026171  0.39711911 0.50811761 0.46795564 0.37949602 0.51765635 0.42820043  0.32184623 0.41251202 0.50381303 0.29975061
0.32828533 0.76763445 0.13787814 0.64709288 0.42596792 0.31026171  0.39711911 0.50811761 0.46795564 0.37949602 0.51765635 0.42820043  0.32184623 0.41251202 0.50381303 0.29975061
0.42165265 0.81373267 0.12417337 0.57712905 0.35414627 0.55237416  0.45013075 0.40473574 0.541394   0.43271315 0.60551598 0.42969986  0.29442039 0.37982966 0.46041851 0.35598421
0.44054965 0.82022789 0.12361278 0.55557381 0.33438396 0.60795342  0.46314807 0.39556488 0.55763478 0.4277996  0.63100969 0.42226633  0.33193637 0.36346912 0.41500279 0.3699135 
0.52906469 0.78820068 0.09336626 0.38841304 0.34732777 0.60797626  0.70061735 0.39068725 0.41489499 0.43795197 0.56221965 0.44478585  0.48337353 0.40582652 0.48947905 0.4686588 
0.57793076 0.72173749 0.0851481  0.2854829  0.35641678 0.57989631  0.7241566  0.42813667 0.47142505 0.403882   0.52061474 0.45679705  0.62536507 0.5269152  0.62728787 0.50764902
0.63297619 0.59153558 0.05348946 0.24158776 0.41223229 0.50479612  0.63476359 0.20349309 0.60422963 0.37165934 0.41605394 0.49302748  0.68238069 0.59190425 0.62759022 0.45622864
0.6146679  0.5824077  0.05217072 0.24732668 0.43404386 0.4341654  0.65173725 0.24211974 0.57747857 0.33092106 0.4519291  0.47060685  0.68214301 0.59492722 0.60294713 0.40698123
0.57885258 0.59760781 0.04464249 0.31049385 0.46491006 0.36708333  0.64698631 0.17094841 0.56631119 0.34774051 0.47195658 0.47990724  0.55124255 0.59496157 0.63266167 0.35055096
0.44125364 0.64845629 0.07896445 0.46267232 0.49088297 0.23584907  0.62730308 0.22729049 0.36973984 0.41114194 0.31068389 0.51104289  0.41274479 0.55355515 0.6552748  0.33470686
0.35282678 0.63543286 0.11279638 0.5182353  0.4958445  0.17929484  0.60474333 0.31410216 0.25659858 0.38044991 0.27296435 0.48400344  0.44452886 0.42121827 0.45741894 0.32372361
0.21060253 0.54027561 0.19833141 0.49536917 0.46151718 0.18718736  0.5620361  0.40791544 0.23074733 0.41959345 0.10479805 0.53492677  0.5923537  0.42096353 0.4190035  0.54134552
0.12487532 0.5029757  0.25742115 0.4873028  0.41527934 0.29322574  0.52533268 0.47248805 0.25640371 0.4121069  0.18655893 0.51697981  0.5225017  0.35003872 0.31583986 0.6067804 
0.05336422 0.41235498 0.31088897 0.420664   0.37907579 0.40294528  0.52681459 0.45388515 0.35570263 0.41522827 0.29807288 0.50061209  0.50151086 0.40189378 0.40866141 0.56741663
0.0360116  0.38534985 0.32468992 0.39361266 0.36733854 0.43442912  0.55348359 0.4332562  0.3490956  0.41752418 0.31911826 0.49732911  0.46362187 0.37959777 0.37989755 0.5488162 
0.01880749 0.38817107 0.33864157 0.41717289 0.35326109 0.46472932  0.48000187 0.47348054 0.43379089 0.38512841 0.39291541 0.46574394  0.49616651 0.40281769 0.36850065 0.5060214 
0.01880749 0.38817107 0.33864157 0.41717289 0.35326109 0.46472932  0.48000187 0.47348054 0.43379089 0.38512841 0.39291541 0.46574394  0.49616651 0.40281769 0.36850065 0.5060214 
0.01880749 0.38817107 0.33864157 0.41717289 0.35326109 0.46472932  0.48000187 0.47348054 0.43379089 0.38512841 0.39291541 0.46574394  0.49616651 0.40281769 0.36850065 0.5060214 
0.00140664 0.36431381 0.35232474 0.39642652 0.34463577 0.50247588  0.48308211 0.45859707 0.47435751 0.39611259 0.44362313 0.46430998  0.44184368 0.4496556  0.47683731 0.47370053
0.00140664 0.36431381 0.35232474 0.39642652 0.34463577 0.50247588  0.48308211 0.45859707 0.47435751 0.39611259 0.44362313 0.46430998  0.44184368 0.4496556  0.47683731 0.47370053
0.00140664 0.36431381 0.35232474 0.39642652 0.34463577 0.50247588  0.48308211 0.45859707 0.47435751 0.39611259 0.44362313 0.46430998  0.44184368 0.4496556  0.47683731 0.47370053
0.00039479 0.36283831 0.35232302 0.39930133 0.34523319 0.50234819  0.48417291 0.45702496 0.47508945 0.39693445 0.45000532 0.44589633  0.47476172 0.42761975 0.50206904 0.41641874
0.00039479 0.36283831 0.35232302 0.39930133 0.34523319 0.50234819  0.48417291 0.45702496 0.47508945 0.39693445 0.45000532 0.44589633  0.47476172 0.42761975 0.50206904 0.41641874
0.00039479 0.36283831 0.35232302 0.39930133 0.34523319 0.50234819  0.48417291 0.45702496 0.47508945 0.39693445 0.45000532 0.44589633  0.47476172 0.42761975 0.50206904 0.41641874
0.00039479 0.36283831 0.35232302 0.39930133 0.34523319 0.50234819  0.48417291 0.45702496 0.47508945 0.39693445 0.45000532 0.44589633  0.47476172 0.42761975 0.50206904 0.41641874
0.00039479 0.36283831 0.35232302 0.39930133 0.34523319 0.50234819  0.48417291 0.45702496 0.47508945 0.39693445 0.45000532 0.44589633  0.47476172 0.42761975 0.50206904 0.41641874
0.00039479 0.36283831 0.35232302 0.39930133 0.34523319 0.50234819  0.48417291 0.45702496 0.47508945 0.39693445 0.45000532 0.44589633  0.47476172 0.42761975 0.50206904 0.41641874
0.00039479 0.36283831 0.35232302 0.39930133 0.34523319 0.50234819  0.48417291 0.45702496 0.47508945 0.39693445 0.45000532 0.44589633  0.47476172 0.42761975 0.50206904 0.41641874
0.00039479 0.36283831 0.35232302 0.39930133 0.34523319 0.50234819  0.48417291 0.45702496 0.47508945 0.39693445 0.45000532 0.44589633  0.47476172 0.42761975 0.50206904 0.41641874
0.00039479 0.36283831 0.35232302 0.39930133 0.34523319 0.50234819  0.48417291 0.45702496 0.47508945 0.39693445 0.45000532 0.44589633  0.47476172 0.42761975 0.50206904 0.41641874
0.00039479 0.36283831 0.35232302 0.39930133 0.34523319 0.50234819  0.48417291 0.45702496 0.47508945 0.39693445 0.45000532 0.44589633  0.47476172 0.42761975 0.50206904 0.41641874
0.07163499 0.46807975 0.29760308 0.49487572 0.38476209 0.38871493  0.41371534 0.51553791 0.46004125 0.3831082  0.37450609 0.45324487  0.57603871 0.43811471 0.4859293  0.46390613
0.23713788 0.65765302 0.20048763 0.57854677 0.39620675 0.39510559  0.40024244 0.4968735  0.51905816 0.39301775 0.53346378 0.43075818  0.36596258 0.42161878 0.52845866 0.36409232
0.45706267 0.78288783 0.13083859 0.48519976 0.31874026 0.64573136  0.51294339 0.40082319 0.5030686  0.4650771  0.50157807 0.46460405  0.44190547 0.34393254 0.42414026 0.51373161
0.67448233 0.59110232 0.12306362 0.15009736 0.29928334 0.57857717  0.56720576 0.65712965 0.49421007 0.39441038 0.34154892 0.49735654  0.54775515 0.44023969 0.64434038 0.53791335
0.7719821  0.35868869 0.09379214 0.10141988 0.36531877 0.43074817  0.3345623  0.45230123 0.62042312 0.34100727 0.34472837 0.49998642  0.31619883 0.4340087  0.37626934 0.48399082
0.79504542 0.31546609 0.11081977 0.15383763 0.3664252  0.47733518  0.28293778 0.46254    0.52093321 0.35426697 0.31655791 0.4510442  0.32314556 0.404017   0.35917578 0.4428423 
0.83853986 0.18767004 0.13386683 0.35395086 0.39604813 0.5071015  0.28339418 0.46232004 0.36197909 0.48332512 0.51109863 0.35521986  0.32594237 0.48993541 0.35567251 0.65856041
0.86146612 0.16862557 0.19691945 0.4089897  0.34527107 0.46687456  0.29675465 0.45211962 0.29188692 0.55730754 0.59050824 0.41018783  0.39224076 0.55356431 0.3906702  0.55478419
0.8830573  0.12175855 0.22871388 0.52865307 0.35395056 0.50047412  0.3486198  0.46812858 0.25757444 0.56126936 0.62648712 0.43767901  0.45586939 0.59340261 0.37547349 0.55100739
0.89282744 0.08775527 0.23258467 0.60095846 0.38663663 0.52069565  0.41222367 0.48291135 0.32181342 0.58637353 0.60905219 0.42114443  0.48525049 0.52426783 0.41161151 0.60690628
0.89666828 0.06978536 0.23292604 0.65772042 0.40739056 0.55308276  0.47269541 0.5262146  0.37336045 0.55269373 0.56651282 0.49152054  0.4505346  0.56583309 0.35205629 0.55168987
0.92111669 0.07903126 0.33659335 0.71047782 0.36538138 0.49442185  0.54085416 0.48609088 0.43905774 0.54554901 0.56961043 0.49285614  0.52131519 0.52250821 0.39438064 0.57564828
0.92111669 0.07903126 0.33659335 0.71047782 0.36538138 0.49442185  0.54085416 0.48609088 0.43905774 0.54554901 0.56961043 0.49285614  0.52131519 0.52250821 0.39438064 0.57564828
0.92416687 0.06450843 0.33594923 0.75635741 0.38612523 0.52584775  0.59298497 0.52950378 0.49036129 0.51266092 0.51683052 0.55659593  0.47240927 0.57385797 0.32791121 0.5024    
0.93063343 0.03621132 0.33137414 0.82624465 0.42642295 0.58033467  0.65039949 0.57689708 0.52437835 0.48021322 0.44960278 0.57535564  0.43094992 0.64192824 0.30977932 0.43796643
0.93063343 0.03621132 0.33137414 0.82624465 0.42642295 0.58033467  0.65039949 0.57689708 0.52437835 0.48021322 0.44960278 0.57535564  0.43094992 0.64192824 0.30977932 0.43796643
0.91374766 0.03407809 0.26275032 0.77508719 0.44137992 0.60610786  0.58169442 0.58375591 0.44240927 0.49613178 0.47577084 0.55067939  0.42644553 0.63092565 0.34733706 0.41748721
0.90065194 0.04429075 0.2169291  0.72298575 0.45780823 0.64675362  0.50879117 0.59673562 0.35091189 0.46365214 0.45408202 0.52211602  0.3572515  0.73617661 0.33070919 0.36141859
0.88044539 0.0877709  0.18131506 0.58254986 0.44391585 0.6039893  0.38420197 0.53236249 0.26057786 0.48744391 0.49414242 0.36501633  0.35813671 0.65240266 0.45449119 0.4784705 
0.82843536 0.18284806 0.08894307 0.3823999  0.49146097 0.62899896  0.31519334 0.48671577 0.37286518 0.35017526 0.31901695 0.24287183  0.33798251 0.45040955 0.4953385  0.58139706
0.79795001 0.2538993  0.07018398 0.281163   0.47160508 0.57087253  0.36029076 0.4806265  0.49668929 0.30061033 0.31045101 0.33819388  0.3546265  0.40625545 0.57763322 0.49990211
0.74415459 0.35811386 0.04629631 0.29752554 0.48313851 0.58549461  0.44944888 0.27392574 0.57587399 0.26224599 0.38266512 0.32290698  0.72220521 0.40562615 0.51689645 0.44040572
0.60087978 0.6395923  0.05594569 0.30492914 0.4076458  0.53221942  0.64387106 0.15389081 0.55474973 0.41789498 0.40340217 0.50088291  0.6158481  0.52656429 0.63846324 0.4394358 
0.45559268 0.78070833 0.08969641 0.47723881 0.41492153 0.410623  0.68411723 0.38543368 0.35279698 0.42387927 0.55337702 0.44703778  0.31900288 0.40959687 0.54182653 0.35551113
0.45559268 0.78070833 0.08969641 0.47723881 0.41492153 0.410623  0.68411723 0.38543368 0.35279698 0.42387927 0.55337702 0.44703778  0.31900288 0.40959687 0.54182653 0.35551113
0.26970184 0.65284095 0.15834769 0.54751073 0.47048107 0.1738879  0.59303276 0.47230327 0.18105801 0.40155921 0.23582404 0.49211276  0.4649824  0.33793013 0.36790557 0.46027757
0.10613348 0.48953733 0.26903981 0.49524318 0.40853494 0.30615278  0.48575365 0.49810806 0.30899182 0.39783119 0.21351558 0.48839679  0.64940211 0.33535279 0.30982575 0.56298057
0.07142028 0.46534236 0.29713886 0.49167612 0.38288026 0.37162591  0.43491599 0.51841441 0.39885807 0.36886886 0.32007203 0.45294466  0.63702404 0.35282253 0.30203439 0.49424017
0.07142028 0.46534236 0.29713886 0.49167612 0.38288026 0.37162591  0.43491599 0.51841441 0.39885807 0.36886886 0.32007203 0.45294466  0.63702404 0.35282253 0.30203439 0.49424017
0.03544839 0.41404176 0.32462587 0.44710978 0.36503751 0.43337561  0.45603541 0.49115319 0.43842582 0.38389341 0.37735876 0.45056284  0.56420009 0.3942791  0.4095445  0.46588946
0.00039479 0.36283831 0.35232302 0.39930133 0.34523319 0.50234819  0.48417291 0.45702496 0.47508945 0.39693445 0.45000532 0.44589633  0.47476172 0.42761975 0.50206904 0.41641874
0.00039479 0.36283831 0.35232302 0.39930133 0.34523319 0.50234819  0.48417291 0.45702496 0.47508945 0.39693445 0.45000532 0.44589633  0.47476172 0.42761975 0.50206904 0.41641874
0.00039479 0.36283831 0.35232302 0.39930133 0.34523319 0.50234819  0.48417291 0.45702496 0.47508945 0.39693445 0.45000532 0.44589633  0.47476172 0.42761975 0.50206904 0.41641874
0.00039479 0.36283831 0.35232302 0.39930133 0.34523319 0.50234819  0.48417291 0.45702496 0.47508945 0.39693445 0.45000532 0.44589633  0.47476172 0.42761975 0.50206904 0.41641874
0.00039479 0.36283831 0.35232302 0.39930133 0.34523319 0.50234819  0.48417291 0.45702496 0.47508945 0.39693445 0.45000532 0.44589633  0.47476172 0.42761975 0.50206904 0.41641874
0.00039479 0.36283831 0.35232302 0.39930133 0.34523319 0.50234819  0.48417291 0.45702496 0.47508945 0.39693445 0.45000532 0.44589633  0.47476172 0.42761975 0.50206904 0.41641874
0.00039479 0.36283831 0.35232302 0.39930133 0.34523319 0.50234819  0.48417291 0.45702496 0.47508945 0.39693445 0.45000532 0.44589633  0.47476172 0.42761975 0.50206904 0.41641874
0.00039479 0.36283831 0.35232302 0.39930133 0.34523319 0.50234819  0.48417291 0.45702496 0.47508945 0.39693445 0.45000532 0.44589633  0.47476172 0.42761975 0.50206904 0.41641874
0.00039479 0.36283831 0.35232302 0.39930133 0.34523319 0.50234819  0.48417291 0.45702496 0.47508945 0.39693445 0.45000532 0.44589633  0.47476172 0.42761975 0.50206904 0.41641874
0.00039479 0.36283831 0.35232302 0.39930133 0.34523319 0.50234819  0.48417291 0.45702496 0.47508945 0.39693445 0.45000532 0.44589633  0.47476172 0.42761975 0.50206904 0.41641874
0.00039479 0.36283831 0.35232302 0.39930133 0.34523319 0.50234819  0.48417291 0.45702496 0.47508945 0.39693445 0.45000532 0.44589633  0.47476172 0.42761975 0.50206904 0.41641874
0.00039479 0.36283831 0.35232302 0.39930133 0.34523319 0.50234819  0.48417291 0.45702496 0.47508945 0.39693445 0.45000532 0.44589633  0.47476172 0.42761975 0.50206904 0.41641874
0.00039479 0.36283831 0.35232302 0.39930133 0.34523319 0.50234819  0.48417291 0.45702496 0.47508945 0.39693445 0.45000532 0.44589633  0.47476172 0.42761975 0.50206904 0.41641874
0.00039479 0.36283831 0.35232302 0.39930133 0.34523319 0.50234819  0.48417291 0.45702496 0.47508945 0.39693445 0.45000532 0.44589633  0.47476172 0.42761975 0.50206904 0.41641874
0.00039479 0.36283831 0.35232302 0.39930133 0.34523319 0.50234819  0.48417291 0.45702496 0.47508945 0.39693445 0.45000532 0.44589633  0.47476172 0.42761975 0.50206904 0.41641874
0.00039479 0.36283831 0.35232302 0.39930133 0.34523319 0.50234819  0.48417291 0.45702496 0.47508945 0.39693445 0.45000532 0.44589633  0.47476172 0.42761975 0.50206904 0.41641874
0.00039479 0.36283831 0.35232302 0.39930133 0.34523319 0.50234819  0.48417291 0.45702496 0.47508945 0.39693445 0.45000532 0.44589633  0.47476172 0.42761975 0.50206904 0.41641874
