0.00039479 0.36283831 0.35232302 0.39930133 0.34523319 0.50234819  0.48417291 0.45702496 0.47508945 0.39693445 0.45000532 0.44589633  0.47476172 0.42761975 0.50206904 0.41641874
0.00039479 0.36283831 0.35232302 0.39930133 0.34523319 0.50234819  0.48417291 0.45702496 0.47508945 0.39693445 0.45000532 0.44589633  0.47476172 0.42761975 0.50206904 0.41641874
0.00039479 0.36283831 0.35232302 0.39930133 0.34523319 0.50234819  0.48417291 0.45702496 0.47508945 0.39693445 0.45000532 0.44589633  0.47476172 0.42761975 0.50206904 0.41641874
0.00039479 0.36283831 0.35232302 0.39930133 0.34523319 0.50234819  0.48417291 0.45702496 0.47508945 0.39693445 0.45000532 0.44589633  0.47476172 0.42761975 0.50206904 0.41641874
0.00039479 0.36283831 0.35232302 0.39930133 0.34523319 0.50234819  0.48417291 0.45702496 0.47508945 0.39693445 0.45000532 0.44589633  0.47476172 0.42761975 0.50206904 0.41641874
0.00039479 0.36283831 0.35232302 0.39930133 0.34523319 0.50234819  0.48417291 0.45702496 0.47508945 0.39693445 0.45000532 0.44589633  0.47476172 0.42761975 0.50206904 0.41641874
0.00039479 0.36283831 0.35232302 0.39930133 0.34523319 0.50234819  0.48417291 0.45702496 0.47508945 0.39693445 0.45000532 0.44589633  0.47476172 0.42761975 0.50206904 0.41641874
0.00039479 0.36283831 0.35232302 0.39930133 0.34523319 0.50234819  0.48417291 0.45702496 0.47508945 0.39693445 0.45000532 0.44589633  0.47476172 0.42761975 0.50206904 0.41641874
0.00039479 0.36283831 0.35232302 0.39930133 0.34523319 0.50234819  0.48417291 0.45702496 0.47508945 0.39693445 0.45000532 0.44589633  0.47476172 0.42761975 0.50206904 0.41641874
0.00039479 0.36283831 0.35232302 0.39930133 0.34523319 0.50234819  0.48417291 0.45702496 0.47508945 0.39693445 0.45000532 0.44589633  0.47476172 0.42761975 0.50206904 0.41641874
0.00039479 0.36283831 0.35232302 0.39930133 0.34523319 0.50234819  0.48417291 0.45702496 0.47508945 0.39693445 0.45000532 0.44589633  0.47476172 0.42761975 0.50206904 0.41641874
0.00039479 0.36283831 0.35232302 0.39930133 0.34523319 0.50234819  0.48417291 0.45702496 0.47508945 0.39693445 0.45000532 0.44589633  0.47476172 0.42761975 0.50206904 0.41641874
0.00039479 0.36283831 0.35232302 0.39930133 0.34523319 0.50234819  0.48417291 0.45702496 0.47508945 0.39693445 0.45000532 0.44589633  0.47476172 0.42761975 0.50206904 0.41641874
0.00039479 0.36283831 0.35232302 0.39930133 0.34523319 0.50234819  0.48417291 0.45702496 0.47508945 0.39693445 0.45000532 0.44589633  0.47476172 0.42761975 0.50206904 0.41641874
0.00039479 0.36283831 0.35232302 0.39930133 0.34523319 0.50234819  0.48417291 0.45702496 0.47508945 0.39693445 0.45000532 0.44589633  0.47476172 0.42761975 0.50206904 0.41641874
0.00039479 0.36283831 0.35232302 0.39930133 0.34523319 0.50234819  0.48417291 0.45702496 0.47508945 0.39693445 0.45000532 0.44589633  0.47476172 0.42761975 0.50206904 0.41641874
0.00039479 0.36283831 0.35232302 0.39930133 0.34523319 0.50234819  0.48417291 0.45702496 0.47508945 0.39693445 0.45000532 0.44589633  0.47476172 0.42761975 0.50206904 0.41641874
0.00039479 0.36283831 0.35232302 0.39930133 0.34523319 0.50234819  0.48417291 0.45702496 0.47508945 0.39693445 0.45000532 0.44589633  0.47476172 0.42761975 0.50206904 0.41641874
0.00039479 0.36283831 0.35232302 0.39930133 0.34523319 0.50234819  0.48417291 0.45702496 0.47508945 0.39693445 0.45000532 0.44589633  0.47476172 0.42761975 0.50206904 0.41641874
0.00039479 0.36283831 0.35232302 0.39930133 0.34523319 0.50234819  0.48417291 0.45702496 0.47508945 0.39693445 0.45000532 0.44589633  0.47476172 0.42761975 0.50206904 0.41641874
0.00039479 0.36283831 0.35232302 0.39930133 0.34523319 0.50234819  0.48417291 0.45702496 0.47508945 0.39693445 0.45000532 0.44589633  0.47476172 0.42761975 0.50206904 0.41641874
0.00039479 0.36283831 0.35232302 0.39930133 0.34523319 0.50234819  0.48417291 0.45702496 0.47508945 0.39693445 0.45000532 0.44589633  0.47476172 0.42761975 0.50206904 0.41641874
0.00039479 0.36283831 0.35232302 0.39930133 0.34523319 0.50234819  0.48417291 0.45702496 0.47508945 0.39693445 0.45000532 0.44589633  0.47476172 0.42761975 0.50206904 0.41641874
0.00039479 0.36283831 0.35232302 0.39930133 0.34523319 0.50234819  0.48417291 0.45702496 0.47508945 0.39693445 0.45000532 0.44589633  0.47476172 0.42761975 0.50206904 0.41641874
0.00039479 0.36283831 0.35232302 0.39930133 0.34523319 0.50234819  0.48417291 0.45702496 0.47508945 0.39693445 0.45000532 0.44589633  0.47476172 0.42761975 0.50206904 0.41641874
0.00039479 0.36283831 0.35232302 0.39930133 0.34523319 0.50234819  0.48417291 0.45702496 0.47508945 0.39693445 0.45000532 0.44589633  0.47476172 0.42761975 0.50206904 0.41641874
0.00039479 0.36283831 0.35232302 0.39930133 0.34523319 0.50234819  0.48417291 0.45702496 0.47508945 0.39693445 0.45000532 0.44589633  0.47476172 0.42761975 0.50206904 0.41641874
0.00039479 0.36283831 0.35232302 0.39930133 0.34523319 0.50234819  0.48417291 0.45702496 0.47508945 0.39693445 0.45000532 0.44589633  0.47476172 0.42761975 0.50206904 0.41641874
0.00039479 0.36283831 0.35232302 0.39930133 0.34523319 0.50234819  0.48417291 0.45702496 0.47508945 0.39693445 0.45000532 0.44589633  0.47476172 0.42761975 0.50206904 0.41641874
0.00039479 0.36283831 0.35232302 0.39930133 0.34523319 0.50234819  0.48417291 0.45702496 0.47508945 0.39693445 0.45000532 0.44589633  0.47476172 0.42761975 0.50206904 0.41641874
0.00039479 0.36283831 0.35232302 0.39930133 0.34523319 0.50234819  0.48417291 0.45702496 0.47508945 0.39693445 0.45000532 0.44589633  0.47476172 0.42761975 0.50206904 0.41641874
0.00039479 0.36283831 0.35232302 0.39930133 0.34523319 0.50234819  0.48417291 0.45702496 0.47508945 0.39693445 0.45000532 0.44589633  0.47476172 0.42761975 0.50206904 0.41641874
0.00039479 0.36283831 0.35232302 0.39930133 0.34523319 0.50234819  0.48417291 0.45702496 0.47508945 0.39693445 0.45000532 0.44589633  0.47476172 0.42761975 0.50206904 0.41641874
0.00039479 0.36283831 0.35232302 0.39930133 0.34523319 0.50234819  0.48417291 0.45702496 0.47508945 0.39693445 0.45000532 0.44589633  0.47476172 0.42761975 0.50206904 0.41641874
0.00039479 0.36283831 0.35232302 0.39930133 0.34523319 0.50234819  0.48417291 0.45702496 0.47508945 0.39693445 0.45000532 0.44589633  0.47476172 0.42761975 0.50206904 0.41641874
0.00039479 0.36283831 0.35232302 0.39930133 0.34523319 0.50234819  0.48417291 0.45702496 0.47508945 0.39693445 0.45000532 0.44589633  0.47476172 0.42761975 0.50206904 0.41641874
0.00039479 0.36283831 0.35232302 0.39930133 0.34523319 0.50234819  0.48417291 0.45702496 0.47508945 0.39693445 0.45000532 0.44589633  0.47476172 0.42761975 0.50206904 0.41641874
0.00039479 0.36283831 0.35232302 0.39930133 0.34523319 0.50234819  0.48417291 0.45702496 0.47508945 0.39693445 0.45000532 0.44589633  0.47476172 0.42761975 0.50206904 0.41641874
0.00039479 0.36283831 0.35232302 0.39930133 0.34523319 0.50234819  0.48417291 0.45702496 0.47508945 0.39693445 0.45000532 0.44589633  0.47476172 0.42761975 0.50206904 0.41641874
0.00039479 0.36283831 0.35232302 0.39930133 0.34523319 0.50234819  0.48417291 0.45702496 0.47508945 0.39693445 0.45000532 0.44589633  0.47476172 0.42761975 0.50206904 0.41641874
0.00039479 0.36283831 0.35232302 0.39930133 0.34523319 0.50234819  0.48417291 0.45702496 0.47508945 0.39693445 0.45000532 0.44589633  0.47476172 0.42761975 0.50206904 0.41641874
0.00039479 0.36283831 0.35232302 0.39930133 0.34523319 0.50234819  0.48417291 0.45702496 0.47508945 0.39693445 0.45000532 0.44589633  0.47476172 0.42761975 0.50206904 0.41641874
0.00039479 0.36283831 0.35232302 0.39930133 0.34523319 0.50234819  0.48417291 0.45702496 0.47508945 0.39693445 0.45000532 0.44589633  0.47476172 0.42761975 0.50206904 0.41641874
0.00039479 0.36283831 0.35232302 0.39930133 0.34523319 0.50234819  0.48417291 0.45702496 0.47508945 0.39693445 0.45000532 0.44589633  0.47476172 0.42761975 0.50206904 0.41641874
0.00039479 0.36283831 0.35232302 0.39930133 0.34523319 0.50234819  0.48417291 0.45702496 0.47508945 0.39693445 0.45000532 0.44589633  0.47476172 0.42761975 0.50206904 0.41641874
0.00039479 0.36283831 0.35232302 0.39930133 0.34523319 0.50234819  0.48417291 0.45702496 0.47508945 0.39693445 0.45000532 0.44589633  0.47476172 0.42761975 0.50206904 0.41641874
0.00039479 0.36283831 0.35232302 0.39930133 0.34523319 0.50234819  0.48417291 0.45702496 0.47508945 0.39693445 0.45000532 0.44589633  0.47476172 0.42761975 0.50206904 0.41641874
0.00039479 0.36283831 0.35232302 0.39930133 0.34523319 0.50234819  0.48417291 0.45702496 0.47508945 0.39693445 0.45000532 0.44589633  0.47476172 0.42761975 0.50206904 0.41641874
0.00039479 0.36283831 0.35232302 0.39930133 0.34523319 0.50234819  0.48417291 0.45702496 0.47508945 0.39693445 0.45000532 0.44589633  0.47476172 0.42761975 0.50206904 0.41641874
0.00039479 0.36283831 0.35232302 0.39930133 0.34523319 0.50234819  0.48417291 0.45702496 0.47508945 0.39693445 0.45000532 0.44589633  0.47476172 0.42761975 0.50206904 0.41641874
0.00039479 0.36283831 0.35232302 0.39930133 0.34523319 0.50234819  0.48417291 0.45702496 0.47508945 0.39693445 0.45000532 0.44589633  0.47476172 0.42761975 0.50206904 0.41641874
0.00039479 0.36283831 0.35232302 0.39930133 0.34523319 0.50234819  0.48417291 0.45702496 0.47508945 0.39693445 0.45000532 0.44589633  0.47476172 0.42761975 0.50206904 0.41641874
0.00039479 0.36283831 0.35232302 0.39930133 0.34523319 0.50234819  0.48417291 0.45702496 0.47508945 0.39693445 0.45000532 0.44589633  0.47476172 0.42761975 0.50206904 0.41641874
0.00039479 0.36283831 0.35232302 0.39930133 0.34523319 0.50234819  0.48417291 0.45702496 0.47508945 0.39693445 0.45000532 0.44589633  0.47476172 0.42761975 0.50206904 0.41641874
0.00039479 0.36283831 0.35232302 0.39930133 0.34523319 0.50234819  0.48417291 0.45702496 0.47508945 0.39693445 0.45000532 0.44589633  0.47476172 0.42761975 0.50206904 0.41641874
0.00039479 0.36283831 0.35232302 0.39930133 0.34523319 0.50234819  0.48417291 0.45702496 0.47508945 0.39693445 0.45000532 0.44589633  0.47476172 0.42761975 0.50206904 0.41641874
0.00039479 0.36283831 0.35232302 0.39930133 0.34523319 0.50234819  0.48417291 0.45702496 0.47508945 0.39693445 0.45000532 0.44589633  0.47476172 0.42761975 0.50206904 0.41641874
0.00039479 0.36283831 0.35232302 0.39930133 0.34523319 0.50234819  0.48417291 0.45702496 0.47508945 0.39693445 0.45000532 0.44589633  0.47476172 0.42761975 0.50206904 0.41641874
0.00039479 0.36283831 0.35232302 0.39930133 0.34523319 0.50234819  0.48417291 0.45702496 0.47508945 0.39693445 0.45000532 0.44589633  0.47476172 0.42761975 0.50206904 0.41641874
0.00039479 0.36283831 0.35232302 0.39930133 0.34523319 0.50234819  0.48417291 0.45702496 0.47508945 0.39693445 0.45000532 0.44589633  0.47476172 0.42761975 0.50206904 0.41641874
0.00039479 0.36283831 0.35232302 0.39930133 0.34523319 0.50234819  0.48417291 0.45702496 0.47508945 0.39693445 0.45000532 0.44589633  0.47476172 0.42761975 0.50206904 0.41641874
0.00039479 0.36283831 0.35232302 0.39930133 0.34523319 0.50234819  0.48417291 0.45702496 0.47508945 0.39693445 0.45000532 0.44589633  0.47476172 0.42761975 0.50206904 0.41641874
0.00039479 0.36283831 0.35232302 0.39930133 0.34523319 0.50234819  0.48417291 0.45702496 0.47508945 0.39693445 0.45000532 0.44589633  0.47476172 0.42761975 0.50206904 0.41641874
0.00039479 0.36283831 0.35232302 0.39930133 0.34523319 0.50234819  0.48417291 0.45702496 0.47508945 0.39693445 0.45000532 0.44589633  0.47476172 0.42761975 0.50206904 0.41641874
0.00039479 0.36283831 0.35232302 0.39930133 0.34523319 0.50234819  0.48417291 0.45702496 0.47508945 0.39693445 0.45000532 0.44589633  0.47476172 0.42761975 0.50206904 0.41641874
0.00039479 0.36283831 0.35232302 0.39930133 0.34523319 0.50234819  0.48417291 0.45702496 0.47508945 0.39693445 0.45000532 0.44589633  0.47476172 0.42761975 0.50206904 0.41641874
0.01804755 0.39018449 0.33830903 0.42636341 0.35641219 0.47112218  0.45911565 0.47626972 0.47899245 0.39487759 0.42806648 0.44912887  0.50987727 0.441117   0.51788115 0.43356859
0.05476163 0.43882258 0.31483192 0.46045832 0.36268442 0.46514354  0.42026542 0.49008049 0.54211388 0.39824117 0.48429769 0.44383081  0.47035023 0.49971518 0.64193358 0.39318695
0.07211425 0.46582772 0.30103097 0.48750967 0.37442167 0.4336597  0.39359642 0.51070944 0.54872091 0.39594525 0.46325231 0.44711379  0.50823922 0.52201119 0.67069743 0.41178738
0.21861044 0.65962543 0.20505377 0.62393729 0.40726177 0.36433913  0.29799631 0.53744986 0.61234768 0.40943268 0.5082563  0.44946365  0.42023817 0.53856614 0.76056009 0.3693429 
0.31142602 0.73741321 0.17788702 0.62092642 0.35566046 0.5409755  0.28411444 0.44275046 0.69518485 0.47417135 0.54757889 0.46795647  0.38211692 0.49851525 0.72409909 0.42499775
0.40343091 0.8007634  0.15511196 0.5957954  0.3058326  0.66343265  0.28722977 0.45309638 0.70901758 0.45371406 0.550006   0.45055164  0.55642592 0.41144441 0.48545025 0.49774096
0.40343091 0.8007634  0.15511196 0.5957954  0.3058326  0.66343265  0.28722977 0.45309638 0.70901758 0.45371406 0.550006   0.45055164  0.55642592 0.41144441 0.48545025 0.49774096
0.54500218 0.73921637 0.1433685  0.34414746 0.28252175 0.71676464  0.52231921 0.55912232 0.55558407 0.38264305 0.52118687 0.41732726  0.75238493 0.47271276 0.4876247  0.46447959
0.57843703 0.69724411 0.14699065 0.26977452 0.27742416 0.70285124  0.52014362 0.68176747 0.58169413 0.34211499 0.53558217 0.40662524  0.80093904 0.46551003 0.55766755 0.49475085
0.6278766  0.65547525 0.1488941  0.21440908 0.26716392 0.65845449  0.52205863 0.7835094  0.50230742 0.37591089 0.47779691 0.43156474  0.56322691 0.33957137 0.59224589 0.48935449
0.67827335 0.60902196 0.17235397 0.18225807 0.2359942  0.62484298  0.49078224 0.80437646 0.30856423 0.45439012 0.33972089 0.48300195  0.30248486 0.38107919 0.49366074 0.52518938
0.71691959 0.60788917 0.3061995  0.25488622 0.15452563 0.57860794  0.47401265 0.74443444 0.2094046  0.42813024 0.44164837 0.5609372  0.33778047 0.53511369 0.43921394 0.52831329
0.73708648 0.62161934 0.3907338  0.27510459 0.14570215 0.56698045  0.47031282 0.71122702 0.1630921  0.37726307 0.43381369 0.53522594  0.31626882 0.62193599 0.39000374 0.51086777
0.7621791  0.61856639 0.48362191 0.32967028 0.09029896 0.50504251  0.5177184  0.68575413 0.16179821 0.35478348 0.4581344  0.5359224  0.29040258 0.60342714 0.50396417 0.53014735
0.78586539 0.65782127 0.61610392 0.34612525 0.12057537 0.48719832  0.53864909 0.63884463 0.1810415  0.28309323 0.42176963 0.47066732  0.30639301 0.57050548 0.57203015 0.48369117
0.79611326 0.69085385 0.69214883 0.3240464  0.20516087 0.50020823  0.52605639 0.62978352 0.17538279 0.20713715 0.40525154 0.45711803  0.23116427 0.52642019 0.62492227 0.51328366
0.79611326 0.69085385 0.69214883 0.3240464  0.20516087 0.50020823  0.52605639 0.62978352 0.17538279 0.20713715 0.40525154 0.45711803  0.23116427 0.52642019 0.62492227 0.51328366
0.80534499 0.70682942 0.74867126 0.31855805 0.25289248 0.48237741  0.55660287 0.63203378 0.23179454 0.2312639  0.37673611 0.4288842  0.20621862 0.46922886 0.65827253 0.51442034
0.80534499 0.70682942 0.74867126 0.31855805 0.25289248 0.48237741  0.55660287 0.63203378 0.23179454 0.2312639  0.37673611 0.4288842  0.20621862 0.46922886 0.65827253 0.51442034
0.80534499 0.70682942 0.74867126 0.31855805 0.25289248 0.48237741  0.55660287 0.63203378 0.23179454 0.2312639  0.37673611 0.4288842  0.20621862 0.46922886 0.65827253 0.51442034
0.80534499 0.70682942 0.74867126 0.31855805 0.25289248 0.48237741  0.55660287 0.63203378 0.23179454 0.2312639  0.37673611 0.4288842  0.20621862 0.46922886 0.65827253 0.51442034
0.80534499 0.70682942 0.74867126 0.31855805 0.25289248 0.48237741  0.55660287 0.63203378 0.23179454 0.2312639  0.37673611 0.4288842  0.20621862 0.46922886 0.65827253 0.51442034
0.80239447 0.69429399 0.72282728 0.33425311 0.20589379 0.47345279  0.56752083 0.63357735 0.24023195 0.23618781 0.38151939 0.43434817  0.21904248 0.46979838 0.65224349 0.53483452
0.80092705 0.6861599  0.70632412 0.34785442 0.15789457 0.45870162  0.58333201 0.62844629 0.26153826 0.2456548  0.35287722 0.39217938  0.22679278 0.48377289 0.64118335 0.51413228
0.80092705 0.6861599  0.70632412 0.34785442 0.15789457 0.45870162  0.58333201 0.62844629 0.26153826 0.2456548  0.35287722 0.39217938  0.22679278 0.48377289 0.64118335 0.51413228
0.79613172 0.67334959 0.67432756 0.35169883 0.14150918 0.46496023  0.57234368 0.6329547  0.23707323 0.25696237 0.38828674 0.4407863  0.25781689 0.49759465 0.62667534 0.52175254
0.79613172 0.67334959 0.67432756 0.35169883 0.14150918 0.46496023  0.57234368 0.6329547  0.23707323 0.25696237 0.38828674 0.4407863  0.25781689 0.49759465 0.62667534 0.52175254
0.79254042 0.59301248 0.55276754 0.35681441 0.06971468 0.43565868  0.52663063 0.65694981 0.21806056 0.2644179  0.51057077 0.53347597  0.31127916 0.54387673 0.52556328 0.53157843
0.80725174 0.56083293 0.54785273 0.33476256 0.07977482 0.40295982  0.50599314 0.64043588 0.2646463  0.24050765 0.51564175 0.53836344  0.31110075 0.59348761 0.50598171 0.53038011
0.79886098 0.54514397 0.49842925 0.33056447 0.08287181 0.42055865  0.49415493 0.65114681 0.23064807 0.26374458 0.538033   0.56910185  0.40672413 0.53818382 0.55773005 0.44412724
0.78244274 0.53728859 0.4262732  0.2912333  0.11038424 0.45381253  0.45396691 0.69363073 0.20962676 0.33076675 0.5349606  0.5664465  0.34480427 0.60266948 0.47027332 0.44000362
0.76356165 0.54697838 0.3648575  0.24731656 0.14398809 0.49142009  0.43113104 0.7164348  0.25391488 0.36083156 0.49291287 0.5380521  0.32253247 0.63039281 0.34135124 0.46870831
0.77859563 0.51662233 0.35942454 0.22296132 0.15191541 0.46801705  0.42044825 0.66943027 0.29292237 0.35546474 0.4482639  0.56029425  0.34234243 0.70946146 0.37976654 0.47824915
0.77859563 0.51662233 0.35942454 0.22296132 0.15191541 0.46801705  0.42044825 0.66943027 0.29292237 0.35546474 0.4482639  0.56029425  0.34234243 0.70946146 0.37976654 0.47824915
0.79747672 0.50693253 0.42084024 0.26687805 0.11831156 0.43040949  0.44328412 0.64662621 0.24863425 0.32539993 0.49031163 0.58868866  0.36461424 0.68173812 0.50868862 0.44954446
0.79747672 0.50693253 0.42084024 0.26687805 0.11831156 0.43040949  0.44328412 0.64662621 0.24863425 0.32539993 0.49031163 0.58868866  0.36461424 0.68173812 0.50868862 0.44954446
0.81488702 0.52293467 0.50597828 0.2958611  0.09582603 0.39162914  0.48177127 0.61977277 0.29314415 0.29384157 0.47819835 0.56770781  0.31544398 0.70568246 0.50242889 0.52063531
0.82639953 0.54625872 0.5732711  0.30058535 0.10342967 0.37921856  0.49368097 0.5923178  0.31499524 0.24240271 0.43779778 0.50366906  0.30530295 0.69695557 0.53007269 0.51214081
0.84608286 0.59834909 0.70946908 0.27565898 0.2308094  0.38122094  0.50492475 0.58373849 0.36106622 0.18356733 0.39130537 0.45637603  0.19763076 0.60341315 0.6052196  0.54048451
0.84903338 0.61088452 0.73531307 0.25996392 0.27780809 0.39014555  0.4940068  0.58219493 0.3526288  0.17864342 0.38652209 0.45091206  0.1848069  0.60284364 0.61124865 0.52007033
0.86372367 0.58151237 0.72834905 0.24126428 0.28578991 0.37326729  0.4863097  0.51255345 0.38264101 0.18865738 0.31900027 0.48023123  0.20205818 0.67712101 0.6715278  0.52703271
0.86473553 0.58298786 0.72835077 0.23838947 0.28519249 0.37339498  0.48521891 0.51412555 0.38190907 0.18783552 0.31261808 0.49864488  0.16914014 0.69915685 0.64629607 0.5843145 
0.86372367 0.58151237 0.72834905 0.24126428 0.28578991 0.37326729  0.4863097  0.51255345 0.38264101 0.18865738 0.31900027 0.48023123  0.20205818 0.67712101 0.6715278  0.52703271
0.86372367 0.58151237 0.72834905 0.24126428 0.28578991 0.37326729  0.4863097  0.51255345 0.38264101 0.18865738 0.31900027 0.48023123  0.20205818 0.67712101 0.6715278  0.52703271
0.86473553 0.58298786 0.72835077 0.23838947 0.28519249 0.37339498  0.48521891 0.51412555 0.38190907 0.18783552 0.31261808 0.49864488  0.16914014 0.69915685 0.64629607 0.5843145 
0.86473553 0.58298786 0.72835077 0.23838947 0.28519249 0.37339498  0.48521891 0.51412555 0.38190907 0.18783552 0.31261808 0.49864488  0.16914014 0.69915685 0.64629607 0.5843145 
0.86372367 0.58151237 0.72834905 0.24126428 0.28578991 0.37326729  0.4863097  0.51255345 0.38264101 0.18865738 0.31900027 0.48023123  0.20205818 0.67712101 0.6715278  0.52703271
0.87781151 0.54764346 0.72107029 0.23571118 0.30371496 0.34791392  0.45004986 0.46746155 0.42022637 0.16580734 0.33534404 0.48478246  0.16375409 0.66204298 0.57218198 0.54904279
0.87238172 0.52549844 0.67872142 0.26788236 0.20931447 0.32411044  0.47786979 0.46230195 0.45070202 0.1810201  0.31786733 0.42966398  0.21724629 0.65455116 0.58032453 0.49147294
0.89765866 0.45542743 0.66252882 0.27149672 0.24365438 0.28682405  0.40772737 0.37103081 0.50689728 0.14865894 0.3585205  0.40708879  0.21134656 0.56276281 0.45680309 0.43306542
0.88572395 0.41491129 0.57351245 0.29302848 0.1650068  0.2728174  0.42213684 0.38853501 0.50436916 0.22707799 0.40992294 0.47378075  0.29914666 0.5857089  0.42003754 0.44697482
0.87532894 0.39568931 0.51198268 0.29264375 0.14854634 0.29991106  0.38230178 0.38585472 0.42817854 0.19076545 0.46685009 0.55348715  0.33687622 0.6179314  0.40704064 0.4532041 
0.8731497  0.3866372  0.49403162 0.29909461 0.12984398 0.29317951  0.39503328 0.39389683 0.43717454 0.2215876  0.47151432 0.55652761  0.38436155 0.57184209 0.44382732 0.4149355 
0.8248873  0.39046142 0.32982096 0.23231606 0.18045149 0.40094894  0.3425842  0.49064869 0.34501768 0.41630141 0.44713862 0.63843042  0.42566933 0.70614766 0.41287766 0.32685515
0.76012811 0.47070029 0.21886812 0.16170423 0.2151339  0.49569847  0.4141668  0.65534728 0.37429679 0.43664117 0.3472561  0.58594353  0.40795874 0.6649209  0.48597383 0.42363399
0.72194932 0.51009114 0.13959429 0.10776655 0.28554357 0.53031712  0.45598978 0.6434326  0.48621021 0.38854653 0.30348112 0.52728043  0.41652356 0.65213023 0.46982117 0.55866279
0.68802483 0.55461687 0.10792322 0.13387776 0.32322444 0.53612285  0.5541436  0.56304007 0.57150344 0.35826    0.36339897 0.5070839  0.61870401 0.58599976 0.56442819 0.54273362
0.62496429 0.64977641 0.08911328 0.22259949 0.34803657 0.56555505  0.65641521 0.39391279 0.53656709 0.38100726 0.40282916 0.49325752  0.68703825 0.64228845 0.59199608 0.52140092
0.52801955 0.77164647 0.09075518 0.36900114 0.36724667 0.55144532  0.71892644 0.45174837 0.40951594 0.41012063 0.5974087  0.42860044  0.48589507 0.43731902 0.53661066 0.44821085
0.45558977 0.78320972 0.08872944 0.48112756 0.41635323 0.4114504  0.67757403 0.38884842 0.36476694 0.42599686 0.57185598 0.4439544  0.30135427 0.41059173 0.53881325 0.35496487
0.29145116 0.72088969 0.16136143 0.6169145  0.41885642 0.32499023  0.42036482 0.49596063 0.43404399 0.39023724 0.4696527  0.4397596  0.33789209 0.37409769 0.45131411 0.35760014
0.12459746 0.54515415 0.25607956 0.56609884 0.41368336 0.28803295  0.37147083 0.56583291 0.40867482 0.36207347 0.27427045 0.45890045  0.70689224 0.39242581 0.3523091  0.52595864
0.03530472 0.41371177 0.32449245 0.44717499 0.36543573 0.42942868  0.4584486  0.49182641 0.42935187 0.38251683 0.3665383  0.45119726  0.57400726 0.38653202 0.39012683 0.47468522
0.01790387 0.3898545  0.33817562 0.42642862 0.35681041 0.46717525  0.46152885 0.47694295 0.46991849 0.39350101 0.41724602 0.4497633  0.51968443 0.43336993 0.49846349 0.44236435
0.00039479 0.36283831 0.35232302 0.39930133 0.34523319 0.50234819  0.48417291 0.45702496 0.47508945 0.39693445 0.45000532 0.44589633  0.47476172 0.42761975 0.50206904 0.41641874
0.00039479 0.36283831 0.35232302 0.39930133 0.34523319 0.50234819  0.48417291 0.45702496 0.47508945 0.39693445 0.45000532 0.44589633  0.47476172 0.42761975 0.50206904 0.41641874
0.00039479 0.36283831 0.35232302 0.39930133 0.34523319 0.50234819  0.48417291 0.45702496 0.47508945 0.39693445 0.45000532 0.44589633  0.47476172 0.42761975 0.50206904 0.41641874
0.00039479 0.36283831 0.35232302 0.39930133 0.34523319 0.50234819  0.48417291 0.45702496 0.47508945 0.39693445 0.45000532 0.44589633  0.47476172 0.42761975 0.50206904 0.41641874
0.00039479 0.36283831 0.35232302 0.39930133 0.34523319 0.50234819  0.48417291 0.45702496 0.47508945 0.39693445 0.45000532 0.44589633  0.47476172 0.42761975 0.50206904 0.41641874
0.00039479 0.36283831 0.35232302 0.39930133 0.34523319 0.50234819  0.48417291 0.45702496 0.47508945 0.39693445 0.45000532 0.44589633  0.47476172 0.42761975 0.50206904 0.41641874
0.00039479 0.36283831 0.35232302 0.39930133 0.34523319 0.50234819  0.48417291 0.45702496 0.47508945 0.39693445 0.45000532 0.44589633  0.47476172 0.42761975 0.50206904 0.41641874
0.00039479 0.36283831 0.35232302 0.39930133 0.34523319 0.50234819  0.48417291 0.45702496 0.47508945 0.39693445 0.45000532 0.44589633  0.47476172 0.42761975 0.50206904 0.41641874
0.00039479 0.36283831 0.35232302 0.39930133 0.34523319 0.50234819  0.48417291 0.45702496 0.47508945 0.39693445 0.45000532 0.44589633  0.47476172 0.42761975 0.50206904 0.41641874
0.00039479 0.36283831 0.35232302 0.39930133 0.34523319 0.50234819  0.48417291 0.45702496 0.47508945 0.39693445 0.45000532 0.44589633  0.47476172 0.42761975 0.50206904 0.41641874
0.00039479 0.36283831 0.35232302 0.39930133 0.34523319 0.50234819  0.48417291 0.45702496 0.47508945 0.39693445 0.45000532 0.44589633  0.47476172 0.42761975 0.50206904 0.41641874
0.00039479 0.36283831 0.35232302 0.39930133 0.34523319 0.50234819  0.48417291 0.45702496 0.47508945 0.39693445 0.45000532 0.44589633  0.47476172 0.42761975 0.50206904 0.41641874
0.00039479 0.36283831 0.35232302 0.39930133 0.34523319 0.50234819  0.48417291 0.45702496 0.47508945 0.39693445 0.45000532 0.44589633  0.47476172 0.42761975 0.50206904 0.41641874
0.00039479 0.36283831 0.35232302 0.39930133 0.34523319 0.50234819  0.48417291 0.45702496 0.47508945 0.39693445 0.45000532 0.44589633  0.47476172 0.42761975 0.50206904 0.41641874
0.00039479 0.36283831 0.35232302 0.39930133 0.34523319 0.50234819  0.48417291 0.45702496 0.47508945 0.39693445 0.45000532 0.44589633  0.47476172 0.42761975 0.50206904 0.41641874
0.00039479 0.36283831 0.35232302 0.39930133 0.34523319 0.50234819  0.48417291 0.45702496 0.47508945 0.39693445 0.45000532 0.44589633  0.47476172 0.42761975 0.50206904 0.41641874
0.1625913  0.58535209 0.24107804 0.57578244 0.39558325 0.37370774  0.33873376 0.52950642 0.5408893  0.4113539  0.41107468 0.46418565  0.49707027 0.47857799 0.64658083 0.4507374 
0.32814182 0.77170362 0.15751807 0.67042581 0.3808457  0.44991599  0.25376018 0.48097045 0.64218099 0.46450094 0.4516513  0.47933088  0.44118245 0.47070012 0.66369342 0.45249362
0.36610368 0.79359113 0.15060289 0.63922827 0.35098746 0.54604688  0.28099153 0.45721214 0.68450359 0.45312166 0.55212056 0.45454268  0.45472048 0.44356838 0.56928905 0.44537256
0.40220479 0.79726513 0.13609064 0.5941128  0.34530261 0.57132595  0.36749057 0.40781695 0.61604907 0.48060388 0.50381711 0.4786943  0.45969182 0.40398792 0.53527023 0.50209665
0.47504771 0.81068316 0.10684289 0.50897495 0.34185231 0.59683515  0.55071348 0.33984459 0.45412722 0.50016313 0.47218942 0.48944874  0.35304037 0.33302527 0.44791077 0.4867838 
0.51122529 0.79950986 0.09455724 0.43195576 0.3493868  0.5994669  0.66683861 0.34610602 0.416032   0.46732754 0.53386627 0.462384  0.40329739 0.37544479 0.47961754 0.45658068
0.52851353 0.79008439 0.1088702  0.41547945 0.32301913 0.64122754  0.63041749 0.37540061 0.39558081 0.47372987 0.45565867 0.47171485  0.44533902 0.36213852 0.42549201 0.46199006
0.59787761 0.73134667 0.12022963 0.27059545 0.29584709 0.67845973  0.66056277 0.55335991 0.40061692 0.40211321 0.42785235 0.44404497  0.69609507 0.42322775 0.46911648 0.50576494
0.59787761 0.73134667 0.12022963 0.27059545 0.29584709 0.67845973  0.66056277 0.55335991 0.40061692 0.40211321 0.42785235 0.44404497  0.69609507 0.42322775 0.46911648 0.50576494
0.61359639 0.70602902 0.12708186 0.24425495 0.28995095 0.66442193  0.63814237 0.62599148 0.39744107 0.41906917 0.41432031 0.453696  0.64102134 0.40103942 0.48983862 0.51784114
0.62964615 0.67993392 0.12824543 0.21117154 0.29032701 0.64523296  0.62443677 0.6825204  0.42065696 0.40086651 0.42113481 0.45573688  0.62286445 0.37810761 0.55117293 0.53012125
0.64813607 0.66268809 0.1532195  0.20538302 0.26173177 0.6565059  0.55517937 0.70214828 0.33840858 0.42371289 0.37835202 0.46852038  0.51286617 0.50599425 0.40409604 0.54402238
0.72859754 0.76150001 0.53590617 0.14032245 0.55020982 0.64769394  0.47174935 0.56120992 0.31575773 0.18238063 0.34966777 0.40001917  0.4480993  0.65867699 0.35425977 0.52411956
0.76828776 0.75680542 0.65186641 0.10367899 0.69284645 0.63226319  0.43227268 0.49228278 0.28215414 0.16735218 0.42053267 0.58713982  0.52474496 0.74328369 0.40922709 0.61766326
0.76828776 0.75680542 0.65186641 0.10367899 0.69284645 0.63226319  0.43227268 0.49228278 0.28215414 0.16735218 0.42053267 0.58713982  0.52474496 0.74328369 0.40922709 0.61766326
0.7693334  0.76301395 0.66886228 0.09198646 0.73653552 0.63174937  0.43671951 0.49342428 0.30312397 0.21771716 0.41338308 0.53396934  0.58351367 0.74076406 0.40060982 0.53024032
0.77629543 0.75564311 0.68757926 0.13133874 0.67405533 0.61095397  0.46001243 0.47456817 0.29339774 0.15985261 0.43719283 0.57848373  0.60411612 0.68988839 0.47994741 0.54521945
0.79151393 0.72638798 0.69005869 0.13727393 0.60891505 0.58292577  0.43922745 0.51465149 0.27985438 0.1747437  0.3735797  0.5516762  0.44024477 0.6655297  0.4879305  0.5638644 
0.81304726 0.63220721 0.62344014 0.15455839 0.45572145 0.50830138  0.4014227  0.57768234 0.30770851 0.08577005 0.39374061 0.55239375  0.27827815 0.60658295 0.50142797 0.59795654
0.81775223 0.57456217 0.56541768 0.1716528  0.4309622  0.48171645  0.36764348 0.53436247 0.35545927 0.09856572 0.42157985 0.51794948  0.35089871 0.54189731 0.45794877 0.46149574
0.84944476 0.44530141 0.47292098 0.19753999 0.33398816 0.41277939  0.29852063 0.37401245 0.42442686 0.03240052 0.40763092 0.54789664  0.34897844 0.53086069 0.40114699 0.46019893
0.84353568 0.37526447 0.35060908 0.20023384 0.29190341 0.40167299  0.28461626 0.32682154 0.46078933 0.14100894 0.37507138 0.56638975  0.43002333 0.49143343 0.38115301 0.41497052
0.84058515 0.36272904 0.32476509 0.2159289  0.24490472 0.39274837  0.29553421 0.32836511 0.46922674 0.14593285 0.37985466 0.57185372  0.44284719 0.49200295 0.37512396 0.4353847 
0.83479151 0.34971687 0.29033765 0.21394486 0.24283132 0.39201263  0.30668866 0.35188985 0.47620808 0.21435085 0.38074906 0.57156799  0.47412143 0.47710191 0.37972888 0.37822198
0.8274565  0.34535384 0.25748436 0.19829284 0.25601008 0.40484359  0.29705504 0.37892434 0.48559665 0.29803049 0.37704271 0.56387678  0.47182565 0.51372713 0.31078644 0.33839902
0.79952993 0.33731069 0.14927836 0.13920675 0.31783952 0.44309025  0.28331239 0.44747166 0.51994319 0.36423759 0.32662827 0.52236632  0.37358729 0.44746994 0.32428573 0.33679236
0.81628901 0.31294568 0.18044021 0.20156919 0.31966588 0.46202718  0.27650266 0.41964692 0.46134838 0.330883   0.35731252 0.48272189  0.42290677 0.46989595 0.33273008 0.38149269
0.81490252 0.27734869 0.13583909 0.22724849 0.36977797 0.50679701  0.26954391 0.44167537 0.42743085 0.35291245 0.34076775 0.41249324  0.40342365 0.40287524 0.41914742 0.38396261
0.81490252 0.27734869 0.13583909 0.22724849 0.36977797 0.50679701  0.26954391 0.44167537 0.42743085 0.35291245 0.34076775 0.41249324  0.40342365 0.40287524 0.41914742 0.38396261
0.81490252 0.27734869 0.13583909 0.22724849 0.36977797 0.50679701  0.26954391 0.44167537 0.42743085 0.35291245 0.34076775 0.41249324  0.40342365 0.40287524 0.41914742 0.38396261
0.81490252 0.27734869 0.13583909 0.22724849 0.36977797 0.50679701  0.26954391 0.44167537 0.42743085 0.35291245 0.34076775 0.41249324  0.40342365 0.40287524 0.41914742 0.38396261
0.81490252 0.27734869 0.13583909 0.22724849 0.36977797 0.50679701  0.26954391 0.44167537 0.42743085 0.35291245 0.34076775 0.41249324  0.40342365 0.40287524 0.41914742 0.38396261
0.82763017 0.2264769  0.13030774 0.32027018 0.41469053 0.55907777  0.28907614 0.45797237 0.37346295 0.35539088 0.35801056 0.34700314  0.40040061 0.44004842 0.43779404 0.4501013 
0.82763017 0.2264769  0.13030774 0.32027018 0.41469053 0.55907777  0.28907614 0.45797237 0.37346295 0.35539088 0.35801056 0.34700314  0.40040061 0.44004842 0.43779404 0.4501013 
0.82763017 0.2264769  0.13030774 0.32027018 0.41469053 0.55907777  0.28907614 0.45797237 0.37346295 0.35539088 0.35801056 0.34700314  0.40040061 0.44004842 0.43779404 0.4501013 
0.82763017 0.2264769  0.13030774 0.32027018 0.41469053 0.55907777  0.28907614 0.45797237 0.37346295 0.35539088 0.35801056 0.34700314  0.40040061 0.44004842 0.43779404 0.4501013 
0.8227288  0.24782686 0.13424077 0.27355769 0.39006852 0.52234594  0.26692876 0.43547079 0.38793771 0.36876576 0.37758164 0.36358222  0.39844949 0.42796369 0.39629061 0.46602852
0.8227288  0.24782686 0.13424077 0.27355769 0.39006852 0.52234594  0.26692876 0.43547079 0.38793771 0.36876576 0.37758164 0.36358222  0.39844949 0.42796369 0.39629061 0.46602852
0.81490252 0.27734869 0.13583909 0.22724849 0.36977797 0.50679701  0.26954391 0.44167537 0.42743085 0.35291245 0.34076775 0.41249324  0.40342365 0.40287524 0.41914742 0.38396261
0.79519522 0.31521926 0.10960538 0.15268599 0.36800379 0.48172018  0.28287948 0.45684307 0.52628339 0.35390311 0.30243246 0.44915579  0.32724147 0.40388306 0.37617782 0.43575106
0.79519522 0.31521926 0.10960538 0.15268599 0.36800379 0.48172018  0.28287948 0.45684307 0.52628339 0.35390311 0.30243246 0.44915579  0.32724147 0.40388306 0.37617782 0.43575106
0.74334434 0.44437054 0.11217939 0.13339684 0.33948767 0.52762092  0.41851176 0.41262444 0.56818756 0.38281012 0.21234017 0.5198872  0.59363963 0.41074267 0.53408681 0.38414032
0.5285742  0.78917237 0.10836181 0.41484499 0.3231666  0.63939141  0.63196879 0.3723932  0.39568727 0.46917039 0.45178965 0.46962024  0.44923705 0.35934097 0.43585082 0.45624961
0.51122529 0.79950986 0.09455724 0.43195576 0.3493868  0.5994669  0.66683861 0.34610602 0.416032   0.46732754 0.53386627 0.462384  0.40329739 0.37544479 0.47961754 0.45658068
0.51122529 0.79950986 0.09455724 0.43195576 0.3493868  0.5994669  0.66683861 0.34610602 0.416032   0.46732754 0.53386627 0.462384  0.40329739 0.37544479 0.47961754 0.45658068
0.40159694 0.79909721 0.12597241 0.60307703 0.36835475 0.501639  0.41424827 0.38191877 0.51467231 0.49279962 0.43272629 0.49708668  0.34936823 0.37735943 0.54508556 0.46921301
0.30913033 0.75632575 0.16390663 0.6783825  0.39083563 0.41144953  0.2428697  0.49539152 0.61453616 0.46926347 0.38352375 0.49442087  0.47008713 0.47740784 0.69235099 0.47744809
0.27158964 0.71232946 0.1857371  0.66173424 0.38957026 0.40157025  0.23781444 0.51117867 0.59765599 0.47291274 0.31137572 0.50792099  0.55293787 0.48795372 0.70211935 0.53785403
0.27158964 0.71232946 0.1857371  0.66173424 0.38957026 0.40157025  0.23781444 0.51117867 0.59765599 0.47291274 0.31137572 0.50792099  0.55293787 0.48795372 0.70211935 0.53785403
0.23612577 0.66304253 0.2130809  0.61983619 0.37221914 0.46935711  0.2479071  0.48520075 0.66308755 0.49092778 0.39178109 0.50509427  0.46720625 0.56389994 0.87687046 0.48976423
0.23612577 0.66304253 0.2130809  0.61983619 0.37221914 0.46935711  0.2479071  0.48520075 0.66308755 0.49092778 0.39178109 0.50509427  0.46720625 0.56389994 0.87687046 0.48976423
0.27366645 0.70703883 0.19125043 0.63648445 0.37348451 0.4792364  0.25296236 0.4694136  0.67996772 0.4872785  0.46392912 0.49159415  0.3843555  0.55335407 0.8671021  0.42935829
0.31062648 0.7389637  0.1770292  0.63608089 0.362448   0.50477536  0.25896726 0.47133719 0.67134357 0.4753341  0.45972518 0.48555336  0.45328028 0.50788521 0.75527193 0.45905651
0.40368737 0.7947078  0.2153358  0.58864531 0.40541819 0.6360683  0.22764751 0.47394421 0.6447973  0.55033821 0.46442072 0.44749946  0.57600317 0.44198891 0.43240581 0.36854739
0.56493224 0.92259286 0.79401012 0.59188078 0.46981579 0.65610886  0.25341815 0.35332722 0.72059386 0.38404429 0.24680509 0.2416026  0.65665284 0.47282134 0.30255892 0.39832855
0.56731054 0.92662922 0.80875983 0.58337325 0.47903177 0.63595457  0.27157018 0.36366542 0.76385037 0.44246771 0.22939084 0.19637  0.64063391 0.49126854 0.27881097 0.41625014
0.56811321 0.92887473 0.81468839 0.5791232  0.48938233 0.63049998  0.27999294 0.36975911 0.78313982 0.47867177 0.22003302 0.17264065  0.64678356 0.49308623 0.25890635 0.41381071
0.61663026 0.93440078 0.82204666 0.5791172  0.47487876 0.59622419  0.40513156 0.32269378 0.62979822 0.53335989 0.26666696 0.18907841  0.50312099 0.43457116 0.2382732  0.28107168
0.63597305 0.94033707 0.82869001 0.53194247 0.52447731 0.62600157  0.44747353 0.32415286 0.59013485 0.52127145 0.34428839 0.21698092  0.52467672 0.41983663 0.21457145 0.26524956
0.64829779 0.92569118 0.85634358 0.55804671 0.4946409  0.60520508  0.44165481 0.32994147 0.54281274 0.57093593 0.38949025 0.24601777  0.50847496 0.4595867  0.22019699 0.22888973
0.64829779 0.92569118 0.85634358 0.55804671 0.4946409  0.60520508  0.44165481 0.32994147 0.54281274 0.57093593 0.38949025 0.24601777  0.50847496 0.4595867  0.22019699 0.22888973
0.7039789  0.89594401 0.83597467 0.43414348 0.51243479 0.56456634  0.58334959 0.35107988 0.41186301 0.56670838 0.36014062 0.26125081  0.49885019 0.64113775 0.21036642 0.3609169 
0.72213513 0.89329786 0.83279209 0.387394   0.57181655 0.54771536  0.64889181 0.3338414  0.34590855 0.5850817  0.37849672 0.3205581  0.50090897 0.63339608 0.25246753 0.38844193
0.75765459 0.86323662 0.86263526 0.30422367 0.61274352 0.55601747  0.61971566 0.48066092 0.31625825 0.55417732 0.40484485 0.37942566  0.48116124 0.60111395 0.30335955 0.4767469 
0.75765459 0.86323662 0.86263526 0.30422367 0.61274352 0.55601747  0.61971566 0.48066092 0.31625825 0.55417732 0.40484485 0.37942566  0.48116124 0.60111395 0.30335955 0.4767469 
0.75765459 0.86323662 0.86263526 0.30422367 0.61274352 0.55601747  0.61971566 0.48066092 0.31625825 0.55417732 0.40484485 0.37942566  0.48116124 0.60111395 0.30335955 0.4767469 
0.75618718 0.85510252 0.8461321  0.31782498 0.56474429 0.54126631  0.63552685 0.47552986 0.33756456 0.56364431 0.37620267 0.33725687  0.48891154 0.61508846 0.29229941 0.45604466
0.75263369 0.8441616  0.82012528 0.33864346 0.50119006 0.54179825  0.63282158 0.45829597 0.31886638 0.50972624 0.35835529 0.30724333  0.48984302 0.64478246 0.30605654 0.40500514
0.7592671  0.80465537 0.75239314 0.31115734 0.45764246 0.56130936  0.61624431 0.48286786 0.25194572 0.37636164 0.38867193 0.35085827  0.58766239 0.66479809 0.42893591 0.34622054
0.74613302 0.76929157 0.65668386 0.34664249 0.30951974 0.56020071  0.60074653 0.47758279 0.18566691 0.28415309 0.41795592 0.40322123  0.57473772 0.69131507 0.45213118 0.3950006 
0.68436983 0.67098828 0.31667344 0.35472837 0.14122924 0.61130908  0.56642298 0.56704957 0.16370453 0.40488402 0.50226857 0.56915002  0.66320065 0.65265686 0.36590208 0.43860722
0.67526596 0.62431905 0.18013268 0.21099358 0.24625334 0.62851881  0.5380161  0.64002573 0.32749479 0.42283605 0.35790588 0.50809233  0.5959881  0.60628546 0.44655112 0.47464403
0.67526596 0.62431905 0.18013268 0.21099358 0.24625334 0.62851881  0.5380161  0.64002573 0.32749479 0.42283605 0.35790588 0.50809233  0.5959881  0.60628546 0.44655112 0.47464403
0.69257167 0.57078033 0.13590771 0.14027629 0.28770105 0.58352573  0.516162   0.56898833 0.45401402 0.40444978 0.27125221 0.52496918  0.54974901 0.70895114 0.48320893 0.55932728
0.69257167 0.57078033 0.13590771 0.14027629 0.28770105 0.58352573  0.516162   0.56898833 0.45401402 0.40444978 0.27125221 0.52496918  0.54974901 0.70895114 0.48320893 0.55932728
0.69257167 0.57078033 0.13590771 0.14027629 0.28770105 0.58352573  0.516162   0.56898833 0.45401402 0.40444978 0.27125221 0.52496918  0.54974901 0.70895114 0.48320893 0.55932728
0.69257167 0.57078033 0.13590771 0.14027629 0.28770105 0.58352573  0.516162   0.56898833 0.45401402 0.40444978 0.27125221 0.52496918  0.54974901 0.70895114 0.48320893 0.55932728
0.69106283 0.55073605 0.10975721 0.12026818 0.3187027  0.53046965  0.52965563 0.5723795  0.5398137  0.36236604 0.36291911 0.5148173  0.51462922 0.72164772 0.47337469 0.62491401
0.68802483 0.55461687 0.10792322 0.13387776 0.32322444 0.53612285  0.5541436  0.56304007 0.57150344 0.35826    0.36339897 0.5070839  0.61870401 0.58599976 0.56442819 0.54273362
0.68802483 0.55461687 0.10792322 0.13387776 0.32322444 0.53612285  0.5541436  0.56304007 0.57150344 0.35826    0.36339897 0.5070839  0.61870401 0.58599976 0.56442819 0.54273362
0.68802483 0.55461687 0.10792322 0.13387776 0.32322444 0.53612285  0.5541436  0.56304007 0.57150344 0.35826    0.36339897 0.5070839  0.61870401 0.58599976 0.56442819 0.54273362
0.6423132  0.63943891 0.10291784 0.20548871 0.32181637 0.60547956  0.62154539 0.42019997 0.51622236 0.38285011 0.32075254 0.50049377  0.73297791 0.62618464 0.54822936 0.52106984
0.62496429 0.64977641 0.08911328 0.22259949 0.34803657 0.56555505  0.65641521 0.39391279 0.53656709 0.38100726 0.40282916 0.49325752  0.68703825 0.64228845 0.59199608 0.52140092
0.57617405 0.71259532 0.08342786 0.30406862 0.35776325 0.57297053  0.69376748 0.34015746 0.48680885 0.42027373 0.45762965 0.48360427  0.58714577 0.57490161 0.59688203 0.50315318
0.54035873 0.72779543 0.07589963 0.36723578 0.38862945 0.50588845  0.68901654 0.26898614 0.47564147 0.43709317 0.47765712 0.49290466  0.45624531 0.57493596 0.62659657 0.44672291
0.45629848 0.80407354 0.09710843 0.51857932 0.38424446 0.49527585  0.60167809 0.3427797  0.40494569 0.47808893 0.51940683 0.4728624  0.25467343 0.36882748 0.50349181 0.40923842
0.43799019 0.79494566 0.0957897  0.52431825 0.40605603 0.42464512  0.61865175 0.38140634 0.37819463 0.43735065 0.55528199 0.45044176  0.25443575 0.37185045 0.47884873 0.35999102
0.34548945 0.76481322 0.12392648 0.62353265 0.44004538 0.27996152  0.47060084 0.46789328 0.38326034 0.41189179 0.4438592  0.45978559  0.2893016  0.3892921  0.51520993 0.3425454 
0.30795034 0.72926347 0.13765831 0.62155086 0.45930641 0.20759703  0.48043537 0.49801542 0.31795009 0.38341961 0.37013833 0.45848937  0.38283687 0.39230723 0.45626477 0.35202854
0.2345208  0.67933821 0.18299878 0.6480313  0.4427636  0.22423684  0.34319384 0.57366837 0.43104127 0.36299962 0.33637673 0.45254522  0.57141463 0.45149581 0.49663536 0.41435045
0.19797194 0.64329213 0.2067118  0.63759506 0.43384906 0.24235597  0.31208334 0.59833454 0.47332288 0.3467646  0.3439906  0.44273949  0.68693868 0.46604942 0.46173992 0.44171225
0.17952049 0.61987143 0.21812169 0.62263864 0.43176984 0.24349576  0.32881225 0.59151189 0.44108585 0.35023626 0.30726368 0.44996783  0.70139789 0.43489181 0.4111966  0.47423269
0.08868438 0.49312488 0.2832111  0.52129632 0.39510112 0.34110976  0.39867016 0.54319679 0.42411075 0.36804061 0.30880001 0.45560621  0.67428197 0.40330112 0.3803598  0.50629408
0.05316535 0.44273058 0.31054829 0.47689463 0.3776646  0.40398201  0.42075284 0.51373867 0.46182271 0.3832114  0.36861157 0.45403535  0.59898857 0.44331769 0.48613169 0.47354656
0.00039479 0.36283831 0.35232302 0.39930133 0.34523319 0.50234819  0.48417291 0.45702496 0.47508945 0.39693445 0.45000532 0.44589633  0.47476172 0.42761975 0.50206904 0.41641874
0.00039479 0.36283831 0.35232302 0.39930133 0.34523319 0.50234819  0.48417291 0.45702496 0.47508945 0.39693445 0.45000532 0.44589633  0.47476172 0.42761975 0.50206904 0.41641874
0.00039479 0.36283831 0.35232302 0.39930133 0.34523319 0.50234819  0.48417291 0.45702496 0.47508945 0.39693445 0.45000532 0.44589633  0.47476172 0.42761975 0.50206904 0.41641874
0.00039479 0.36283831 0.35232302 0.39930133 0.34523319 0.50234819  0.48417291 0.45702496 0.47508945 0.39693445 0.45000532 0.44589633  0.47476172 0.42761975 0.50206904 0.41641874
0.00039479 0.36283831 0.35232302 0.39930133 0.34523319 0.50234819  0.48417291 0.45702496 0.47508945 0.39693445 0.45000532 0.44589633  0.47476172 0.42761975 0.50206904 0.41641874
0.00039479 0.36283831 0.35232302 0.39930133 0.34523319 0.50234819  0.48417291 0.45702496 0.47508945 0.39693445 0.45000532 0.44589633  0.47476172 0.42761975 0.50206904 0.41641874
0.00039479 0.36283831 0.35232302 0.39930133 0.34523319 0.50234819  0.48417291 0.45702496 0.47508945 0.39693445 0.45000532 0.44589633  0.47476172 0.42761975 0.50206904 0.41641874
0.00039479 0.36283831 0.35232302 0.39930133 0.34523319 0.50234819  0.48417291 0.45702496 0.47508945 0.39693445 0.45000532 0.44589633  0.47476172 0.42761975 0.50206904 0.41641874
0.00039479 0.36283831 0.35232302 0.39930133 0.34523319 0.50234819  0.48417291 0.45702496 0.47508945 0.39693445 0.45000532 0.44589633  0.47476172 0.42761975 0.50206904 0.41641874
0.00039479 0.36283831 0.35232302 0.39930133 0.34523319 0.50234819  0.48417291 0.45702496 0.47508945 0.39693445 0.45000532 0.44589633  0.47476172 0.42761975 0.50206904 0.41641874
0.00039479 0.36283831 0.35232302 0.39930133 0.34523319 0.50234819  0.48417291 0.45702496 0.47508945 0.39693445 0.45000532 0.44589633  0.47476172 0.42761975 0.50206904 0.41641874
0.00039479 0.36283831 0.35232302 0.39930133 0.34523319 0.50234819  0.48417291 0.45702496 0.47508945 0.39693445 0.45000532 0.44589633  0.47476172 0.42761975 0.50206904 0.41641874
0.00039479 0.36283831 0.35232302 0.39930133 0.34523319 0.50234819  0.48417291 0.45702496 0.47508945 0.39693445 0.45000532 0.44589633  0.47476172 0.42761975 0.50206904 0.41641874
0.00039479 0.36283831 0.35232302 0.39930133 0.34523319 0.50234819  0.48417291 0.45702496 0.47508945 0.39693445 0.45000532 0.44589633  0.47476172 0.42761975 0.50206904 0.41641874
0.00039479 0.36283831 0.35232302 0.39930133 0.34523319 0.50234819  0.48417291 0.45702496 0.47508945 0.39693445 0.45000532 0.44589633  0.47476172 0.42761975 0.50206904 0.41641874
0.00039479 0.36283831 0.35232302 0.39930133 0.34523319 0.50234819  0.48417291 0.45702496 0.47508945 0.39693445 0.45000532 0.44589633  0.47476172 0.42761975 0.50206904 0.41641874
0.00039479 0.36283831 0.35232302 0.39930133 0.34523319 0.50234819  0.48417291 0.45702496 0.47508945 0.39693445 0.45000532 0.44589633  0.47476172 0.42761975 0.50206904 0.41641874
0.00039479 0.36283831 0.35232302 0.39930133 0.34523319 0.50234819  0.48417291 0.45702496 0.47508945 0.39693445 0.45000532 0.44589633  0.47476172 0.42761975 0.50206904 0.41641874
0.00039479 0.36283831 0.35232302 0.39930133 0.34523319 0.50234819  0.48417291 0.45702496 0.47508945 0.39693445 0.45000532 0.44589633  0.47476172 0.42761975 0.50206904 0.41641874
0.00039479 0.36283831 0.35232302 0.39930133 0.34523319 0.50234819  0.48417291 0.45702496 0.47508945 0.39693445 0.45000532 0.44589633  0.47476172 0.42761975 0.50206904 0.41641874
0.00039479 0.36283831 0.35232302 0.39930133 0.34523319 0.50234819  0.48417291 0.45702496 0.47508945 0.39693445 0.45000532 0.44589633  0.47476172 0.42761975 0.50206904 0.41641874
