0.00039479 0.36283831 0.35232302 0.39930133 0.34523319 0.50234819  0.48417291 0.45702496 0.47508945 0.39693445 0.45000532 0.44589633  0.47476172 0.42761975 0.50206904 0.41641874
0.00039479 0.36283831 0.35232302 0.39930133 0.34523319 0.50234819  0.48417291 0.45702496 0.47508945 0.39693445 0.45000532 0.44589633  0.47476172 0.42761975 0.50206904 0.41641874
0.00039479 0.36283831 0.35232302 0.39930133 0.34523319 0.50234819  0.48417291 0.45702496 0.47508945 0.39693445 0.45000532 0.44589633  0.47476172 0.42761975 0.50206904 0.41641874
0.00039479 0.36283831 0.35232302 0.39930133 0.34523319 0.50234819  0.48417291 0.45702496 0.47508945 0.39693445 0.45000532 0.44589633  0.47476172 0.42761975 0.50206904 0.41641874
0.00039479 0.36283831 0.35232302 0.39930133 0.34523319 0.50234819  0.48417291 0.45702496 0.47508945 0.39693445 0.45000532 0.44589633  0.47476172 0.42761975 0.50206904 0.41641874
0.00039479 0.36283831 0.35232302 0.39930133 0.34523319 0.50234819  0.48417291 0.45702496 0.47508945 0.39693445 0.45000532 0.44589633  0.47476172 0.42761975 0.50206904 0.41641874
0.00039479 0.36283831 0.35232302 0.39930133 0.34523319 0.50234819  0.48417291 0.45702496 0.47508945 0.39693445 0.45000532 0.44589633  0.47476172 0.42761975 0.50206904 0.41641874
0.00039479 0.36283831 0.35232302 0.39930133 0.34523319 0.50234819  0.48417291 0.45702496 0.47508945 0.39693445 0.45000532 0.44589633  0.47476172 0.42761975 0.50206904 0.41641874
0.00039479 0.36283831 0.35232302 0.39930133 0.34523319 0.50234819  0.48417291 0.45702496 0.47508945 0.39693445 0.45000532 0.44589633  0.47476172 0.42761975 0.50206904 0.41641874
0.00039479 0.36283831 0.35232302 0.39930133 0.34523319 0.50234819  0.48417291 0.45702496 0.47508945 0.39693445 0.45000532 0.44589633  0.47476172 0.42761975 0.50206904 0.41641874
0.00039479 0.36283831 0.35232302 0.39930133 0.34523319 0.50234819  0.48417291 0.45702496 0.47508945 0.39693445 0.45000532 0.44589633  0.47476172 0.42761975 0.50206904 0.41641874
0.00039479 0.36283831 0.35232302 0.39930133 0.34523319 0.50234819  0.48417291 0.45702496 0.47508945 0.39693445 0.45000532 0.44589633  0.47476172 0.42761975 0.50206904 0.41641874
0.00039479 0.36283831 0.35232302 0.39930133 0.34523319 0.50234819  0.48417291 0.45702496 0.47508945 0.39693445 0.45000532 0.44589633  0.47476172 0.42761975 0.50206904 0.41641874
0.00039479 0.36283831 0.35232302 0.39930133 0.34523319 0.50234819  0.48417291 0.45702496 0.47508945 0.39693445 0.45000532 0.44589633  0.47476172 0.42761975 0.50206904 0.41641874
0.00039479 0.36283831 0.35232302 0.39930133 0.34523319 0.50234819  0.48417291 0.45702496 0.47508945 0.39693445 0.45000532 0.44589633  0.47476172 0.42761975 0.50206904 0.41641874
0.00039479 0.36283831 0.35232302 0.39930133 0.34523319 0.50234819  0.48417291 0.45702496 0.47508945 0.39693445 0.45000532 0.44589633  0.47476172 0.42761975 0.50206904 0.41641874
0.00039479 0.36283831 0.35232302 0.39930133 0.34523319 0.50234819  0.48417291 0.45702496 0.47508945 0.39693445 0.45000532 0.44589633  0.47476172 0.42761975 0.50206904 0.41641874
0.00039479 0.36283831 0.35232302 0.39930133 0.34523319 0.50234819  0.48417291 0.45702496 0.47508945 0.39693445 0.45000532 0.44589633  0.47476172 0.42761975 0.50206904 0.41641874
0.00039479 0.36283831 0.35232302 0.39930133 0.34523319 0.50234819  0.48417291 0.45702496 0.47508945 0.39693445 0.45000532 0.44589633  0.47476172 0.42761975 0.50206904 0.41641874
0.00039479 0.36283831 0.35232302 0.39930133 0.34523319 0.50234819  0.48417291 0.45702496 0.47508945 0.39693445 0.45000532 0.44589633  0.47476172 0.42761975 0.50206904 0.41641874
0.00039479 0.36283831 0.35232302 0.39930133 0.34523319 0.50234819  0.48417291 0.45702496 0.47508945 0.39693445 0.45000532 0.44589633  0.47476172 0.42761975 0.50206904 0.41641874
0.00039479 0.36283831 0.35232302 0.39930133 0.34523319 0.50234819  0.48417291 0.45702496 0.47508945 0.39693445 0.45000532 0.44589633  0.47476172 0.42761975 0.50206904 0.41641874
0.00039479 0.36283831 0.35232302 0.39930133 0.34523319 0.50234819  0.48417291 0.45702496 0.47508945 0.39693445 0.45000532 0.44589633  0.47476172 0.42761975 0.50206904 0.41641874
0.00039479 0.36283831 0.35232302 0.39930133 0.34523319 0.50234819  0.48417291 0.45702496 0.47508945 0.39693445 0.45000532 0.44589633  0.47476172 0.42761975 0.50206904 0.41641874
0.00039479 0.36283831 0.35232302 0.39930133 0.34523319 0.50234819  0.48417291 0.45702496 0.47508945 0.39693445 0.45000532 0.44589633  0.47476172 0.42761975 0.50206904 0.41641874
0.00039479 0.36283831 0.35232302 0.39930133 0.34523319 0.50234819  0.48417291 0.45702496 0.47508945 0.39693445 0.45000532 0.44589633  0.47476172 0.42761975 0.50206904 0.41641874
0.00039479 0.36283831 0.35232302 0.39930133 0.34523319 0.50234819  0.48417291 0.45702496 0.47508945 0.39693445 0.45000532 0.44589633  0.47476172 0.42761975 0.50206904 0.41641874
0.00039479 0.36283831 0.35232302 0.39930133 0.34523319 0.50234819  0.48417291 0.45702496 0.47508945 0.39693445 0.45000532 0.44589633  0.47476172 0.42761975 0.50206904 0.41641874
0.00039479 0.36283831 0.35232302 0.39930133 0.34523319 0.50234819  0.48417291 0.45702496 0.47508945 0.39693445 0.45000532 0.44589633  0.47476172 0.42761975 0.50206904 0.41641874
0.00039479 0.36283831 0.35232302 0.39930133 0.34523319 0.50234819  0.48417291 0.45702496 0.47508945 0.39693445 0.45000532 0.44589633  0.47476172 0.42761975 0.50206904 0.41641874
0.00039479 0.36283831 0.35232302 0.39930133 0.34523319 0.50234819  0.48417291 0.45702496 0.47508945 0.39693445 0.45000532 0.44589633  0.47476172 0.42761975 0.50206904 0.41641874
0.00039479 0.36283831 0.35232302 0.39930133 0.34523319 0.50234819  0.48417291 0.45702496 0.47508945 0.39693445 0.45000532 0.44589633  0.47476172 0.42761975 0.50206904 0.41641874
0.00039479 0.36283831 0.35232302 0.39930133 0.34523319 0.50234819  0.48417291 0.45702496 0.47508945 0.39693445 0.45000532 0.44589633  0.47476172 0.42761975 0.50206904 0.41641874
0.00039479 0.36283831 0.35232302 0.39930133 0.34523319 0.50234819  0.48417291 0.45702496 0.47508945 0.39693445 0.45000532 0.44589633  0.47476172 0.42761975 0.50206904 0.41641874
0.00039479 0.36283831 0.35232302 0.39930133 0.34523319 0.50234819  0.48417291 0.45702496 0.47508945 0.39693445 0.45000532 0.44589633  0.47476172 0.42761975 0.50206904 0.41641874
0.00039479 0.36283831 0.35232302 0.39930133 0.34523319 0.50234819  0.48417291 0.45702496 0.47508945 0.39693445 0.45000532 0.44589633  0.47476172 0.42761975 0.50206904 0.41641874
0.00039479 0.36283831 0.35232302 0.39930133 0.34523319 0.50234819  0.48417291 0.45702496 0.47508945 0.39693445 0.45000532 0.44589633  0.47476172 0.42761975 0.50206904 0.41641874
0.00039479 0.36283831 0.35232302 0.39930133 0.34523319 0.50234819  0.48417291 0.45702496 0.47508945 0.39693445 0.45000532 0.44589633  0.47476172 0.42761975 0.50206904 0.41641874
0.00039479 0.36283831 0.35232302 0.39930133 0.34523319 0.50234819  0.48417291 0.45702496 0.47508945 0.39693445 0.45000532 0.44589633  0.47476172 0.42761975 0.50206904 0.41641874
0.00039479 0.36283831 0.35232302 0.39930133 0.34523319 0.50234819  0.48417291 0.45702496 0.47508945 0.39693445 0.45000532 0.44589633  0.47476172 0.42761975 0.50206904 0.41641874
0.00039479 0.36283831 0.35232302 0.39930133 0.34523319 0.50234819  0.48417291 0.45702496 0.47508945 0.39693445 0.45000532 0.44589633  0.47476172 0.42761975 0.50206904 0.41641874
0.00039479 0.36283831 0.35232302 0.39930133 0.34523319 0.50234819  0.48417291 0.45702496 0.47508945 0.39693445 0.45000532 0.44589633  0.47476172 0.42761975 0.50206904 0.41641874
0.00039479 0.36283831 0.35232302 0.39930133 0.34523319 0.50234819  0.48417291 0.45702496 0.47508945 0.39693445 0.45000532 0.44589633  0.47476172 0.42761975 0.50206904 0.41641874
0.00039479 0.36283831 0.35232302 0.39930133 0.34523319 0.50234819  0.48417291 0.45702496 0.47508945 0.39693445 0.45000532 0.44589633  0.47476172 0.42761975 0.50206904 0.41641874
0.00039479 0.36283831 0.35232302 0.39930133 0.34523319 0.50234819  0.48417291 0.45702496 0.47508945 0.39693445 0.45000532 0.44589633  0.47476172 0.42761975 0.50206904 0.41641874
0.00039479 0.36283831 0.35232302 0.39930133 0.34523319 0.50234819  0.48417291 0.45702496 0.47508945 0.39693445 0.45000532 0.44589633  0.47476172 0.42761975 0.50206904 0.41641874
0.00039479 0.36283831 0.35232302 0.39930133 0.34523319 0.50234819  0.48417291 0.45702496 0.47508945 0.39693445 0.45000532 0.44589633  0.47476172 0.42761975 0.50206904 0.41641874
0.00039479 0.36283831 0.35232302 0.39930133 0.34523319 0.50234819  0.48417291 0.45702496 0.47508945 0.39693445 0.45000532 0.44589633  0.47476172 0.42761975 0.50206904 0.41641874
0.00039479 0.36283831 0.35232302 0.39930133 0.34523319 0.50234819  0.48417291 0.45702496 0.47508945 0.39693445 0.45000532 0.44589633  0.47476172 0.42761975 0.50206904 0.41641874
0.00039479 0.36283831 0.35232302 0.39930133 0.34523319 0.50234819  0.48417291 0.45702496 0.47508945 0.39693445 0.45000532 0.44589633  0.47476172 0.42761975 0.50206904 0.41641874
0.00039479 0.36283831 0.35232302 0.39930133 0.34523319 0.50234819  0.48417291 0.45702496 0.47508945 0.39693445 0.45000532 0.44589633  0.47476172 0.42761975 0.50206904 0.41641874
0.00039479 0.36283831 0.35232302 0.39930133 0.34523319 0.50234819  0.48417291 0.45702496 0.47508945 0.39693445 0.45000532 0.44589633  0.47476172 0.42761975 0.50206904 0.41641874
0.00039479 0.36283831 0.35232302 0.39930133 0.34523319 0.50234819  0.48417291 0.45702496 0.47508945 0.39693445 0.45000532 0.44589633  0.47476172 0.42761975 0.50206904 0.41641874
0.00039479 0.36283831 0.35232302 0.39930133 0.34523319 0.50234819  0.48417291 0.45702496 0.47508945 0.39693445 0.45000532 0.44589633  0.47476172 0.42761975 0.50206904 0.41641874
0.00039479 0.36283831 0.35232302 0.39930133 0.34523319 0.50234819  0.48417291 0.45702496 0.47508945 0.39693445 0.45000532 0.44589633  0.47476172 0.42761975 0.50206904 0.41641874
0.00039479 0.36283831 0.35232302 0.39930133 0.34523319 0.50234819  0.48417291 0.45702496 0.47508945 0.39693445 0.45000532 0.44589633  0.47476172 0.42761975 0.50206904 0.41641874
0.00039479 0.36283831 0.35232302 0.39930133 0.34523319 0.50234819  0.48417291 0.45702496 0.47508945 0.39693445 0.45000532 0.44589633  0.47476172 0.42761975 0.50206904 0.41641874
0.00039479 0.36283831 0.35232302 0.39930133 0.34523319 0.50234819  0.48417291 0.45702496 0.47508945 0.39693445 0.45000532 0.44589633  0.47476172 0.42761975 0.50206904 0.41641874
0.00039479 0.36283831 0.35232302 0.39930133 0.34523319 0.50234819  0.48417291 0.45702496 0.47508945 0.39693445 0.45000532 0.44589633  0.47476172 0.42761975 0.50206904 0.41641874
0.00039479 0.36283831 0.35232302 0.39930133 0.34523319 0.50234819  0.48417291 0.45702496 0.47508945 0.39693445 0.45000532 0.44589633  0.47476172 0.42761975 0.50206904 0.41641874
0.00039479 0.36283831 0.35232302 0.39930133 0.34523319 0.50234819  0.48417291 0.45702496 0.47508945 0.39693445 0.45000532 0.44589633  0.47476172 0.42761975 0.50206904 0.41641874
0.00039479 0.36283831 0.35232302 0.39930133 0.34523319 0.50234819  0.48417291 0.45702496 0.47508945 0.39693445 0.45000532 0.44589633  0.47476172 0.42761975 0.50206904 0.41641874
0.00039479 0.36283831 0.35232302 0.39930133 0.34523319 0.50234819  0.48417291 0.45702496 0.47508945 0.39693445 0.45000532 0.44589633  0.47476172 0.42761975 0.50206904 0.41641874
0.00039479 0.36283831 0.35232302 0.39930133 0.34523319 0.50234819  0.48417291 0.45702496 0.47508945 0.39693445 0.45000532 0.44589633  0.47476172 0.42761975 0.50206904 0.41641874
0.00039479 0.36283831 0.35232302 0.39930133 0.34523319 0.50234819  0.48417291 0.45702496 0.47508945 0.39693445 0.45000532 0.44589633  0.47476172 0.42761975 0.50206904 0.41641874
0.00039479 0.36283831 0.35232302 0.39930133 0.34523319 0.50234819  0.48417291 0.45702496 0.47508945 0.39693445 0.45000532 0.44589633  0.47476172 0.42761975 0.50206904 0.41641874
0.00039479 0.36283831 0.35232302 0.39930133 0.34523319 0.50234819  0.48417291 0.45702496 0.47508945 0.39693445 0.45000532 0.44589633  0.47476172 0.42761975 0.50206904 0.41641874
0.00039479 0.36283831 0.35232302 0.39930133 0.34523319 0.50234819  0.48417291 0.45702496 0.47508945 0.39693445 0.45000532 0.44589633  0.47476172 0.42761975 0.50206904 0.41641874
0.0177474  0.38984345 0.33852207 0.42635267 0.35697043 0.47086435  0.45750391 0.47765391 0.48169648 0.39463854 0.42895995 0.44917931  0.51265071 0.44991576 0.53083289 0.43501917
0.03525649 0.41685964 0.32437467 0.45347996 0.36854765 0.43569141  0.43485985 0.4975719  0.47652552 0.39120509 0.39620065 0.45304628  0.55757342 0.45566594 0.52722734 0.46096477
0.08948736 0.49521366 0.28518251 0.51992462 0.39140831 0.38269037  0.37354917 0.53067635 0.51969359 0.39491743 0.40176919 0.45701493  0.55467763 0.50816085 0.64166497 0.45742585
0.16337192 0.5880865  0.24179244 0.57761263 0.39371526 0.39951352  0.31601888 0.52670774 0.61311572 0.4222776  0.48353405 0.45872036  0.43612896 0.55411201 0.80132477 0.40805464
0.29147769 0.71126689 0.19114195 0.61236439 0.35266208 0.52504547  0.27776124 0.47023232 0.64462021 0.4747886  0.42992734 0.48379424  0.50993606 0.43451527 0.58765903 0.54568643
0.36615118 0.77094413 0.16774595 0.60212867 0.32056262 0.62144211  0.28072924 0.45693291 0.69110218 0.46589716 0.51323557 0.46231601  0.52049658 0.42054823 0.52891036 0.50914077
0.42803051 0.79289096 0.21552633 0.62138221 0.25840552 0.66963483  0.24250571 0.43560977 0.64879538 0.44458045 0.52425485 0.46994965  0.58695168 0.44833947 0.3989414  0.44703128
0.49193739 0.77313555 0.34490764 0.64651908 0.15413333 0.73202133  0.15373805 0.43811793 0.51590422 0.40926519 0.4283473  0.53839704  0.75329305 0.50978    0.27550205 0.39510454
0.49193739 0.77313555 0.34490764 0.64651908 0.15413333 0.73202133  0.15373805 0.43811793 0.51590422 0.40926519 0.4283473  0.53839704  0.75329305 0.50978    0.27550205 0.39510454
0.51569063 0.78535397 0.44991699 0.70150227 0.11344214 0.68593649  0.20355969 0.36859952 0.52753695 0.25856338 0.43512605 0.5487436  0.81750869 0.40866912 0.43190123 0.43905112
0.52505641 0.80760846 0.51086402 0.699097   0.1337041  0.67735401  0.21050144 0.36261866 0.55741171 0.25421864 0.41115687 0.51007177  0.74904898 0.42504828 0.41187314 0.46423574
0.54548008 0.82083259 0.59691412 0.71074614 0.1397961  0.66073666  0.1952835  0.35760997 0.5126136  0.25596349 0.41341298 0.47506091  0.67078512 0.47290864 0.43049833 0.41660628
0.55137182 0.83352363 0.63115121 0.70744957 0.13567601 0.64696167  0.21079565 0.34756268 0.52521838 0.23142849 0.3860397  0.43506033  0.63344684 0.49241908 0.41403504 0.43981135
0.57005656 0.84227382 0.62159287 0.68788111 0.136876   0.65074277  0.2695002  0.32792121 0.47994233 0.22310199 0.42145043 0.42291943  0.56026447 0.4669963  0.37203592 0.39510057
0.58958275 0.84583596 0.62039669 0.65211361 0.13841082 0.66888242  0.32422848 0.32968125 0.44721251 0.18555222 0.47021049 0.42213271  0.53996828 0.45882616 0.35417937 0.40745897
0.58958275 0.84583596 0.62039669 0.65211361 0.13841082 0.66888242  0.32422848 0.32968125 0.44721251 0.18555222 0.47021049 0.42213271  0.53996828 0.45882616 0.35417937 0.40745897
0.63026946 0.88471365 0.73021563 0.620465   0.29632739 0.66074501  0.36322701 0.30342611 0.32817948 0.24841311 0.48410519 0.45494686  0.43740726 0.400792   0.39554147 0.2947084 
0.63026946 0.88471365 0.73021563 0.620465   0.29632739 0.66074501  0.36322701 0.30342611 0.32817948 0.24841311 0.48410519 0.45494686  0.43740726 0.400792   0.39554147 0.2947084 
0.66549395 0.85752731 0.73148323 0.53563274 0.28879471 0.67452994  0.40853576 0.41412356 0.32993663 0.19671215 0.52003936 0.42460581  0.5841944  0.44690281 0.41411152 0.32477767
0.66549395 0.85752731 0.73148323 0.53563274 0.28879471 0.67452994  0.40853576 0.41412356 0.32993663 0.19671215 0.52003936 0.42460581  0.5841944  0.44690281 0.41411152 0.32477767
0.70219663 0.80926356 0.78145137 0.5166967  0.26697956 0.61915245  0.39207909 0.53201249 0.36481043 0.26595584 0.4612791  0.41855552  0.39879973 0.30493377 0.49924971 0.3375437 
0.71599007 0.77336167 0.76958976 0.5144443  0.1956571  0.58957149  0.37487741 0.59068749 0.36745438 0.24785125 0.42992195 0.40983093  0.28710011 0.23975369 0.56332065 0.35696186
0.78428524 0.72587149 0.73662815 0.37962048 0.23642854 0.50008948  0.57164143 0.59270246 0.24079428 0.26367059 0.3672013  0.44854698  0.27611478 0.24456098 0.72769278 0.41747003
0.80107593 0.70465761 0.73291542 0.33667951 0.24300939 0.48361223  0.59134777 0.63367713 0.26441797 0.24191205 0.38553741 0.44398191  0.33414404 0.27564322 0.79651392 0.43150671
0.80107593 0.70465761 0.73291542 0.33667951 0.24300939 0.48361223  0.59134777 0.63367713 0.26441797 0.24191205 0.38553741 0.44398191  0.33414404 0.27564322 0.79651392 0.43150671
0.86782969 0.55398105 0.71969451 0.29653383 0.26467825 0.34981874  0.53457111 0.51813401 0.42047899 0.2537191  0.42626454 0.52672066  0.34273654 0.5001526  0.77097984 0.5263833 
0.86467543 0.5383634  0.69021989 0.30958806 0.22261694 0.33407084  0.55219906 0.52144604 0.43359846 0.26564906 0.43250671 0.53769455  0.3630582  0.49298792 0.77604627 0.54918295
0.91395241 0.36554039 0.61787251 0.36460448 0.23420405 0.23213508  0.48519773 0.29828487 0.63500281 0.25661925 0.46891077 0.54195566  0.43110809 0.24594767 0.56377968 0.5054013 
0.91395241 0.36554039 0.61787251 0.36460448 0.23420405 0.23213508  0.48519773 0.29828487 0.63500281 0.25661925 0.46891077 0.54195566  0.43110809 0.24594767 0.56377968 0.5054013 
0.91100188 0.35300496 0.59202853 0.38029954 0.18720536 0.22321046  0.49611568 0.29982844 0.64344022 0.26154317 0.47369405 0.54741963  0.44393195 0.24651718 0.55775063 0.52581548
0.92111155 0.30811771 0.59024675 0.46407464 0.20781737 0.23716553  0.5357722  0.29975689 0.66032826 0.30461403 0.51866678 0.51314804  0.48855959 0.23187388 0.50657522 0.61522588
0.94369129 0.21999132 0.57402481 0.59922301 0.28339467 0.32652367  0.52429087 0.295966   0.53404358 0.30826017 0.54686126 0.35181382  0.51264961 0.21410616 0.5980224  0.73010443
0.94369129 0.21999132 0.57402481 0.59922301 0.28339467 0.32652367  0.52429087 0.295966   0.53404358 0.30826017 0.54686126 0.35181382  0.51264961 0.21410616 0.5980224  0.73010443
0.93300422 0.19448997 0.50779115 0.606364   0.27112937 0.34655727  0.49779038 0.3105217  0.49697377 0.34410275 0.60964406 0.44042132  0.58101201 0.20841748 0.59997768 0.71451962
0.9290191  0.18240179 0.48024596 0.61099712 0.25092849 0.34203991  0.50556023 0.32020546 0.50579121 0.39928427 0.61939481 0.44753249  0.61746633 0.2247065  0.5726537  0.6980091 
0.91245017 0.18285065 0.40798844 0.56282496 0.26903468 0.41258998  0.39327178 0.31591767 0.3169621  0.32184731 0.64944312 0.47919449  0.65498526 0.34600533 0.58915486 0.55724334
0.90342495 0.1822044  0.36971525 0.52531402 0.26234229 0.41113492  0.36462915 0.33036871 0.27562455 0.37911572 0.63852146 0.44447868  0.6602924  0.38268442 0.61167718 0.45520076
0.89602624 0.1746622  0.33327376 0.5107678  0.27046618 0.42320728  0.35109007 0.35671013 0.26511491 0.43781646 0.64572703 0.45158089  0.64482566 0.41581062 0.56970905 0.43591512
0.87052403 0.16449341 0.22743161 0.45256509 0.32638706 0.46794371  0.31476214 0.42766218 0.27365537 0.55769148 0.61519093 0.41978422  0.5596275  0.43913891 0.48576347 0.3936846 
0.85914385 0.16948505 0.19294139 0.42579096 0.35673903 0.48339406  0.31460392 0.44209301 0.308848   0.53732389 0.5741227  0.38551945  0.51330514 0.3844119  0.51074542 0.42893317
0.81480204 0.23155627 0.09727796 0.3043081  0.44163485 0.55823456  0.30018436 0.44325479 0.43577639 0.37514102 0.36791366 0.28705789  0.43346598 0.29792015 0.47988982 0.53047563
0.79289218 0.28610689 0.08762317 0.26000372 0.43464795 0.54716743  0.33339792 0.39978585 0.49634823 0.33693267 0.37535474 0.33145049  0.55741146 0.33425208 0.44620951 0.48362836
0.69507011 0.42110932 0.03977039 0.24692836 0.47984549 0.41441694  0.4806033  0.23101317 0.6536235  0.27607475 0.5070633  0.40156094  0.59256568 0.45496706 0.49515766 0.39049869
0.65885326 0.51267935 0.05244185 0.23212375 0.43670779 0.42313925  0.53867671 0.19474818 0.64906356 0.32718414 0.43754453 0.47995164  0.61380352 0.56218279 0.47191605 0.38523466
0.52053852 0.69629517 0.07760006 0.35324042 0.42472968 0.38495403  0.7045029  0.38289986 0.43554378 0.37894305 0.49561936 0.46517467  0.48520265 0.61004855 0.65607774 0.40153737
0.30689078 0.67646311 0.1415492  0.52716267 0.46984756 0.18759063  0.63848866 0.47672713 0.18562486 0.36938947 0.32896985 0.45763809  0.45405125 0.37371336 0.37104914 0.38361789
0.23346228 0.6512996  0.18111435 0.60533258 0.45264804 0.19877549  0.43879688 0.52645591 0.31546157 0.38856016 0.24307528 0.48220011  0.56393782 0.40083532 0.43452315 0.46500645
0.07072036 0.46614656 0.29703087 0.49537801 0.38589877 0.36790454  0.42476719 0.52354981 0.41109396 0.37319006 0.31579528 0.455873  0.64330505 0.37971972 0.35247623 0.50905457
0.0177474  0.38984345 0.33852207 0.42635267 0.35697043 0.47086435  0.45750391 0.47765391 0.48169648 0.39463854 0.42895995 0.44917931  0.51265071 0.44991576 0.53083289 0.43501917
0.00039479 0.36283831 0.35232302 0.39930133 0.34523319 0.50234819  0.48417291 0.45702496 0.47508945 0.39693445 0.45000532 0.44589633  0.47476172 0.42761975 0.50206904 0.41641874
0.00039479 0.36283831 0.35232302 0.39930133 0.34523319 0.50234819  0.48417291 0.45702496 0.47508945 0.39693445 0.45000532 0.44589633  0.47476172 0.42761975 0.50206904 0.41641874
0.00039479 0.36283831 0.35232302 0.39930133 0.34523319 0.50234819  0.48417291 0.45702496 0.47508945 0.39693445 0.45000532 0.44589633  0.47476172 0.42761975 0.50206904 0.41641874
0.00039479 0.36283831 0.35232302 0.39930133 0.34523319 0.50234819  0.48417291 0.45702496 0.47508945 0.39693445 0.45000532 0.44589633  0.47476172 0.42761975 0.50206904 0.41641874
0.00039479 0.36283831 0.35232302 0.39930133 0.34523319 0.50234819  0.48417291 0.45702496 0.47508945 0.39693445 0.45000532 0.44589633  0.47476172 0.42761975 0.50206904 0.41641874
0.00039479 0.36283831 0.35232302 0.39930133 0.34523319 0.50234819  0.48417291 0.45702496 0.47508945 0.39693445 0.45000532 0.44589633  0.47476172 0.42761975 0.50206904 0.41641874
0.00039479 0.36283831 0.35232302 0.39930133 0.34523319 0.50234819  0.48417291 0.45702496 0.47508945 0.39693445 0.45000532 0.44589633  0.47476172 0.42761975 0.50206904 0.41641874
0.00039479 0.36283831 0.35232302 0.39930133 0.34523319 0.50234819  0.48417291 0.45702496 0.47508945 0.39693445 0.45000532 0.44589633  0.47476172 0.42761975 0.50206904 0.41641874
0.00039479 0.36283831 0.35232302 0.39930133 0.34523319 0.50234819  0.48417291 0.45702496 0.47508945 0.39693445 0.45000532 0.44589633  0.47476172 0.42761975 0.50206904 0.41641874
0.00039479 0.36283831 0.35232302 0.39930133 0.34523319 0.50234819  0.48417291 0.45702496 0.47508945 0.39693445 0.45000532 0.44589633  0.47476172 0.42761975 0.50206904 0.41641874
0.00039479 0.36283831 0.35232302 0.39930133 0.34523319 0.50234819  0.48417291 0.45702496 0.47508945 0.39693445 0.45000532 0.44589633  0.47476172 0.42761975 0.50206904 0.41641874
0.00039479 0.36283831 0.35232302 0.39930133 0.34523319 0.50234819  0.48417291 0.45702496 0.47508945 0.39693445 0.45000532 0.44589633  0.47476172 0.42761975 0.50206904 0.41641874
0.00039479 0.36283831 0.35232302 0.39930133 0.34523319 0.50234819  0.48417291 0.45702496 0.47508945 0.39693445 0.45000532 0.44589633  0.47476172 0.42761975 0.50206904 0.41641874
0.00039479 0.36283831 0.35232302 0.39930133 0.34523319 0.50234819  0.48417291 0.45702496 0.47508945 0.39693445 0.45000532 0.44589633  0.47476172 0.42761975 0.50206904 0.41641874
0.07178099 0.46894405 0.29878683 0.49620857 0.38115364 0.40967381  0.3913229  0.51846145 0.51933854 0.39523029 0.41742156 0.45447903  0.543669   0.49767492 0.62271888 0.44473445
0.23637441 0.68864854 0.18649727 0.65263545 0.43068212 0.28514298  0.29809752 0.57465204 0.56165407 0.36093473 0.48635064 0.42973568  0.52469728 0.52978201 0.63381732 0.34112424
0.30908377 0.68439427 0.16981738 0.544664   0.41368637 0.35536578  0.3832303  0.6277847  0.62589743 0.29645477 0.65766428 0.37821119  0.62756865 0.57277219 0.63786703 0.32178047
0.38134694 0.70582844 0.13429023 0.46882272 0.43104618 0.32403206  0.55497975 0.62928814 0.50195954 0.2443085  0.70404414 0.34043953  0.65896613 0.54293102 0.51923802 0.27918746
0.41762611 0.69894788 0.13522125 0.40986671 0.40724191 0.38571429  0.57298388 0.68964824 0.53306445 0.21918716 0.75559759 0.3171797  0.7455445  0.54329442 0.47951756 0.31056165
0.49636356 0.60373027 0.11319233 0.31249449 0.42680766 0.33559729  0.581631   0.71443688 0.58093429 0.15864533 0.88765501 0.29371181  0.6966109  0.45923546 0.36723035 0.31748236
0.51107488 0.57155072 0.10827752 0.29044265 0.43686781 0.30289843  0.56099351 0.69792294 0.62752003 0.13473508 0.89272599 0.29859928  0.69643249 0.50884634 0.34764879 0.31628404
0.56174435 0.54664001 0.13266643 0.26682979 0.37120166 0.39428462  0.40410699 0.8424049  0.71899097 0.18489183 0.85235595 0.32391468  0.55593776 0.40061328 0.43834406 0.37383931
0.58482213 0.49489426 0.15220519 0.30117564 0.34332115 0.35501699  0.38212279 0.88780564 0.69740601 0.26254247 0.92932284 0.36237495  0.45049155 0.35407162 0.43664955 0.43524249
0.57102682 0.52283381 0.15816327 0.33984792 0.33736744 0.39364954  0.4261861  0.91575169 0.68051643 0.27153385 0.91102324 0.38920302  0.44094279 0.30039343 0.43009712 0.43143386
0.59753731 0.52679047 0.2053048  0.37777146 0.2590972  0.55992314  0.38832076 0.98664141 0.77843313 0.35637529 0.62848844 0.53261508  0.59138752 0.28318966 0.47636292 0.60879213
0.60070245 0.55642195 0.25489673 0.47837868 0.19309254 0.63726128  0.38196206 0.93403092 0.81571733 0.5307369  0.58588191 0.6071014  0.59674221 0.19816534 0.486806   0.70475368
0.53116434 0.66457948 0.30648737 0.57416303 0.16974391 0.66086787  0.19611939 0.72215972 0.63030779 0.70724034 0.3984477  0.50718433  0.57187911 0.28152909 0.40022154 0.40652802
0.47090506 0.75175825 0.20882812 0.52873984 0.22369757 0.7673195  0.18269942 0.58508281 0.62055717 0.45837418 0.35499965 0.45942595  0.70519471 0.39000208 0.34024315 0.45253116
0.49242411 0.78470216 0.16448392 0.49264806 0.2536926  0.74089418  0.33940522 0.52349861 0.55267376 0.44070713 0.40559515 0.4501104  0.54747961 0.33034645 0.31565375 0.45659904
0.51082114 0.79832075 0.14284829 0.47654885 0.27048099 0.72114489  0.45855977 0.41597741 0.44041677 0.47394649 0.36932006 0.47386109  0.45156248 0.29507569 0.29008437 0.45622571
0.51091394 0.80182033 0.11593045 0.45867013 0.31272193 0.65442226  0.57149521 0.36795853 0.4090085  0.48508366 0.43908468 0.47820221  0.3984205  0.32339724 0.36552749 0.4670162 
0.51098542 0.80287834 0.11662393 0.4570782  0.31852414 0.65738848  0.56763496 0.37052369 0.40510205 0.48435308 0.44786725 0.49816179  0.39071535 0.31422983 0.37080882 0.4918452 
0.51098542 0.80287834 0.11662393 0.4570782  0.31852414 0.65738848  0.56763496 0.37052369 0.40510205 0.48435308 0.44786725 0.49816179  0.39071535 0.31422983 0.37080882 0.4918452 
0.52833433 0.79254084 0.13042849 0.43996742 0.29230394 0.69731299  0.53276514 0.39681086 0.38475731 0.48619593 0.36579064 0.50539803  0.43665501 0.29812602 0.3270421  0.49151413
0.52833433 0.79254084 0.13042849 0.43996742 0.29230394 0.69731299  0.53276514 0.39681086 0.38475731 0.48619593 0.36579064 0.50539803  0.43665501 0.29812602 0.3270421  0.49151413
0.56377332 0.76949572 0.12217725 0.35323401 0.30054211 0.69262764  0.62546617 0.44883417 0.37019262 0.44546657 0.41071801 0.48131252  0.56364966 0.36724902 0.39686813 0.4985661 
0.61340101 0.71903966 0.14406318 0.27682457 0.2775758  0.69835208  0.61193309 0.56621351 0.34615182 0.42012298 0.39433198 0.46905466  0.68246643 0.40629902 0.41837443 0.46231467
0.64414106 0.66357242 0.13826273 0.22504152 0.28593367 0.66228485  0.59053039 0.55310096 0.39937993 0.41193428 0.33362467 0.50041471  0.68156082 0.45764457 0.53998788 0.48155716
0.67529441 0.61097486 0.15181198 0.17837833 0.2709519  0.63116839  0.53921358 0.68649718 0.39315923 0.43633039 0.30295757 0.51747876  0.53430491 0.37370009 0.61317989 0.4956614 
0.71746016 0.52126676 0.14719001 0.15456141 0.28171854 0.58788999  0.46764534 0.59658488 0.42130842 0.456554   0.1938738  0.55391463  0.45915243 0.3557881  0.6996555  0.45593025
0.77199013 0.38457501 0.12160642 0.11840755 0.32976388 0.47690671  0.35173526 0.46776758 0.57662908 0.38270379 0.24020806 0.52185397  0.43439721 0.35251902 0.50532402 0.36058675
0.77199013 0.38457501 0.12160642 0.11840755 0.32976388 0.47690671  0.35173526 0.46776758 0.57662908 0.38270379 0.24020806 0.52185397  0.43439721 0.35251902 0.50532402 0.36058675
0.78439602 0.34920449 0.11509822 0.12285053 0.34576701 0.4533275  0.31428084 0.45325025 0.60155421 0.35564157 0.3029053  0.49730314  0.41435012 0.29059942 0.41129945 0.33353117
0.78439602 0.34920449 0.11509822 0.12285053 0.34576701 0.4533275  0.31428084 0.45325025 0.60155421 0.35564157 0.3029053  0.49730314  0.41435012 0.29059942 0.41129945 0.33353117
0.81657787 0.2964412  0.16777111 0.22236562 0.31928336 0.46199285  0.29506825 0.43817424 0.46072973 0.40395154 0.37231701 0.48778903  0.47842644 0.32920773 0.47689664 0.23829164
0.84863644 0.20088896 0.18120255 0.38732256 0.37740289 0.53221428  0.32105213 0.45598036 0.32637987 0.45136009 0.41000008 0.36769836  0.51216655 0.34746292 0.63739034 0.2492713 
0.86038466 0.15466977 0.17710694 0.47126374 0.41910965 0.57618067  0.34334842 0.47085172 0.29499956 0.45718657 0.41975098 0.312882  0.4900018  0.41134436 0.61081486 0.32033856
0.87366111 0.10796031 0.18027522 0.55512432 0.4325031  0.58822912  0.37901231 0.4972905  0.28573936 0.49822525 0.49864287 0.32769465  0.50470586 0.44004632 0.61352894 0.38667556
0.87366111 0.10796031 0.18027522 0.55512432 0.4325031  0.58822912  0.37901231 0.4972905  0.28573936 0.49822525 0.49864287 0.32769465  0.50470586 0.44004632 0.61352894 0.38667556
0.87366111 0.10796031 0.18027522 0.55512432 0.4325031  0.58822912  0.37901231 0.4972905  0.28573936 0.49822525 0.49864287 0.32769465  0.50470586 0.44004632 0.61352894 0.38667556
0.87366111 0.10796031 0.18027522 0.55512432 0.4325031  0.58822912  0.37901231 0.4972905  0.28573936 0.49822525 0.49864287 0.32769465  0.50470586 0.44004632 0.61352894 0.38667556
0.87366111 0.10796031 0.18027522 0.55512432 0.4325031  0.58822912  0.37901231 0.4972905  0.28573936 0.49822525 0.49864287 0.32769465  0.50470586 0.44004632 0.61352894 0.38667556
0.86973916 0.12465766 0.18277251 0.51749235 0.41108689 0.55981166  0.35410087 0.47621456 0.27762652 0.50825209 0.52570585 0.33359999  0.52189645 0.40125334 0.6172476  0.39767421
0.86973916 0.12465766 0.18277251 0.51749235 0.41108689 0.55981166  0.35410087 0.47621456 0.27762652 0.50825209 0.52570585 0.33359999  0.52189645 0.40125334 0.6172476  0.39767421
0.86973916 0.12465766 0.18277251 0.51749235 0.41108689 0.55981166  0.35410087 0.47621456 0.27762652 0.50825209 0.52570585 0.33359999  0.52189645 0.40125334 0.6172476  0.39767421
0.86136408 0.15001717 0.1756712  0.48034425 0.42231546 0.58449503  0.34058436 0.47227735 0.27241198 0.45383852 0.42724289 0.30220826  0.50914352 0.3846361  0.65603695 0.31541   
0.84903935 0.16466307 0.14801763 0.45424001 0.45215187 0.60529152  0.34640308 0.46648874 0.31973409 0.40417403 0.38204102 0.27317142  0.52534528 0.34488604 0.65041141 0.35176983
0.84903935 0.16466307 0.14801763 0.45424001 0.45215187 0.60529152  0.34640308 0.46648874 0.31973409 0.40417403 0.38204102 0.27317142  0.52534528 0.34488604 0.65041141 0.35176983
0.83749326 0.1787159  0.11945522 0.42597529 0.47257696 0.63006811  0.33320082 0.46225832 0.35463363 0.3505592  0.34369964 0.25246822  0.50536926 0.33598415 0.59043177 0.42029748
0.82049598 0.20807883 0.0910421  0.349297   0.47136069 0.59792033  0.31753393 0.45487476 0.41902966 0.35944411 0.33906788 0.25171751  0.44010618 0.30267686 0.54488857 0.51514389
0.79976861 0.28924249 0.10165895 0.21089227 0.39770546 0.51703425  0.30051236 0.44745396 0.50904186 0.34431643 0.31704479 0.38743006  0.44418647 0.24600473 0.50616115 0.38070141
0.7689441  0.36256951 0.09195815 0.11502946 0.36984051 0.43640136  0.35905026 0.4429618  0.65211285 0.33690123 0.34520823 0.49225303  0.42027361 0.29836074 0.46732284 0.40181043
0.56877504 0.67254836 0.06443658 0.33677824 0.41750527 0.49150524  0.65532443 0.32201064 0.50067272 0.38953923 0.54999573 0.44791996  0.4964405  0.3660499  0.63952618 0.39677358
0.47421706 0.79827016 0.09471298 0.4876619  0.37754206 0.52183392  0.61641484 0.34223156 0.43242632 0.4833034  0.51637168 0.47951887  0.33576943 0.38752998 0.54629836 0.44331854
0.21573797 0.63526695 0.19881883 0.59949465 0.42966724 0.27697486  0.39068563 0.51549064 0.41227098 0.43181574 0.27408422 0.50064229  0.52693051 0.41113184 0.55429143 0.52757985
0.01779563 0.38669558 0.33863985 0.42004769 0.35385851 0.46460162  0.48109267 0.47190843 0.43452283 0.38595027 0.3992976  0.44733029  0.52908455 0.38078184 0.39373238 0.44873962
0.00039479 0.36283831 0.35232302 0.39930133 0.34523319 0.50234819  0.48417291 0.45702496 0.47508945 0.39693445 0.45000532 0.44589633  0.47476172 0.42761975 0.50206904 0.41641874
0.00039479 0.36283831 0.35232302 0.39930133 0.34523319 0.50234819  0.48417291 0.45702496 0.47508945 0.39693445 0.45000532 0.44589633  0.47476172 0.42761975 0.50206904 0.41641874
0.00039479 0.36283831 0.35232302 0.39930133 0.34523319 0.50234819  0.48417291 0.45702496 0.47508945 0.39693445 0.45000532 0.44589633  0.47476172 0.42761975 0.50206904 0.41641874
0.00039479 0.36283831 0.35232302 0.39930133 0.34523319 0.50234819  0.48417291 0.45702496 0.47508945 0.39693445 0.45000532 0.44589633  0.47476172 0.42761975 0.50206904 0.41641874
0.00039479 0.36283831 0.35232302 0.39930133 0.34523319 0.50234819  0.48417291 0.45702496 0.47508945 0.39693445 0.45000532 0.44589633  0.47476172 0.42761975 0.50206904 0.41641874
0.00039479 0.36283831 0.35232302 0.39930133 0.34523319 0.50234819  0.48417291 0.45702496 0.47508945 0.39693445 0.45000532 0.44589633  0.47476172 0.42761975 0.50206904 0.41641874
0.00039479 0.36283831 0.35232302 0.39930133 0.34523319 0.50234819  0.48417291 0.45702496 0.47508945 0.39693445 0.45000532 0.44589633  0.47476172 0.42761975 0.50206904 0.41641874
0.00039479 0.36283831 0.35232302 0.39930133 0.34523319 0.50234819  0.48417291 0.45702496 0.47508945 0.39693445 0.45000532 0.44589633  0.47476172 0.42761975 0.50206904 0.41641874
0.00039479 0.36283831 0.35232302 0.39930133 0.34523319 0.50234819  0.48417291 0.45702496 0.47508945 0.39693445 0.45000532 0.44589633  0.47476172 0.42761975 0.50206904 0.41641874
0.00039479 0.36283831 0.35232302 0.39930133 0.34523319 0.50234819  0.48417291 0.45702496 0.47508945 0.39693445 0.45000532 0.44589633  0.47476172 0.42761975 0.50206904 0.41641874
0.00039479 0.36283831 0.35232302 0.39930133 0.34523319 0.50234819  0.48417291 0.45702496 0.47508945 0.39693445 0.45000532 0.44589633  0.47476172 0.42761975 0.50206904 0.41641874
0.00039479 0.36283831 0.35232302 0.39930133 0.34523319 0.50234819  0.48417291 0.45702496 0.47508945 0.39693445 0.45000532 0.44589633  0.47476172 0.42761975 0.50206904 0.41641874
0.00039479 0.36283831 0.35232302 0.39930133 0.34523319 0.50234819  0.48417291 0.45702496 0.47508945 0.39693445 0.45000532 0.44589633  0.47476172 0.42761975 0.50206904 0.41641874
0.00039479 0.36283831 0.35232302 0.39930133 0.34523319 0.50234819  0.48417291 0.45702496 0.47508945 0.39693445 0.45000532 0.44589633  0.47476172 0.42761975 0.50206904 0.41641874
0.00039479 0.36283831 0.35232302 0.39930133 0.34523319 0.50234819  0.48417291 0.45702496 0.47508945 0.39693445 0.45000532 0.44589633  0.47476172 0.42761975 0.50206904 0.41641874
0.00039479 0.36283831 0.35232302 0.39930133 0.34523319 0.50234819  0.48417291 0.45702496 0.47508945 0.39693445 0.45000532 0.44589633  0.47476172 0.42761975 0.50206904 0.41641874
0.00039479 0.36283831 0.35232302 0.39930133 0.34523319 0.50234819  0.48417291 0.45702496 0.47508945 0.39693445 0.45000532 0.44589633  0.47476172 0.42761975 0.50206904 0.41641874
0.00039479 0.36283831 0.35232302 0.39930133 0.34523319 0.50234819  0.48417291 0.45702496 0.47508945 0.39693445 0.45000532 0.44589633  0.47476172 0.42761975 0.50206904 0.41641874
0.14266281 0.57111811 0.24346926 0.58864857 0.41919893 0.2750046  0.34447917 0.58052413 0.43403321 0.36578813 0.27666781 0.46216179  0.71573849 0.41513062 0.40326657 0.53135164
0.36661795 0.7767623  0.16211571 0.60245107 0.32619286 0.61521486  0.30052563 0.44270694 0.69906975 0.45547767 0.56633753 0.45143997  0.4938231  0.41995112 0.52191772 0.48463096
0.42171714 0.81159209 0.14346617 0.58709314 0.31055413 0.65015237  0.34046159 0.42144209 0.63585157 0.46311384 0.52288784 0.4584271  0.4659697  0.36945024 0.44683659 0.47824036
0.49224314 0.7977581  0.14807368 0.51037736 0.2732437  0.70531842  0.40135692 0.41715806 0.4650843  0.49542829 0.32421721 0.49443847  0.44822397 0.29139745 0.31834211 0.48140268
0.62408973 0.69442957 0.27388622 0.45561006 0.14767503 0.63791477  0.43337371 0.53646128 0.21897663 0.55617681 0.38647667 0.56987676  0.3613362  0.32947958 0.31416874 0.34352521
0.7425966  0.63544034 0.46553457 0.39194707 0.06953251 0.51480256  0.58565879 0.63881987 0.19916829 0.47506046 0.46303562 0.53125493  0.50427692 0.44988744 0.54701621 0.34243326
0.78692935 0.65609011 0.62699731 0.37639241 0.10712767 0.45936452  0.617333   0.64134113 0.2865764  0.33886    0.40318159 0.44320452  0.44583133 0.3321464  0.72719155 0.38479303
0.79808809 0.68502496 0.70128878 0.35940734 0.15292992 0.43746897  0.63870351 0.63748717 0.34548051 0.33079433 0.34060706 0.34225384  0.36233395 0.32048282 0.74527559 0.41160487
0.80103862 0.69756039 0.72713276 0.34371228 0.19992861 0.44639359  0.62778556 0.63594361 0.33704309 0.32587041 0.33582378 0.33678987  0.34951009 0.31991331 0.75130463 0.39119069
0.80250603 0.70569449 0.74363592 0.33011097 0.24792784 0.46114476  0.61197438 0.64107466 0.31573679 0.31640342 0.36446596 0.37895866  0.34175979 0.3059388  0.76236477 0.41189293
0.80250603 0.70569449 0.74363592 0.33011097 0.24792784 0.46114476  0.61197438 0.64107466 0.31573679 0.31640342 0.36446596 0.37895866  0.34175979 0.3059388  0.76236477 0.41189293
0.80250603 0.70569449 0.74363592 0.33011097 0.24792784 0.46114476  0.61197438 0.64107466 0.31573679 0.31640342 0.36446596 0.37895866  0.34175979 0.3059388  0.76236477 0.41189293
0.80250603 0.70569449 0.74363592 0.33011097 0.24792784 0.46114476  0.61197438 0.64107466 0.31573679 0.31640342 0.36446596 0.37895866  0.34175979 0.3059388  0.76236477 0.41189293
0.80250603 0.70569449 0.74363592 0.33011097 0.24792784 0.46114476  0.61197438 0.64107466 0.31573679 0.31640342 0.36446596 0.37895866  0.34175979 0.3059388  0.76236477 0.41189293
0.80103862 0.69756039 0.72713276 0.34371228 0.19992861 0.44639359  0.62778556 0.63594361 0.33704309 0.32587041 0.33582378 0.33678987  0.34951009 0.31991331 0.75130463 0.39119069
0.82444768 0.64184483 0.72880111 0.35650513 0.19662736 0.39830717  0.63061929 0.59287629 0.38126513 0.37491716 0.38963778 0.39042376  0.382073   0.4155992  0.75093059 0.48299575
0.84321417 0.60194683 0.73194375 0.36512199 0.20756941 0.36196467  0.66917649 0.5263976  0.49226304 0.42573221 0.3335268  0.43854873  0.42206517 0.41598507 0.782349   0.56118877
0.87186858 0.53635799 0.72401851 0.3308831  0.2245577  0.29313586  0.61726321 0.52356327 0.57408982 0.37847855 0.38796175 0.43833443  0.38084349 0.4705312  0.69690982 0.55729791
0.9024728  0.45702681 0.7261225  0.36105519 0.27959796 0.23200264  0.60214008 0.48125563 0.72661305 0.40513046 0.46872308 0.39684423  0.39481957 0.32203138 0.47627072 0.53628902
0.91534386 0.42232633 0.7164381  0.36022657 0.29793475 0.21829547  0.56945207 0.40450182 0.75788319 0.39983152 0.446679   0.39881987  0.40896694 0.29216264 0.44677385 0.50493707
0.92461868 0.37374286 0.67533702 0.37662137 0.2753647  0.19725646  0.56169529 0.32344255 0.78694388 0.41411483 0.40998244 0.41691893  0.45252529 0.25117622 0.46280576 0.49932577
0.92461868 0.37374286 0.67533702 0.37662137 0.2753647  0.19725646  0.56169529 0.32344255 0.78694388 0.41411483 0.40998244 0.41691893  0.45252529 0.25117622 0.46280576 0.49932577
0.92461868 0.37374286 0.67533702 0.37662137 0.2753647  0.19725646  0.56169529 0.32344255 0.78694388 0.41411483 0.40998244 0.41691893  0.45252529 0.25117622 0.46280576 0.49932577
0.94891335 0.28017128 0.66254027 0.52724168 0.35191961 0.27893595  0.57135196 0.32204187 0.69352495 0.41154478 0.44776527 0.28252815  0.46743146 0.21479903 0.50709647 0.64149862
0.94699482 0.26295875 0.63793566 0.56089258 0.30890079 0.27571131  0.60680884 0.33449555 0.73276545 0.40182665 0.44096299 0.31922702  0.47274421 0.20663873 0.47721694 0.66444333
0.94699482 0.26295875 0.63793566 0.56089258 0.30890079 0.27571131  0.60680884 0.33449555 0.73276545 0.40182665 0.44096299 0.31922702  0.47274421 0.20663873 0.47721694 0.66444333
0.94857496 0.22369947 0.60084847 0.61570344 0.3228991  0.3157353  0.62578778 0.34722907 0.70467727 0.37886785 0.44531222 0.34082317  0.50499218 0.18699613 0.55654002 0.67689173
0.95964864 0.2038305  0.62495305 0.66373546 0.39764307 0.35624498  0.6405828  0.35912302 0.6921637  0.37399634 0.44135532 0.31561361  0.47669481 0.20918628 0.53302055 0.71917891
0.96488153 0.18140121 0.62185749 0.71521512 0.42419364 0.39367058  0.67151729 0.3864454  0.69264187 0.35690081 0.41593437 0.30688227  0.46962573 0.21960016 0.56011664 0.70799068
0.96488153 0.18140121 0.62185749 0.71521512 0.42419364 0.39367058  0.67151729 0.3864454  0.69264187 0.35690081 0.41593437 0.30688227  0.46962573 0.21960016 0.56011664 0.70799068
0.9654258  0.17884351 0.62251308 0.72565654 0.42707904 0.39770751  0.687054   0.39446033 0.71338714 0.34602015 0.40515592 0.32920507  0.46030073 0.21936509 0.53910987 0.70124591
0.97055842 0.15469349 0.6238995  0.80623131 0.45505761 0.44105913  0.78065951 0.45733119 0.80588399 0.29072649 0.33842324 0.44877355  0.40473481 0.26977723 0.43311893 0.62109493
0.97310303 0.14309373 0.6218217  0.83848658 0.47393912 0.46712857  0.81316259 0.48364855 0.83178821 0.26830562 0.29825848 0.4734386  0.38046605 0.29905453 0.4187057  0.56766002
0.9701525  0.1305583  0.59597771 0.85418164 0.42694043 0.45820396  0.82408054 0.48519211 0.84022562 0.27322954 0.30304176 0.47890257  0.39328992 0.29962404 0.41267666 0.5880742 
0.97407445 0.11386095 0.59348042 0.89181362 0.44835664 0.48662142  0.84899198 0.50626805 0.84833846 0.2632027  0.27597878 0.47299722  0.37609932 0.33841702 0.40895799 0.57707555
0.97407445 0.11386095 0.59348042 0.89181362 0.44835664 0.48662142  0.84899198 0.50626805 0.84833846 0.2632027  0.27597878 0.47299722  0.37609932 0.33841702 0.40895799 0.57707555
0.97591216 0.10510031 0.59279461 0.9186741  0.46107193 0.50597203  0.87839525 0.53206791 0.87572225 0.24504572 0.24539746 0.50846872  0.35090646 0.3642158  0.37605605 0.53066431
0.97591216 0.10510031 0.59279461 0.9186741  0.46107193 0.50597203  0.87839525 0.53206791 0.87572225 0.24504572 0.24539746 0.50846872  0.35090646 0.3642158  0.37605605 0.53066431
0.97474634 0.09530177 0.57808659 0.94620073 0.45988452 0.53820162  0.88297075 0.53934275 0.85638549 0.1718912  0.24061312 0.58196961  0.34321235 0.37131958 0.36623652 0.48590568
0.97474634 0.09530177 0.57808659 0.94620073 0.45988452 0.53820162  0.88297075 0.53934275 0.85638549 0.1718912  0.24061312 0.58196961  0.34321235 0.37131958 0.36623652 0.48590568
0.97474634 0.09530177 0.57808659 0.94620073 0.45988452 0.53820162  0.88297075 0.53934275 0.85638549 0.1718912  0.24061312 0.58196961  0.34321235 0.37131958 0.36623652 0.48590568
0.97466113 0.09543125 0.57776189 0.94568405 0.45925471 0.53856628  0.88146485 0.53828485 0.85288366 0.17106906 0.24115884 0.58199965  0.34541167 0.37165245 0.37000542 0.48257322
0.97466113 0.09543125 0.57776189 0.94568405 0.45925471 0.53856628  0.88146485 0.53828485 0.85288366 0.17106906 0.24115884 0.58199965  0.34541167 0.37165245 0.37000542 0.48257322
0.97466113 0.09543125 0.57776189 0.94568405 0.45925471 0.53856628  0.88146485 0.53828485 0.85288366 0.17106906 0.24115884 0.58199965  0.34541167 0.37165245 0.37000542 0.48257322
0.97466113 0.09543125 0.57776189 0.94568405 0.45925471 0.53856628  0.88146485 0.53828485 0.85288366 0.17106906 0.24115884 0.58199965  0.34541167 0.37165245 0.37000542 0.48257322
0.97067601 0.08334308 0.5502167  0.95031718 0.43905383 0.53404893  0.8892347  0.54796861 0.8617011  0.22625058 0.2509096  0.58911081  0.38186599 0.38794147 0.34268145 0.4660627 
0.97067601 0.08334308 0.5502167  0.95031718 0.43905383 0.53404893  0.8892347  0.54796861 0.8617011  0.22625058 0.2509096  0.58911081  0.38186599 0.38794147 0.34268145 0.4660627 
0.96488237 0.07033091 0.51578925 0.94833314 0.43698042 0.53331318  0.90038915 0.57149335 0.86868244 0.29466858 0.251804   0.58882508  0.41314023 0.37304043 0.34728637 0.40889998
0.96291563 0.06678596 0.50352599 0.95445981 0.42068772 0.54607768  0.8806196  0.5605045  0.82399232 0.23028921 0.26971883 0.62487631  0.40180564 0.37175486 0.38544103 0.4109072 
0.95685355 0.05484003 0.46899248 0.95449874 0.42390609 0.55882199  0.85989255 0.56797776 0.80366464 0.25915364 0.30095935 0.65845493  0.44385727 0.3527542  0.40897114 0.38784986
0.95181334 0.04244948 0.43604088 0.95654498 0.40631352 0.56637869  0.84379714 0.57053682 0.76906563 0.26654344 0.33907915 0.70655017  0.47724916 0.37209731 0.40195948 0.38993895
0.93650439 0.03942555 0.36935184 0.89812895 0.43318729 0.5927791  0.76229382 0.57768692 0.67164688 0.37215525 0.38252616 0.66414345  0.54742391 0.40990792 0.40521083 0.30771373
0.90551555 0.05258561 0.25190349 0.75808801 0.4397323  0.63012374  0.56799465 0.57121135 0.41421232 0.44716335 0.44851967 0.53665973  0.53927094 0.50847511 0.50924781 0.22608226
0.86978836 0.07764298 0.14550682 0.64103622 0.50825957 0.67062033  0.50787088 0.60782899 0.44049568 0.41947763 0.36115459 0.44087752  0.35721639 0.51546511 0.50261877 0.31053219
0.86649377 0.0932031  0.14552156 0.59099073 0.48788061 0.63956353  0.45127235 0.56490674 0.38632842 0.45472989 0.41072361 0.37230781  0.40223233 0.46669831 0.56991421 0.37558464
0.83186391 0.15843177 0.08253399 0.46589673 0.53628042 0.68913907  0.39709582 0.52476963 0.43857196 0.31362152 0.25226907 0.25389814  0.40059795 0.38283187 0.56826011 0.43478311
0.70951744 0.37787682 0.0181788  0.33111263 0.53572638 0.50380946  0.52073982 0.21834398 0.61666992 0.25400082 0.54294932 0.30633988  0.63422393 0.43503624 0.6147887  0.43532742
0.58130071 0.58043691 0.03734859 0.43354922 0.486825   0.45988665  0.5587081  0.01172183 0.59214614 0.4018878  0.3832721  0.4752883  0.41462898 0.49811748 0.56950677 0.32308012
0.51809519 0.73116651 0.06817672 0.45634535 0.4126074  0.5186621  0.61554495 0.17992581 0.45497014 0.458876   0.49649173 0.46804231  0.37649199 0.32751774 0.49950922 0.35837867
0.28851848 0.67414867 0.14818536 0.55394243 0.46900493 0.18776148  0.59236925 0.46369109 0.2060783  0.40025233 0.29027908 0.48203376  0.41497204 0.34497941 0.38303074 0.42183187
0.12389271 0.51646198 0.25595428 0.51912394 0.41864387 0.28944215  0.45905956 0.50944181 0.33868233 0.40246293 0.22806237 0.48949654  0.63293245 0.38155414 0.40480166 0.55617165
0.05336775 0.43914143 0.31083182 0.46832666 0.37416152 0.39938838  0.45143619 0.50292086 0.40448693 0.37548598 0.33684065 0.45259001  0.60541605 0.3574237  0.32371238 0.49045415
0.01779563 0.38669558 0.33863985 0.42004769 0.35385851 0.46460162  0.48109267 0.47190843 0.43452283 0.38595027 0.3992976  0.44733029  0.52908455 0.38078184 0.39373238 0.44873962
0.00039479 0.36283831 0.35232302 0.39930133 0.34523319 0.50234819  0.48417291 0.45702496 0.47508945 0.39693445 0.45000532 0.44589633  0.47476172 0.42761975 0.50206904 0.41641874
0.00039479 0.36283831 0.35232302 0.39930133 0.34523319 0.50234819  0.48417291 0.45702496 0.47508945 0.39693445 0.45000532 0.44589633  0.47476172 0.42761975 0.50206904 0.41641874
0.00039479 0.36283831 0.35232302 0.39930133 0.34523319 0.50234819  0.48417291 0.45702496 0.47508945 0.39693445 0.45000532 0.44589633  0.47476172 0.42761975 0.50206904 0.41641874
0.00039479 0.36283831 0.35232302 0.39930133 0.34523319 0.50234819  0.48417291 0.45702496 0.47508945 0.39693445 0.45000532 0.44589633  0.47476172 0.42761975 0.50206904 0.41641874
0.00039479 0.36283831 0.35232302 0.39930133 0.34523319 0.50234819  0.48417291 0.45702496 0.47508945 0.39693445 0.45000532 0.44589633  0.47476172 0.42761975 0.50206904 0.41641874
0.00039479 0.36283831 0.35232302 0.39930133 0.34523319 0.50234819  0.48417291 0.45702496 0.47508945 0.39693445 0.45000532 0.44589633  0.47476172 0.42761975 0.50206904 0.41641874
0.00039479 0.36283831 0.35232302 0.39930133 0.34523319 0.50234819  0.48417291 0.45702496 0.47508945 0.39693445 0.45000532 0.44589633  0.47476172 0.42761975 0.50206904 0.41641874
0.00039479 0.36283831 0.35232302 0.39930133 0.34523319 0.50234819  0.48417291 0.45702496 0.47508945 0.39693445 0.45000532 0.44589633  0.47476172 0.42761975 0.50206904 0.41641874
0.00039479 0.36283831 0.35232302 0.39930133 0.34523319 0.50234819  0.48417291 0.45702496 0.47508945 0.39693445 0.45000532 0.44589633  0.47476172 0.42761975 0.50206904 0.41641874
0.00039479 0.36283831 0.35232302 0.39930133 0.34523319 0.50234819  0.48417291 0.45702496 0.47508945 0.39693445 0.45000532 0.44589633  0.47476172 0.42761975 0.50206904 0.41641874
0.00039479 0.36283831 0.35232302 0.39930133 0.34523319 0.50234819  0.48417291 0.45702496 0.47508945 0.39693445 0.45000532 0.44589633  0.47476172 0.42761975 0.50206904 0.41641874
0.00039479 0.36283831 0.35232302 0.39930133 0.34523319 0.50234819  0.48417291 0.45702496 0.47508945 0.39693445 0.45000532 0.44589633  0.47476172 0.42761975 0.50206904 0.41641874
0.00039479 0.36283831 0.35232302 0.39930133 0.34523319 0.50234819  0.48417291 0.45702496 0.47508945 0.39693445 0.45000532 0.44589633  0.47476172 0.42761975 0.50206904 0.41641874
0.00039479 0.36283831 0.35232302 0.39930133 0.34523319 0.50234819  0.48417291 0.45702496 0.47508945 0.39693445 0.45000532 0.44589633  0.47476172 0.42761975 0.50206904 0.41641874
0.00039479 0.36283831 0.35232302 0.39930133 0.34523319 0.50234819  0.48417291 0.45702496 0.47508945 0.39693445 0.45000532 0.44589633  0.47476172 0.42761975 0.50206904 0.41641874
