0.00039479 0.36283831 0.35232302 0.39930133 0.34523319 0.50234819  0.48417291 0.45702496 0.47508945 0.39693445 0.45000532 0.44589633  0.47476172 0.42761975 0.50206904 0.41641874
0.00039479 0.36283831 0.35232302 0.39930133 0.34523319 0.50234819  0.48417291 0.45702496 0.47508945 0.39693445 0.45000532 0.44589633  0.47476172 0.42761975 0.50206904 0.41641874
0.00039479 0.36283831 0.35232302 0.39930133 0.34523319 0.50234819  0.48417291 0.45702496 0.47508945 0.39693445 0.45000532 0.44589633  0.47476172 0.42761975 0.50206904 0.41641874
0.00039479 0.36283831 0.35232302 0.39930133 0.34523319 0.50234819  0.48417291 0.45702496 0.47508945 0.39693445 0.45000532 0.44589633  0.47476172 0.42761975 0.50206904 0.41641874
0.00039479 0.36283831 0.35232302 0.39930133 0.34523319 0.50234819  0.48417291 0.45702496 0.47508945 0.39693445 0.45000532 0.44589633  0.47476172 0.42761975 0.50206904 0.41641874
0.00039479 0.36283831 0.35232302 0.39930133 0.34523319 0.50234819  0.48417291 0.45702496 0.47508945 0.39693445 0.45000532 0.44589633  0.47476172 0.42761975 0.50206904 0.41641874
0.00039479 0.36283831 0.35232302 0.39930133 0.34523319 0.50234819  0.48417291 0.45702496 0.47508945 0.39693445 0.45000532 0.44589633  0.47476172 0.42761975 0.50206904 0.41641874
0.00039479 0.36283831 0.35232302 0.39930133 0.34523319 0.50234819  0.48417291 0.45702496 0.47508945 0.39693445 0.45000532 0.44589633  0.47476172 0.42761975 0.50206904 0.41641874
0.00039479 0.36283831 0.35232302 0.39930133 0.34523319 0.50234819  0.48417291 0.45702496 0.47508945 0.39693445 0.45000532 0.44589633  0.47476172 0.42761975 0.50206904 0.41641874
0.00039479 0.36283831 0.35232302 0.39930133 0.34523319 0.50234819  0.48417291 0.45702496 0.47508945 0.39693445 0.45000532 0.44589633  0.47476172 0.42761975 0.50206904 0.41641874
0.00039479 0.36283831 0.35232302 0.39930133 0.34523319 0.50234819  0.48417291 0.45702496 0.47508945 0.39693445 0.45000532 0.44589633  0.47476172 0.42761975 0.50206904 0.41641874
0.00039479 0.36283831 0.35232302 0.39930133 0.34523319 0.50234819  0.48417291 0.45702496 0.47508945 0.39693445 0.45000532 0.44589633  0.47476172 0.42761975 0.50206904 0.41641874
0.00039479 0.36283831 0.35232302 0.39930133 0.34523319 0.50234819  0.48417291 0.45702496 0.47508945 0.39693445 0.45000532 0.44589633  0.47476172 0.42761975 0.50206904 0.41641874
0.00039479 0.36283831 0.35232302 0.39930133 0.34523319 0.50234819  0.48417291 0.45702496 0.47508945 0.39693445 0.45000532 0.44589633  0.47476172 0.42761975 0.50206904 0.41641874
0.00039479 0.36283831 0.35232302 0.39930133 0.34523319 0.50234819  0.48417291 0.45702496 0.47508945 0.39693445 0.45000532 0.44589633  0.47476172 0.42761975 0.50206904 0.41641874
0.00039479 0.36283831 0.35232302 0.39930133 0.34523319 0.50234819  0.48417291 0.45702496 0.47508945 0.39693445 0.45000532 0.44589633  0.47476172 0.42761975 0.50206904 0.41641874
0.00039479 0.36283831 0.35232302 0.39930133 0.34523319 0.50234819  0.48417291 0.45702496 0.47508945 0.39693445 0.45000532 0.44589633  0.47476172 0.42761975 0.50206904 0.41641874
0.00039479 0.36283831 0.35232302 0.39930133 0.34523319 0.50234819  0.48417291 0.45702496 0.47508945 0.39693445 0.45000532 0.44589633  0.47476172 0.42761975 0.50206904 0.41641874
0.00039479 0.36283831 0.35232302 0.39930133 0.34523319 0.50234819  0.48417291 0.45702496 0.47508945 0.39693445 0.45000532 0.44589633  0.47476172 0.42761975 0.50206904 0.41641874
0.00039479 0.36283831 0.35232302 0.39930133 0.34523319 0.50234819  0.48417291 0.45702496 0.47508945 0.39693445 0.45000532 0.44589633  0.47476172 0.42761975 0.50206904 0.41641874
0.00039479 0.36283831 0.35232302 0.39930133 0.34523319 0.50234819  0.48417291 0.45702496 0.47508945 0.39693445 0.45000532 0.44589633  0.47476172 0.42761975 0.50206904 0.41641874
0.00039479 0.36283831 0.35232302 0.39930133 0.34523319 0.50234819  0.48417291 0.45702496 0.47508945 0.39693445 0.45000532 0.44589633  0.47476172 0.42761975 0.50206904 0.41641874
0.00039479 0.36283831 0.35232302 0.39930133 0.34523319 0.50234819  0.48417291 0.45702496 0.47508945 0.39693445 0.45000532 0.44589633  0.47476172 0.42761975 0.50206904 0.41641874
0.00039479 0.36283831 0.35232302 0.39930133 0.34523319 0.50234819  0.48417291 0.45702496 0.47508945 0.39693445 0.45000532 0.44589633  0.47476172 0.42761975 0.50206904 0.41641874
0.00039479 0.36283831 0.35232302 0.39930133 0.34523319 0.50234819  0.48417291 0.45702496 0.47508945 0.39693445 0.45000532 0.44589633  0.47476172 0.42761975 0.50206904 0.41641874
0.00039479 0.36283831 0.35232302 0.39930133 0.34523319 0.50234819  0.48417291 0.45702496 0.47508945 0.39693445 0.45000532 0.44589633  0.47476172 0.42761975 0.50206904 0.41641874
0.00039479 0.36283831 0.35232302 0.39930133 0.34523319 0.50234819  0.48417291 0.45702496 0.47508945 0.39693445 0.45000532 0.44589633  0.47476172 0.42761975 0.50206904 0.41641874
0.00039479 0.36283831 0.35232302 0.39930133 0.34523319 0.50234819  0.48417291 0.45702496 0.47508945 0.39693445 0.45000532 0.44589633  0.47476172 0.42761975 0.50206904 0.41641874
0.00039479 0.36283831 0.35232302 0.39930133 0.34523319 0.50234819  0.48417291 0.45702496 0.47508945 0.39693445 0.45000532 0.44589633  0.47476172 0.42761975 0.50206904 0.41641874
0.00039479 0.36283831 0.35232302 0.39930133 0.34523319 0.50234819  0.48417291 0.45702496 0.47508945 0.39693445 0.45000532 0.44589633  0.47476172 0.42761975 0.50206904 0.41641874
0.00039479 0.36283831 0.35232302 0.39930133 0.34523319 0.50234819  0.48417291 0.45702496 0.47508945 0.39693445 0.45000532 0.44589633  0.47476172 0.42761975 0.50206904 0.41641874
0.00039479 0.36283831 0.35232302 0.39930133 0.34523319 0.50234819  0.48417291 0.45702496 0.47508945 0.39693445 0.45000532 0.44589633  0.47476172 0.42761975 0.50206904 0.41641874
0.00039479 0.36283831 0.35232302 0.39930133 0.34523319 0.50234819  0.48417291 0.45702496 0.47508945 0.39693445 0.45000532 0.44589633  0.47476172 0.42761975 0.50206904 0.41641874
0.00039479 0.36283831 0.35232302 0.39930133 0.34523319 0.50234819  0.48417291 0.45702496 0.47508945 0.39693445 0.45000532 0.44589633  0.47476172 0.42761975 0.50206904 0.41641874
0.00039479 0.36283831 0.35232302 0.39930133 0.34523319 0.50234819  0.48417291 0.45702496 0.47508945 0.39693445 0.45000532 0.44589633  0.47476172 0.42761975 0.50206904 0.41641874
0.00039479 0.36283831 0.35232302 0.39930133 0.34523319 0.50234819  0.48417291 0.45702496 0.47508945 0.39693445 0.45000532 0.44589633  0.47476172 0.42761975 0.50206904 0.41641874
0.00039479 0.36283831 0.35232302 0.39930133 0.34523319 0.50234819  0.48417291 0.45702496 0.47508945 0.39693445 0.45000532 0.44589633  0.47476172 0.42761975 0.50206904 0.41641874
0.00039479 0.36283831 0.35232302 0.39930133 0.34523319 0.50234819  0.48417291 0.45702496 0.47508945 0.39693445 0.45000532 0.44589633  0.47476172 0.42761975 0.50206904 0.41641874
0.00039479 0.36283831 0.35232302 0.39930133 0.34523319 0.50234819  0.48417291 0.45702496 0.47508945 0.39693445 0.45000532 0.44589633  0.47476172 0.42761975 0.50206904 0.41641874
0.00039479 0.36283831 0.35232302 0.39930133 0.34523319 0.50234819  0.48417291 0.45702496 0.47508945 0.39693445 0.45000532 0.44589633  0.47476172 0.42761975 0.50206904 0.41641874
0.00039479 0.36283831 0.35232302 0.39930133 0.34523319 0.50234819  0.48417291 0.45702496 0.47508945 0.39693445 0.45000532 0.44589633  0.47476172 0.42761975 0.50206904 0.41641874
0.00039479 0.36283831 0.35232302 0.39930133 0.34523319 0.50234819  0.48417291 0.45702496 0.47508945 0.39693445 0.45000532 0.44589633  0.47476172 0.42761975 0.50206904 0.41641874
0.00039479 0.36283831 0.35232302 0.39930133 0.34523319 0.50234819  0.48417291 0.45702496 0.47508945 0.39693445 0.45000532 0.44589633  0.47476172 0.42761975 0.50206904 0.41641874
0.00039479 0.36283831 0.35232302 0.39930133 0.34523319 0.50234819  0.48417291 0.45702496 0.47508945 0.39693445 0.45000532 0.44589633  0.47476172 0.42761975 0.50206904 0.41641874
0.00039479 0.36283831 0.35232302 0.39930133 0.34523319 0.50234819  0.48417291 0.45702496 0.47508945 0.39693445 0.45000532 0.44589633  0.47476172 0.42761975 0.50206904 0.41641874
0.00039479 0.36283831 0.35232302 0.39930133 0.34523319 0.50234819  0.48417291 0.45702496 0.47508945 0.39693445 0.45000532 0.44589633  0.47476172 0.42761975 0.50206904 0.41641874
0.00039479 0.36283831 0.35232302 0.39930133 0.34523319 0.50234819  0.48417291 0.45702496 0.47508945 0.39693445 0.45000532 0.44589633  0.47476172 0.42761975 0.50206904 0.41641874
0.00039479 0.36283831 0.35232302 0.39930133 0.34523319 0.50234819  0.48417291 0.45702496 0.47508945 0.39693445 0.45000532 0.44589633  0.47476172 0.42761975 0.50206904 0.41641874
0.0177474  0.38984345 0.33852207 0.42635267 0.35697043 0.47086435  0.45750391 0.47765391 0.48169648 0.39463854 0.42895995 0.44917931  0.51265071 0.44991576 0.53083289 0.43501917
0.07219041 0.4625789  0.30509759 0.48249172 0.36307135 0.46869752  0.38960032 0.48818572 0.5541493  0.43265161 0.43211871 0.47072834  0.45806783 0.49454618 0.70775685 0.45977915
0.10781768 0.51613212 0.27729616 0.53327433 0.38345976 0.4083989  0.34795383 0.52267837 0.551833   0.42503155 0.39025557 0.47473221  0.52396111 0.5071177  0.70671607 0.48615139
0.16286356 0.57590665 0.2532735  0.56544201 0.37337983 0.45627066  0.29970872 0.49669328 0.61484649 0.46432276 0.39320384 0.49121999  0.486377   0.54403976 0.81084268 0.49574775
0.27334675 0.70914443 0.1896632  0.64241417 0.37717802 0.46278482  0.25246673 0.47517371 0.65342817 0.4875172  0.42295474 0.49731773  0.41735094 0.51698903 0.79873204 0.47045632
0.32865318 0.75737616 0.16806392 0.63753737 0.3574828  0.51991138  0.26675109 0.46987999 0.66871712 0.46897454 0.48434724 0.47314478  0.46263647 0.44807772 0.61330881 0.49120576
0.40343091 0.8007634  0.15511196 0.5957954  0.3058326  0.66343265  0.28722977 0.45309638 0.70901758 0.45371406 0.550006   0.45055164  0.55642592 0.41144441 0.48545025 0.49774096
0.40343091 0.8007634  0.15511196 0.5957954  0.3058326  0.66343265  0.28722977 0.45309638 0.70901758 0.45371406 0.550006   0.45055164  0.55642592 0.41144441 0.48545025 0.49774096
0.49193739 0.77313555 0.34490764 0.64651908 0.15413333 0.73202133  0.15373805 0.43811793 0.51590422 0.40926519 0.4283473  0.53839704  0.75329305 0.50978    0.27550205 0.39510454
0.51256285 0.79773183 0.44843952 0.67342075 0.12871059 0.69334302  0.19242289 0.37469473 0.52963006 0.24234981 0.3974748  0.49898545  0.73371729 0.45953901 0.36994933 0.47741821
0.58120414 0.83029948 0.64806783 0.72701203 0.11997245 0.60890479  0.27722973 0.3201388  0.41715283 0.2944431  0.39726292 0.46363897  0.56296666 0.45932679 0.43540102 0.3517831 
0.64424611 0.82947655 0.70839656 0.67717511 0.11887611 0.58091405  0.41008918 0.34006565 0.40972394 0.30561497 0.39713877 0.36661247  0.33177773 0.30397977 0.44406821 0.27496491
0.64424611 0.82947655 0.70839656 0.67717511 0.11887611 0.58091405  0.41008918 0.34006565 0.40972394 0.30561497 0.39713877 0.36661247  0.33177773 0.30397977 0.44406821 0.27496491
0.67706577 0.78631949 0.71755216 0.61556289 0.10431682 0.56911095  0.39272278 0.46694653 0.40957326 0.29072973 0.3875845  0.36128259  0.30630656 0.25795269 0.50524662 0.29498411
0.69490517 0.77501031 0.71636117 0.57202016 0.10225779 0.57762032  0.42650152 0.51152776 0.40843625 0.26135416 0.41593789 0.34368444  0.3863827  0.28833441 0.51510812 0.30706223
0.69490517 0.77501031 0.71636117 0.57202016 0.10225779 0.57762032  0.42650152 0.51152776 0.40843625 0.26135416 0.41593789 0.34368444  0.3863827  0.28833441 0.51510812 0.30706223
0.69490517 0.77501031 0.71636117 0.57202016 0.10225779 0.57762032  0.42650152 0.51152776 0.40843625 0.26135416 0.41593789 0.34368444  0.3863827  0.28833441 0.51510812 0.30706223
0.69490517 0.77501031 0.71636117 0.57202016 0.10225779 0.57762032  0.42650152 0.51152776 0.40843625 0.26135416 0.41593789 0.34368444  0.3863827  0.28833441 0.51510812 0.30706223
0.69490517 0.77501031 0.71636117 0.57202016 0.10225779 0.57762032  0.42650152 0.51152776 0.40843625 0.26135416 0.41593789 0.34368444  0.3863827  0.28833441 0.51510812 0.30706223
0.72782806 0.74687143 0.70926175 0.52211943 0.11043911 0.53328233  0.47756284 0.54393499 0.3205651  0.31070589 0.32860869 0.38492063  0.29876432 0.24292617 0.54722717 0.36193323
0.74465344 0.6843413  0.5693934  0.4552643  0.05737654 0.50603828  0.58749577 0.54335573 0.18800712 0.36170051 0.40800528 0.47947246  0.43840241 0.37345309 0.57478131 0.35972504
0.73432811 0.66192261 0.50706965 0.45443732 0.06344836 0.53070688  0.56455545 0.5471381  0.13367144 0.3468534  0.45892729 0.56410694  0.51214823 0.3398393  0.60406729 0.33952091
0.73432811 0.66192261 0.50706965 0.45443732 0.06344836 0.53070688  0.56455545 0.5471381  0.13367144 0.3468534  0.45892729 0.56410694  0.51214823 0.3398393  0.60406729 0.33952091
0.66363848 0.65769134 0.24268957 0.31962359 0.18679971 0.6508544  0.50283436 0.65464036 0.23382954 0.46686131 0.35580474 0.50947043  0.46644848 0.30315974 0.4281131  0.35534259
0.57893926 0.75093148 0.15414268 0.36454816 0.25489554 0.72505783  0.53716471 0.5152316  0.33986227 0.45396588 0.3506393  0.46014752  0.5852238  0.34564291 0.28430743 0.42847515
0.56348734 0.7642965  0.13100261 0.3567271  0.27896904 0.7081317  0.58193414 0.50494316 0.39042092 0.43522554 0.39294224 0.45509741  0.59114729 0.35340423 0.34033081 0.49675441
0.52881402 0.78959914 0.11423107 0.41449294 0.31081036 0.66109549  0.60682525 0.40953235 0.40797795 0.4511486  0.46356904 0.45850945  0.48239467 0.35098142 0.38574781 0.47335388
0.51137231 0.79643704 0.12734435 0.44948244 0.29478963 0.68789362  0.52875963 0.43126405 0.45973096 0.43816859 0.47588104 0.44693209  0.48959699 0.33876368 0.35407141 0.46289446
0.4940234  0.80677454 0.11353979 0.46659322 0.32100984 0.64796911  0.56362945 0.40497688 0.48007569 0.43632574 0.55795765 0.43969584  0.44365733 0.3548675  0.39783813 0.46322553
0.4940234  0.80677454 0.11353979 0.46659322 0.32100984 0.64796911  0.56362945 0.40497688 0.48007569 0.43632574 0.55795765 0.43969584  0.44365733 0.3548675  0.39783813 0.46322553
0.4940234  0.80677454 0.11353979 0.46659322 0.32100984 0.64796911  0.56362945 0.40497688 0.48007569 0.43632574 0.55795765 0.43969584  0.44365733 0.3548675  0.39783813 0.46322553
0.51146511 0.79993663 0.10042651 0.43160372 0.33703057 0.62117098  0.64169506 0.38324518 0.42832268 0.44930576 0.54564566 0.45127321  0.43645501 0.36708524 0.42951453 0.47368495
0.5288502  0.78405947 0.10288509 0.39031419 0.33155691 0.62644655  0.65322508 0.4493614  0.43121685 0.42698037 0.55322645 0.43853031  0.50316601 0.38281431 0.43822306 0.49167611
0.5288502  0.78405947 0.10288509 0.39031419 0.33155691 0.62644655  0.65322508 0.4493614  0.43121685 0.42698037 0.55322645 0.43853031  0.50316601 0.38281431 0.43822306 0.49167611
0.58108692 0.75256055 0.12394235 0.31353641 0.28926624 0.69493698  0.64085643 0.51238524 0.37699323 0.42387175 0.40951623 0.44861004  0.63806581 0.39214551 0.40029533 0.49172826
0.58108692 0.75256055 0.12394235 0.31353641 0.28926624 0.69493698  0.64085643 0.51238524 0.37699323 0.42387175 0.40951623 0.44861004  0.63806581 0.39214551 0.40029533 0.49172826
0.54644978 0.77232352 0.09582484 0.34712351 0.34185412 0.61325183  0.71214736 0.45680348 0.41778916 0.41562658 0.56980044 0.43204295  0.55008453 0.4215556  0.49818758 0.48664996
0.54644978 0.77232352 0.09582484 0.34712351 0.34185412 0.61325183  0.71214736 0.45680348 0.41778916 0.41562658 0.56980044 0.43204295  0.55008453 0.4215556  0.49818758 0.48664996
0.52906469 0.78820068 0.09336626 0.38841304 0.34732777 0.60797626  0.70061735 0.39068725 0.41489499 0.43795197 0.56221965 0.44478585  0.48337353 0.40582652 0.48947905 0.4686588 
0.51146511 0.79993663 0.10042651 0.43160372 0.33703057 0.62117098  0.64169506 0.38324518 0.42832268 0.44930576 0.54564566 0.45127321  0.43645501 0.36708524 0.42951453 0.47368495
0.44054965 0.82022789 0.12361278 0.55557381 0.33438396 0.60795342  0.46314807 0.39556488 0.55763478 0.4277996  0.63100969 0.42226633  0.33193637 0.36346912 0.41500279 0.3699135 
0.44054965 0.82022789 0.12361278 0.55557381 0.33438396 0.60795342  0.46314807 0.39556488 0.55763478 0.4277996  0.63100969 0.42226633  0.33193637 0.36346912 0.41500279 0.3699135 
0.42165265 0.81373267 0.12417337 0.57712905 0.35414627 0.55237416  0.45013075 0.40473574 0.541394   0.43271315 0.60551598 0.42969986  0.29442039 0.37982966 0.46041851 0.35598421
0.42165265 0.81373267 0.12417337 0.57712905 0.35414627 0.55237416  0.45013075 0.40473574 0.541394   0.43271315 0.60551598 0.42969986  0.29442039 0.37982966 0.46041851 0.35598421
0.32828533 0.76763445 0.13787814 0.64709288 0.42596792 0.31026171  0.39711911 0.50811761 0.46795564 0.37949602 0.51765635 0.42820043  0.32184623 0.41251202 0.50381303 0.29975061
0.32828533 0.76763445 0.13787814 0.64709288 0.42596792 0.31026171  0.39711911 0.50811761 0.46795564 0.37949602 0.51765635 0.42820043  0.32184623 0.41251202 0.50381303 0.29975061
0.25333745 0.70064593 0.17283645 0.654463   0.44128746 0.23811043  0.34253033 0.56505619 0.45606156 0.36169274 0.39083178 0.44246622  0.52140427 0.45854508 0.51176053 0.37590475
0.16113776 0.59654737 0.2301951  0.60741668 0.42673755 0.25708448  0.33532904 0.58617756 0.43941123 0.35750582 0.29598695 0.45429866  0.70298453 0.42763509 0.40924099 0.49956179
0.12495655 0.54458068 0.25750976 0.56260968 0.40920057 0.31225047  0.36134389 0.56050845 0.46142152 0.36872329 0.33478844 0.45276901  0.65060516 0.44992207 0.47309068 0.48336623
0.0703101  0.46806309 0.29667752 0.50128842 0.38835198 0.36671883  0.40672235 0.53170012 0.4398619  0.37816405 0.32355409 0.45771279  0.6470118  0.42232529 0.4347028  0.51043549
0.0703101  0.46806309 0.29667752 0.50128842 0.38835198 0.36671883  0.40672235 0.53170012 0.4398619  0.37816405 0.32355409 0.45771279  0.6470118  0.42232529 0.4347028  0.51043549
0.0703101  0.46806309 0.29667752 0.50128842 0.38835198 0.36671883  0.40672235 0.53170012 0.4398619  0.37816405 0.32355409 0.45771279  0.6470118  0.42232529 0.4347028  0.51043549
0.08821896 0.49393403 0.28285114 0.52470308 0.39746893 0.33500943  0.39261534 0.5478669  0.42515909 0.37017036 0.29596501 0.45870186  0.68842695 0.40997704 0.39360715 0.52301728
0.12440017 0.54590072 0.25553648 0.56951008 0.41500592 0.27984344  0.36660049 0.573536   0.4031488  0.35895289 0.25716352 0.46023151  0.74080632 0.38769006 0.32975746 0.53921284
0.14266281 0.57111811 0.24346926 0.58864857 0.41919893 0.2750046  0.34447917 0.58052413 0.43403321 0.36578813 0.27666781 0.46216179  0.71573849 0.41513062 0.40326657 0.53135164
0.14266281 0.57111811 0.24346926 0.58864857 0.41919893 0.2750046  0.34447917 0.58052413 0.43403321 0.36578813 0.27666781 0.46216179  0.71573849 0.41513062 0.40326657 0.53135164
0.17961253 0.61614618 0.22389555 0.61624957 0.41417083 0.30307985  0.30661481 0.57059304 0.49958038 0.39864179 0.31308146 0.47380931  0.6262296  0.44721117 0.54523643 0.51999949
0.17961253 0.61614618 0.22389555 0.61624957 0.41417083 0.30307985  0.30661481 0.57059304 0.49958038 0.39864179 0.31308146 0.47380931  0.6262296  0.44721117 0.54523643 0.51999949
0.19833658 0.63883475 0.21222741 0.62646613 0.41691234 0.29908555  0.31233357 0.56341806 0.49144026 0.39629939 0.33077444 0.47038819  0.59338922 0.42961601 0.52034289 0.49803926
0.2719089  0.71339478 0.17317784 0.65376551 0.41381258 0.32725366  0.32025547 0.5056417  0.48792418 0.44650141 0.32654897 0.49428552  0.43099024 0.42413065 0.61201346 0.47247489
0.29029162 0.73671883 0.16110443 0.66898747 0.41884487 0.31366494  0.31373868 0.51097604 0.48959879 0.43923185 0.3378257  0.48995468  0.4294036  0.43138736 0.61396907 0.44714578
0.36368844 0.77722413 0.13292155 0.63258895 0.39810698 0.40759328  0.39034047 0.4055107  0.4707867  0.5024757  0.33910503 0.51961021  0.34075692 0.40042769 0.61915886 0.48023819
0.41969749 0.79564798 0.12690531 0.57347637 0.35558381 0.52958755  0.44874006 0.38516823 0.46199461 0.49685919 0.39088016 0.5003949  0.35163138 0.3438758  0.49030766 0.48734956
0.49233594 0.80125768 0.12115584 0.49249864 0.31548464 0.63859579  0.51429236 0.36913918 0.43367603 0.50656546 0.39398183 0.49877959  0.39508199 0.319719   0.39378523 0.49219317
0.57793781 0.73449758 0.11816932 0.3383795  0.29930709 0.66954935  0.59938059 0.39816252 0.40814244 0.46326129 0.31364102 0.49552737  0.57524095 0.43604115 0.45071297 0.48661252
0.67345793 0.59263468 0.13381936 0.17807512 0.28012251 0.59247771  0.55536535 0.61157366 0.4366164  0.45439355 0.26351839 0.51973888  0.46770126 0.42947037 0.67809777 0.51551137
0.74442474 0.4733833  0.1692353  0.16020574 0.25614006 0.53142842  0.44504939 0.5832944  0.42447851 0.48303881 0.23536408 0.56787937  0.45047741 0.45431645 0.68041814 0.3935431 
0.81647602 0.30420745 0.18434331 0.21287699 0.27435005 0.39239729  0.32213685 0.44854524 0.52425401 0.48008721 0.48763836 0.59199649  0.45722365 0.40169374 0.3531537  0.34418699
0.84437694 0.2674828  0.24739734 0.30601409 0.25421023 0.38254812  0.33767161 0.427006   0.44591859 0.52079937 0.55658652 0.57558644  0.5079026  0.48207898 0.37923335 0.36093723
0.88107984 0.20015675 0.30653291 0.45051909 0.25846501 0.40637736  0.34831154 0.3837943  0.32343475 0.52697673 0.62788822 0.49788202  0.62965966 0.47466621 0.46183678 0.36896142
0.89608994 0.17784137 0.33686196 0.509662   0.27552105 0.42396588  0.35499553 0.3574032  0.28501313 0.46279536 0.63481511 0.43678747  0.65799661 0.41930964 0.54273473 0.4153778 
0.9289194  0.14591218 0.43958265 0.65400198 0.27858092 0.38098994  0.53406426 0.35535018 0.49602582 0.45200535 0.59144343 0.41190638  0.65538076 0.21456218 0.64225738 0.62551464
0.93284135 0.12921484 0.43708537 0.69163396 0.29999714 0.40940741  0.55897569 0.37642612 0.50413865 0.44197852 0.56438045 0.40600104  0.63819017 0.25335516 0.63853871 0.61451598
0.95027904 0.12990011 0.50310268 0.75150512 0.32569119 0.43682188  0.60641398 0.37400651 0.52373992 0.32463463 0.50608145 0.37358876  0.56394052 0.28850177 0.6387561  0.6863621 
0.95131103 0.125223   0.50434206 0.76946096 0.32967106 0.44252186  0.63095291 0.38491662 0.55454301 0.30999258 0.49449589 0.40482366  0.55642941 0.27977196 0.61490562 0.68889263
0.95131103 0.125223   0.50434206 0.76946096 0.32967106 0.44252186  0.63095291 0.38491662 0.55454301 0.30999258 0.49449589 0.40482366  0.55642941 0.27977196 0.61490562 0.68889263
0.95368392 0.11418352 0.5060564  0.8092664  0.34144117 0.46016174  0.68157399 0.41347112 0.61102264 0.27797843 0.46227958 0.46963741  0.52687916 0.29867267 0.55437813 0.66524447
0.96246437 0.139082   0.56559815 0.80078887 0.37802744 0.45842049  0.68479247 0.39927896 0.62667023 0.21148933 0.4171193  0.41391933  0.45940073 0.26856189 0.59621012 0.67413472
0.96484833 0.12791158 0.56526844 0.83436581 0.39111769 0.4791014  0.71806895 0.42545982 0.65143379 0.19490482 0.39356763 0.45119723  0.44450791 0.28715914 0.57104839 0.63755952
0.96484833 0.12791158 0.56526844 0.83436581 0.39111769 0.4791014  0.71806895 0.42545982 0.65143379 0.19490482 0.39356763 0.45119723  0.44450791 0.28715914 0.57104839 0.63755952
0.96484833 0.12791158 0.56526844 0.83436581 0.39111769 0.4791014  0.71806895 0.42545982 0.65143379 0.19490482 0.39356763 0.45119723  0.44450791 0.28715914 0.57104839 0.63755952
0.96484833 0.12791158 0.56526844 0.83436581 0.39111769 0.4791014  0.71806895 0.42545982 0.65143379 0.19490482 0.39356763 0.45119723  0.44450791 0.28715914 0.57104839 0.63755952
0.96484833 0.12791158 0.56526844 0.83436581 0.39111769 0.4791014  0.71806895 0.42545982 0.65143379 0.19490482 0.39356763 0.45119723  0.44450791 0.28715914 0.57104839 0.63755952
0.96086321 0.1158234  0.53772325 0.83899894 0.37091681 0.47458404  0.7258388  0.43514358 0.66025124 0.25008634 0.40331839 0.45830839  0.48096223 0.30344816 0.54372441 0.62104901
0.96086321 0.1158234  0.53772325 0.83899894 0.37091681 0.47458404  0.7258388  0.43514358 0.66025124 0.25008634 0.40331839 0.45830839  0.48096223 0.30344816 0.54372441 0.62104901
0.95027424 0.09000092 0.47129925 0.84085932 0.35245802 0.48010691  0.72600492 0.46317673 0.64276753 0.32981191 0.4396223  0.50662958  0.54326059 0.30236888 0.53382132 0.57150654
0.94438249 0.07730988 0.43706215 0.84415589 0.35657811 0.4938819  0.71049277 0.47322402 0.63016276 0.35434691 0.46699558 0.54663017  0.58059886 0.28285845 0.55028461 0.54830147
0.94438249 0.07730988 0.43706215 0.84415589 0.35657811 0.4938819  0.71049277 0.47322402 0.63016276 0.35434691 0.46699558 0.54663017  0.58059886 0.28285845 0.55028461 0.54830147
0.94438249 0.07730988 0.43706215 0.84415589 0.35657811 0.4938819  0.71049277 0.47322402 0.63016276 0.35434691 0.46699558 0.54663017  0.58059886 0.28285845 0.55028461 0.54830147
0.94438249 0.07730988 0.43706215 0.84415589 0.35657811 0.4938819  0.71049277 0.47322402 0.63016276 0.35434691 0.46699558 0.54663017  0.58059886 0.28285845 0.55028461 0.54830147
0.93586316 0.0811405  0.40363286 0.79585072 0.36759505 0.50278419  0.63779459 0.45011961 0.53193248 0.37487297 0.51417056 0.51734825  0.65614825 0.26202554 0.61985758 0.51155288
0.90375255 0.06921966 0.26410269 0.70310374 0.40343206 0.55353325  0.52514734 0.50513453 0.41512655 0.54563756 0.54966431 0.46223078  0.63129654 0.35653951 0.56209573 0.41580026
0.87604507 0.09678988 0.17994551 0.58870127 0.44559335 0.60891004  0.41228878 0.52347136 0.31050292 0.48164073 0.47509121 0.36497255  0.48981305 0.45864357 0.5883672  0.35010036
0.84141521 0.16201855 0.11695793 0.46360727 0.49399317 0.65848558  0.35811226 0.48333426 0.36274646 0.34053236 0.31663666 0.24656288  0.48817866 0.37477713 0.58671311 0.40929882
0.8293193  0.17003153 0.08461179 0.43364147 0.51739892 0.66306963  0.36459274 0.49845228 0.41266774 0.33604239 0.29243383 0.2292331  0.42486671 0.35355457 0.58267333 0.48821802
0.81386738 0.18339655 0.06147172 0.4258204  0.54147242 0.64614349  0.40936217 0.48816383 0.46322639 0.31730205 0.33473676 0.22418298  0.4307902  0.36131589 0.63869672 0.55649728
0.70531187 0.43080621 0.04110623 0.28159221 0.4773981  0.55020303  0.52400088 0.23100123 0.61001541 0.28466771 0.39737627 0.37267023  0.70833665 0.43622754 0.59794978 0.41055814
0.70531187 0.43080621 0.04110623 0.28159221 0.4773981  0.55020303  0.52400088 0.23100123 0.61001541 0.28466771 0.39737627 0.37267023  0.70833665 0.43622754 0.59794978 0.41055814
0.52740777 0.63209994 0.05227584 0.3937549  0.47523956 0.33486615  0.62737095 0.14863723 0.49265171 0.40382229 0.39455954 0.50313485  0.45147745 0.53033465 0.69081072 0.32628812
0.41153525 0.72530678 0.09024448 0.54391981 0.46692774 0.2954597  0.57762185 0.32583495 0.34952011 0.4573905  0.37171418 0.49726386  0.33028976 0.39516517 0.65512304 0.36330231
0.26954471 0.66426263 0.16056276 0.57701766 0.46000997 0.20400483  0.51360319 0.47624366 0.26399948 0.44312041 0.20600662 0.52063987  0.47353418 0.36704551 0.49750742 0.52045969
0.12533139 0.50967901 0.25912463 0.49726704 0.40719178 0.32027915  0.49906263 0.48010065 0.31722912 0.39621292 0.27007437 0.47965577  0.57355994 0.33736261 0.32798347 0.50310945
0.07071553 0.43665019 0.29701358 0.44470122 0.38784077 0.37303512  0.52250472 0.4620233  0.32886559 0.40925832 0.27386396 0.48354075  0.56306425 0.34195086 0.35452694 0.52445318
0.01779563 0.38669558 0.33863985 0.42004769 0.35385851 0.46460162  0.48109267 0.47190843 0.43452283 0.38595027 0.3992976  0.44733029  0.52908455 0.38078184 0.39373238 0.44873962
0.00039479 0.36283831 0.35232302 0.39930133 0.34523319 0.50234819  0.48417291 0.45702496 0.47508945 0.39693445 0.45000532 0.44589633  0.47476172 0.42761975 0.50206904 0.41641874
0.00039479 0.36283831 0.35232302 0.39930133 0.34523319 0.50234819  0.48417291 0.45702496 0.47508945 0.39693445 0.45000532 0.44589633  0.47476172 0.42761975 0.50206904 0.41641874
0.00039479 0.36283831 0.35232302 0.39930133 0.34523319 0.50234819  0.48417291 0.45702496 0.47508945 0.39693445 0.45000532 0.44589633  0.47476172 0.42761975 0.50206904 0.41641874
0.00039479 0.36283831 0.35232302 0.39930133 0.34523319 0.50234819  0.48417291 0.45702496 0.47508945 0.39693445 0.45000532 0.44589633  0.47476172 0.42761975 0.50206904 0.41641874
0.00039479 0.36283831 0.35232302 0.39930133 0.34523319 0.50234819  0.48417291 0.45702496 0.47508945 0.39693445 0.45000532 0.44589633  0.47476172 0.42761975 0.50206904 0.41641874
0.00039479 0.36283831 0.35232302 0.39930133 0.34523319 0.50234819  0.48417291 0.45702496 0.47508945 0.39693445 0.45000532 0.44589633  0.47476172 0.42761975 0.50206904 0.41641874
0.00039479 0.36283831 0.35232302 0.39930133 0.34523319 0.50234819  0.48417291 0.45702496 0.47508945 0.39693445 0.45000532 0.44589633  0.47476172 0.42761975 0.50206904 0.41641874
0.00039479 0.36283831 0.35232302 0.39930133 0.34523319 0.50234819  0.48417291 0.45702496 0.47508945 0.39693445 0.45000532 0.44589633  0.47476172 0.42761975 0.50206904 0.41641874
0.00039479 0.36283831 0.35232302 0.39930133 0.34523319 0.50234819  0.48417291 0.45702496 0.47508945 0.39693445 0.45000532 0.44589633  0.47476172 0.42761975 0.50206904 0.41641874
0.00039479 0.36283831 0.35232302 0.39930133 0.34523319 0.50234819  0.48417291 0.45702496 0.47508945 0.39693445 0.45000532 0.44589633  0.47476172 0.42761975 0.50206904 0.41641874
0.00039479 0.36283831 0.35232302 0.39930133 0.34523319 0.50234819  0.48417291 0.45702496 0.47508945 0.39693445 0.45000532 0.44589633  0.47476172 0.42761975 0.50206904 0.41641874
0.00039479 0.36283831 0.35232302 0.39930133 0.34523319 0.50234819  0.48417291 0.45702496 0.47508945 0.39693445 0.45000532 0.44589633  0.47476172 0.42761975 0.50206904 0.41641874
0.00039479 0.36283831 0.35232302 0.39930133 0.34523319 0.50234819  0.48417291 0.45702496 0.47508945 0.39693445 0.45000532 0.44589633  0.47476172 0.42761975 0.50206904 0.41641874
0.00039479 0.36283831 0.35232302 0.39930133 0.34523319 0.50234819  0.48417291 0.45702496 0.47508945 0.39693445 0.45000532 0.44589633  0.47476172 0.42761975 0.50206904 0.41641874
0.00039479 0.36283831 0.35232302 0.39930133 0.34523319 0.50234819  0.48417291 0.45702496 0.47508945 0.39693445 0.45000532 0.44589633  0.47476172 0.42761975 0.50206904 0.41641874
0.00039479 0.36283831 0.35232302 0.39930133 0.34523319 0.50234819  0.48417291 0.45702496 0.47508945 0.39693445 0.45000532 0.44589633  0.47476172 0.42761975 0.50206904 0.41641874
0.00039479 0.36283831 0.35232302 0.39930133 0.34523319 0.50234819  0.48417291 0.45702496 0.47508945 0.39693445 0.45000532 0.44589633  0.47476172 0.42761975 0.50206904 0.41641874
0.00039479 0.36283831 0.35232302 0.39930133 0.34523319 0.50234819  0.48417291 0.45702496 0.47508945 0.39693445 0.45000532 0.44589633  0.47476172 0.42761975 0.50206904 0.41641874
0.00039479 0.36283831 0.35232302 0.39930133 0.34523319 0.50234819  0.48417291 0.45702496 0.47508945 0.39693445 0.45000532 0.44589633  0.47476172 0.42761975 0.50206904 0.41641874
0.00039479 0.36283831 0.35232302 0.39930133 0.34523319 0.50234819  0.48417291 0.45702496 0.47508945 0.39693445 0.45000532 0.44589633  0.47476172 0.42761975 0.50206904 0.41641874
0.00039479 0.36283831 0.35232302 0.39930133 0.34523319 0.50234819  0.48417291 0.45702496 0.47508945 0.39693445 0.45000532 0.44589633  0.47476172 0.42761975 0.50206904 0.41641874
0.00039479 0.36283831 0.35232302 0.39930133 0.34523319 0.50234819  0.48417291 0.45702496 0.47508945 0.39693445 0.45000532 0.44589633  0.47476172 0.42761975 0.50206904 0.41641874
0.00039479 0.36283831 0.35232302 0.39930133 0.34523319 0.50234819  0.48417291 0.45702496 0.47508945 0.39693445 0.45000532 0.44589633  0.47476172 0.42761975 0.50206904 0.41641874
0.00039479 0.36283831 0.35232302 0.39930133 0.34523319 0.50234819  0.48417291 0.45702496 0.47508945 0.39693445 0.45000532 0.44589633  0.47476172 0.42761975 0.50206904 0.41641874
