0.00039479 0.36283831 0.35232302 0.39930133 0.34523319 0.50234819  0.48417291 0.45702496 0.47508945 0.39693445 0.45000532 0.44589633  0.47476172 0.42761975 0.50206904 0.41641874
0.00039479 0.36283831 0.35232302 0.39930133 0.34523319 0.50234819  0.48417291 0.45702496 0.47508945 0.39693445 0.45000532 0.44589633  0.47476172 0.42761975 0.50206904 0.41641874
0.00039479 0.36283831 0.35232302 0.39930133 0.34523319 0.50234819  0.48417291 0.45702496 0.47508945 0.39693445 0.45000532 0.44589633  0.47476172 0.42761975 0.50206904 0.41641874
0.00039479 0.36283831 0.35232302 0.39930133 0.34523319 0.50234819  0.48417291 0.45702496 0.47508945 0.39693445 0.45000532 0.44589633  0.47476172 0.42761975 0.50206904 0.41641874
0.00039479 0.36283831 0.35232302 0.39930133 0.34523319 0.50234819  0.48417291 0.45702496 0.47508945 0.39693445 0.45000532 0.44589633  0.47476172 0.42761975 0.50206904 0.41641874
0.00039479 0.36283831 0.35232302 0.39930133 0.34523319 0.50234819  0.48417291 0.45702496 0.47508945 0.39693445 0.45000532 0.44589633  0.47476172 0.42761975 0.50206904 0.41641874
0.00039479 0.36283831 0.35232302 0.39930133 0.34523319 0.50234819  0.48417291 0.45702496 0.47508945 0.39693445 0.45000532 0.44589633  0.47476172 0.42761975 0.50206904 0.41641874
0.00039479 0.36283831 0.35232302 0.39930133 0.34523319 0.50234819  0.48417291 0.45702496 0.47508945 0.39693445 0.45000532 0.44589633  0.47476172 0.42761975 0.50206904 0.41641874
0.00039479 0.36283831 0.35232302 0.39930133 0.34523319 0.50234819  0.48417291 0.45702496 0.47508945 0.39693445 0.45000532 0.44589633  0.47476172 0.42761975 0.50206904 0.41641874
0.00039479 0.36283831 0.35232302 0.39930133 0.34523319 0.50234819  0.48417291 0.45702496 0.47508945 0.39693445 0.45000532 0.44589633  0.47476172 0.42761975 0.50206904 0.41641874
0.00039479 0.36283831 0.35232302 0.39930133 0.34523319 0.50234819  0.48417291 0.45702496 0.47508945 0.39693445 0.45000532 0.44589633  0.47476172 0.42761975 0.50206904 0.41641874
0.00039479 0.36283831 0.35232302 0.39930133 0.34523319 0.50234819  0.48417291 0.45702496 0.47508945 0.39693445 0.45000532 0.44589633  0.47476172 0.42761975 0.50206904 0.41641874
0.00039479 0.36283831 0.35232302 0.39930133 0.34523319 0.50234819  0.48417291 0.45702496 0.47508945 0.39693445 0.45000532 0.44589633  0.47476172 0.42761975 0.50206904 0.41641874
0.00039479 0.36283831 0.35232302 0.39930133 0.34523319 0.50234819  0.48417291 0.45702496 0.47508945 0.39693445 0.45000532 0.44589633  0.47476172 0.42761975 0.50206904 0.41641874
0.00039479 0.36283831 0.35232302 0.39930133 0.34523319 0.50234819  0.48417291 0.45702496 0.47508945 0.39693445 0.45000532 0.44589633  0.47476172 0.42761975 0.50206904 0.41641874
0.00039479 0.36283831 0.35232302 0.39930133 0.34523319 0.50234819  0.48417291 0.45702496 0.47508945 0.39693445 0.45000532 0.44589633  0.47476172 0.42761975 0.50206904 0.41641874
0.00039479 0.36283831 0.35232302 0.39930133 0.34523319 0.50234819  0.48417291 0.45702496 0.47508945 0.39693445 0.45000532 0.44589633  0.47476172 0.42761975 0.50206904 0.41641874
0.00039479 0.36283831 0.35232302 0.39930133 0.34523319 0.50234819  0.48417291 0.45702496 0.47508945 0.39693445 0.45000532 0.44589633  0.47476172 0.42761975 0.50206904 0.41641874
0.00039479 0.36283831 0.35232302 0.39930133 0.34523319 0.50234819  0.48417291 0.45702496 0.47508945 0.39693445 0.45000532 0.44589633  0.47476172 0.42761975 0.50206904 0.41641874
0.00039479 0.36283831 0.35232302 0.39930133 0.34523319 0.50234819  0.48417291 0.45702496 0.47508945 0.39693445 0.45000532 0.44589633  0.47476172 0.42761975 0.50206904 0.41641874
0.00039479 0.36283831 0.35232302 0.39930133 0.34523319 0.50234819  0.48417291 0.45702496 0.47508945 0.39693445 0.45000532 0.44589633  0.47476172 0.42761975 0.50206904 0.41641874
0.00039479 0.36283831 0.35232302 0.39930133 0.34523319 0.50234819  0.48417291 0.45702496 0.47508945 0.39693445 0.45000532 0.44589633  0.47476172 0.42761975 0.50206904 0.41641874
0.00039479 0.36283831 0.35232302 0.39930133 0.34523319 0.50234819  0.48417291 0.45702496 0.47508945 0.39693445 0.45000532 0.44589633  0.47476172 0.42761975 0.50206904 0.41641874
0.00039479 0.36283831 0.35232302 0.39930133 0.34523319 0.50234819  0.48417291 0.45702496 0.47508945 0.39693445 0.45000532 0.44589633  0.47476172 0.42761975 0.50206904 0.41641874
0.00039479 0.36283831 0.35232302 0.39930133 0.34523319 0.50234819  0.48417291 0.45702496 0.47508945 0.39693445 0.45000532 0.44589633  0.47476172 0.42761975 0.50206904 0.41641874
0.00039479 0.36283831 0.35232302 0.39930133 0.34523319 0.50234819  0.48417291 0.45702496 0.47508945 0.39693445 0.45000532 0.44589633  0.47476172 0.42761975 0.50206904 0.41641874
0.00039479 0.36283831 0.35232302 0.39930133 0.34523319 0.50234819  0.48417291 0.45702496 0.47508945 0.39693445 0.45000532 0.44589633  0.47476172 0.42761975 0.50206904 0.41641874
0.00039479 0.36283831 0.35232302 0.39930133 0.34523319 0.50234819  0.48417291 0.45702496 0.47508945 0.39693445 0.45000532 0.44589633  0.47476172 0.42761975 0.50206904 0.41641874
0.00039479 0.36283831 0.35232302 0.39930133 0.34523319 0.50234819  0.48417291 0.45702496 0.47508945 0.39693445 0.45000532 0.44589633  0.47476172 0.42761975 0.50206904 0.41641874
0.00039479 0.36283831 0.35232302 0.39930133 0.34523319 0.50234819  0.48417291 0.45702496 0.47508945 0.39693445 0.45000532 0.44589633  0.47476172 0.42761975 0.50206904 0.41641874
0.00039479 0.36283831 0.35232302 0.39930133 0.34523319 0.50234819  0.48417291 0.45702496 0.47508945 0.39693445 0.45000532 0.44589633  0.47476172 0.42761975 0.50206904 0.41641874
0.00039479 0.36283831 0.35232302 0.39930133 0.34523319 0.50234819  0.48417291 0.45702496 0.47508945 0.39693445 0.45000532 0.44589633  0.47476172 0.42761975 0.50206904 0.41641874
0.00039479 0.36283831 0.35232302 0.39930133 0.34523319 0.50234819  0.48417291 0.45702496 0.47508945 0.39693445 0.45000532 0.44589633  0.47476172 0.42761975 0.50206904 0.41641874
0.00039479 0.36283831 0.35232302 0.39930133 0.34523319 0.50234819  0.48417291 0.45702496 0.47508945 0.39693445 0.45000532 0.44589633  0.47476172 0.42761975 0.50206904 0.41641874
0.00039479 0.36283831 0.35232302 0.39930133 0.34523319 0.50234819  0.48417291 0.45702496 0.47508945 0.39693445 0.45000532 0.44589633  0.47476172 0.42761975 0.50206904 0.41641874
0.00039479 0.36283831 0.35232302 0.39930133 0.34523319 0.50234819  0.48417291 0.45702496 0.47508945 0.39693445 0.45000532 0.44589633  0.47476172 0.42761975 0.50206904 0.41641874
0.00039479 0.36283831 0.35232302 0.39930133 0.34523319 0.50234819  0.48417291 0.45702496 0.47508945 0.39693445 0.45000532 0.44589633  0.47476172 0.42761975 0.50206904 0.41641874
0.00039479 0.36283831 0.35232302 0.39930133 0.34523319 0.50234819  0.48417291 0.45702496 0.47508945 0.39693445 0.45000532 0.44589633  0.47476172 0.42761975 0.50206904 0.41641874
0.00039479 0.36283831 0.35232302 0.39930133 0.34523319 0.50234819  0.48417291 0.45702496 0.47508945 0.39693445 0.45000532 0.44589633  0.47476172 0.42761975 0.50206904 0.41641874
0.00039479 0.36283831 0.35232302 0.39930133 0.34523319 0.50234819  0.48417291 0.45702496 0.47508945 0.39693445 0.45000532 0.44589633  0.47476172 0.42761975 0.50206904 0.41641874
0.00039479 0.36283831 0.35232302 0.39930133 0.34523319 0.50234819  0.48417291 0.45702496 0.47508945 0.39693445 0.45000532 0.44589633  0.47476172 0.42761975 0.50206904 0.41641874
0.00039479 0.36283831 0.35232302 0.39930133 0.34523319 0.50234819  0.48417291 0.45702496 0.47508945 0.39693445 0.45000532 0.44589633  0.47476172 0.42761975 0.50206904 0.41641874
0.00039479 0.36283831 0.35232302 0.39930133 0.34523319 0.50234819  0.48417291 0.45702496 0.47508945 0.39693445 0.45000532 0.44589633  0.47476172 0.42761975 0.50206904 0.41641874
0.00039479 0.36283831 0.35232302 0.39930133 0.34523319 0.50234819  0.48417291 0.45702496 0.47508945 0.39693445 0.45000532 0.44589633  0.47476172 0.42761975 0.50206904 0.41641874
0.00039479 0.36283831 0.35232302 0.39930133 0.34523319 0.50234819  0.48417291 0.45702496 0.47508945 0.39693445 0.45000532 0.44589633  0.47476172 0.42761975 0.50206904 0.41641874
0.00039479 0.36283831 0.35232302 0.39930133 0.34523319 0.50234819  0.48417291 0.45702496 0.47508945 0.39693445 0.45000532 0.44589633  0.47476172 0.42761975 0.50206904 0.41641874
0.00039479 0.36283831 0.35232302 0.39930133 0.34523319 0.50234819  0.48417291 0.45702496 0.47508945 0.39693445 0.45000532 0.44589633  0.47476172 0.42761975 0.50206904 0.41641874
0.00039479 0.36283831 0.35232302 0.39930133 0.34523319 0.50234819  0.48417291 0.45702496 0.47508945 0.39693445 0.45000532 0.44589633  0.47476172 0.42761975 0.50206904 0.41641874
0.00039479 0.36283831 0.35232302 0.39930133 0.34523319 0.50234819  0.48417291 0.45702496 0.47508945 0.39693445 0.45000532 0.44589633  0.47476172 0.42761975 0.50206904 0.41641874
0.00039479 0.36283831 0.35232302 0.39930133 0.34523319 0.50234819  0.48417291 0.45702496 0.47508945 0.39693445 0.45000532 0.44589633  0.47476172 0.42761975 0.50206904 0.41641874
0.00039479 0.36283831 0.35232302 0.39930133 0.34523319 0.50234819  0.48417291 0.45702496 0.47508945 0.39693445 0.45000532 0.44589633  0.47476172 0.42761975 0.50206904 0.41641874
0.00039479 0.36283831 0.35232302 0.39930133 0.34523319 0.50234819  0.48417291 0.45702496 0.47508945 0.39693445 0.45000532 0.44589633  0.47476172 0.42761975 0.50206904 0.41641874
0.00039479 0.36283831 0.35232302 0.39930133 0.34523319 0.50234819  0.48417291 0.45702496 0.47508945 0.39693445 0.45000532 0.44589633  0.47476172 0.42761975 0.50206904 0.41641874
0.00039479 0.36283831 0.35232302 0.39930133 0.34523319 0.50234819  0.48417291 0.45702496 0.47508945 0.39693445 0.45000532 0.44589633  0.47476172 0.42761975 0.50206904 0.41641874
0.00039479 0.36283831 0.35232302 0.39930133 0.34523319 0.50234819  0.48417291 0.45702496 0.47508945 0.39693445 0.45000532 0.44589633  0.47476172 0.42761975 0.50206904 0.41641874
0.00039479 0.36283831 0.35232302 0.39930133 0.34523319 0.50234819  0.48417291 0.45702496 0.47508945 0.39693445 0.45000532 0.44589633  0.47476172 0.42761975 0.50206904 0.41641874
0.00039479 0.36283831 0.35232302 0.39930133 0.34523319 0.50234819  0.48417291 0.45702496 0.47508945 0.39693445 0.45000532 0.44589633  0.47476172 0.42761975 0.50206904 0.41641874
0.00039479 0.36283831 0.35232302 0.39930133 0.34523319 0.50234819  0.48417291 0.45702496 0.47508945 0.39693445 0.45000532 0.44589633  0.47476172 0.42761975 0.50206904 0.41641874
0.00039479 0.36283831 0.35232302 0.39930133 0.34523319 0.50234819  0.48417291 0.45702496 0.47508945 0.39693445 0.45000532 0.44589633  0.47476172 0.42761975 0.50206904 0.41641874
0.00039479 0.36283831 0.35232302 0.39930133 0.34523319 0.50234819  0.48417291 0.45702496 0.47508945 0.39693445 0.45000532 0.44589633  0.47476172 0.42761975 0.50206904 0.41641874
0.00039479 0.36283831 0.35232302 0.39930133 0.34523319 0.50234819  0.48417291 0.45702496 0.47508945 0.39693445 0.45000532 0.44589633  0.47476172 0.42761975 0.50206904 0.41641874
0.00039479 0.36283831 0.35232302 0.39930133 0.34523319 0.50234819  0.48417291 0.45702496 0.47508945 0.39693445 0.45000532 0.44589633  0.47476172 0.42761975 0.50206904 0.41641874
0.00039479 0.36283831 0.35232302 0.39930133 0.34523319 0.50234819  0.48417291 0.45702496 0.47508945 0.39693445 0.45000532 0.44589633  0.47476172 0.42761975 0.50206904 0.41641874
0.00039479 0.36283831 0.35232302 0.39930133 0.34523319 0.50234819  0.48417291 0.45702496 0.47508945 0.39693445 0.45000532 0.44589633  0.47476172 0.42761975 0.50206904 0.41641874
0.00039479 0.36283831 0.35232302 0.39930133 0.34523319 0.50234819  0.48417291 0.45702496 0.47508945 0.39693445 0.45000532 0.44589633  0.47476172 0.42761975 0.50206904 0.41641874
0.00039479 0.36283831 0.35232302 0.39930133 0.34523319 0.50234819  0.48417291 0.45702496 0.47508945 0.39693445 0.45000532 0.44589633  0.47476172 0.42761975 0.50206904 0.41641874
0.00039479 0.36283831 0.35232302 0.39930133 0.34523319 0.50234819  0.48417291 0.45702496 0.47508945 0.39693445 0.45000532 0.44589633  0.47476172 0.42761975 0.50206904 0.41641874
0.00039479 0.36283831 0.35232302 0.39930133 0.34523319 0.50234819  0.48417291 0.45702496 0.47508945 0.39693445 0.45000532 0.44589633  0.47476172 0.42761975 0.50206904 0.41641874
0.00039479 0.36283831 0.35232302 0.39930133 0.34523319 0.50234819  0.48417291 0.45702496 0.47508945 0.39693445 0.45000532 0.44589633  0.47476172 0.42761975 0.50206904 0.41641874
0.00039479 0.36283831 0.35232302 0.39930133 0.34523319 0.50234819  0.48417291 0.45702496 0.47508945 0.39693445 0.45000532 0.44589633  0.47476172 0.42761975 0.50206904 0.41641874
0.00039479 0.36283831 0.35232302 0.39930133 0.34523319 0.50234819  0.48417291 0.45702496 0.47508945 0.39693445 0.45000532 0.44589633  0.47476172 0.42761975 0.50206904 0.41641874
0.01804755 0.39018449 0.33830903 0.42636341 0.35641219 0.47112218  0.45911565 0.47626972 0.47899245 0.39487759 0.42806648 0.44912887  0.50987727 0.441117   0.51788115 0.43356859
0.3438697  0.69237437 0.15859279 0.52412084 0.41683804 0.32289478  0.39168008 0.70878439 0.58822497 0.2631452  0.61453735 0.36690226  0.74860248 0.54166336 0.53823891 0.37209251
0.41762611 0.69894788 0.13522125 0.40986671 0.40724191 0.38571429  0.57298388 0.68964824 0.53306445 0.21918716 0.75559759 0.3171797  0.7455445  0.54329442 0.47951756 0.31056165
0.45257287 0.679348   0.13582423 0.35522806 0.38785566 0.42210458  0.5722956  0.7370063  0.57252113 0.19607095 0.7879058  0.31178704  0.76490359 0.50400207 0.49543614 0.33677105
0.52077151 0.67010137 0.10071146 0.30928773 0.40625496 0.37979425  0.65159223 0.68159884 0.52050857 0.22834205 0.80343292 0.34252431  0.56157117 0.48285349 0.51024399 0.34050867
0.54889617 0.60941319 0.10105549 0.28739021 0.41636195 0.34217723  0.59171741 0.73971307 0.54225784 0.21823578 0.85259812 0.3276245  0.48645034 0.39874556 0.43694157 0.32552929
0.61467641 0.54780956 0.0939557  0.19957781 0.40602137 0.32390602  0.60888615 0.74879456 0.50937666 0.2396674  0.73912863 0.37495266  0.42573459 0.34761693 0.4428037  0.40759292
0.65627336 0.510584   0.11061153 0.2347248  0.36075173 0.34416276  0.57245305 0.75437903 0.51682392 0.36265797 0.7942582  0.43785731  0.27574833 0.29486938 0.49573369 0.50828033
0.65627336 0.510584   0.11061153 0.2347248  0.36075173 0.34416276  0.57245305 0.75437903 0.51682392 0.36265797 0.7942582  0.43785731  0.27574833 0.29486938 0.49573369 0.50828033
0.6909105  0.49082103 0.13872904 0.20113771 0.30816386 0.42584792  0.50116211 0.80996079 0.476028   0.37090315 0.633974   0.4544244  0.36372961 0.26545929 0.39784144 0.51335863
0.68210159 0.56749899 0.15147078 0.21300765 0.26028901 0.55275672  0.54228036 0.80236541 0.43126819 0.4626139  0.53033062 0.4965084  0.38419279 0.27474504 0.53609066 0.59085994
0.69442633 0.55285309 0.17912435 0.23911189 0.2304526  0.53196024  0.53646164 0.80815402 0.38394608 0.51227839 0.57553248 0.52554525  0.36799102 0.31449511 0.54171619 0.55450011
0.68048324 0.58626238 0.18213478 0.25129893 0.22352445 0.56809019  0.56773743 0.79447441 0.34870505 0.53562179 0.52616852 0.53064702  0.4090343  0.30955986 0.60757382 0.55719264
0.72565943 0.51316916 0.19287788 0.21606511 0.21536008 0.54473501  0.50458812 0.68811685 0.36716609 0.55900928 0.3716948  0.58725845  0.44017205 0.45514455 0.65024488 0.5054166 
0.75748484 0.458887   0.20641374 0.17294284 0.22315186 0.47581298  0.45236058 0.68557573 0.40887878 0.51095688 0.36600815 0.57635562  0.40617346 0.50197532 0.66357468 0.35073388
0.75748484 0.458887   0.20641374 0.17294284 0.22315186 0.47581298  0.45236058 0.68557573 0.40887878 0.51095688 0.36600815 0.57635562  0.40617346 0.50197532 0.66357468 0.35073388
0.75748484 0.458887   0.20641374 0.17294284 0.22315186 0.47581298  0.45236058 0.68557573 0.40887878 0.51095688 0.36600815 0.57635562  0.40617346 0.50197532 0.66357468 0.35073388
0.81463614 0.35285657 0.25904054 0.26934282 0.19599362 0.41209692  0.40148208 0.49883898 0.37619077 0.58728243 0.46475937 0.66844272  0.56594478 0.53085166 0.58531177 0.25906743
0.81463614 0.35285657 0.25904054 0.26934282 0.19599362 0.41209692  0.40148208 0.49883898 0.37619077 0.58728243 0.46475937 0.66844272  0.56594478 0.53085166 0.58531177 0.25906743
0.82771213 0.31751216 0.25176006 0.26666453 0.21451608 0.38661586  0.36631304 0.45217497 0.41450807 0.56525424 0.48748533 0.6545803  0.56055873 0.49373779 0.51119768 0.22379572
0.84587933 0.32331791 0.32474892 0.30921522 0.17177397 0.35471039  0.39300735 0.40825741 0.41535618 0.52905886 0.51431508 0.67868576  0.64346111 0.50703472 0.52620081 0.22620327
0.84587933 0.32331791 0.32474892 0.30921522 0.17177397 0.35471039  0.39300735 0.40825741 0.41535618 0.52905886 0.51431508 0.67868576  0.64346111 0.50703472 0.52620081 0.22620327
0.86220716 0.27125004 0.31574344 0.35129018 0.20919331 0.35954864  0.38046437 0.41481603 0.44839414 0.4919698  0.54994935 0.64822959  0.60622342 0.4839081  0.42845758 0.18814904
0.88286946 0.1895038  0.29939808 0.48683076 0.28931652 0.45893167  0.39318769 0.4226948  0.354294   0.48539966 0.53516558 0.50554732  0.62408342 0.49312746 0.54597368 0.26056511
0.89069573 0.15998196 0.29779976 0.53313996 0.30960707 0.4744806  0.39057254 0.41649022 0.31480086 0.50125298 0.57197946 0.4566363  0.61910926 0.51821591 0.52311687 0.34263102
0.89069573 0.15998196 0.29779976 0.53313996 0.30960707 0.4744806  0.39057254 0.41649022 0.31480086 0.50125298 0.57197946 0.4566363  0.61910926 0.51821591 0.52311687 0.34263102
0.89069573 0.15998196 0.29779976 0.53313996 0.30960707 0.4744806  0.39057254 0.41649022 0.31480086 0.50125298 0.57197946 0.4566363  0.61910926 0.51821591 0.52311687 0.34263102
0.87449438 0.21486331 0.29229677 0.44968267 0.30054509 0.48361505  0.37967118 0.41875759 0.34907945 0.4309861  0.43670261 0.47415559  0.61133048 0.47651022 0.58476303 0.17830089
0.86547486 0.21455013 0.25658221 0.42489772 0.31993362 0.50479657  0.35302223 0.43490009 0.33856778 0.43930753 0.42642464 0.46439803  0.56487736 0.50786968 0.53927443 0.19346292
0.84287203 0.26263941 0.2328706  0.31869803 0.28680284 0.44178887  0.34254069 0.45680177 0.40855915 0.48872289 0.43871161 0.54127126  0.50482178 0.4808209  0.44882927 0.17118558
0.79649193 0.34119151 0.14744437 0.15281633 0.32236126 0.44874345  0.30780036 0.43813223 0.55163293 0.36013155 0.32710813 0.51463293  0.47766208 0.31182198 0.41533923 0.25461197
0.78408604 0.37656203 0.15395256 0.14837335 0.30635813 0.47232267  0.34525477 0.45264956 0.5267078  0.38719377 0.26441089 0.53918376  0.49770917 0.37374158 0.5093638  0.28166755
0.77199013 0.38457501 0.12160642 0.11840755 0.32976388 0.47690671  0.35173526 0.46776758 0.57662908 0.38270379 0.24020806 0.52185397  0.43439721 0.35251902 0.50532402 0.36058675
0.75891415 0.41991942 0.12888689 0.12108583 0.31124141 0.50238778  0.3869043  0.51443159 0.53831179 0.40473197 0.2174821  0.53571639  0.43978326 0.38963289 0.57943811 0.39585846
0.68624395 0.56701298 0.11559502 0.18356694 0.31761018 0.59792561  0.53768563 0.40264603 0.50482083 0.38574114 0.24232538 0.51470994  0.73213423 0.56166977 0.56450576 0.43665973
0.6423132  0.63943891 0.10291784 0.20548871 0.32181637 0.60547956  0.62154539 0.42019997 0.51622236 0.38285011 0.32075254 0.50049377  0.73297791 0.62618464 0.54822936 0.52106984
0.59296473 0.69138144 0.07971514 0.26112765 0.3643441  0.55649327  0.71347382 0.38113214 0.51043254 0.39851518 0.47596577 0.4790392  0.64517503 0.60598385 0.66570318 0.51718986
0.54644978 0.77232352 0.09582484 0.34712351 0.34185412 0.61325183  0.71214736 0.45680348 0.41778916 0.41562658 0.56980044 0.43204295  0.55008453 0.4215556  0.49818758 0.48664996
0.49279506 0.79883281 0.08948759 0.4538334  0.37477935 0.53766039  0.67361769 0.34105092 0.40775879 0.46182159 0.56147453 0.45894149  0.33910793 0.39120822 0.51804061 0.41814157
0.47519548 0.81056876 0.09654784 0.49702408 0.36448215 0.55085511  0.61469541 0.33360884 0.42118648 0.47317538 0.54490054 0.46542886  0.29218941 0.35246694 0.45807609 0.42316772
0.38145033 0.77249549 0.10793027 0.58934429 0.43867698 0.31268776  0.53421755 0.40634529 0.36053956 0.47021173 0.40970988 0.49580734  0.23755923 0.39530395 0.60151084 0.39228905
0.30795034 0.72926347 0.13765831 0.62155086 0.45930641 0.20759703  0.48043537 0.49801542 0.31795009 0.38341961 0.37013833 0.45848937  0.38283687 0.39230723 0.45626477 0.35202854
0.25199751 0.67578485 0.16878887 0.61973121 0.45750335 0.19108214  0.43912324 0.51944642 0.30596882 0.39652465 0.24354564 0.4879376  0.52048882 0.37952313 0.43259541 0.46770545
0.214958   0.62730582 0.19356796 0.58927057 0.44727321 0.21201262  0.44753658 0.51974982 0.30572827 0.39993308 0.21784957 0.49255289  0.56627271 0.3855612  0.43237254 0.50249325
0.19669536 0.60208843 0.20563519 0.57013208 0.44308019 0.21685146  0.4696579  0.51276169 0.27484387 0.39309785 0.19834528 0.49062261  0.59134054 0.35812063 0.35886343 0.51035445
0.19669536 0.60208843 0.20563519 0.57013208 0.44308019 0.21685146  0.4696579  0.51276169 0.27484387 0.39309785 0.19834528 0.49062261  0.59134054 0.35812063 0.35886343 0.51035445
0.21643126 0.62625249 0.19396877 0.57747383 0.44522428 0.21298485  0.47428586 0.50715883 0.26597181 0.38993359 0.20965607 0.50561514  0.52558212 0.36256132 0.30873817 0.545676  
0.23375288 0.62130792 0.18086167 0.54640087 0.46040573 0.19493661  0.53674695 0.48708091 0.24342859 0.4170184  0.20557163 0.52345362  0.49489862 0.39496291 0.41196806 0.57360332
0.27045108 0.67042243 0.15567732 0.58186691 0.47292666 0.16441171  0.51609806 0.49928682 0.25348388 0.40868281 0.22485145 0.51792862  0.48036847 0.41377671 0.43904008 0.53544665
0.27045108 0.67042243 0.15567732 0.58186691 0.47292666 0.16441171  0.51609806 0.49928682 0.25348388 0.40868281 0.22485145 0.51792862  0.48036847 0.41377671 0.43904008 0.53544665
0.34493151 0.74407294 0.11720348 0.59362503 0.46545862 0.21482463  0.53668518 0.46215475 0.30313057 0.42881247 0.35703746 0.5048666  0.27808591 0.43025341 0.55031218 0.43524108
0.5204595  0.73215217 0.07652907 0.43527713 0.39602477 0.52184596  0.61964867 0.20283621 0.44501271 0.48378655 0.39152982 0.52467553  0.37335135 0.45429681 0.57104615 0.47848459
0.67281134 0.58871539 0.10422371 0.16858242 0.32512998 0.59978824  0.57958135 0.4830752  0.50488594 0.40704515 0.2596431  0.53283703  0.65024435 0.51966775 0.63560113 0.5754953 
0.70039372 0.52183536 0.0896245  0.14570195 0.35352692 0.5533822  0.52625586 0.38980745 0.58274182 0.37783595 0.24267001 0.53970013  0.66421331 0.53940987 0.58652269 0.54294504
0.78431487 0.36992912 0.14925999 0.14451179 0.29992746 0.45611023  0.34591654 0.47355619 0.52930697 0.43236828 0.28540992 0.55089082  0.41819544 0.39226909 0.51094956 0.32422692
0.81964702 0.31551413 0.20580441 0.20399361 0.26515353 0.39230407  0.32182259 0.44883845 0.48413992 0.47928847 0.42751677 0.58130796  0.46444674 0.39397839 0.45192268 0.19339512
0.84011801 0.28214163 0.24525186 0.27110751 0.23051921 0.36303664  0.32885862 0.43765764 0.43943319 0.53819202 0.55018257 0.63002947  0.54051164 0.43181819 0.41717311 0.19674014
0.89382291 0.14102354 0.30143399 0.55250521 0.33210789 0.42895997  0.45404126 0.43955224 0.43811476 0.60919494 0.58608462 0.41967239  0.59950915 0.31605913 0.5259939  0.46030542
0.91189611 0.11067275 0.33631817 0.65078676 0.34309914 0.45864111  0.51123329 0.43247087 0.46002336 0.57677367 0.58560669 0.43310999  0.6685657  0.31389211 0.54258979 0.50742311
0.91929482 0.11821495 0.37275966 0.66533298 0.33497525 0.44656875  0.52477237 0.40612944 0.470533   0.51807294 0.57840112 0.42600777  0.68403244 0.28076591 0.58455792 0.52670875
0.91929482 0.11821495 0.37275966 0.66533298 0.33497525 0.44656875  0.52477237 0.40612944 0.470533   0.51807294 0.57840112 0.42600777  0.68403244 0.28076591 0.58455792 0.52670875
0.91929482 0.11821495 0.37275966 0.66533298 0.33497525 0.44656875  0.52477237 0.40612944 0.470533   0.51807294 0.57840112 0.42600777  0.68403244 0.28076591 0.58455792 0.52670875
0.92419619 0.096865   0.36882664 0.71204548 0.35959726 0.48330058  0.54691975 0.42863102 0.45605825 0.50469805 0.55883004 0.4094287  0.68598356 0.29285064 0.62606135 0.51078154
0.91504851 0.09137243 0.33155234 0.69427973 0.38295084 0.49402453  0.54687438 0.45640607 0.4657218  0.532572   0.54227826 0.3950808  0.6495343  0.24819425 0.65654681 0.49321196
0.89813702 0.09275601 0.26058665 0.63399989 0.38572282 0.53213301  0.45207377 0.46987996 0.34204411 0.55107248 0.56139992 0.39052279  0.62022225 0.38952238 0.60517486 0.4074956 
0.89406082 0.10328185 0.25048    0.60668339 0.38276259 0.55159726  0.40581947 0.46671717 0.2610584  0.5102714  0.54998907 0.37171699  0.59748135 0.46341388 0.63403559 0.33626497
0.87366111 0.10796031 0.18027522 0.55512432 0.4325031  0.58822912  0.37901231 0.4972905  0.28573936 0.49822525 0.49864287 0.32769465  0.50470586 0.44004632 0.61352894 0.38667556
0.84164404 0.15538563 0.11226536 0.45974571 0.4875625  0.64227314  0.35877402 0.50424089 0.36534563 0.38570687 0.3376357  0.25826994  0.40866494 0.39330464 0.58829887 0.45185819
0.82441793 0.19138148 0.08854481 0.38692897 0.49277691 0.6263378  0.34244536 0.4759507  0.4271425  0.34941727 0.3120049  0.24581217  0.42291558 0.34146984 0.54116991 0.50414523
0.81659166 0.22090332 0.09014313 0.34061977 0.47248636 0.61078887  0.34506051 0.48215528 0.46663564 0.33356396 0.27519102 0.2947232  0.42788974 0.31638139 0.56402672 0.42207932
0.79785116 0.29562264 0.10153553 0.21128447 0.40225137 0.52705915  0.32471702 0.45912362 0.5412264  0.33410015 0.27406654 0.40608201  0.43795644 0.27299182 0.53223008 0.33823892
0.79785116 0.29562264 0.10153553 0.21128447 0.40225137 0.52705915  0.32471702 0.45912362 0.5412264  0.33410015 0.27406654 0.40608201  0.43795644 0.27299182 0.53223008 0.33823892
0.77199013 0.38457501 0.12160642 0.11840755 0.32976388 0.47690671  0.35173526 0.46776758 0.57662908 0.38270379 0.24020806 0.52185397  0.43439721 0.35251902 0.50532402 0.36058675
0.75804705 0.41798431 0.12461685 0.13059459 0.32283573 0.51303666  0.38301105 0.45408797 0.54138804 0.4060472  0.19084409 0.52695574  0.47544049 0.34758377 0.57118164 0.36327928
0.69911501 0.5323125  0.10591062 0.18273832 0.33594697 0.58421844  0.50499763 0.32589222 0.53609096 0.38044219 0.22028131 0.51668557  0.74628159 0.53180103 0.53500889 0.40530778
0.67019419 0.59310808 0.11443145 0.21665035 0.31723413 0.61711458  0.55139123 0.34611711 0.48160493 0.4039438  0.23551088 0.51266906  0.75029112 0.58460158 0.50317145 0.42437962
0.59342611 0.70870951 0.1090868  0.31177106 0.31064903 0.64938011  0.61094652 0.32962301 0.44311876 0.45084429 0.28976465 0.51291427  0.60841606 0.52976244 0.49028124 0.49024033
0.52906469 0.78820068 0.09336626 0.38841304 0.34732777 0.60797626  0.70061735 0.39068725 0.41489499 0.43795197 0.56221965 0.44478585  0.48337353 0.40582652 0.48947905 0.4686588 
0.49362571 0.81124581 0.1016175  0.47514645 0.3390896  0.61266162  0.60791633 0.33866394 0.42945969 0.47868133 0.51729227 0.46887136  0.35637887 0.33670351 0.41965302 0.46160683
0.40138467 0.80135219 0.11697465 0.6050638  0.38931705 0.44984083  0.4599355  0.37144817 0.45315548 0.48938667 0.44264331 0.49237933  0.23866987 0.36829718 0.54850216 0.41057294
0.38418056 0.80417342 0.13092631 0.62862403 0.37523959 0.48014103  0.38645378 0.41167251 0.53785078 0.45699091 0.51644047 0.46079417  0.27121451 0.3915171  0.53710526 0.36777814
0.36516906 0.78879555 0.13731487 0.63658072 0.38522952 0.44167457  0.3755633  0.42609358 0.51020595 0.46175343 0.44831291 0.47588415  0.30011918 0.39822482 0.56576283 0.39273261
0.38381156 0.78721762 0.15138228 0.61271631 0.33887467 0.55527924  0.32309699 0.44161928 0.57999599 0.47067233 0.41078763 0.48403401  0.475007   0.39152364 0.52392316 0.48981179
0.4024963  0.79596782 0.14182394 0.59314785 0.34007466 0.55906034  0.38180154 0.42197782 0.53471995 0.46234583 0.44619836 0.47189312  0.40182462 0.36610086 0.48192404 0.44510102
0.49963863 0.79270688 0.2224397  0.5595244  0.21173917 0.7418208  0.28315114 0.43989578 0.4895574  0.45389891 0.37226321 0.48225131  0.51129437 0.35151243 0.22043636 0.3878982 
0.52421115 0.80826962 0.32779885 0.60282878 0.17533671 0.71503383  0.28569397 0.37559877 0.45789308 0.34714777 0.40523147 0.5096996  0.54180923 0.38801428 0.23281762 0.429098  
0.58724637 0.85322179 0.60770654 0.67863102 0.16210301 0.64497887  0.3182082  0.30180581 0.41863658 0.24572921 0.38629603 0.42218856  0.47612241 0.39166992 0.36439356 0.34477464
0.60383726 0.89002249 0.71496923 0.65624478 0.25371376 0.62812422  0.34845565 0.29913983 0.4663468  0.23585396 0.35904951 0.39612293  0.40608819 0.34001453 0.39234067 0.38981863
0.63396135 0.87653231 0.73830625 0.65068099 0.23052596 0.61917409  0.41886076 0.30218961 0.40677973 0.26798699 0.44249374 0.39624875  0.42940272 0.35259465 0.42406256 0.29611401
0.64866405 0.85014608 0.75074371 0.64787874 0.21387402 0.60458984  0.38336005 0.34365314 0.37998021 0.29122406 0.42099767 0.40331729  0.31120357 0.28943574 0.46115739 0.27525297
0.64866405 0.85014608 0.75074371 0.64787874 0.21387402 0.60458984  0.38336005 0.34365314 0.37998021 0.29122406 0.42099767 0.40331729  0.31120357 0.28943574 0.46115739 0.27525297
0.69798778 0.7854619  0.75741332 0.55092991 0.20310541 0.57683157  0.37453676 0.50552795 0.39901427 0.25108598 0.4390305  0.39517304  0.28094065 0.2351295  0.58482307 0.30163924
0.75023319 0.76406683 0.72328813 0.44918949 0.2435008  0.50653853  0.58500639 0.45101399 0.24913828 0.28510798 0.36949534 0.43184821  0.28811221 0.2628686  0.68786089 0.3498673 
0.81576622 0.67528547 0.7259514  0.31797987 0.2509912  0.46673397  0.58365067 0.56403565 0.29443018 0.25192601 0.31801559 0.47330108  0.35139532 0.34992059 0.85679307 0.43846909
0.82985201 0.64192993 0.71648924 0.29556361 0.25462099 0.44101774  0.57544246 0.51409045 0.34149996 0.26262715 0.26970942 0.47575259  0.39483998 0.44083761 0.88480717 0.41047456
0.84456333 0.60975037 0.71157443 0.27351177 0.26468114 0.40831888  0.55480497 0.49757651 0.3880857  0.2387169  0.2747804  0.48064006  0.39466157 0.49044848 0.86522561 0.40927624
0.86496091 0.56985159 0.73342036 0.28013369 0.28378549 0.3325704  0.58793551 0.52475712 0.54756897 0.31459799 0.31814096 0.44911149  0.36034026 0.43993944 0.7467593  0.49573593
0.90140252 0.46378981 0.72623275 0.36059225 0.3126703  0.27973602  0.57840996 0.4388794  0.64196874 0.35545228 0.44817849 0.49750765  0.40224991 0.30923523 0.60699346 0.56741347
0.92734957 0.39374492 0.70926787 0.35708534 0.34952956 0.24054778  0.51055291 0.31546158 0.71155617 0.32812515 0.44886037 0.48562087  0.41101122 0.24225262 0.5033825  0.50078981
0.93776132 0.31230695 0.65890911 0.47715671 0.30339842 0.25124902  0.54366405 0.30944339 0.67271648 0.38034669 0.47732924 0.3540538  0.42836268 0.30097786 0.47111747 0.65266145
0.9478051  0.23577316 0.60487614 0.58940104 0.2991222  0.32618545  0.52266149 0.29485246 0.54538503 0.31552206 0.51366626 0.29487728  0.48704184 0.23850547 0.58369807 0.70232429
0.95519796 0.18356622 0.57733858 0.67472438 0.3504324  0.38183465  0.58425511 0.33846191 0.56637162 0.34712915 0.47447458 0.27306106  0.51554134 0.25976964 0.62471944 0.70021257
0.95206377 0.16781006 0.55107919 0.69382871 0.33335024 0.38103919  0.61295817 0.35679652 0.60364164 0.39129467 0.47376507 0.30405388  0.54440739 0.26470906 0.57717764 0.69110759
0.95696514 0.1464601  0.54714616 0.7405412  0.35797226 0.41777102  0.63510555 0.3792981  0.58916689 0.37791979 0.454194   0.28747481  0.54635852 0.27679379 0.61868107 0.67518037
0.95844543 0.13958168 0.54788673 0.76404529 0.3657552  0.4295556  0.66281805 0.39664142 0.61655733 0.36036684 0.43488544 0.3211906  0.52601645 0.29966077 0.58411229 0.65671504
0.96202203 0.12330481 0.5470483  0.8142564  0.38861657 0.46132503  0.71986006 0.43386889 0.67326463 0.32330392 0.38313512 0.37709055  0.49423659 0.32020825 0.54584858 0.60581066
0.96586334 0.10595245 0.54771533 0.86865062 0.41094258 0.49278315  0.78097116 0.47961213 0.73208194 0.29590607 0.33467458 0.44314842  0.45326295 0.35883513 0.47962301 0.54792959
0.96677935 0.10171245 0.5487586  0.88527105 0.41504902 0.49871683  0.80439697 0.49104424 0.76177811 0.2809872  0.32144597 0.47486396  0.44353578 0.35476782 0.45348902 0.54292264
0.96677935 0.10171245 0.5487586  0.88527105 0.41504902 0.49871683  0.80439697 0.49104424 0.76177811 0.2809872  0.32144597 0.47486396  0.44353578 0.35476782 0.45348902 0.54292264
0.96861706 0.0929518  0.54807278 0.91213153 0.42776431 0.51806744  0.83380024 0.51684411 0.7891619  0.26283022 0.29086465 0.51033546  0.41834291 0.3805666  0.42058708 0.4965114 
0.96861706 0.0929518  0.54807278 0.91213153 0.42776431 0.51806744  0.83380024 0.51684411 0.7891619  0.26283022 0.29086465 0.51033546  0.41834291 0.3805666  0.42058708 0.4965114 
0.96282342 0.07993963 0.51364534 0.9101475  0.4256909  0.5173317  0.8449547  0.54036885 0.79614323 0.33124822 0.29175905 0.51004973  0.44961715 0.36566556 0.425192   0.43934868
0.96374799 0.07550978 0.51426846 0.92675789 0.43081534 0.52529409  0.8672584  0.55404902 0.82247781 0.31725509 0.27575338 0.54303309  0.43618634 0.37332765 0.39476384 0.42065689
0.96185721 0.0717601  0.50222154 0.93387739 0.41491966 0.53808635  0.84955516 0.54424903 0.78151588 0.25266236 0.2922313  0.58054012  0.42274422 0.37121387 0.42934688 0.42421836
0.95092526 0.0466785  0.43503284 0.93922021 0.40144717 0.55941804  0.8179476  0.55685539 0.73431209 0.28458716 0.35772438 0.66863595  0.49347439 0.37104654 0.43879851 0.40310237
0.94359025 0.04231547 0.40217955 0.9235682  0.41462594 0.572249  0.80831398 0.58388988 0.74370067 0.3682668  0.35401803 0.66094474  0.49117861 0.40767176 0.36985607 0.36327941
0.94266568 0.04674532 0.40155643 0.90695781 0.4095015  0.5642866  0.78601028 0.57020971 0.71736609 0.38225993 0.3700237  0.62796138  0.50460942 0.40000968 0.40028423 0.38197119
0.94266568 0.04674532 0.40155643 0.90695781 0.4095015  0.5642866  0.78601028 0.57020971 0.71736609 0.38225993 0.3700237  0.62796138  0.50460942 0.40000968 0.40028423 0.38197119
0.91814083 0.03498168 0.29403916 0.83290524 0.45555316 0.60175772  0.7034971  0.60691205 0.61537702 0.48718426 0.40209337 0.59281645  0.51814691 0.39468192 0.45011503 0.29473312
0.88635172 0.05142295 0.1818099  0.72586712 0.49762065 0.67890929  0.56443227 0.61961866 0.46342002 0.41992842 0.37465402 0.52152327  0.42226342 0.51055749 0.45499837 0.24983168
0.85921092 0.08409155 0.11752437 0.64149907 0.55080942 0.70990605  0.54612357 0.62787765 0.5232355  0.34674166 0.27872043 0.45152715  0.33251066 0.52088639 0.44559476 0.30338129
0.83546034 0.14149916 0.08224598 0.51849279 0.55739925 0.72189528  0.45309984 0.56856354 0.48725529 0.2823059  0.20651881 0.31944434  0.36199208 0.42698009 0.50953089 0.37137086
0.83546034 0.14149916 0.08224598 0.51849279 0.55739925 0.72189528  0.45309984 0.56856354 0.48725529 0.2823059  0.20651881 0.31944434  0.36199208 0.42698009 0.50953089 0.37137086
0.80858572 0.20131862 0.06099223 0.41176647 0.54006338 0.65666401  0.4444804  0.52068577 0.52862375 0.27902787 0.25775812 0.29775906  0.4114956  0.36550474 0.64714031 0.42099646
0.80858572 0.20131862 0.06099223 0.41176647 0.54006338 0.65666401  0.4444804  0.52068577 0.52862375 0.27902787 0.25775812 0.29775906  0.4114956  0.36550474 0.64714031 0.42099646
0.72317691 0.38069957 0.03559851 0.30703714 0.50574246 0.54249055  0.51763652 0.26575678 0.65336928 0.25129746 0.41967726 0.36166312  0.65010278 0.47995578 0.52837349 0.39686695
0.65041079 0.52249581 0.03867811 0.29210449 0.46633031 0.4945363  0.5917085  0.15886177 0.64612194 0.33805697 0.40916784 0.45860846  0.59876695 0.5208862  0.67110066 0.39991414
0.47706393 0.6691497  0.06430446 0.46024998 0.47812054 0.31522208  0.6327963  0.19448336 0.40098831 0.38560772 0.44270972 0.46101339  0.41817827 0.42638964 0.52894977 0.26342637
0.39301608 0.7107866  0.09312741 0.54311867 0.48431688 0.23593533  0.59207076 0.36565123 0.32048789 0.41205057 0.3935515  0.47281949  0.37482982 0.40137105 0.60049853 0.32401808
0.2510171  0.64409075 0.16790603 0.56707919 0.46928108 0.1701068  0.53432821 0.49194473 0.22633406 0.40988571 0.2004133  0.50425365  0.53816478 0.36335292 0.40990469 0.50498835
0.19632081 0.56654587 0.20673824 0.5040413  0.44878824 0.2170075  0.58958406 0.46351038 0.18421433 0.40830312 0.18200976 0.50338065  0.55520555 0.31753393 0.30871441 0.52525047
0.10645088 0.48697938 0.27113922 0.48697453 0.4046103  0.32796255  0.48931893 0.48798659 0.33714723 0.39969285 0.26409531 0.48249291  0.5993666  0.37150359 0.38524641 0.5177245 
0.07086404 0.46647655 0.29716428 0.4953128  0.38550056 0.37185147  0.422354   0.52287659 0.42016792 0.37456664 0.32661574 0.45523858  0.63349788 0.38746679 0.3718939  0.50025881
0.05351142 0.43947142 0.31096524 0.46826146 0.37376331 0.40333531  0.449023   0.50224764 0.41356088 0.37686256 0.34766111 0.45195559  0.59560889 0.36517078 0.34313004 0.48165838
0.03544839 0.41404176 0.32462587 0.44710978 0.36503751 0.43337561  0.45603541 0.49115319 0.43842582 0.38389341 0.37735876 0.45056284  0.56420009 0.3942791  0.4095445  0.46588946
0.01779563 0.38669558 0.33863985 0.42004769 0.35385851 0.46460162  0.48109267 0.47190843 0.43452283 0.38595027 0.3992976  0.44733029  0.52908455 0.38078184 0.39373238 0.44873962
0.01779563 0.38669558 0.33863985 0.42004769 0.35385851 0.46460162  0.48109267 0.47190843 0.43452283 0.38595027 0.3992976  0.44733029  0.52908455 0.38078184 0.39373238 0.44873962
0.01779563 0.38669558 0.33863985 0.42004769 0.35385851 0.46460162  0.48109267 0.47190843 0.43452283 0.38595027 0.3992976  0.44733029  0.52908455 0.38078184 0.39373238 0.44873962
0.01779563 0.38669558 0.33863985 0.42004769 0.35385851 0.46460162  0.48109267 0.47190843 0.43452283 0.38595027 0.3992976  0.44733029  0.52908455 0.38078184 0.39373238 0.44873962
0.01779563 0.38669558 0.33863985 0.42004769 0.35385851 0.46460162  0.48109267 0.47190843 0.43452283 0.38595027 0.3992976  0.44733029  0.52908455 0.38078184 0.39373238 0.44873962
0.00039479 0.36283831 0.35232302 0.39930133 0.34523319 0.50234819  0.48417291 0.45702496 0.47508945 0.39693445 0.45000532 0.44589633  0.47476172 0.42761975 0.50206904 0.41641874
0.00039479 0.36283831 0.35232302 0.39930133 0.34523319 0.50234819  0.48417291 0.45702496 0.47508945 0.39693445 0.45000532 0.44589633  0.47476172 0.42761975 0.50206904 0.41641874
0.00039479 0.36283831 0.35232302 0.39930133 0.34523319 0.50234819  0.48417291 0.45702496 0.47508945 0.39693445 0.45000532 0.44589633  0.47476172 0.42761975 0.50206904 0.41641874
0.00039479 0.36283831 0.35232302 0.39930133 0.34523319 0.50234819  0.48417291 0.45702496 0.47508945 0.39693445 0.45000532 0.44589633  0.47476172 0.42761975 0.50206904 0.41641874
0.00039479 0.36283831 0.35232302 0.39930133 0.34523319 0.50234819  0.48417291 0.45702496 0.47508945 0.39693445 0.45000532 0.44589633  0.47476172 0.42761975 0.50206904 0.41641874
0.00039479 0.36283831 0.35232302 0.39930133 0.34523319 0.50234819  0.48417291 0.45702496 0.47508945 0.39693445 0.45000532 0.44589633  0.47476172 0.42761975 0.50206904 0.41641874
0.00039479 0.36283831 0.35232302 0.39930133 0.34523319 0.50234819  0.48417291 0.45702496 0.47508945 0.39693445 0.45000532 0.44589633  0.47476172 0.42761975 0.50206904 0.41641874
