0.00039479 0.36283831 0.35232302 0.39930133 0.34523319 0.50234819  0.48417291 0.45702496 0.47508945 0.39693445 0.45000532 0.44589633  0.47476172 0.42761975 0.50206904 0.41641874
0.00039479 0.36283831 0.35232302 0.39930133 0.34523319 0.50234819  0.48417291 0.45702496 0.47508945 0.39693445 0.45000532 0.44589633  0.47476172 0.42761975 0.50206904 0.41641874
0.00039479 0.36283831 0.35232302 0.39930133 0.34523319 0.50234819  0.48417291 0.45702496 0.47508945 0.39693445 0.45000532 0.44589633  0.47476172 0.42761975 0.50206904 0.41641874
0.00039479 0.36283831 0.35232302 0.39930133 0.34523319 0.50234819  0.48417291 0.45702496 0.47508945 0.39693445 0.45000532 0.44589633  0.47476172 0.42761975 0.50206904 0.41641874
0.00039479 0.36283831 0.35232302 0.39930133 0.34523319 0.50234819  0.48417291 0.45702496 0.47508945 0.39693445 0.45000532 0.44589633  0.47476172 0.42761975 0.50206904 0.41641874
0.00039479 0.36283831 0.35232302 0.39930133 0.34523319 0.50234819  0.48417291 0.45702496 0.47508945 0.39693445 0.45000532 0.44589633  0.47476172 0.42761975 0.50206904 0.41641874
0.00039479 0.36283831 0.35232302 0.39930133 0.34523319 0.50234819  0.48417291 0.45702496 0.47508945 0.39693445 0.45000532 0.44589633  0.47476172 0.42761975 0.50206904 0.41641874
0.00039479 0.36283831 0.35232302 0.39930133 0.34523319 0.50234819  0.48417291 0.45702496 0.47508945 0.39693445 0.45000532 0.44589633  0.47476172 0.42761975 0.50206904 0.41641874
0.00039479 0.36283831 0.35232302 0.39930133 0.34523319 0.50234819  0.48417291 0.45702496 0.47508945 0.39693445 0.45000532 0.44589633  0.47476172 0.42761975 0.50206904 0.41641874
0.00039479 0.36283831 0.35232302 0.39930133 0.34523319 0.50234819  0.48417291 0.45702496 0.47508945 0.39693445 0.45000532 0.44589633  0.47476172 0.42761975 0.50206904 0.41641874
0.00039479 0.36283831 0.35232302 0.39930133 0.34523319 0.50234819  0.48417291 0.45702496 0.47508945 0.39693445 0.45000532 0.44589633  0.47476172 0.42761975 0.50206904 0.41641874
0.00039479 0.36283831 0.35232302 0.39930133 0.34523319 0.50234819  0.48417291 0.45702496 0.47508945 0.39693445 0.45000532 0.44589633  0.47476172 0.42761975 0.50206904 0.41641874
0.00039479 0.36283831 0.35232302 0.39930133 0.34523319 0.50234819  0.48417291 0.45702496 0.47508945 0.39693445 0.45000532 0.44589633  0.47476172 0.42761975 0.50206904 0.41641874
0.00039479 0.36283831 0.35232302 0.39930133 0.34523319 0.50234819  0.48417291 0.45702496 0.47508945 0.39693445 0.45000532 0.44589633  0.47476172 0.42761975 0.50206904 0.41641874
0.00039479 0.36283831 0.35232302 0.39930133 0.34523319 0.50234819  0.48417291 0.45702496 0.47508945 0.39693445 0.45000532 0.44589633  0.47476172 0.42761975 0.50206904 0.41641874
0.00039479 0.36283831 0.35232302 0.39930133 0.34523319 0.50234819  0.48417291 0.45702496 0.47508945 0.39693445 0.45000532 0.44589633  0.47476172 0.42761975 0.50206904 0.41641874
0.00039479 0.36283831 0.35232302 0.39930133 0.34523319 0.50234819  0.48417291 0.45702496 0.47508945 0.39693445 0.45000532 0.44589633  0.47476172 0.42761975 0.50206904 0.41641874
0.00039479 0.36283831 0.35232302 0.39930133 0.34523319 0.50234819  0.48417291 0.45702496 0.47508945 0.39693445 0.45000532 0.44589633  0.47476172 0.42761975 0.50206904 0.41641874
0.00039479 0.36283831 0.35232302 0.39930133 0.34523319 0.50234819  0.48417291 0.45702496 0.47508945 0.39693445 0.45000532 0.44589633  0.47476172 0.42761975 0.50206904 0.41641874
0.00039479 0.36283831 0.35232302 0.39930133 0.34523319 0.50234819  0.48417291 0.45702496 0.47508945 0.39693445 0.45000532 0.44589633  0.47476172 0.42761975 0.50206904 0.41641874
0.00039479 0.36283831 0.35232302 0.39930133 0.34523319 0.50234819  0.48417291 0.45702496 0.47508945 0.39693445 0.45000532 0.44589633  0.47476172 0.42761975 0.50206904 0.41641874
0.00039479 0.36283831 0.35232302 0.39930133 0.34523319 0.50234819  0.48417291 0.45702496 0.47508945 0.39693445 0.45000532 0.44589633  0.47476172 0.42761975 0.50206904 0.41641874
0.00039479 0.36283831 0.35232302 0.39930133 0.34523319 0.50234819  0.48417291 0.45702496 0.47508945 0.39693445 0.45000532 0.44589633  0.47476172 0.42761975 0.50206904 0.41641874
0.00039479 0.36283831 0.35232302 0.39930133 0.34523319 0.50234819  0.48417291 0.45702496 0.47508945 0.39693445 0.45000532 0.44589633  0.47476172 0.42761975 0.50206904 0.41641874
0.00039479 0.36283831 0.35232302 0.39930133 0.34523319 0.50234819  0.48417291 0.45702496 0.47508945 0.39693445 0.45000532 0.44589633  0.47476172 0.42761975 0.50206904 0.41641874
0.00039479 0.36283831 0.35232302 0.39930133 0.34523319 0.50234819  0.48417291 0.45702496 0.47508945 0.39693445 0.45000532 0.44589633  0.47476172 0.42761975 0.50206904 0.41641874
0.00039479 0.36283831 0.35232302 0.39930133 0.34523319 0.50234819  0.48417291 0.45702496 0.47508945 0.39693445 0.45000532 0.44589633  0.47476172 0.42761975 0.50206904 0.41641874
0.00039479 0.36283831 0.35232302 0.39930133 0.34523319 0.50234819  0.48417291 0.45702496 0.47508945 0.39693445 0.45000532 0.44589633  0.47476172 0.42761975 0.50206904 0.41641874
0.00039479 0.36283831 0.35232302 0.39930133 0.34523319 0.50234819  0.48417291 0.45702496 0.47508945 0.39693445 0.45000532 0.44589633  0.47476172 0.42761975 0.50206904 0.41641874
0.00039479 0.36283831 0.35232302 0.39930133 0.34523319 0.50234819  0.48417291 0.45702496 0.47508945 0.39693445 0.45000532 0.44589633  0.47476172 0.42761975 0.50206904 0.41641874
0.00039479 0.36283831 0.35232302 0.39930133 0.34523319 0.50234819  0.48417291 0.45702496 0.47508945 0.39693445 0.45000532 0.44589633  0.47476172 0.42761975 0.50206904 0.41641874
0.00039479 0.36283831 0.35232302 0.39930133 0.34523319 0.50234819  0.48417291 0.45702496 0.47508945 0.39693445 0.45000532 0.44589633  0.47476172 0.42761975 0.50206904 0.41641874
0.00039479 0.36283831 0.35232302 0.39930133 0.34523319 0.50234819  0.48417291 0.45702496 0.47508945 0.39693445 0.45000532 0.44589633  0.47476172 0.42761975 0.50206904 0.41641874
0.00039479 0.36283831 0.35232302 0.39930133 0.34523319 0.50234819  0.48417291 0.45702496 0.47508945 0.39693445 0.45000532 0.44589633  0.47476172 0.42761975 0.50206904 0.41641874
0.00039479 0.36283831 0.35232302 0.39930133 0.34523319 0.50234819  0.48417291 0.45702496 0.47508945 0.39693445 0.45000532 0.44589633  0.47476172 0.42761975 0.50206904 0.41641874
0.00039479 0.36283831 0.35232302 0.39930133 0.34523319 0.50234819  0.48417291 0.45702496 0.47508945 0.39693445 0.45000532 0.44589633  0.47476172 0.42761975 0.50206904 0.41641874
0.00039479 0.36283831 0.35232302 0.39930133 0.34523319 0.50234819  0.48417291 0.45702496 0.47508945 0.39693445 0.45000532 0.44589633  0.47476172 0.42761975 0.50206904 0.41641874
0.00039479 0.36283831 0.35232302 0.39930133 0.34523319 0.50234819  0.48417291 0.45702496 0.47508945 0.39693445 0.45000532 0.44589633  0.47476172 0.42761975 0.50206904 0.41641874
0.00039479 0.36283831 0.35232302 0.39930133 0.34523319 0.50234819  0.48417291 0.45702496 0.47508945 0.39693445 0.45000532 0.44589633  0.47476172 0.42761975 0.50206904 0.41641874
0.00039479 0.36283831 0.35232302 0.39930133 0.34523319 0.50234819  0.48417291 0.45702496 0.47508945 0.39693445 0.45000532 0.44589633  0.47476172 0.42761975 0.50206904 0.41641874
0.00039479 0.36283831 0.35232302 0.39930133 0.34523319 0.50234819  0.48417291 0.45702496 0.47508945 0.39693445 0.45000532 0.44589633  0.47476172 0.42761975 0.50206904 0.41641874
0.00039479 0.36283831 0.35232302 0.39930133 0.34523319 0.50234819  0.48417291 0.45702496 0.47508945 0.39693445 0.45000532 0.44589633  0.47476172 0.42761975 0.50206904 0.41641874
0.00039479 0.36283831 0.35232302 0.39930133 0.34523319 0.50234819  0.48417291 0.45702496 0.47508945 0.39693445 0.45000532 0.44589633  0.47476172 0.42761975 0.50206904 0.41641874
0.00039479 0.36283831 0.35232302 0.39930133 0.34523319 0.50234819  0.48417291 0.45702496 0.47508945 0.39693445 0.45000532 0.44589633  0.47476172 0.42761975 0.50206904 0.41641874
0.00039479 0.36283831 0.35232302 0.39930133 0.34523319 0.50234819  0.48417291 0.45702496 0.47508945 0.39693445 0.45000532 0.44589633  0.47476172 0.42761975 0.50206904 0.41641874
0.00039479 0.36283831 0.35232302 0.39930133 0.34523319 0.50234819  0.48417291 0.45702496 0.47508945 0.39693445 0.45000532 0.44589633  0.47476172 0.42761975 0.50206904 0.41641874
0.00039479 0.36283831 0.35232302 0.39930133 0.34523319 0.50234819  0.48417291 0.45702496 0.47508945 0.39693445 0.45000532 0.44589633  0.47476172 0.42761975 0.50206904 0.41641874
0.00039479 0.36283831 0.35232302 0.39930133 0.34523319 0.50234819  0.48417291 0.45702496 0.47508945 0.39693445 0.45000532 0.44589633  0.47476172 0.42761975 0.50206904 0.41641874
0.00039479 0.36283831 0.35232302 0.39930133 0.34523319 0.50234819  0.48417291 0.45702496 0.47508945 0.39693445 0.45000532 0.44589633  0.47476172 0.42761975 0.50206904 0.41641874
0.00039479 0.36283831 0.35232302 0.39930133 0.34523319 0.50234819  0.48417291 0.45702496 0.47508945 0.39693445 0.45000532 0.44589633  0.47476172 0.42761975 0.50206904 0.41641874
0.00039479 0.36283831 0.35232302 0.39930133 0.34523319 0.50234819  0.48417291 0.45702496 0.47508945 0.39693445 0.45000532 0.44589633  0.47476172 0.42761975 0.50206904 0.41641874
0.00039479 0.36283831 0.35232302 0.39930133 0.34523319 0.50234819  0.48417291 0.45702496 0.47508945 0.39693445 0.45000532 0.44589633  0.47476172 0.42761975 0.50206904 0.41641874
0.00039479 0.36283831 0.35232302 0.39930133 0.34523319 0.50234819  0.48417291 0.45702496 0.47508945 0.39693445 0.45000532 0.44589633  0.47476172 0.42761975 0.50206904 0.41641874
0.00039479 0.36283831 0.35232302 0.39930133 0.34523319 0.50234819  0.48417291 0.45702496 0.47508945 0.39693445 0.45000532 0.44589633  0.47476172 0.42761975 0.50206904 0.41641874
0.00039479 0.36283831 0.35232302 0.39930133 0.34523319 0.50234819  0.48417291 0.45702496 0.47508945 0.39693445 0.45000532 0.44589633  0.47476172 0.42761975 0.50206904 0.41641874
0.00039479 0.36283831 0.35232302 0.39930133 0.34523319 0.50234819  0.48417291 0.45702496 0.47508945 0.39693445 0.45000532 0.44589633  0.47476172 0.42761975 0.50206904 0.41641874
0.00039479 0.36283831 0.35232302 0.39930133 0.34523319 0.50234819  0.48417291 0.45702496 0.47508945 0.39693445 0.45000532 0.44589633  0.47476172 0.42761975 0.50206904 0.41641874
0.00039479 0.36283831 0.35232302 0.39930133 0.34523319 0.50234819  0.48417291 0.45702496 0.47508945 0.39693445 0.45000532 0.44589633  0.47476172 0.42761975 0.50206904 0.41641874
0.00039479 0.36283831 0.35232302 0.39930133 0.34523319 0.50234819  0.48417291 0.45702496 0.47508945 0.39693445 0.45000532 0.44589633  0.47476172 0.42761975 0.50206904 0.41641874
0.00039479 0.36283831 0.35232302 0.39930133 0.34523319 0.50234819  0.48417291 0.45702496 0.47508945 0.39693445 0.45000532 0.44589633  0.47476172 0.42761975 0.50206904 0.41641874
0.00039479 0.36283831 0.35232302 0.39930133 0.34523319 0.50234819  0.48417291 0.45702496 0.47508945 0.39693445 0.45000532 0.44589633  0.47476172 0.42761975 0.50206904 0.41641874
0.01870308 0.37196619 0.35364175 0.3935624  0.32342162 0.57297891  0.46719925 0.41839832 0.50184052 0.43767273 0.41413017 0.46831696  0.4749994  0.42459677 0.52671212 0.46566615
0.09419732 0.48801279 0.34197253 0.44411516 0.44658826 0.55144442  0.36428795 0.45436234 0.59544948 0.54847774 0.39693387 0.47452976  0.50367362 0.51446334 0.68694987 0.46149528
0.32268069 0.76050896 0.52628954 0.50125185 0.58976609 0.63383981  0.20379855 0.40729618 0.6983782  0.56501474 0.41413654 0.37363428  0.46517318 0.70419314 0.66242244 0.31570134
0.55352721 0.90542803 0.73115884 0.58979913 0.44839652 0.67500053  0.23881279 0.37860382 0.69801651 0.43395335 0.26424091 0.27445887  0.68840028 0.46124347 0.30498621 0.32379845
0.60981232 0.90294877 0.87017125 0.58341702 0.50766569 0.62817848  0.31821599 0.3883167  0.62965504 0.55501374 0.42386192 0.31922179  0.70569893 0.46512215 0.36856122 0.27797417
0.76286929 0.78459251 0.859915   0.32195624 0.50076055 0.55498123  0.48246303 0.66675917 0.51640666 0.49326411 0.47478516 0.29232331  0.60236549 0.40536048 0.55445542 0.25633788
0.78102552 0.78194635 0.85673241 0.27520675 0.56014231 0.53813025  0.54800525 0.64952069 0.45045221 0.51163743 0.49314127 0.3516306  0.60442426 0.39761881 0.59655653 0.28386291
0.81177343 0.74809554 0.83743084 0.23844334 0.54923845 0.50354364  0.57488731 0.66026103 0.32175014 0.48688062 0.41868698 0.42813581  0.46625533 0.31052895 0.69500634 0.33224721
0.84898802 0.63496571 0.79174453 0.23075627 0.52501467 0.41653874  0.48317877 0.62744011 0.40655184 0.36360832 0.52459125 0.4064345  0.42875579 0.29868278 0.52823041 0.26267697
0.87484678 0.5611209  0.76137672 0.21858875 0.51187817 0.36979868  0.43068073 0.52837757 0.4616787  0.28519146 0.5205919  0.45249379  0.4163091  0.32453886 0.52007324 0.27034307
0.88028187 0.49097884 0.70244414 0.35985496 0.2418855  0.28110813  0.53418481 0.52168521 0.56406352 0.26095077 0.55832102 0.41583461  0.35417801 0.27877315 0.49223997 0.47008666
0.90057515 0.39550672 0.62546977 0.3632029  0.21041526 0.23511301  0.51305703 0.3797155  0.62712388 0.27033386 0.5081923  0.51503983  0.43150608 0.29161777 0.542413   0.49627689
0.90057515 0.39550672 0.62546977 0.3632029  0.21041526 0.23511301  0.51305703 0.3797155  0.62712388 0.27033386 0.5081923  0.51503983  0.43150608 0.29161777 0.542413   0.49627689
0.9100537  0.35000547 0.58799932 0.38223853 0.18290784 0.22089728  0.49859025 0.29688776 0.65150252 0.27761113 0.47003685 0.52762898  0.46756664 0.25836555 0.54734943 0.48828011
0.90749164 0.32462737 0.55741762 0.4157814  0.18545342 0.22088086  0.5495418  0.32948621 0.70680273 0.35717872 0.4827473  0.56177334  0.52480799 0.1918844  0.53403696 0.47599724
0.90441596 0.26926844 0.48507153 0.46751908 0.19836805 0.27057534  0.51618623 0.34399223 0.62080165 0.38754066 0.55966256 0.59638851  0.6060406  0.16396535 0.57492206 0.48754317
0.92000343 0.20964219 0.47614638 0.55727332 0.24541712 0.32017015  0.50665769 0.33204104 0.53772743 0.39754947 0.59648346 0.49159674  0.61803258 0.16668948 0.60799712 0.58964858
0.91601831 0.19755401 0.44860118 0.56190645 0.22521623 0.31565279  0.51442754 0.3417248  0.54654487 0.45273099 0.60623422 0.4987079  0.6544869  0.1829785  0.58067315 0.57313807
0.90980678 0.19091716 0.41712877 0.55125749 0.24701558 0.33998318  0.48985784 0.34439363 0.50355064 0.44514577 0.62396123 0.52640585  0.70262495 0.17376402 0.5956348  0.5251538 
0.92191531 0.14140282 0.41041307 0.64507663 0.29527644 0.40236638  0.51429236 0.36890061 0.45530356 0.44674217 0.61844515 0.45836563  0.69882974 0.21267572 0.6337237  0.5769349 
0.93382077 0.12456223 0.43564963 0.70071448 0.30320294 0.41772177  0.55621164 0.37785176 0.48155106 0.43863047 0.57187236 0.3953273  0.65733188 0.22664691 0.68376081 0.60958742
0.93382077 0.12456223 0.43564963 0.70071448 0.30320294 0.41772177  0.55621164 0.37785176 0.48155106 0.43863047 0.57187236 0.3953273  0.65733188 0.22664691 0.68376081 0.60958742
0.93382077 0.12456223 0.43564963 0.70071448 0.30320294 0.41772177  0.55621164 0.37785176 0.48155106 0.43863047 0.57187236 0.3953273  0.65733188 0.22664691 0.68376081 0.60958742
0.93382077 0.12456223 0.43564963 0.70071448 0.30320294 0.41772177  0.55621164 0.37785176 0.48155106 0.43863047 0.57187236 0.3953273  0.65733188 0.22664691 0.68376081 0.60958742
0.93382077 0.12456223 0.43564963 0.70071448 0.30320294 0.41772177  0.55621164 0.37785176 0.48155106 0.43863047 0.57187236 0.3953273  0.65733188 0.22664691 0.68376081 0.60958742
0.93382077 0.12456223 0.43564963 0.70071448 0.30320294 0.41772177  0.55621164 0.37785176 0.48155106 0.43863047 0.57187236 0.3953273  0.65733188 0.22664691 0.68376081 0.60958742
0.91809647 0.12685117 0.36965302 0.6443319  0.31965038 0.46808827  0.4503804  0.36765305 0.32538879 0.390845   0.60151546 0.41136502  0.69162462 0.32563436 0.68931863 0.49517244
0.91402027 0.13737701 0.35954636 0.61701541 0.31669014 0.48755252  0.40412609 0.36449026 0.24440307 0.35004392 0.59010461 0.39255922  0.66888371 0.39952586 0.71817936 0.4239418 
0.91402027 0.13737701 0.35954636 0.61701541 0.31669014 0.48755252  0.40412609 0.36449026 0.24440307 0.35004392 0.59010461 0.39255922  0.66888371 0.39952586 0.71817936 0.4239418 
0.91402027 0.13737701 0.35954636 0.61701541 0.31669014 0.48755252  0.40412609 0.36449026 0.24440307 0.35004392 0.59010461 0.39255922  0.66888371 0.39952586 0.71817936 0.4239418 
0.91402027 0.13737701 0.35954636 0.61701541 0.31669014 0.48755252  0.40412609 0.36449026 0.24440307 0.35004392 0.59010461 0.39255922  0.66888371 0.39952586 0.71817936 0.4239418 
0.89898684 0.19506324 0.36392735 0.52359957 0.27276075 0.44635221  0.40445409 0.36868943 0.31766854 0.31921933 0.53923574 0.49293139  0.6796042  0.34761044 0.7444507  0.27416758
0.89898684 0.19506324 0.36392735 0.52359957 0.27276075 0.44635221  0.40445409 0.36868943 0.31766854 0.31921933 0.53923574 0.49293139  0.6796042  0.34761044 0.7444507  0.27416758
0.86347006 0.25221536 0.29327914 0.36243812 0.26111893 0.4174143  0.33785619 0.38474715 0.34282939 0.38045224 0.47984341 0.50621343  0.60634396 0.30262157 0.6652552  0.1863071 
0.83950413 0.27739673 0.23082373 0.27740446 0.2685063  0.4217659  0.30842872 0.42797382 0.39063756 0.47793395 0.45172662 0.542757  0.54472483 0.39283663 0.51189433 0.13451542
0.78254884 0.3746008  0.1504548  0.16500338 0.31543311 0.4848734  0.33907615 0.42445262 0.51639189 0.38347495 0.27774416 0.5197347  0.51870536 0.30688673 0.48119685 0.25730451
0.70052306 0.54225056 0.12980763 0.18248222 0.30297774 0.60920388  0.48500109 0.52280691 0.44427704 0.43411538 0.2291922  0.50662  0.57939412 0.31917702 0.58936716 0.4110695 
0.62861766 0.67587943 0.11442918 0.21881239 0.30420496 0.6423925  0.63916007 0.54024736 0.45384503 0.39392452 0.36714503 0.47540502  0.69518946 0.4745733  0.59072993 0.52500743
0.54586244 0.77974689 0.12267476 0.39836867 0.29679893 0.68115205  0.59554768 0.40168778 0.37523608 0.47557271 0.37358206 0.4789511  0.49127868 0.3460347  0.38172529 0.46165898
0.51122529 0.79950986 0.09455724 0.43195576 0.3493868  0.5994669  0.66683861 0.34610602 0.416032   0.46732754 0.53386627 0.462384  0.40329739 0.37544479 0.47961754 0.45658068
0.45760599 0.81752107 0.11995617 0.54396445 0.32583158 0.62363327  0.47264786 0.36157629 0.50588022 0.48718311 0.48450142 0.47787137  0.36024269 0.32080754 0.41623437 0.47632438
0.40307756 0.81066863 0.13036572 0.6070688  0.35547728 0.53572029  0.3994711  0.40250164 0.55409156 0.45207736 0.54193417 0.45336063  0.30873049 0.37515656 0.49168954 0.38170743
0.38439283 0.80191844 0.13992406 0.62663726 0.35427729 0.53193919  0.34076655 0.42214311 0.59936761 0.46040386 0.50652344 0.46550152  0.38191287 0.40057935 0.53368866 0.42641821
0.34720959 0.78459453 0.15213045 0.65689475 0.36931807 0.48964022  0.27451741 0.46296826 0.65629284 0.45591761 0.5081479  0.4650596  0.4348531  0.45893406 0.61771805 0.43198952
0.34720959 0.78459453 0.15213045 0.65689475 0.36931807 0.48964022  0.27451741 0.46296826 0.65629284 0.45591761 0.5081479  0.4650596  0.4348531  0.45893406 0.61771805 0.43198952
0.34720959 0.78459453 0.15213045 0.65689475 0.36931807 0.48964022  0.27451741 0.46296826 0.65629284 0.45591761 0.5081479  0.4650596  0.4348531  0.45893406 0.61771805 0.43198952
0.40343091 0.8007634  0.15511196 0.5957954  0.3058326  0.66343265  0.28722977 0.45309638 0.70901758 0.45371406 0.550006   0.45055164  0.55642592 0.41144441 0.48545025 0.49774096
0.40343091 0.8007634  0.15511196 0.5957954  0.3058326  0.66343265  0.28722977 0.45309638 0.70901758 0.45371406 0.550006   0.45055164  0.55642592 0.41144441 0.48545025 0.49774096
0.41888283 0.78739839 0.17825203 0.60361646 0.2817591  0.68035878  0.24246034 0.46338483 0.65845893 0.4724544  0.50770307 0.45560176  0.55050243 0.40368309 0.42942687 0.4294617 
0.44832765 0.76904791 0.22440274 0.61647149 0.23213315 0.71569925  0.20111004 0.47455398 0.58819292 0.47878722 0.44982928 0.48016779  0.65975404 0.40880183 0.38969992 0.35021143
0.49193739 0.77313555 0.34490764 0.64651908 0.15413333 0.73202133  0.15373805 0.43811793 0.51590422 0.40926519 0.4283473  0.53839704  0.75329305 0.50978    0.27550205 0.39510454
0.52538492 0.77813072 0.47398529 0.70476065 0.07898894 0.65193795  0.21465013 0.41504793 0.53469278 0.43365846 0.43872685 0.50949291  0.69806808 0.54689552 0.29519125 0.41477203
0.57446326 0.80051517 0.59313547 0.73383318 0.05418872 0.60570091  0.30810025 0.34514743 0.4669797  0.3438283  0.47578474 0.46170767  0.63701647 0.48502251 0.40975802 0.33286206
0.59304127 0.80107782 0.58791008 0.70000467 0.05142601 0.62152738  0.36530311 0.34396678 0.44231217 0.32234649 0.52088759 0.4411303  0.64035498 0.48870075 0.38150027 0.30768509
0.64655199 0.78472016 0.57753188 0.60647016 0.04861486 0.62203203  0.46384368 0.42300994 0.37090332 0.28004532 0.5297036  0.4186647  0.6966859  0.49281738 0.36145665 0.31825377
0.67201675 0.7326896  0.578718   0.55316786 0.04846152 0.58608665  0.41444098 0.57447773 0.39357304 0.46234141 0.47355488 0.38246046  0.5050983  0.46254258 0.32658323 0.28756756
0.69373252 0.70884984 0.61609346 0.54305188 0.04010882 0.54225255  0.427009   0.63903621 0.45537737 0.49883222 0.43268769 0.36710362  0.40079433 0.34416461 0.40637431 0.31114645
0.7016821  0.7372778  0.67756463 0.52615324 0.09855551 0.55174184  0.42036938 0.63121578 0.46672293 0.47559469 0.391036   0.30752282  0.34944856 0.33750753 0.41581589 0.28072654
0.73922378 0.71621311 0.70788095 0.41694284 0.21105189 0.5297164  0.46053753 0.70267043 0.49302027 0.52260484 0.41072293 0.28153438  0.42459825 0.37283963 0.49797203 0.23719341
0.76286074 0.72360397 0.76579471 0.3246817  0.36839663 0.53030636  0.46467167 0.7466713  0.52690806 0.57504633 0.41901169 0.24601465  0.5204328  0.42679205 0.52962578 0.17553681
0.76475152 0.72735366 0.77784163 0.31756219 0.38429231 0.5175141  0.48237491 0.75647129 0.56786999 0.63963906 0.40253377 0.20850762  0.53387492 0.42890583 0.49504274 0.17197535
0.78219323 0.72051575 0.76472836 0.28257269 0.40031304 0.49071598  0.56044053 0.73473959 0.51611699 0.65261907 0.39022177 0.22008498  0.5266726  0.44112357 0.52671913 0.18243476
0.78219323 0.72051575 0.76472836 0.28257269 0.40031304 0.49071598  0.56044053 0.73473959 0.51611699 0.65261907 0.39022177 0.22008498  0.5266726  0.44112357 0.52671913 0.18243476
0.79939734 0.71769453 0.7507767  0.25901246 0.4143905  0.46041579  0.63392225 0.69451526 0.43142169 0.68501484 0.31642462 0.25167015  0.49412796 0.41790365 0.53811604 0.22522956
0.79939734 0.71769453 0.7507767  0.25901246 0.4143905  0.46041579  0.63392225 0.69451526 0.43142169 0.68501484 0.31642462 0.25167015  0.49412796 0.41790365 0.53811604 0.22522956
0.81173038 0.68147861 0.73111218 0.24546814 0.41523466 0.44787121  0.59513273 0.66766312 0.43475092 0.60268118 0.33890985 0.30179022  0.5099685  0.44906732 0.54228243 0.20610966
0.84804245 0.6220763  0.75552208 0.22457788 0.41691137 0.37550726  0.56280777 0.60730371 0.49961086 0.49029131 0.3473312  0.32662181  0.49103097 0.496446   0.58378255 0.25278093
0.86680894 0.58217831 0.75866472 0.23319473 0.42785341 0.33916476  0.60136498 0.54082502 0.61060878 0.54110636 0.29122022 0.37474678  0.53102314 0.49683187 0.61520097 0.33097395
0.87123575 0.54538509 0.73672151 0.29202967 0.35763751 0.32765975  0.59382222 0.53224863 0.5546235  0.48138408 0.4196929  0.47840237  0.50448329 0.49181911 0.64484365 0.44694078
0.88267061 0.50141869 0.71088241 0.30742168 0.31392316 0.2896764  0.57034791 0.48349497 0.59862958 0.43381116 0.42819675 0.44840234  0.4795798  0.45128132 0.58233064 0.42905919
0.89363951 0.37088311 0.57208059 0.38353108 0.14321569 0.22167103  0.53174483 0.39094282 0.64437874 0.3304393  0.52272633 0.52761496  0.48078427 0.3084763  0.50905998 0.50018056
0.90606857 0.33791729 0.56045412 0.38687166 0.16270695 0.21637992  0.5063601  0.30657152 0.66031996 0.33279265 0.4797876  0.53474014  0.50402096 0.27465457 0.52002545 0.4717696 
0.92433358 0.26786514 0.55991888 0.5158144  0.21125534 0.25829955  0.5458292  0.31144605 0.63537337 0.37476683 0.54247253 0.46879806  0.51926758 0.27498987 0.47583672 0.66642367
0.92322546 0.16938962 0.44581851 0.60901309 0.24885508 0.34130417  0.51671469 0.34373021 0.51277254 0.46770227 0.62028921 0.44724676  0.64874057 0.20980547 0.57725863 0.64084638
0.9289194  0.14591218 0.43958265 0.65400198 0.27858092 0.38098994  0.53406426 0.35535018 0.49602582 0.45200535 0.59144343 0.41190638  0.65538076 0.21456218 0.64225738 0.62551464
0.9315312  0.10122804 0.40167992 0.72769749 0.3464185  0.47046962  0.55655337 0.40159653 0.44666967 0.42101841 0.56253639 0.41711991  0.68827934 0.25622541 0.69500379 0.5506045 
0.9315312  0.10122804 0.40167992 0.72769749 0.3464185  0.47046962  0.55655337 0.40159653 0.44666967 0.42101841 0.56253639 0.41711991  0.68827934 0.25622541 0.69500379 0.5506045 
0.89813702 0.09275601 0.26058665 0.63399989 0.38572282 0.53213301  0.45207377 0.46987996 0.34204411 0.55107248 0.56139992 0.39052279  0.62022225 0.38952238 0.60517486 0.4074956 
0.89406082 0.10328185 0.25048    0.60668339 0.38276259 0.55159726  0.40581947 0.46671717 0.2610584  0.5102714  0.54998907 0.37171699  0.59748135 0.46341388 0.63403559 0.33626497
0.88504129 0.10296867 0.21476543 0.58189845 0.40215112 0.57277877  0.37917052 0.48285967 0.25054673 0.51859284 0.5397111  0.36195943  0.55102823 0.49477334 0.58854699 0.35142699
0.87366111 0.10796031 0.18027522 0.55512432 0.4325031  0.58822912  0.37901231 0.4972905  0.28573936 0.49822525 0.49864287 0.32769465  0.50470586 0.44004632 0.61352894 0.38667556
0.83377243 0.16136937 0.09421038 0.43315758 0.48475414 0.60996878  0.35319782 0.48131355 0.40976946 0.40048279 0.41795978 0.26653017  0.45481024 0.33137883 0.54760265 0.58148089
0.82539735 0.18672888 0.08710908 0.39600949 0.49598271 0.63465216  0.33968131 0.47737634 0.40455491 0.34606922 0.31949681 0.23513844  0.4420573  0.31476159 0.586392   0.49921667
0.79001064 0.27913007 0.07228302 0.2480601  0.4515048  0.5397939  0.36263135 0.44878549 0.54285378 0.30987918 0.33050194 0.34703956  0.45675016 0.25852277 0.62718329 0.43364893
0.7620026  0.35885132 0.07219385 0.16127677 0.41325097 0.4850315  0.38763759 0.39575167 0.63533128 0.30781966 0.36671133 0.42930374  0.55543889 0.33915533 0.48615988 0.44271097
0.59268121 0.56847914 0.04628668 0.30871155 0.47026748 0.36933621  0.59530137 0.16445674 0.57979896 0.37495415 0.41657823 0.49613579  0.50824833 0.49764772 0.71253554 0.36462205
0.44950258 0.73322233 0.08095288 0.47977824 0.45180193 0.34580752  0.6731814  0.34087865 0.33970597 0.3808927  0.53227561 0.42971859  0.38677963 0.38198102 0.49816749 0.28781594
0.26943922 0.66894694 0.1556756  0.58474172 0.47352408 0.16428402  0.51718886 0.49771471 0.25421582 0.40950467 0.23123364 0.49951497  0.5132865  0.39174087 0.46427181 0.47816487
0.12456907 0.51351642 0.25748519 0.51062985 0.41342149 0.30283687  0.4703165  0.50256125 0.34000189 0.39550623 0.25499148 0.4826298  0.62033718 0.37832493 0.38781117 0.51815114
0.01779563 0.38669558 0.33863985 0.42004769 0.35385851 0.46460162  0.48109267 0.47190843 0.43452283 0.38595027 0.3992976  0.44733029  0.52908455 0.38078184 0.39373238 0.44873962
0.00039479 0.36283831 0.35232302 0.39930133 0.34523319 0.50234819  0.48417291 0.45702496 0.47508945 0.39693445 0.45000532 0.44589633  0.47476172 0.42761975 0.50206904 0.41641874
0.00039479 0.36283831 0.35232302 0.39930133 0.34523319 0.50234819  0.48417291 0.45702496 0.47508945 0.39693445 0.45000532 0.44589633  0.47476172 0.42761975 0.50206904 0.41641874
0.00039479 0.36283831 0.35232302 0.39930133 0.34523319 0.50234819  0.48417291 0.45702496 0.47508945 0.39693445 0.45000532 0.44589633  0.47476172 0.42761975 0.50206904 0.41641874
0.00039479 0.36283831 0.35232302 0.39930133 0.34523319 0.50234819  0.48417291 0.45702496 0.47508945 0.39693445 0.45000532 0.44589633  0.47476172 0.42761975 0.50206904 0.41641874
0.00039479 0.36283831 0.35232302 0.39930133 0.34523319 0.50234819  0.48417291 0.45702496 0.47508945 0.39693445 0.45000532 0.44589633  0.47476172 0.42761975 0.50206904 0.41641874
0.00039479 0.36283831 0.35232302 0.39930133 0.34523319 0.50234819  0.48417291 0.45702496 0.47508945 0.39693445 0.45000532 0.44589633  0.47476172 0.42761975 0.50206904 0.41641874
0.00039479 0.36283831 0.35232302 0.39930133 0.34523319 0.50234819  0.48417291 0.45702496 0.47508945 0.39693445 0.45000532 0.44589633  0.47476172 0.42761975 0.50206904 0.41641874
0.00039479 0.36283831 0.35232302 0.39930133 0.34523319 0.50234819  0.48417291 0.45702496 0.47508945 0.39693445 0.45000532 0.44589633  0.47476172 0.42761975 0.50206904 0.41641874
0.00039479 0.36283831 0.35232302 0.39930133 0.34523319 0.50234819  0.48417291 0.45702496 0.47508945 0.39693445 0.45000532 0.44589633  0.47476172 0.42761975 0.50206904 0.41641874
0.00039479 0.36283831 0.35232302 0.39930133 0.34523319 0.50234819  0.48417291 0.45702496 0.47508945 0.39693445 0.45000532 0.44589633  0.47476172 0.42761975 0.50206904 0.41641874
0.00039479 0.36283831 0.35232302 0.39930133 0.34523319 0.50234819  0.48417291 0.45702496 0.47508945 0.39693445 0.45000532 0.44589633  0.47476172 0.42761975 0.50206904 0.41641874
0.00039479 0.36283831 0.35232302 0.39930133 0.34523319 0.50234819  0.48417291 0.45702496 0.47508945 0.39693445 0.45000532 0.44589633  0.47476172 0.42761975 0.50206904 0.41641874
0.00039479 0.36283831 0.35232302 0.39930133 0.34523319 0.50234819  0.48417291 0.45702496 0.47508945 0.39693445 0.45000532 0.44589633  0.47476172 0.42761975 0.50206904 0.41641874
0.00039479 0.36283831 0.35232302 0.39930133 0.34523319 0.50234819  0.48417291 0.45702496 0.47508945 0.39693445 0.45000532 0.44589633  0.47476172 0.42761975 0.50206904 0.41641874
0.03540017 0.41718963 0.32450808 0.45341476 0.36814944 0.43963834  0.43244666 0.49689867 0.48559948 0.39258167 0.40702111 0.45241186  0.54776626 0.46341302 0.546645   0.45216901
0.29229309 0.70560815 0.1735301  0.58760497 0.40710553 0.37184303  0.36352397 0.58681002 0.60227374 0.31821331 0.63932817 0.38277626  0.56953939 0.54168996 0.56904588 0.30774379
0.34565702 0.7141509  0.15708013 0.5332333  0.40749449 0.3551985  0.42917659 0.66662906 0.53993375 0.26342194 0.64130409 0.35088995  0.69391172 0.51425936 0.44116002 0.33287886
0.41617374 0.68311337 0.12363553 0.39254369 0.44159325 0.3025095  0.64457538 0.67367266 0.4531007  0.23496313 0.69931293 0.339274  0.7184748  0.57087783 0.55962296 0.30763803
0.48395767 0.6391008  0.11970052 0.30805152 0.41080454 0.35917651  0.61908542 0.72895421 0.55600916 0.18570756 0.82495777 0.31826264  0.71665799 0.52115506 0.46125492 0.34453793
0.52960249 0.5917226  0.10093424 0.30038112 0.4275967  0.33679645  0.5402685  0.68222187 0.66518545 0.16796978 0.89831931 0.31498549  0.63180189 0.51253893 0.43525152 0.33175537
0.5974723  0.55063079 0.10790736 0.22313804 0.39194392 0.35420622  0.53540443 0.7890189  0.59407196 0.20727163 0.81292579 0.3433675  0.45827922 0.37083684 0.4314068  0.36479812
0.5974723  0.55063079 0.10790736 0.22313804 0.39194392 0.35420622  0.53540443 0.7890189  0.59407196 0.20727163 0.81292579 0.3433675  0.45827922 0.37083684 0.4314068  0.36479812
0.65641816 0.50306773 0.13836774 0.24117425 0.32045407 0.41438747  0.4641015  0.82089053 0.58117449 0.33210505 0.78597874 0.41350839  0.35423263 0.30198548 0.44057007 0.46515446
0.69320786 0.4977588  0.15577985 0.23842438 0.27728153 0.53214191  0.43881787 0.82471536 0.62550747 0.36521239 0.6583278  0.47792054  0.38469397 0.27576535 0.37989661 0.52722848
0.69867001 0.53648495 0.18479694 0.29061953 0.23921714 0.53606456  0.60076417 0.82812536 0.46794757 0.51302076 0.57490564 0.58528275  0.38206301 0.25040433 0.49624045 0.6116722 
0.70267024 0.52616385 0.19468726 0.31694318 0.24178035 0.51657255  0.64495216 0.83009928 0.54520509 0.5540352  0.5877534  0.60263275  0.40691144 0.17734103 0.47095134 0.68134859
0.76016082 0.49121882 0.31468181 0.31273007 0.15396071 0.42783224  0.58633162 0.74943274 0.46054392 0.72182482 0.52138692 0.56075775  0.40420111 0.39841024 0.51339931 0.52654349
0.78752783 0.42464685 0.28958433 0.27483051 0.16273219 0.39188463  0.53685931 0.67557607 0.50288064 0.63412434 0.49922318 0.63311998  0.43985161 0.50864256 0.55598101 0.51696443
0.78345163 0.4351727  0.27947768 0.24751402 0.15977196 0.41134887  0.49060501 0.67241328 0.42189492 0.59332326 0.48781234 0.61431417  0.41711071 0.58253406 0.58484174 0.44573379
0.78345163 0.4351727  0.27947768 0.24751402 0.15977196 0.41134887  0.49060501 0.67241328 0.42189492 0.59332326 0.48781234 0.61431417  0.41711071 0.58253406 0.58484174 0.44573379
0.85040573 0.27825264 0.28683093 0.30907296 0.21168009 0.31924202  0.39968263 0.4381516  0.56341313 0.58657832 0.5438664  0.62113732  0.51511449 0.36714117 0.37335073 0.31595505
0.85942526 0.27856582 0.3225455  0.33385791 0.19229156 0.2980605  0.42633157 0.4220091  0.5739248  0.57825689 0.55414438 0.63089489  0.56156762 0.33578171 0.41883933 0.30079302
0.87055436 0.23370408 0.31726554 0.41859653 0.23734661 0.35212934  0.45353016 0.44509045 0.5482653  0.58320133 0.54113639 0.57352841  0.53863069 0.40140166 0.41170614 0.35750268
0.88161221 0.19181631 0.31951297 0.50043263 0.26225615 0.36839759  0.4907121  0.44795958 0.55709104 0.61020423 0.58976632 0.55904747  0.55962364 0.37490999 0.37093193 0.48444844
0.89705448 0.12865761 0.30527974 0.58803212 0.33672687 0.42967929  0.49383835 0.44862595 0.48643364 0.62034453 0.59790068 0.45410247  0.62547625 0.26447901 0.5080765  0.50518527
0.89705448 0.12865761 0.30527974 0.58803212 0.33672687 0.42967929  0.49383835 0.44862595 0.48643364 0.62034453 0.59790068 0.45410247  0.62547625 0.26447901 0.5080765  0.50518527
0.90274843 0.10518017 0.29904388 0.63302101 0.36645272 0.46936507  0.51118792 0.46024592 0.46968691 0.60464762 0.5690549  0.41876209  0.63211645 0.26923573 0.57307526 0.48985353
0.90274843 0.10518017 0.29904388 0.63302101 0.36645272 0.46936507  0.51118792 0.46024592 0.46968691 0.60464762 0.5690549  0.41876209  0.63211645 0.26923573 0.57307526 0.48985353
0.9076498  0.08383022 0.29511085 0.6797335  0.39107473 0.50609689  0.5333353  0.4827475  0.45521216 0.59127273 0.54948383 0.40218302  0.63406757 0.28132045 0.61457869 0.47392631
0.89813702 0.09275601 0.26058665 0.63399989 0.38572282 0.53213301  0.45207377 0.46987996 0.34204411 0.55107248 0.56139992 0.39052279  0.62022225 0.38952238 0.60517486 0.4074956 
0.89406082 0.10328185 0.25048    0.60668339 0.38276259 0.55159726  0.40581947 0.46671717 0.2610584  0.5102714  0.54998907 0.37171699  0.59748135 0.46341388 0.63403559 0.33626497
0.89406082 0.10328185 0.25048    0.60668339 0.38276259 0.55159726  0.40581947 0.46671717 0.2610584  0.5102714  0.54998907 0.37171699  0.59748135 0.46341388 0.63403559 0.33626497
0.88504129 0.10296867 0.21476543 0.58189845 0.40215112 0.57277877  0.37917052 0.48285967 0.25054673 0.51859284 0.5397111  0.36195943  0.55102823 0.49477334 0.58854699 0.35142699
0.88504129 0.10296867 0.21476543 0.58189845 0.40215112 0.57277877  0.37917052 0.48285967 0.25054673 0.51859284 0.5397111  0.36195943  0.55102823 0.49477334 0.58854699 0.35142699
0.89406082 0.10328185 0.25048    0.60668339 0.38276259 0.55159726  0.40581947 0.46671717 0.2610584  0.5102714  0.54998907 0.37171699  0.59748135 0.46341388 0.63403559 0.33626497
0.89406082 0.10328185 0.25048    0.60668339 0.38276259 0.55159726  0.40581947 0.46671717 0.2610584  0.5102714  0.54998907 0.37171699  0.59748135 0.46341388 0.63403559 0.33626497
0.88070591 0.22150016 0.32376919 0.46033162 0.27874574 0.45928466  0.40424088 0.41608876 0.39207368 0.43857132 0.4189756  0.44645764  0.56319243 0.4857247  0.56980138 0.22628516
0.88129317 0.24841774 0.3606835  0.42554944 0.24975282 0.39284345  0.42835575 0.40826262 0.47366957 0.48331889 0.42408923 0.45902817  0.54443045 0.42434617 0.53212385 0.26316776
0.87569332 0.34361713 0.44396887 0.30861542 0.16569526 0.27888137  0.43712179 0.35453916 0.56602458 0.40098321 0.40251136 0.52517259  0.5285297  0.36747478 0.50883    0.22890932
0.88528761 0.39864733 0.55986102 0.34528058 0.1579324  0.26464252  0.53029801 0.31715164 0.63018029 0.3054413  0.31862739 0.52789924  0.51131512 0.31995693 0.65283937 0.41656096
0.87944345 0.45992664 0.62126797 0.34301253 0.18693266 0.30495161  0.55217458 0.29267472 0.59746326 0.28086507 0.22631767 0.46895331  0.49029631 0.32313197 0.73169665 0.40798386
0.86197948 0.56216097 0.70830117 0.30926262 0.24834938 0.34865807  0.60963776 0.42157515 0.54957546 0.34976174 0.19719608 0.41916965  0.43237053 0.41515697 0.81252226 0.44931527
0.84955041 0.59512679 0.71992763 0.30592205 0.22885812 0.35394918  0.63502249 0.50594645 0.53363424 0.34740839 0.24013481 0.41204447  0.40913383 0.4489787  0.80155679 0.47772623
0.84955041 0.59512679 0.71992763 0.30592205 0.22885812 0.35394918  0.63502249 0.50594645 0.53363424 0.34740839 0.24013481 0.41204447  0.40913383 0.4489787  0.80155679 0.47772623
0.84547421 0.60565263 0.70982098 0.27860555 0.22589789 0.37341343  0.58876819 0.50278366 0.45264853 0.30660731 0.22872397 0.39323867  0.38639293 0.5228702  0.83041752 0.40649559
0.84547421 0.60565263 0.70982098 0.27860555 0.22589789 0.37341343  0.58876819 0.50278366 0.45264853 0.30660731 0.22872397 0.39323867  0.38639293 0.5228702  0.83041752 0.40649559
0.84547421 0.60565263 0.70982098 0.27860555 0.22589789 0.37341343  0.58876819 0.50278366 0.45264853 0.30660731 0.22872397 0.39323867  0.38639293 0.5228702  0.83041752 0.40649559
0.84659989 0.58259136 0.69408365 0.3216171  0.18185943 0.34502457  0.64594044 0.50749002 0.54207165 0.3523323  0.24491809 0.41750844  0.4219577  0.44954821 0.79552774 0.49814041
0.86054297 0.54918207 0.69107321 0.30943006 0.18878758 0.30889462  0.61466465 0.52116963 0.57731269 0.32898889 0.29428206 0.41240667  0.38091441 0.45448347 0.72967012 0.49544788
0.86054297 0.54918207 0.69107321 0.30943006 0.18878758 0.30889462  0.61466465 0.52116963 0.57731269 0.32898889 0.29428206 0.41240667  0.38091441 0.45448347 0.72967012 0.49544788
0.8657638  0.50820491 0.6686999  0.35963238 0.1354977  0.26846334  0.64580911 0.52841887 0.59564671 0.39533242 0.3989872  0.45477228  0.41398901 0.46393602 0.6959472  0.60051174
0.9001316  0.39070132 0.61768163 0.36520158 0.1681592  0.20117853  0.54826749 0.40016748 0.6989767  0.39612459 0.47211708 0.42544583  0.43915755 0.35132282 0.4709877  0.490322  
0.90336318 0.37833539 0.62152738 0.40072849 0.17277819 0.20189785  0.58806458 0.40924119 0.74729559 0.40727418 0.48393313 0.45987591  0.46512466 0.2997427  0.45307031 0.53520185
0.92361852 0.31584773 0.60830259 0.45037826 0.21256    0.21215566  0.5600647  0.31866531 0.72374367 0.42548085 0.47780828 0.41809007  0.4833872  0.29100942 0.44117897 0.5888568 
0.92671187 0.2719015  0.5746686  0.50730687 0.22047131 0.23814526  0.56398123 0.32178426 0.67862989 0.43319024 0.52505827 0.42356546  0.50324864 0.29343708 0.45208877 0.68434526
0.92671187 0.2719015  0.5746686  0.50730687 0.22047131 0.23814526  0.56398123 0.32178426 0.67862989 0.43319024 0.52505827 0.42356546  0.50324864 0.29343708 0.45208877 0.68434526
0.92433358 0.26786514 0.55991888 0.5158144  0.21125534 0.25829955  0.5458292  0.31144605 0.63537337 0.37476683 0.54247253 0.46879806  0.51926758 0.27498987 0.47583672 0.66642367
0.93783448 0.17819362 0.50955488 0.63950408 0.28253659 0.34968803  0.5681266  0.35025045 0.55795519 0.42183286 0.53044343 0.35273391  0.56318758 0.25428712 0.57158468 0.64543254
0.93303915 0.16538331 0.47755832 0.64334849 0.2661512  0.35594664  0.55713827 0.35475885 0.53349015 0.43314043 0.56585295 0.40134083  0.5942117  0.26810888 0.55707667 0.6530528 
0.93303915 0.16538331 0.47755832 0.64334849 0.2661512  0.35594664  0.55713827 0.35475885 0.53349015 0.43314043 0.56585295 0.40134083  0.5942117  0.26810888 0.55707667 0.6530528 
0.93303915 0.16538331 0.47755832 0.64334849 0.2661512  0.35594664  0.55713827 0.35475885 0.53349015 0.43314043 0.56585295 0.40134083  0.5942117  0.26810888 0.55707667 0.6530528 
0.9387331  0.14190587 0.47132246 0.68833739 0.29587705 0.39563242  0.57448784 0.36637883 0.51674343 0.41744351 0.53700718 0.36600045  0.6008519  0.2728656  0.62207542 0.63772105
0.93774273 0.10786488 0.43315234 0.73834645 0.32461915 0.44613924  0.58112307 0.3989277  0.48966389 0.42860363 0.54480938 0.38942196  0.64014129 0.26543989 0.68004214 0.59858877
0.93040771 0.10350185 0.40029905 0.72269443 0.33779791 0.4589702  0.57148945 0.42596219 0.49905247 0.51228327 0.54110303 0.38173075  0.63784551 0.30206511 0.6110997  0.55876581
0.93040771 0.10350185 0.40029905 0.72269443 0.33779791 0.4589702  0.57148945 0.42596219 0.49905247 0.51228327 0.54110303 0.38173075  0.63784551 0.30206511 0.6110997  0.55876581
0.93040771 0.10350185 0.40029905 0.72269443 0.33779791 0.4589702  0.57148945 0.42596219 0.49905247 0.51228327 0.54110303 0.38173075  0.63784551 0.30206511 0.6110997  0.55876581
0.92300901 0.09595964 0.36385756 0.70814821 0.3459218  0.47104256  0.55795037 0.45230361 0.48854283 0.57098401 0.5483086  0.38883297  0.62237878 0.33519132 0.56913157 0.53948016
0.92300901 0.09595964 0.36385756 0.70814821 0.3459218  0.47104256  0.55795037 0.45230361 0.48854283 0.57098401 0.5483086  0.38883297  0.62237878 0.33519132 0.56913157 0.53948016
0.92300901 0.09595964 0.36385756 0.70814821 0.3459218  0.47104256  0.55795037 0.45230361 0.48854283 0.57098401 0.5483086  0.38883297  0.62237878 0.33519132 0.56913157 0.53948016
0.92300901 0.09595964 0.36385756 0.70814821 0.3459218  0.47104256  0.55795037 0.45230361 0.48854283 0.57098401 0.5483086  0.38883297  0.62237878 0.33519132 0.56913157 0.53948016
0.92300901 0.09595964 0.36385756 0.70814821 0.3459218  0.47104256  0.55795037 0.45230361 0.48854283 0.57098401 0.5483086  0.38883297  0.62237878 0.33519132 0.56913157 0.53948016
0.92300901 0.09595964 0.36385756 0.70814821 0.3459218  0.47104256  0.55795037 0.45230361 0.48854283 0.57098401 0.5483086  0.38883297  0.62237878 0.33519132 0.56913157 0.53948016
0.92300901 0.09595964 0.36385756 0.70814821 0.3459218  0.47104256  0.55795037 0.45230361 0.48854283 0.57098401 0.5483086  0.38883297  0.62237878 0.33519132 0.56913157 0.53948016
0.93774273 0.10786488 0.43315234 0.73834645 0.32461915 0.44613924  0.58112307 0.3989277  0.48966389 0.42860363 0.54480938 0.38942196  0.64014129 0.26543989 0.68004214 0.59858877
0.93774273 0.10786488 0.43315234 0.73834645 0.32461915 0.44613924  0.58112307 0.3989277  0.48966389 0.42860363 0.54480938 0.38942196  0.64014129 0.26543989 0.68004214 0.59858877
0.95079649 0.18611568 0.56364497 0.66161678 0.37005128 0.40478349  0.56621884 0.35744485 0.53943044 0.40146786 0.46216049 0.24948311  0.52389834 0.29060784 0.61719268 0.579521  
0.96163479 0.26797638 0.70214776 0.53635544 0.59498586 0.39325892  0.51709409 0.33280997 0.57596906 0.49951341 0.47636294 0.2326126  0.57017727 0.34314497 0.47127891 0.5255351 
0.9663847  0.2854382  0.74156168 0.51837609 0.667548   0.41172718  0.49446336 0.32576594 0.55215578 0.45372525 0.49913075 0.27398132  0.55194017 0.30844319 0.50315889 0.55140047
0.96526567 0.32203475 0.78760169 0.43536826 0.82440623 0.43526756  0.41134246 0.32020028 0.48076434 0.47337574 0.65416703 0.47064394  0.59510055 0.20141007 0.53647925 0.6358173 
0.96203409 0.33440068 0.78375594 0.39984135 0.81978725 0.43454824  0.37154536 0.31112657 0.43244546 0.46222615 0.64235097 0.43621385  0.56913344 0.25299019 0.55439664 0.59093744
0.95427289 0.36450509 0.79108277 0.3563963  0.79302873 0.40050236  0.37845876 0.31687317 0.47602654 0.46807065 0.64234396 0.4920946  0.55216731 0.27535451 0.49846477 0.57089794
0.95414797 0.36127612 0.78393365 0.36479861 0.75400546 0.38681446  0.3925271  0.3139395  0.4898093  0.46189743 0.6094158  0.44352576  0.5404625  0.29289635 0.49422794 0.55302342
0.96190917 0.3311717  0.77660682 0.40824366 0.78076398 0.42086034  0.38561371 0.30819289 0.44622822 0.45605293 0.60942282 0.38764501  0.55742863 0.27053203 0.55015981 0.57306292
0.96169796 0.2967619  0.73219024 0.49409033 0.59377053 0.36935881  0.48441281 0.30205027 0.55903879 0.45435872 0.49367517 0.23140678  0.55091354 0.28806297 0.50232156 0.55304427
0.95327546 0.26515169 0.66668694 0.53334566 0.49536505 0.3722272  0.47603996 0.2950562  0.50526153 0.34653187 0.5583256  0.36077971  0.52380002 0.22804873 0.57803649 0.64436253
0.93686306 0.2074264  0.53789616 0.58617705 0.30811907 0.33019519  0.53229722 0.32763094 0.54140494 0.42693578 0.55272313 0.35317528  0.56755431 0.21492463 0.58133239 0.63601702
0.92802079 0.18219993 0.47781507 0.60516868 0.26524047 0.33504556  0.52770302 0.3392218  0.53723758 0.4563947  0.58487969 0.39863984  0.61771645 0.19598371 0.59176664 0.63322612
0.93142516 0.1353883  0.43760951 0.67714059 0.33818187 0.42747918  0.54539432 0.37458655 0.48560946 0.42308572 0.54669795 0.38509206  0.6553041  0.23031893 0.66800838 0.55891145
0.9315312  0.10122804 0.40167992 0.72769749 0.3464185  0.47046962  0.55655337 0.40159653 0.44666967 0.42101841 0.56253639 0.41711991  0.68827934 0.25622541 0.69500379 0.5506045 
0.9315312  0.10122804 0.40167992 0.72769749 0.3464185  0.47046962  0.55655337 0.40159653 0.44666967 0.42101841 0.56253639 0.41711991  0.68827934 0.25622541 0.69500379 0.5506045 
0.9315312  0.10122804 0.40167992 0.72769749 0.3464185  0.47046962  0.55655337 0.40159653 0.44666967 0.42101841 0.56253639 0.41711991  0.68827934 0.25622541 0.69500379 0.5506045 
0.9315312  0.10122804 0.40167992 0.72769749 0.3464185  0.47046962  0.55655337 0.40159653 0.44666967 0.42101841 0.56253639 0.41711991  0.68827934 0.25622541 0.69500379 0.5506045 
0.93407581 0.08962827 0.39960212 0.75995276 0.3653     0.49653907  0.58905645 0.42791388 0.47257389 0.39859755 0.52237163 0.44178496  0.66401058 0.28550271 0.68059057 0.49716959
0.93407581 0.08962827 0.39960212 0.75995276 0.3653     0.49653907  0.58905645 0.42791388 0.47257389 0.39859755 0.52237163 0.44178496  0.66401058 0.28550271 0.68059057 0.49716959
0.91019441 0.07223046 0.29303305 0.71198877 0.40995624 0.53216634  0.56583839 0.50906485 0.48111638 0.56885187 0.50931907 0.42684807  0.60979881 0.31059775 0.60016546 0.4204914 
0.91257836 0.06106003 0.29270334 0.74556572 0.42304649 0.55284725  0.59911487 0.53524571 0.50587994 0.55226735 0.4857674  0.46412596  0.59490599 0.329195   0.57500373 0.3839162 
0.90629716 0.05761989 0.26202489 0.73535901 0.42231356 0.57960269  0.55765043 0.53145188 0.44103078 0.52321669 0.50949954 0.48689582  0.60702778 0.38581681 0.54768251 0.36236534
0.90629716 0.05761989 0.26202489 0.73535901 0.42231356 0.57960269  0.55765043 0.53145188 0.44103078 0.52321669 0.50949954 0.48689582  0.60702778 0.38581681 0.54768251 0.36236534
0.90222096 0.06814574 0.25191824 0.70804252 0.41935333 0.59906694  0.51139612 0.52828909 0.36004506 0.48241561 0.4980887  0.46809002  0.58428688 0.45970831 0.57654324 0.29113471
0.89898938 0.08051166 0.24807249 0.67251561 0.41473435 0.59834761  0.47159903 0.51921539 0.31172618 0.47126602 0.48627264 0.43365993  0.55831977 0.51128843 0.59446063 0.24625485
0.88522524 0.09667373 0.21391198 0.61216454 0.43199607 0.59311705  0.43816434 0.50746536 0.32215525 0.46748295 0.46875608 0.36211726  0.52689023 0.43796416 0.64460431 0.31807862
0.87620572 0.09636055 0.17819742 0.58737959 0.45138461 0.61429857  0.41151539 0.52360786 0.31164358 0.47580439 0.45847811 0.3523597  0.4804371  0.46932362 0.59911571 0.33324065
0.8523349  0.12505927 0.12198144 0.53301064 0.50164611 0.65987165  0.40413185 0.51358882 0.39386523 0.37252507 0.37493486 0.30261966  0.47666284 0.42067167 0.53351053 0.43812813
0.82245984 0.23640212 0.12383621 0.33255946 0.42864756 0.58886781  0.33352882 0.46645749 0.4278991  0.31973461 0.29283077 0.35284039  0.51608975 0.28406873 0.61670311 0.27052326
0.80546256 0.26576505 0.09542309 0.25588116 0.4274313  0.55672003  0.31786192 0.45907394 0.49229513 0.32861952 0.28819901 0.35208968  0.45082667 0.25076144 0.57115991 0.36536967
0.64241141 0.54278227 0.04332059 0.27361042 0.44254745 0.46397017  0.557542   0.14923839 0.64120805 0.35060192 0.49563988 0.46451054  0.57225807 0.40459901 0.5316589  0.38938862
0.40571622 0.64644052 0.0969069  0.48787457 0.48189875 0.2848452  0.61952912 0.24969004 0.2988654  0.43538829 0.303591   0.49596946  0.4122452  0.33076777 0.53169994 0.37773954
0.28865188 0.67868568 0.1550181  0.56592716 0.44769306 0.25149499  0.52373786 0.45867712 0.30431847 0.4414256  0.28204682 0.50596074  0.4439132  0.37641068 0.50394356 0.49846121
0.05306277 0.40930401 0.31102756 0.41763914 0.37666176 0.40426113  0.54756198 0.44277854 0.32496259 0.41131519 0.2958028  0.48030821  0.52794871 0.3284536  0.33871483 0.50730334
0.01779563 0.38669558 0.33863985 0.42004769 0.35385851 0.46460162  0.48109267 0.47190843 0.43452283 0.38595027 0.3992976  0.44733029  0.52908455 0.38078184 0.39373238 0.44873962
0.00039479 0.36283831 0.35232302 0.39930133 0.34523319 0.50234819  0.48417291 0.45702496 0.47508945 0.39693445 0.45000532 0.44589633  0.47476172 0.42761975 0.50206904 0.41641874
0.00039479 0.36283831 0.35232302 0.39930133 0.34523319 0.50234819  0.48417291 0.45702496 0.47508945 0.39693445 0.45000532 0.44589633  0.47476172 0.42761975 0.50206904 0.41641874
0.00039479 0.36283831 0.35232302 0.39930133 0.34523319 0.50234819  0.48417291 0.45702496 0.47508945 0.39693445 0.45000532 0.44589633  0.47476172 0.42761975 0.50206904 0.41641874
0.00039479 0.36283831 0.35232302 0.39930133 0.34523319 0.50234819  0.48417291 0.45702496 0.47508945 0.39693445 0.45000532 0.44589633  0.47476172 0.42761975 0.50206904 0.41641874
0.00039479 0.36283831 0.35232302 0.39930133 0.34523319 0.50234819  0.48417291 0.45702496 0.47508945 0.39693445 0.45000532 0.44589633  0.47476172 0.42761975 0.50206904 0.41641874
0.00039479 0.36283831 0.35232302 0.39930133 0.34523319 0.50234819  0.48417291 0.45702496 0.47508945 0.39693445 0.45000532 0.44589633  0.47476172 0.42761975 0.50206904 0.41641874
0.00039479 0.36283831 0.35232302 0.39930133 0.34523319 0.50234819  0.48417291 0.45702496 0.47508945 0.39693445 0.45000532 0.44589633  0.47476172 0.42761975 0.50206904 0.41641874
0.00039479 0.36283831 0.35232302 0.39930133 0.34523319 0.50234819  0.48417291 0.45702496 0.47508945 0.39693445 0.45000532 0.44589633  0.47476172 0.42761975 0.50206904 0.41641874
0.00039479 0.36283831 0.35232302 0.39930133 0.34523319 0.50234819  0.48417291 0.45702496 0.47508945 0.39693445 0.45000532 0.44589633  0.47476172 0.42761975 0.50206904 0.41641874
0.00039479 0.36283831 0.35232302 0.39930133 0.34523319 0.50234819  0.48417291 0.45702496 0.47508945 0.39693445 0.45000532 0.44589633  0.47476172 0.42761975 0.50206904 0.41641874
0.00039479 0.36283831 0.35232302 0.39930133 0.34523319 0.50234819  0.48417291 0.45702496 0.47508945 0.39693445 0.45000532 0.44589633  0.47476172 0.42761975 0.50206904 0.41641874
0.00039479 0.36283831 0.35232302 0.39930133 0.34523319 0.50234819  0.48417291 0.45702496 0.47508945 0.39693445 0.45000532 0.44589633  0.47476172 0.42761975 0.50206904 0.41641874
0.00039479 0.36283831 0.35232302 0.39930133 0.34523319 0.50234819  0.48417291 0.45702496 0.47508945 0.39693445 0.45000532 0.44589633  0.47476172 0.42761975 0.50206904 0.41641874
0.00039479 0.36283831 0.35232302 0.39930133 0.34523319 0.50234819  0.48417291 0.45702496 0.47508945 0.39693445 0.45000532 0.44589633  0.47476172 0.42761975 0.50206904 0.41641874
0.00039479 0.36283831 0.35232302 0.39930133 0.34523319 0.50234819  0.48417291 0.45702496 0.47508945 0.39693445 0.45000532 0.44589633  0.47476172 0.42761975 0.50206904 0.41641874
0.00039479 0.36283831 0.35232302 0.39930133 0.34523319 0.50234819  0.48417291 0.45702496 0.47508945 0.39693445 0.45000532 0.44589633  0.47476172 0.42761975 0.50206904 0.41641874
0.21768104 0.63211469 0.22823952 0.58562991 0.35764506 0.50280382  0.29090927 0.45961915 0.62446915 0.49212177 0.38324386 0.50224101  0.45507193 0.48171611 0.7287034  0.52455657
0.54586244 0.77974689 0.12267476 0.39836867 0.29679893 0.68115205  0.59554768 0.40168778 0.37523608 0.47557271 0.37358206 0.4789511  0.49127868 0.3460347  0.38172529 0.46165898
0.64272252 0.66222327 0.14884315 0.25691462 0.26310346 0.66392334  0.57259553 0.53547041 0.35327097 0.45410459 0.29653152 0.4854828  0.58922371 0.42658489 0.51046707 0.42358702
0.64272252 0.66222327 0.14884315 0.25691462 0.26310346 0.66392334  0.57259553 0.53547041 0.35327097 0.45410459 0.29653152 0.4854828  0.58922371 0.42658489 0.51046707 0.42358702
0.75660871 0.41672845 0.12729351 0.14758066 0.31718439 0.51150742  0.37008738 0.51642819 0.51665117 0.40158    0.27510836 0.50627809  0.41991457 0.27810242 0.5049951  0.3700012 
0.78439602 0.34920449 0.11509822 0.12285053 0.34576701 0.4533275  0.31428084 0.45325025 0.60155421 0.35564157 0.3029053  0.49730314  0.41435012 0.29059942 0.41129945 0.33353117
0.78439602 0.34920449 0.11509822 0.12285053 0.34576701 0.4533275  0.31428084 0.45325025 0.60155421 0.35564157 0.3029053  0.49730314  0.41435012 0.29059942 0.41129945 0.33353117
0.78439602 0.34920449 0.11509822 0.12285053 0.34576701 0.4533275  0.31428084 0.45325025 0.60155421 0.35564157 0.3029053  0.49730314  0.41435012 0.29059942 0.41129945 0.33353117
0.73852262 0.41427339 0.07266845 0.14417221 0.39238858 0.46502341  0.41697137 0.32886671 0.68208822 0.2967082  0.38023635 0.47553346  0.59354649 0.38370797 0.40950586 0.41059526
0.64605217 0.55619117 0.04620898 0.23890947 0.43075476 0.47931506  0.59959454 0.15682909 0.64254693 0.34963116 0.4387799  0.47916506  0.67699464 0.55479038 0.55347613 0.42095693
0.57663145 0.59457424 0.04512311 0.34179496 0.46989143 0.38852518  0.60900697 0.10792782 0.55658306 0.39315681 0.40976373 0.49409491  0.52640521 0.52057953 0.65120123 0.35234194
0.37448847 0.69061472 0.10047069 0.5331802  0.49358798 0.2020373  0.61279577 0.38135231 0.28282247 0.37881587 0.38795819 0.45643328  0.43946042 0.39767846 0.5128958  0.30854675
0.23275447 0.61887336 0.17997326 0.5479407  0.46508806 0.17494564  0.55644953 0.48495661 0.19544966 0.40305047 0.18090901 0.50232338  0.56323261 0.33591235 0.33639558 0.51284955
0.14247793 0.53938736 0.24365882 0.53404452 0.42253844 0.27112747  0.45620949 0.51872802 0.32529908 0.38751254 0.2274024  0.48361888  0.66175233 0.36597668 0.34671552 0.53073293
0.01779563 0.38669558 0.33863985 0.42004769 0.35385851 0.46460162  0.48109267 0.47190843 0.43452283 0.38595027 0.3992976  0.44733029  0.52908455 0.38078184 0.39373238 0.44873962
0.01779563 0.38669558 0.33863985 0.42004769 0.35385851 0.46460162  0.48109267 0.47190843 0.43452283 0.38595027 0.3992976  0.44733029  0.52908455 0.38078184 0.39373238 0.44873962
0.00039479 0.36283831 0.35232302 0.39930133 0.34523319 0.50234819  0.48417291 0.45702496 0.47508945 0.39693445 0.45000532 0.44589633  0.47476172 0.42761975 0.50206904 0.41641874
0.00039479 0.36283831 0.35232302 0.39930133 0.34523319 0.50234819  0.48417291 0.45702496 0.47508945 0.39693445 0.45000532 0.44589633  0.47476172 0.42761975 0.50206904 0.41641874
0.00039479 0.36283831 0.35232302 0.39930133 0.34523319 0.50234819  0.48417291 0.45702496 0.47508945 0.39693445 0.45000532 0.44589633  0.47476172 0.42761975 0.50206904 0.41641874
0.00039479 0.36283831 0.35232302 0.39930133 0.34523319 0.50234819  0.48417291 0.45702496 0.47508945 0.39693445 0.45000532 0.44589633  0.47476172 0.42761975 0.50206904 0.41641874
0.00039479 0.36283831 0.35232302 0.39930133 0.34523319 0.50234819  0.48417291 0.45702496 0.47508945 0.39693445 0.45000532 0.44589633  0.47476172 0.42761975 0.50206904 0.41641874
0.00039479 0.36283831 0.35232302 0.39930133 0.34523319 0.50234819  0.48417291 0.45702496 0.47508945 0.39693445 0.45000532 0.44589633  0.47476172 0.42761975 0.50206904 0.41641874
0.00039479 0.36283831 0.35232302 0.39930133 0.34523319 0.50234819  0.48417291 0.45702496 0.47508945 0.39693445 0.45000532 0.44589633  0.47476172 0.42761975 0.50206904 0.41641874
0.00039479 0.36283831 0.35232302 0.39930133 0.34523319 0.50234819  0.48417291 0.45702496 0.47508945 0.39693445 0.45000532 0.44589633  0.47476172 0.42761975 0.50206904 0.41641874
0.00039479 0.36283831 0.35232302 0.39930133 0.34523319 0.50234819  0.48417291 0.45702496 0.47508945 0.39693445 0.45000532 0.44589633  0.47476172 0.42761975 0.50206904 0.41641874
0.00039479 0.36283831 0.35232302 0.39930133 0.34523319 0.50234819  0.48417291 0.45702496 0.47508945 0.39693445 0.45000532 0.44589633  0.47476172 0.42761975 0.50206904 0.41641874
0.00039479 0.36283831 0.35232302 0.39930133 0.34523319 0.50234819  0.48417291 0.45702496 0.47508945 0.39693445 0.45000532 0.44589633  0.47476172 0.42761975 0.50206904 0.41641874
0.01779563 0.38669558 0.33863985 0.42004769 0.35385851 0.46460162  0.48109267 0.47190843 0.43452283 0.38595027 0.3992976  0.44733029  0.52908455 0.38078184 0.39373238 0.44873962
0.01779563 0.38669558 0.33863985 0.42004769 0.35385851 0.46460162  0.48109267 0.47190843 0.43452283 0.38595027 0.3992976  0.44733029  0.52908455 0.38078184 0.39373238 0.44873962
0.07041539 0.43630915 0.29722661 0.44469049 0.38839901 0.37277729  0.52089298 0.46340749 0.33156962 0.40901927 0.27475743 0.48359119  0.5658377  0.35074962 0.36747868 0.52590376
0.1243289  0.50069106 0.25777939 0.48677085 0.41350895 0.29919838  0.5324783  0.46624584 0.25608731 0.410799   0.20577613 0.49547051  0.54127477 0.32132696 0.32782423 0.53277541
0.21437175 0.59554931 0.19204666 0.53271874 0.46005578 0.18853436  0.56296632 0.47962227 0.19377504 0.41032003 0.16963228 0.50665421  0.56481926 0.32865563 0.33443997 0.53817866
0.23263438 0.62076669 0.17997944 0.55185723 0.46424879 0.18369552  0.540845   0.48661039 0.22465944 0.41715526 0.18913658 0.50858449  0.53975143 0.3560962  0.40794908 0.53031746
0.26974123 0.65437309 0.15819066 0.54995129 0.46969178 0.18165384  0.5824102  0.47273892 0.20726515 0.40844773 0.25536764 0.49170491  0.44169077 0.35906136 0.42031708 0.45878319
0.27111616 0.68251872 0.1611416  0.59137249 0.45219491 0.22232555  0.50368108 0.48585844 0.28403845 0.39416083 0.32213469 0.47004854  0.39888272 0.3538929  0.40376585 0.40987808
0.21519266 0.6276046  0.19309272 0.58684673 0.44822806 0.21049364  0.46277938 0.5083421  0.27641245 0.40417525 0.20144857 0.49700712  0.54695375 0.34387846 0.37627268 0.51985804
0.17926451 0.60773726 0.21871252 0.6001904  0.4314091  0.24478814  0.38357889 0.5557414  0.36924787 0.37412188 0.25755274 0.46884308  0.61233876 0.38469353 0.38976931 0.49902348
0.16097828 0.59690857 0.23035831 0.60889265 0.42668757 0.25806842  0.33034707 0.5873957  0.44241388 0.36472209 0.2846709  0.46096762  0.70279498 0.42668771 0.42838298 0.51852408
0.16097828 0.59690857 0.23035831 0.60889265 0.42668757 0.25806842  0.33034707 0.5873957  0.44241388 0.36472209 0.2846709  0.46096762  0.70279498 0.42668771 0.42838298 0.51852408
0.25348622 0.71136997 0.17563316 0.67688859 0.43151247 0.26742085  0.27495577 0.58244661 0.53373258 0.38449213 0.38678118 0.45763486  0.56439986 0.47958742 0.59795822 0.42736216
0.27230287 0.73267769 0.16547083 0.68332028 0.43003633 0.28129444  0.27429226 0.57383444 0.55875287 0.38318526 0.44123623 0.44755586  0.5143895  0.4866367  0.6130834  0.38891645
0.34720959 0.78459453 0.15213045 0.65689475 0.36931807 0.48964022  0.27451741 0.46296826 0.65629284 0.45591761 0.5081479  0.4650596  0.4348531  0.45893406 0.61771805 0.43198952
0.38438991 0.80441982 0.1389571  0.63052601 0.35570899 0.5327666  0.33422335 0.42555785 0.61133757 0.46252145 0.5250024  0.46241813  0.36426426 0.40157421 0.53067538 0.42587196
0.43087383 0.8494335  0.19832739 0.55971474 0.44945613 0.62011616  0.36728484 0.38044148 0.54832588 0.39694115 0.62787671 0.50143582  0.30909078 0.36414132 0.43811468 0.45556531
0.55275095 0.91327103 0.56750722 0.46964692 0.6573552  0.82199616  0.17646465 0.36791233 0.3643603  0.29753478 0.48778873 0.645249  0.50931953 0.27119915 0.30137982 0.41455383
0.60542867 0.93744444 0.7138456  0.47834152 0.64698704 0.78587754  0.27512511 0.31340432 0.33916259 0.26270323 0.53682547 0.58176907  0.60899215 0.30211774 0.32070522 0.31761212
0.71278335 0.88593435 0.75722646 0.31567293 0.70324924 0.67745128  0.5889262  0.38032568 0.24123128 0.37723287 0.50430195 0.55127969  0.79665575 0.34776394 0.49576496 0.31879151
0.72510809 0.87128845 0.78488003 0.34177718 0.67341283 0.65665479  0.58310749 0.38611429 0.19390917 0.42689735 0.54950381 0.58031654  0.78045399 0.38751401 0.5013905  0.28243169
0.77096414 0.79230467 0.81086674 0.29231173 0.64177912 0.61095408  0.49628996 0.56097404 0.16088896 0.47453054 0.49734064 0.60444912  0.51499893 0.24041062 0.61167735 0.27567489
0.79396635 0.77772764 0.83862643 0.26001972 0.62656061 0.57014644  0.540566   0.59927989 0.22750688 0.46035722 0.49794975 0.57218611  0.52489014 0.28070733 0.66553684 0.33769584
0.8247064  0.72226039 0.83282598 0.20823667 0.63491848 0.53407921  0.5191633  0.58616734 0.28073498 0.45216852 0.43724243 0.60354615  0.52398453 0.33205289 0.78715029 0.35693833
0.83974038 0.69190434 0.82739302 0.18388143 0.6428458  0.51067617  0.50848051 0.53916281 0.31974247 0.4468017  0.39259346 0.62578831  0.5437945  0.41112154 0.82556559 0.36647917
0.8391194  0.68433098 0.81028415 0.20389598 0.55593161 0.48341663  0.5383554  0.53327681 0.34751331 0.43310435 0.32393045 0.52492974  0.51933552 0.44542776 0.81744875 0.33082885
0.83072594 0.66536828 0.75237789 0.21860832 0.48637071 0.48304871  0.54212028 0.52632136 0.34002685 0.42959282 0.28234718 0.46272898  0.56596277 0.4701472  0.81092556 0.24507672
0.79853209 0.61045668 0.57355941 0.24594294 0.34069107 0.46961762  0.59762548 0.55281349 0.3996837  0.44925946 0.26824085 0.49470493  0.65175463 0.39911765 0.83126471 0.2791294 
0.71794519 0.60015371 0.3038201  0.2780762  0.2265999  0.54043188  0.63192012 0.5526539  0.42786232 0.51742327 0.25639205 0.49413422  0.66657211 0.41318937 0.7363168  0.31941487
0.68630305 0.59764292 0.17686812 0.21866424 0.2492952  0.61940405  0.53961615 0.56528055 0.36293599 0.45438679 0.26691436 0.53505024  0.64328887 0.50609051 0.58901933 0.38917394
0.62760188 0.67161847 0.10783265 0.22754056 0.31175622 0.63817842  0.64218288 0.4367139  0.46963661 0.40676036 0.31568156 0.4956063  0.73315632 0.57657376 0.56781093 0.52226816
0.57613787 0.71813499 0.09477385 0.32824737 0.3370167  0.60761947  0.64736764 0.30032842 0.46356995 0.44444196 0.36797225 0.50358341  0.56637443 0.54306871 0.54440677 0.48483095
0.54375498 0.75882854 0.08640224 0.36971339 0.35530959 0.591098  0.69292025 0.32104577 0.4449072  0.44796593 0.49469783 0.47410501  0.50062481 0.48010388 0.54975819 0.47562118
0.49279506 0.79883281 0.08948759 0.4538334  0.37477935 0.53766039  0.67361769 0.34105092 0.40775879 0.46182159 0.56147453 0.45894149  0.33910793 0.39120822 0.51804061 0.41814157
0.39981489 0.77913642 0.11024993 0.57803099 0.4153277  0.38457625  0.52711064 0.36413754 0.37375765 0.50712922 0.36220376 0.51904668  0.26037222 0.38722264 0.60883613 0.44598683
0.34362219 0.7358099  0.12448115 0.59086928 0.45014304 0.26034772  0.52399057 0.42937854 0.30787444 0.47628114 0.28712728 0.52097632  0.31647426 0.3949624  0.61504324 0.45568922
0.30749574 0.73389761 0.14715277 0.64542724 0.43292232 0.28336474  0.38722041 0.47075171 0.4049035  0.47162762 0.26402854 0.52153985  0.39685896 0.40816745 0.62536597 0.48994058
0.27177245 0.72219866 0.16398737 0.66818633 0.436234   0.25414057  0.32818759 0.55079232 0.46056657 0.39389192 0.35966302 0.46551031  0.47394365 0.43759325 0.55934456 0.40786155
0.16123435 0.59264548 0.23205319 0.59968846 0.42211742 0.26511493  0.34335479 0.58569298 0.43706045 0.34821168 0.30516717 0.44867234  0.72476046 0.42610438 0.38225639 0.4813633 
0.14372526 0.56562929 0.24620059 0.57256117 0.4105402  0.30028787  0.36599885 0.565775   0.44223141 0.35164512 0.33792647 0.44480537  0.67983775 0.4203542  0.38586193 0.4554177 
0.07143983 0.46289571 0.29893913 0.48573567 0.37974499 0.38781966  0.43379987 0.51403849 0.42810166 0.36839111 0.36193988 0.44727152  0.60680204 0.39798632 0.38335619 0.45459272
0.00039479 0.36283831 0.35232302 0.39930133 0.34523319 0.50234819  0.48417291 0.45702496 0.47508945 0.39693445 0.45000532 0.44589633  0.47476172 0.42761975 0.50206904 0.41641874
0.00039479 0.36283831 0.35232302 0.39930133 0.34523319 0.50234819  0.48417291 0.45702496 0.47508945 0.39693445 0.45000532 0.44589633  0.47476172 0.42761975 0.50206904 0.41641874
0.00039479 0.36283831 0.35232302 0.39930133 0.34523319 0.50234819  0.48417291 0.45702496 0.47508945 0.39693445 0.45000532 0.44589633  0.47476172 0.42761975 0.50206904 0.41641874
0.00039479 0.36283831 0.35232302 0.39930133 0.34523319 0.50234819  0.48417291 0.45702496 0.47508945 0.39693445 0.45000532 0.44589633  0.47476172 0.42761975 0.50206904 0.41641874
0.00039479 0.36283831 0.35232302 0.39930133 0.34523319 0.50234819  0.48417291 0.45702496 0.47508945 0.39693445 0.45000532 0.44589633  0.47476172 0.42761975 0.50206904 0.41641874
0.00039479 0.36283831 0.35232302 0.39930133 0.34523319 0.50234819  0.48417291 0.45702496 0.47508945 0.39693445 0.45000532 0.44589633  0.47476172 0.42761975 0.50206904 0.41641874
0.00039479 0.36283831 0.35232302 0.39930133 0.34523319 0.50234819  0.48417291 0.45702496 0.47508945 0.39693445 0.45000532 0.44589633  0.47476172 0.42761975 0.50206904 0.41641874
0.00039479 0.36283831 0.35232302 0.39930133 0.34523319 0.50234819  0.48417291 0.45702496 0.47508945 0.39693445 0.45000532 0.44589633  0.47476172 0.42761975 0.50206904 0.41641874
0.00039479 0.36283831 0.35232302 0.39930133 0.34523319 0.50234819  0.48417291 0.45702496 0.47508945 0.39693445 0.45000532 0.44589633  0.47476172 0.42761975 0.50206904 0.41641874
0.00039479 0.36283831 0.35232302 0.39930133 0.34523319 0.50234819  0.48417291 0.45702496 0.47508945 0.39693445 0.45000532 0.44589633  0.47476172 0.42761975 0.50206904 0.41641874
0.00039479 0.36283831 0.35232302 0.39930133 0.34523319 0.50234819  0.48417291 0.45702496 0.47508945 0.39693445 0.45000532 0.44589633  0.47476172 0.42761975 0.50206904 0.41641874
0.00039479 0.36283831 0.35232302 0.39930133 0.34523319 0.50234819  0.48417291 0.45702496 0.47508945 0.39693445 0.45000532 0.44589633  0.47476172 0.42761975 0.50206904 0.41641874
0.00039479 0.36283831 0.35232302 0.39930133 0.34523319 0.50234819  0.48417291 0.45702496 0.47508945 0.39693445 0.45000532 0.44589633  0.47476172 0.42761975 0.50206904 0.41641874
0.00039479 0.36283831 0.35232302 0.39930133 0.34523319 0.50234819  0.48417291 0.45702496 0.47508945 0.39693445 0.45000532 0.44589633  0.47476172 0.42761975 0.50206904 0.41641874
0.00039479 0.36283831 0.35232302 0.39930133 0.34523319 0.50234819  0.48417291 0.45702496 0.47508945 0.39693445 0.45000532 0.44589633  0.47476172 0.42761975 0.50206904 0.41641874
0.00039479 0.36283831 0.35232302 0.39930133 0.34523319 0.50234819  0.48417291 0.45702496 0.47508945 0.39693445 0.45000532 0.44589633  0.47476172 0.42761975 0.50206904 0.41641874
0.00039479 0.36283831 0.35232302 0.39930133 0.34523319 0.50234819  0.48417291 0.45702496 0.47508945 0.39693445 0.45000532 0.44589633  0.47476172 0.42761975 0.50206904 0.41641874
0.00039479 0.36283831 0.35232302 0.39930133 0.34523319 0.50234819  0.48417291 0.45702496 0.47508945 0.39693445 0.45000532 0.44589633  0.47476172 0.42761975 0.50206904 0.41641874
0.00039479 0.36283831 0.35232302 0.39930133 0.34523319 0.50234819  0.48417291 0.45702496 0.47508945 0.39693445 0.45000532 0.44589633  0.47476172 0.42761975 0.50206904 0.41641874
0.00039479 0.36283831 0.35232302 0.39930133 0.34523319 0.50234819  0.48417291 0.45702496 0.47508945 0.39693445 0.45000532 0.44589633  0.47476172 0.42761975 0.50206904 0.41641874
0.00039479 0.36283831 0.35232302 0.39930133 0.34523319 0.50234819  0.48417291 0.45702496 0.47508945 0.39693445 0.45000532 0.44589633  0.47476172 0.42761975 0.50206904 0.41641874
0.00039479 0.36283831 0.35232302 0.39930133 0.34523319 0.50234819  0.48417291 0.45702496 0.47508945 0.39693445 0.45000532 0.44589633  0.47476172 0.42761975 0.50206904 0.41641874
0.00039479 0.36283831 0.35232302 0.39930133 0.34523319 0.50234819  0.48417291 0.45702496 0.47508945 0.39693445 0.45000532 0.44589633  0.47476172 0.42761975 0.50206904 0.41641874
0.00039479 0.36283831 0.35232302 0.39930133 0.34523319 0.50234819  0.48417291 0.45702496 0.47508945 0.39693445 0.45000532 0.44589633  0.47476172 0.42761975 0.50206904 0.41641874
0.00039479 0.36283831 0.35232302 0.39930133 0.34523319 0.50234819  0.48417291 0.45702496 0.47508945 0.39693445 0.45000532 0.44589633  0.47476172 0.42761975 0.50206904 0.41641874
0.00039479 0.36283831 0.35232302 0.39930133 0.34523319 0.50234819  0.48417291 0.45702496 0.47508945 0.39693445 0.45000532 0.44589633  0.47476172 0.42761975 0.50206904 0.41641874
0.00039479 0.36283831 0.35232302 0.39930133 0.34523319 0.50234819  0.48417291 0.45702496 0.47508945 0.39693445 0.45000532 0.44589633  0.47476172 0.42761975 0.50206904 0.41641874
0.00039479 0.36283831 0.35232302 0.39930133 0.34523319 0.50234819  0.48417291 0.45702496 0.47508945 0.39693445 0.45000532 0.44589633  0.47476172 0.42761975 0.50206904 0.41641874
0.00039479 0.36283831 0.35232302 0.39930133 0.34523319 0.50234819  0.48417291 0.45702496 0.47508945 0.39693445 0.45000532 0.44589633  0.47476172 0.42761975 0.50206904 0.41641874
0.00039479 0.36283831 0.35232302 0.39930133 0.34523319 0.50234819  0.48417291 0.45702496 0.47508945 0.39693445 0.45000532 0.44589633  0.47476172 0.42761975 0.50206904 0.41641874
0.00039479 0.36283831 0.35232302 0.39930133 0.34523319 0.50234819  0.48417291 0.45702496 0.47508945 0.39693445 0.45000532 0.44589633  0.47476172 0.42761975 0.50206904 0.41641874
0.00039479 0.36283831 0.35232302 0.39930133 0.34523319 0.50234819  0.48417291 0.45702496 0.47508945 0.39693445 0.45000532 0.44589633  0.47476172 0.42761975 0.50206904 0.41641874
0.00039479 0.36283831 0.35232302 0.39930133 0.34523319 0.50234819  0.48417291 0.45702496 0.47508945 0.39693445 0.45000532 0.44589633  0.47476172 0.42761975 0.50206904 0.41641874
