0.00039479 0.36283831 0.35232302 0.39930133 0.34523319 0.50234819  0.48417291 0.45702496 0.47508945 0.39693445 0.45000532 0.44589633  0.47476172 0.42761975 0.50206904 0.41641874
0.00039479 0.36283831 0.35232302 0.39930133 0.34523319 0.50234819  0.48417291 0.45702496 0.47508945 0.39693445 0.45000532 0.44589633  0.47476172 0.42761975 0.50206904 0.41641874
0.00039479 0.36283831 0.35232302 0.39930133 0.34523319 0.50234819  0.48417291 0.45702496 0.47508945 0.39693445 0.45000532 0.44589633  0.47476172 0.42761975 0.50206904 0.41641874
0.00039479 0.36283831 0.35232302 0.39930133 0.34523319 0.50234819  0.48417291 0.45702496 0.47508945 0.39693445 0.45000532 0.44589633  0.47476172 0.42761975 0.50206904 0.41641874
0.00039479 0.36283831 0.35232302 0.39930133 0.34523319 0.50234819  0.48417291 0.45702496 0.47508945 0.39693445 0.45000532 0.44589633  0.47476172 0.42761975 0.50206904 0.41641874
0.00039479 0.36283831 0.35232302 0.39930133 0.34523319 0.50234819  0.48417291 0.45702496 0.47508945 0.39693445 0.45000532 0.44589633  0.47476172 0.42761975 0.50206904 0.41641874
0.00039479 0.36283831 0.35232302 0.39930133 0.34523319 0.50234819  0.48417291 0.45702496 0.47508945 0.39693445 0.45000532 0.44589633  0.47476172 0.42761975 0.50206904 0.41641874
0.00039479 0.36283831 0.35232302 0.39930133 0.34523319 0.50234819  0.48417291 0.45702496 0.47508945 0.39693445 0.45000532 0.44589633  0.47476172 0.42761975 0.50206904 0.41641874
0.00039479 0.36283831 0.35232302 0.39930133 0.34523319 0.50234819  0.48417291 0.45702496 0.47508945 0.39693445 0.45000532 0.44589633  0.47476172 0.42761975 0.50206904 0.41641874
0.00039479 0.36283831 0.35232302 0.39930133 0.34523319 0.50234819  0.48417291 0.45702496 0.47508945 0.39693445 0.45000532 0.44589633  0.47476172 0.42761975 0.50206904 0.41641874
0.00039479 0.36283831 0.35232302 0.39930133 0.34523319 0.50234819  0.48417291 0.45702496 0.47508945 0.39693445 0.45000532 0.44589633  0.47476172 0.42761975 0.50206904 0.41641874
0.00039479 0.36283831 0.35232302 0.39930133 0.34523319 0.50234819  0.48417291 0.45702496 0.47508945 0.39693445 0.45000532 0.44589633  0.47476172 0.42761975 0.50206904 0.41641874
0.00039479 0.36283831 0.35232302 0.39930133 0.34523319 0.50234819  0.48417291 0.45702496 0.47508945 0.39693445 0.45000532 0.44589633  0.47476172 0.42761975 0.50206904 0.41641874
0.00039479 0.36283831 0.35232302 0.39930133 0.34523319 0.50234819  0.48417291 0.45702496 0.47508945 0.39693445 0.45000532 0.44589633  0.47476172 0.42761975 0.50206904 0.41641874
0.00039479 0.36283831 0.35232302 0.39930133 0.34523319 0.50234819  0.48417291 0.45702496 0.47508945 0.39693445 0.45000532 0.44589633  0.47476172 0.42761975 0.50206904 0.41641874
0.00039479 0.36283831 0.35232302 0.39930133 0.34523319 0.50234819  0.48417291 0.45702496 0.47508945 0.39693445 0.45000532 0.44589633  0.47476172 0.42761975 0.50206904 0.41641874
0.00039479 0.36283831 0.35232302 0.39930133 0.34523319 0.50234819  0.48417291 0.45702496 0.47508945 0.39693445 0.45000532 0.44589633  0.47476172 0.42761975 0.50206904 0.41641874
0.00039479 0.36283831 0.35232302 0.39930133 0.34523319 0.50234819  0.48417291 0.45702496 0.47508945 0.39693445 0.45000532 0.44589633  0.47476172 0.42761975 0.50206904 0.41641874
0.00039479 0.36283831 0.35232302 0.39930133 0.34523319 0.50234819  0.48417291 0.45702496 0.47508945 0.39693445 0.45000532 0.44589633  0.47476172 0.42761975 0.50206904 0.41641874
0.00039479 0.36283831 0.35232302 0.39930133 0.34523319 0.50234819  0.48417291 0.45702496 0.47508945 0.39693445 0.45000532 0.44589633  0.47476172 0.42761975 0.50206904 0.41641874
0.00039479 0.36283831 0.35232302 0.39930133 0.34523319 0.50234819  0.48417291 0.45702496 0.47508945 0.39693445 0.45000532 0.44589633  0.47476172 0.42761975 0.50206904 0.41641874
0.00039479 0.36283831 0.35232302 0.39930133 0.34523319 0.50234819  0.48417291 0.45702496 0.47508945 0.39693445 0.45000532 0.44589633  0.47476172 0.42761975 0.50206904 0.41641874
0.00039479 0.36283831 0.35232302 0.39930133 0.34523319 0.50234819  0.48417291 0.45702496 0.47508945 0.39693445 0.45000532 0.44589633  0.47476172 0.42761975 0.50206904 0.41641874
0.00039479 0.36283831 0.35232302 0.39930133 0.34523319 0.50234819  0.48417291 0.45702496 0.47508945 0.39693445 0.45000532 0.44589633  0.47476172 0.42761975 0.50206904 0.41641874
0.00039479 0.36283831 0.35232302 0.39930133 0.34523319 0.50234819  0.48417291 0.45702496 0.47508945 0.39693445 0.45000532 0.44589633  0.47476172 0.42761975 0.50206904 0.41641874
0.00039479 0.36283831 0.35232302 0.39930133 0.34523319 0.50234819  0.48417291 0.45702496 0.47508945 0.39693445 0.45000532 0.44589633  0.47476172 0.42761975 0.50206904 0.41641874
0.00039479 0.36283831 0.35232302 0.39930133 0.34523319 0.50234819  0.48417291 0.45702496 0.47508945 0.39693445 0.45000532 0.44589633  0.47476172 0.42761975 0.50206904 0.41641874
0.00039479 0.36283831 0.35232302 0.39930133 0.34523319 0.50234819  0.48417291 0.45702496 0.47508945 0.39693445 0.45000532 0.44589633  0.47476172 0.42761975 0.50206904 0.41641874
0.00039479 0.36283831 0.35232302 0.39930133 0.34523319 0.50234819  0.48417291 0.45702496 0.47508945 0.39693445 0.45000532 0.44589633  0.47476172 0.42761975 0.50206904 0.41641874
0.00039479 0.36283831 0.35232302 0.39930133 0.34523319 0.50234819  0.48417291 0.45702496 0.47508945 0.39693445 0.45000532 0.44589633  0.47476172 0.42761975 0.50206904 0.41641874
0.00039479 0.36283831 0.35232302 0.39930133 0.34523319 0.50234819  0.48417291 0.45702496 0.47508945 0.39693445 0.45000532 0.44589633  0.47476172 0.42761975 0.50206904 0.41641874
0.00039479 0.36283831 0.35232302 0.39930133 0.34523319 0.50234819  0.48417291 0.45702496 0.47508945 0.39693445 0.45000532 0.44589633  0.47476172 0.42761975 0.50206904 0.41641874
0.00039479 0.36283831 0.35232302 0.39930133 0.34523319 0.50234819  0.48417291 0.45702496 0.47508945 0.39693445 0.45000532 0.44589633  0.47476172 0.42761975 0.50206904 0.41641874
0.00039479 0.36283831 0.35232302 0.39930133 0.34523319 0.50234819  0.48417291 0.45702496 0.47508945 0.39693445 0.45000532 0.44589633  0.47476172 0.42761975 0.50206904 0.41641874
0.00039479 0.36283831 0.35232302 0.39930133 0.34523319 0.50234819  0.48417291 0.45702496 0.47508945 0.39693445 0.45000532 0.44589633  0.47476172 0.42761975 0.50206904 0.41641874
0.00039479 0.36283831 0.35232302 0.39930133 0.34523319 0.50234819  0.48417291 0.45702496 0.47508945 0.39693445 0.45000532 0.44589633  0.47476172 0.42761975 0.50206904 0.41641874
0.00039479 0.36283831 0.35232302 0.39930133 0.34523319 0.50234819  0.48417291 0.45702496 0.47508945 0.39693445 0.45000532 0.44589633  0.47476172 0.42761975 0.50206904 0.41641874
0.00039479 0.36283831 0.35232302 0.39930133 0.34523319 0.50234819  0.48417291 0.45702496 0.47508945 0.39693445 0.45000532 0.44589633  0.47476172 0.42761975 0.50206904 0.41641874
0.00039479 0.36283831 0.35232302 0.39930133 0.34523319 0.50234819  0.48417291 0.45702496 0.47508945 0.39693445 0.45000532 0.44589633  0.47476172 0.42761975 0.50206904 0.41641874
0.00039479 0.36283831 0.35232302 0.39930133 0.34523319 0.50234819  0.48417291 0.45702496 0.47508945 0.39693445 0.45000532 0.44589633  0.47476172 0.42761975 0.50206904 0.41641874
0.00039479 0.36283831 0.35232302 0.39930133 0.34523319 0.50234819  0.48417291 0.45702496 0.47508945 0.39693445 0.45000532 0.44589633  0.47476172 0.42761975 0.50206904 0.41641874
0.00039479 0.36283831 0.35232302 0.39930133 0.34523319 0.50234819  0.48417291 0.45702496 0.47508945 0.39693445 0.45000532 0.44589633  0.47476172 0.42761975 0.50206904 0.41641874
0.00039479 0.36283831 0.35232302 0.39930133 0.34523319 0.50234819  0.48417291 0.45702496 0.47508945 0.39693445 0.45000532 0.44589633  0.47476172 0.42761975 0.50206904 0.41641874
0.00039479 0.36283831 0.35232302 0.39930133 0.34523319 0.50234819  0.48417291 0.45702496 0.47508945 0.39693445 0.45000532 0.44589633  0.47476172 0.42761975 0.50206904 0.41641874
0.00039479 0.36283831 0.35232302 0.39930133 0.34523319 0.50234819  0.48417291 0.45702496 0.47508945 0.39693445 0.45000532 0.44589633  0.47476172 0.42761975 0.50206904 0.41641874
0.00039479 0.36283831 0.35232302 0.39930133 0.34523319 0.50234819  0.48417291 0.45702496 0.47508945 0.39693445 0.45000532 0.44589633  0.47476172 0.42761975 0.50206904 0.41641874
0.00039479 0.36283831 0.35232302 0.39930133 0.34523319 0.50234819  0.48417291 0.45702496 0.47508945 0.39693445 0.45000532 0.44589633  0.47476172 0.42761975 0.50206904 0.41641874
0.00039479 0.36283831 0.35232302 0.39930133 0.34523319 0.50234819  0.48417291 0.45702496 0.47508945 0.39693445 0.45000532 0.44589633  0.47476172 0.42761975 0.50206904 0.41641874
0.00039479 0.36283831 0.35232302 0.39930133 0.34523319 0.50234819  0.48417291 0.45702496 0.47508945 0.39693445 0.45000532 0.44589633  0.47476172 0.42761975 0.50206904 0.41641874
0.00039479 0.36283831 0.35232302 0.39930133 0.34523319 0.50234819  0.48417291 0.45702496 0.47508945 0.39693445 0.45000532 0.44589633  0.47476172 0.42761975 0.50206904 0.41641874
0.00039479 0.36283831 0.35232302 0.39930133 0.34523319 0.50234819  0.48417291 0.45702496 0.47508945 0.39693445 0.45000532 0.44589633  0.47476172 0.42761975 0.50206904 0.41641874
0.00039479 0.36283831 0.35232302 0.39930133 0.34523319 0.50234819  0.48417291 0.45702496 0.47508945 0.39693445 0.45000532 0.44589633  0.47476172 0.42761975 0.50206904 0.41641874
0.00039479 0.36283831 0.35232302 0.39930133 0.34523319 0.50234819  0.48417291 0.45702496 0.47508945 0.39693445 0.45000532 0.44589633  0.47476172 0.42761975 0.50206904 0.41641874
0.00039479 0.36283831 0.35232302 0.39930133 0.34523319 0.50234819  0.48417291 0.45702496 0.47508945 0.39693445 0.45000532 0.44589633  0.47476172 0.42761975 0.50206904 0.41641874
0.00039479 0.36283831 0.35232302 0.39930133 0.34523319 0.50234819  0.48417291 0.45702496 0.47508945 0.39693445 0.45000532 0.44589633  0.47476172 0.42761975 0.50206904 0.41641874
0.00039479 0.36283831 0.35232302 0.39930133 0.34523319 0.50234819  0.48417291 0.45702496 0.47508945 0.39693445 0.45000532 0.44589633  0.47476172 0.42761975 0.50206904 0.41641874
0.00039479 0.36283831 0.35232302 0.39930133 0.34523319 0.50234819  0.48417291 0.45702496 0.47508945 0.39693445 0.45000532 0.44589633  0.47476172 0.42761975 0.50206904 0.41641874
0.00039479 0.36283831 0.35232302 0.39930133 0.34523319 0.50234819  0.48417291 0.45702496 0.47508945 0.39693445 0.45000532 0.44589633  0.47476172 0.42761975 0.50206904 0.41641874
0.00039479 0.36283831 0.35232302 0.39930133 0.34523319 0.50234819  0.48417291 0.45702496 0.47508945 0.39693445 0.45000532 0.44589633  0.47476172 0.42761975 0.50206904 0.41641874
0.00039479 0.36283831 0.35232302 0.39930133 0.34523319 0.50234819  0.48417291 0.45702496 0.47508945 0.39693445 0.45000532 0.44589633  0.47476172 0.42761975 0.50206904 0.41641874
0.00039479 0.36283831 0.35232302 0.39930133 0.34523319 0.50234819  0.48417291 0.45702496 0.47508945 0.39693445 0.45000532 0.44589633  0.47476172 0.42761975 0.50206904 0.41641874
0.00039479 0.36283831 0.35232302 0.39930133 0.34523319 0.50234819  0.48417291 0.45702496 0.47508945 0.39693445 0.45000532 0.44589633  0.47476172 0.42761975 0.50206904 0.41641874
0.07182922 0.46579618 0.29890462 0.48990359 0.37804172 0.40341109  0.41491166 0.51271597 0.47216488 0.38654203 0.38775921 0.45263001  0.56010284 0.428541   0.48561837 0.4584549 
0.25357609 0.68437137 0.19941035 0.6340442  0.38058013 0.42033491  0.27480465 0.49136214 0.55325344 0.47201742 0.29024527 0.51043272  0.55791928 0.43041353 0.59774229 0.55554484
0.43713921 0.78881008 0.11379204 0.53848688 0.37160454 0.50278943  0.52680568 0.36343652 0.4102416  0.50983921 0.37856817 0.51197226  0.34442906 0.35609354 0.52198406 0.49780897
0.58811262 0.68060118 0.08679694 0.33384114 0.35309334 0.59909456  0.59973419 0.2374921  0.48354234 0.4538455  0.30426092 0.51556385  0.57624599 0.49459433 0.55421928 0.46233302
0.69956749 0.43649352 0.04683775 0.36093896 0.50574217 0.6292812  0.64121663 0.3118327  0.64384731 0.28745071 0.25806913 0.4356138  0.63583931 0.65026005 0.58792006 0.39498228
0.7915308  0.25284131 0.07209669 0.40712521 0.52338404 0.68437478  0.54449042 0.58019822 0.61421891 0.2680791  0.10574786 0.44587078  0.33487629 0.54517217 0.60696937 0.33053174
0.81380576 0.17822783 0.06311285 0.4876273  0.5744885  0.69863315  0.53718764 0.58899611 0.63065995 0.2345973  0.16776945 0.41197003  0.27396707 0.54763526 0.44719564 0.33106226
0.82159533 0.14751235 0.05681272 0.53481602 0.60152317 0.73094143  0.53329859 0.59250085 0.58481718 0.22573973 0.17584358 0.36205703  0.27734226 0.53745501 0.47658393 0.3503339 
0.82159533 0.14751235 0.05681272 0.53481602 0.60152317 0.73094143  0.53329859 0.59250085 0.58481718 0.22573973 0.17584358 0.36205703  0.27734226 0.53745501 0.47658393 0.3503339 
0.82141715 0.14837025 0.05700041 0.53222399 0.59966843 0.72829403  0.53033255 0.58894643 0.58172868 0.22911667 0.18190192 0.3579777  0.28683729 0.52540488 0.48612547 0.358193  
0.82141715 0.14837025 0.05700041 0.53222399 0.59966843 0.72829403  0.53033255 0.58894643 0.58172868 0.22911667 0.18190192 0.3579777  0.28683729 0.52540488 0.48612547 0.358193  
0.81055047 0.19371112 0.06394847 0.43885828 0.55164915 0.66426919  0.48169332 0.54186327 0.57573113 0.2716013  0.22745758 0.34414063  0.33356809 0.48279004 0.52365548 0.41237912
0.76923354 0.34373034 0.08728482 0.2330106  0.4285458  0.56056721  0.48097521 0.52471664 0.65595601 0.30747845 0.17140377 0.51164137  0.3883071  0.45272772 0.59038329 0.33242702
0.71068217 0.47692382 0.07247964 0.16005193 0.38547109 0.5056813  0.48332221 0.28261938 0.66020794 0.31633026 0.33467416 0.49267127  0.70577576 0.50738373 0.45106056 0.43562281
0.68473512 0.54696871 0.08944452 0.16355883 0.34861183 0.54486953  0.55117926 0.4060372  0.59062051 0.34365739 0.33399228 0.50455806  0.69701444 0.57436635 0.55467152 0.50224646
0.68473512 0.54696871 0.08944452 0.16355883 0.34861183 0.54486953  0.55117926 0.4060372  0.59062051 0.34365739 0.33399228 0.50455806  0.69701444 0.57436635 0.55467152 0.50224646
0.6423132  0.63943891 0.10291784 0.20548871 0.32181637 0.60547956  0.62154539 0.42019997 0.51622236 0.38285011 0.32075254 0.50049377  0.73297791 0.62618464 0.54822936 0.52106984
0.58058938 0.74077215 0.10591668 0.28707176 0.32221476 0.63669908  0.69698389 0.52406533 0.42106811 0.39571088 0.50605994 0.43471412  0.65405345 0.43653402 0.52324201 0.50035556
0.58058938 0.74077215 0.10591668 0.28707176 0.32221476 0.63669908  0.69698389 0.52406533 0.42106811 0.39571088 0.50605994 0.43471412  0.65405345 0.43653402 0.52324201 0.50035556
0.58058938 0.74077215 0.10591668 0.28707176 0.32221476 0.63669908  0.69698389 0.52406533 0.42106811 0.39571088 0.50605994 0.43471412  0.65405345 0.43653402 0.52324201 0.50035556
0.52906469 0.78820068 0.09336626 0.38841304 0.34732777 0.60797626  0.70061735 0.39068725 0.41489499 0.43795197 0.56221965 0.44478585  0.48337353 0.40582652 0.48947905 0.4686588 
0.52906469 0.78820068 0.09336626 0.38841304 0.34732777 0.60797626  0.70061735 0.39068725 0.41489499 0.43795197 0.56221965 0.44478585  0.48337353 0.40582652 0.48947905 0.4686588 
0.52906469 0.78820068 0.09336626 0.38841304 0.34732777 0.60797626  0.70061735 0.39068725 0.41489499 0.43795197 0.56221965 0.44478585  0.48337353 0.40582652 0.48947905 0.4686588 
0.52906469 0.78820068 0.09336626 0.38841304 0.34732777 0.60797626  0.70061735 0.39068725 0.41489499 0.43795197 0.56221965 0.44478585  0.48337353 0.40582652 0.48947905 0.4686588 
0.51122529 0.79950986 0.09455724 0.43195576 0.3493868  0.5994669  0.66683861 0.34610602 0.416032   0.46732754 0.53386627 0.462384  0.40329739 0.37544479 0.47961754 0.45658068
0.47519548 0.81056876 0.09654784 0.49702408 0.36448215 0.55085511  0.61469541 0.33360884 0.42118648 0.47317538 0.54490054 0.46542886  0.29218941 0.35246694 0.45807609 0.42316772
0.45630139 0.80157215 0.0980754  0.51469056 0.38281276 0.49444844  0.60822129 0.33936496 0.39297573 0.47597134 0.50092787 0.47594578  0.27232204 0.36783261 0.50650509 0.40978468
0.40138467 0.80135219 0.11697465 0.6050638  0.38931705 0.44984083  0.4599355  0.37144817 0.45315548 0.48938667 0.44264331 0.49237933  0.23866987 0.36829718 0.54850216 0.41057294
0.27230287 0.73267769 0.16547083 0.68332028 0.43003633 0.28129444  0.27429226 0.57383444 0.55875287 0.38318526 0.44123623 0.44755586  0.5143895  0.4866367  0.6130834  0.38891645
0.14296674 0.56943727 0.24489285 0.58265577 0.41463074 0.29430751  0.34634226 0.57171945 0.45906031 0.3695937  0.31659199 0.4572862  0.66988963 0.43669723 0.45506893 0.50410151
0.03544839 0.41404176 0.32462587 0.44710978 0.36503751 0.43337561  0.45603541 0.49115319 0.43842582 0.38389341 0.37735876 0.45056284  0.56420009 0.3942791  0.4095445  0.46588946
0.00039479 0.36283831 0.35232302 0.39930133 0.34523319 0.50234819  0.48417291 0.45702496 0.47508945 0.39693445 0.45000532 0.44589633  0.47476172 0.42761975 0.50206904 0.41641874
0.00039479 0.36283831 0.35232302 0.39930133 0.34523319 0.50234819  0.48417291 0.45702496 0.47508945 0.39693445 0.45000532 0.44589633  0.47476172 0.42761975 0.50206904 0.41641874
0.00039479 0.36283831 0.35232302 0.39930133 0.34523319 0.50234819  0.48417291 0.45702496 0.47508945 0.39693445 0.45000532 0.44589633  0.47476172 0.42761975 0.50206904 0.41641874
0.00039479 0.36283831 0.35232302 0.39930133 0.34523319 0.50234819  0.48417291 0.45702496 0.47508945 0.39693445 0.45000532 0.44589633  0.47476172 0.42761975 0.50206904 0.41641874
0.00039479 0.36283831 0.35232302 0.39930133 0.34523319 0.50234819  0.48417291 0.45702496 0.47508945 0.39693445 0.45000532 0.44589633  0.47476172 0.42761975 0.50206904 0.41641874
0.00039479 0.36283831 0.35232302 0.39930133 0.34523319 0.50234819  0.48417291 0.45702496 0.47508945 0.39693445 0.45000532 0.44589633  0.47476172 0.42761975 0.50206904 0.41641874
0.00039479 0.36283831 0.35232302 0.39930133 0.34523319 0.50234819  0.48417291 0.45702496 0.47508945 0.39693445 0.45000532 0.44589633  0.47476172 0.42761975 0.50206904 0.41641874
0.00039479 0.36283831 0.35232302 0.39930133 0.34523319 0.50234819  0.48417291 0.45702496 0.47508945 0.39693445 0.45000532 0.44589633  0.47476172 0.42761975 0.50206904 0.41641874
0.00039479 0.36283831 0.35232302 0.39930133 0.34523319 0.50234819  0.48417291 0.45702496 0.47508945 0.39693445 0.45000532 0.44589633  0.47476172 0.42761975 0.50206904 0.41641874
0.00039479 0.36283831 0.35232302 0.39930133 0.34523319 0.50234819  0.48417291 0.45702496 0.47508945 0.39693445 0.45000532 0.44589633  0.47476172 0.42761975 0.50206904 0.41641874
0.00039479 0.36283831 0.35232302 0.39930133 0.34523319 0.50234819  0.48417291 0.45702496 0.47508945 0.39693445 0.45000532 0.44589633  0.47476172 0.42761975 0.50206904 0.41641874
0.00039479 0.36283831 0.35232302 0.39930133 0.34523319 0.50234819  0.48417291 0.45702496 0.47508945 0.39693445 0.45000532 0.44589633  0.47476172 0.42761975 0.50206904 0.41641874
0.00039479 0.36283831 0.35232302 0.39930133 0.34523319 0.50234819  0.48417291 0.45702496 0.47508945 0.39693445 0.45000532 0.44589633  0.47476172 0.42761975 0.50206904 0.41641874
0.00039479 0.36283831 0.35232302 0.39930133 0.34523319 0.50234819  0.48417291 0.45702496 0.47508945 0.39693445 0.45000532 0.44589633  0.47476172 0.42761975 0.50206904 0.41641874
0.00039479 0.36283831 0.35232302 0.39930133 0.34523319 0.50234819  0.48417291 0.45702496 0.47508945 0.39693445 0.45000532 0.44589633  0.47476172 0.42761975 0.50206904 0.41641874
0.00039479 0.36283831 0.35232302 0.39930133 0.34523319 0.50234819  0.48417291 0.45702496 0.47508945 0.39693445 0.45000532 0.44589633  0.47476172 0.42761975 0.50206904 0.41641874
0.01865742 0.3880557  0.34025579 0.41843982 0.3494262  0.49750935  0.46205159 0.46401308 0.50597385 0.40376969 0.46950961 0.4478266  0.44969389 0.45506031 0.57557814 0.40855754
0.27189156 0.71016183 0.1862994  0.65428828 0.38806877 0.40339873  0.26067255 0.49823371 0.56163411 0.47095138 0.29824837 0.50923855  0.54497577 0.44197062 0.6228587  0.54271728
0.30913033 0.75632575 0.16390663 0.6783825  0.39083563 0.41144953  0.2428697  0.49539152 0.61453616 0.46926347 0.38352375 0.49442087  0.47008713 0.47740784 0.69235099 0.47744809
0.3661066  0.79108975 0.15156986 0.63533951 0.34955576 0.54521948  0.28753473 0.4537974  0.67253362 0.45100407 0.5336416  0.45762606  0.47236909 0.44257352 0.57230233 0.44591881
0.38500068 0.80008635 0.1500423  0.61767303 0.33122515 0.60162614  0.29400884 0.44804128 0.70074437 0.44820811 0.57761426 0.44710914  0.49223646 0.42720784 0.52387333 0.45930185
0.38500068 0.80008635 0.1500423  0.61767303 0.33122515 0.60162614  0.29400884 0.44804128 0.70074437 0.44820811 0.57761426 0.44710914  0.49223646 0.42720784 0.52387333 0.45930185
0.3661066  0.79108975 0.15156986 0.63533951 0.34955576 0.54521948  0.28753473 0.4537974  0.67253362 0.45100407 0.5336416  0.45762606  0.47236909 0.44257352 0.57230233 0.44591881
0.3661066  0.79108975 0.15156986 0.63533951 0.34955576 0.54521948  0.28753473 0.4537974  0.67253362 0.45100407 0.5336416  0.45762606  0.47236909 0.44257352 0.57230233 0.44591881
0.3281981  0.76921667 0.158519   0.66485144 0.379308   0.45117376  0.26362693 0.47738933 0.62864801 0.46068014 0.44002035 0.48014959  0.46375778 0.46564178 0.64637562 0.45694399
0.29082203 0.74719787 0.16258789 0.68412143 0.4126472  0.34081881  0.25984336 0.53401816 0.58778509 0.42852519 0.41939891 0.47200023  0.46984945 0.48043082 0.66770791 0.42820069
0.29082203 0.74719787 0.16258789 0.68412143 0.4126472  0.34081881  0.25984336 0.53401816 0.58778509 0.42852519 0.41939891 0.47200023  0.46984945 0.48043082 0.66770791 0.42820069
0.27200539 0.72589014 0.17275022 0.67768973 0.41412334 0.32694522  0.26050686 0.54263034 0.5627648  0.42983206 0.36494386 0.48207923  0.51985981 0.47338154 0.65258273 0.46664639
0.27200539 0.72589014 0.17275022 0.67768973 0.41412334 0.32694522  0.26050686 0.54263034 0.5627648  0.42983206 0.36494386 0.48207923  0.51985981 0.47338154 0.65258273 0.46664639
0.30913033 0.75632575 0.16390663 0.6783825  0.39083563 0.41144953  0.2428697  0.49539152 0.61453616 0.46926347 0.38352375 0.49442087  0.47008713 0.47740784 0.69235099 0.47744809
0.30913033 0.75632575 0.16390663 0.6783825  0.39083563 0.41144953  0.2428697  0.49539152 0.61453616 0.46926347 0.38352375 0.49442087  0.47008713 0.47740784 0.69235099 0.47744809
0.36552241 0.77889032 0.16206111 0.62530732 0.33558484 0.56938693  0.26332197 0.47668832 0.66513197 0.46339013 0.45638475 0.47307517  0.54781461 0.43451268 0.55952355 0.50876614
0.40343091 0.8007634  0.15511196 0.5957954  0.3058326  0.66343265  0.28722977 0.45309638 0.70901758 0.45371406 0.550006   0.45055164  0.55642592 0.41144441 0.48545025 0.49774096
0.4684613  0.78614017 0.27807128 0.58977915 0.20789106 0.75205572  0.16006031 0.46766678 0.60101812 0.38440762 0.36307625 0.48680248  0.64365873 0.43383042 0.29644423 0.5092723 
0.53506196 0.83608134 0.57595245 0.68597845 0.14531154 0.6632408  0.22438422 0.35145782 0.58135794 0.23694552 0.35058859 0.41313464  0.68610293 0.46895803 0.38108553 0.45966067
0.55538849 0.846927   0.66405661 0.70576563 0.16147273 0.63672295  0.24080495 0.34149608 0.56210598 0.22407126 0.3437697  0.37811975  0.63860052 0.44774914 0.48289715 0.40002327
0.59709712 0.86514097 0.75517743 0.69321175 0.22856714 0.61662791  0.30842609 0.33502455 0.50461327 0.280069   0.42450905 0.40895067  0.51652043 0.39091059 0.49093397 0.34079158
0.66409862 0.82286618 0.75744073 0.62755605 0.20478839 0.58751117  0.35446363 0.40441779 0.37693537 0.29866422 0.40386261 0.41073032  0.2190214  0.22767958 0.51362726 0.27728101
0.68014838 0.79677108 0.7586043  0.59447264 0.20516444 0.5683222  0.34075803 0.46094672 0.40015127 0.28046155 0.41067712 0.41277119  0.20086451 0.20474777 0.57496156 0.28956111
0.68014838 0.79677108 0.7586043  0.59447264 0.20516444 0.5683222  0.34075803 0.46094672 0.40015127 0.28046155 0.41067712 0.41277119  0.20086451 0.20474777 0.57496156 0.28956111
0.74976314 0.73663491 0.74909892 0.42350872 0.2145098  0.55243516  0.4646954  0.62006093 0.41210443 0.19564826 0.4815214  0.37137771  0.45259943 0.3206821  0.72231728 0.32864092
0.74976314 0.73663491 0.74909892 0.42350872 0.2145098  0.55243516  0.4646954  0.62006093 0.41210443 0.19564826 0.4815214  0.37137771  0.45259943 0.3206821  0.72231728 0.32864092
0.74829572 0.72850082 0.73259576 0.43711004 0.16651058 0.53768399  0.48050659 0.61492988 0.43341074 0.20511525 0.45287922 0.32920892  0.46034972 0.33465661 0.71125714 0.30793869
0.7453452  0.71596539 0.70675177 0.4528051  0.11951189 0.52875938  0.49142454 0.61647344 0.44184815 0.21003917 0.4576625  0.33467289  0.47317359 0.33522612 0.70522809 0.32835287
0.7453452  0.71596539 0.70675177 0.4528051  0.11951189 0.52875938  0.49142454 0.61647344 0.44184815 0.21003917 0.4576625  0.33467289  0.47317359 0.33522612 0.70522809 0.32835287
0.73739561 0.68753743 0.64528059 0.46970373 0.06106519 0.51927008  0.49806416 0.62429387 0.43050259 0.2332767  0.49931419 0.39425369  0.52451936 0.34188319 0.69578652 0.35877278
0.72301548 0.65622727 0.55620562 0.47395213 0.02440385 0.54184639  0.46599895 0.63129735 0.36312941 0.25214567 0.56599209 0.48107125  0.59870325 0.39039471 0.65546564 0.34849155
0.71680395 0.64959042 0.52473321 0.46330317 0.0462032  0.56617677  0.44142924 0.63396618 0.32013518 0.24456046 0.5837191  0.5087692  0.6468413  0.38118023 0.67042729 0.30050728
0.65978791 0.69482681 0.4036621  0.41143821 0.12245116 0.66223959  0.3780568  0.62614945 0.37761006 0.25504075 0.46785541 0.44614546  0.53628887 0.36943072 0.42156992 0.36669714
0.58271085 0.76609074 0.31974571 0.4995876  0.14975946 0.75213355  0.36818602 0.49633898 0.37455178 0.33715572 0.5176769  0.48321318  0.7397801  0.49215208 0.18520156 0.33578547
0.53900426 0.7684548  0.21109518 0.49435323 0.20686526 0.77229654  0.36760688 0.4959534  0.42349514 0.43540547 0.45337049 0.44705768  0.62157172 0.36213857 0.23656536 0.27831058
0.52116486 0.77976397 0.21228617 0.53789596 0.20892429 0.76378717  0.33382814 0.45137217 0.42463214 0.46478104 0.42501711 0.46465583  0.54149558 0.33175684 0.22670385 0.26623246
0.53031254 0.78525655 0.24956046 0.5556617  0.18557071 0.75306322  0.33387351 0.42359711 0.41496859 0.43690709 0.44156889 0.47900373  0.57794483 0.37641322 0.19621839 0.28380204
0.53031254 0.78525655 0.24956046 0.5556617  0.18557071 0.75306322  0.33387351 0.42359711 0.41496859 0.43690709 0.44156889 0.47900373  0.57794483 0.37641322 0.19621839 0.28380204
0.53031254 0.78525655 0.24956046 0.5556617  0.18557071 0.75306322  0.33387351 0.42359711 0.41496859 0.43690709 0.44156889 0.47900373  0.57794483 0.37641322 0.19621839 0.28380204
0.53031254 0.78525655 0.24956046 0.5556617  0.18557071 0.75306322  0.33387351 0.42359711 0.41496859 0.43690709 0.44156889 0.47900373  0.57794483 0.37641322 0.19621839 0.28380204
0.53031254 0.78525655 0.24956046 0.5556617  0.18557071 0.75306322  0.33387351 0.42359711 0.41496859 0.43690709 0.44156889 0.47900373  0.57794483 0.37641322 0.19621839 0.28380204
0.54344119 0.80263176 0.31684119 0.57329776 0.17446536 0.740968  0.33235267 0.37303788 0.39859868 0.28480945 0.44438085 0.48698066  0.54896638 0.35468904 0.26055591 0.38078772
0.60967345 0.78049113 0.46897104 0.5897615  0.09376989 0.67241389  0.38648908 0.39212059 0.36909562 0.20748137 0.4680055  0.47337058  0.58174732 0.33166365 0.35352374 0.36408493
0.64880127 0.76928616 0.55900964 0.58275251 0.06627268 0.63309983  0.42802121 0.45011464 0.37126702 0.19117451 0.4864499  0.44652177  0.58384198 0.34922008 0.43457424 0.37804321
0.68862396 0.77157017 0.68568273 0.56181345 0.10152486 0.60437576  0.38503708 0.50773393 0.34358709 0.2323035  0.43967003 0.3664543  0.39850449 0.34495622 0.4877869  0.28551137
0.69009138 0.77970426 0.70218589 0.54821214 0.14952409 0.61912693  0.36922589 0.51286498 0.32228078 0.22283651 0.4683122  0.40862309  0.39075419 0.33098171 0.49884704 0.3062136 
0.69932311 0.79567983 0.75870832 0.54272379 0.1972557  0.60129611  0.39977238 0.51511525 0.37869253 0.24696326 0.43979678 0.38038926  0.36580854 0.27379039 0.5321973  0.30735028
0.69932311 0.79567983 0.75870832 0.54272379 0.1972557  0.60129611  0.39977238 0.51511525 0.37869253 0.24696326 0.43979678 0.38038926  0.36580854 0.27379039 0.5321973  0.30735028
0.69932311 0.79567983 0.75870832 0.54272379 0.1972557  0.60129611  0.39977238 0.51511525 0.37869253 0.24696326 0.43979678 0.38038926  0.36580854 0.27379039 0.5321973  0.30735028
0.70027129 0.79867932 0.76273753 0.5407848  0.20155323 0.60360929  0.3972978  0.51805593 0.37063023 0.23089529 0.44345399 0.40017991  0.34217385 0.26194201 0.54259851 0.34488565
0.70027129 0.79867932 0.76273753 0.5407848  0.20155323 0.60360929  0.3972978  0.51805593 0.37063023 0.23089529 0.44345399 0.40017991  0.34217385 0.26194201 0.54259851 0.34488565
0.64866405 0.85014608 0.75074371 0.64787874 0.21387402 0.60458984  0.38336005 0.34365314 0.37998021 0.29122406 0.42099767 0.40331729  0.31120357 0.28943574 0.46115739 0.27525297
0.61388799 0.87960397 0.66347107 0.62797135 0.21163023 0.65197484  0.39902622 0.28747611 0.41055898 0.19873883 0.39238184 0.34781298  0.46547657 0.3834409  0.38005566 0.29022074
0.50177966 0.8086997  0.45303099 0.72230969 0.18306283 0.57900625  0.27896866 0.303723   0.43779394 0.20917528 0.43249206 0.55069396  0.62868915 0.37905787 0.52316606 0.41726862
0.42702598 0.78889355 0.28382747 0.67099853 0.25540379 0.60937986  0.21839665 0.40272313 0.56368202 0.38344839 0.50359062 0.4980821  0.59912203 0.49982875 0.44680525 0.41189177
0.3459537  0.70298082 0.28341195 0.66884859 0.2712918  0.53016857  0.20508369 0.46194897 0.50221177 0.47378868 0.31412909 0.54156746  0.7172273  0.4890955  0.50896234 0.46396242
0.12743998 0.51108315 0.29130294 0.49521646 0.32811365 0.59302983  0.34103841 0.41551279 0.63781435 0.51834878 0.40522657 0.51285467  0.38888717 0.51370527 0.84139156 0.5214873 
0.0536628  0.44240702 0.31244086 0.47255325 0.37234245 0.4347995  0.41032534 0.5038868  0.51648388 0.39941691 0.4265254  0.45434213  0.52269843 0.49085358 0.62015411 0.44430781
0.00039479 0.36283831 0.35232302 0.39930133 0.34523319 0.50234819  0.48417291 0.45702496 0.47508945 0.39693445 0.45000532 0.44589633  0.47476172 0.42761975 0.50206904 0.41641874
0.00039479 0.36283831 0.35232302 0.39930133 0.34523319 0.50234819  0.48417291 0.45702496 0.47508945 0.39693445 0.45000532 0.44589633  0.47476172 0.42761975 0.50206904 0.41641874
0.00039479 0.36283831 0.35232302 0.39930133 0.34523319 0.50234819  0.48417291 0.45702496 0.47508945 0.39693445 0.45000532 0.44589633  0.47476172 0.42761975 0.50206904 0.41641874
0.00039479 0.36283831 0.35232302 0.39930133 0.34523319 0.50234819  0.48417291 0.45702496 0.47508945 0.39693445 0.45000532 0.44589633  0.47476172 0.42761975 0.50206904 0.41641874
0.00039479 0.36283831 0.35232302 0.39930133 0.34523319 0.50234819  0.48417291 0.45702496 0.47508945 0.39693445 0.45000532 0.44589633  0.47476172 0.42761975 0.50206904 0.41641874
0.00039479 0.36283831 0.35232302 0.39930133 0.34523319 0.50234819  0.48417291 0.45702496 0.47508945 0.39693445 0.45000532 0.44589633  0.47476172 0.42761975 0.50206904 0.41641874
0.00039479 0.36283831 0.35232302 0.39930133 0.34523319 0.50234819  0.48417291 0.45702496 0.47508945 0.39693445 0.45000532 0.44589633  0.47476172 0.42761975 0.50206904 0.41641874
0.00039479 0.36283831 0.35232302 0.39930133 0.34523319 0.50234819  0.48417291 0.45702496 0.47508945 0.39693445 0.45000532 0.44589633  0.47476172 0.42761975 0.50206904 0.41641874
0.00039479 0.36283831 0.35232302 0.39930133 0.34523319 0.50234819  0.48417291 0.45702496 0.47508945 0.39693445 0.45000532 0.44589633  0.47476172 0.42761975 0.50206904 0.41641874
0.00039479 0.36283831 0.35232302 0.39930133 0.34523319 0.50234819  0.48417291 0.45702496 0.47508945 0.39693445 0.45000532 0.44589633  0.47476172 0.42761975 0.50206904 0.41641874
0.00039479 0.36283831 0.35232302 0.39930133 0.34523319 0.50234819  0.48417291 0.45702496 0.47508945 0.39693445 0.45000532 0.44589633  0.47476172 0.42761975 0.50206904 0.41641874
0.00039479 0.36283831 0.35232302 0.39930133 0.34523319 0.50234819  0.48417291 0.45702496 0.47508945 0.39693445 0.45000532 0.44589633  0.47476172 0.42761975 0.50206904 0.41641874
0.00039479 0.36283831 0.35232302 0.39930133 0.34523319 0.50234819  0.48417291 0.45702496 0.47508945 0.39693445 0.45000532 0.44589633  0.47476172 0.42761975 0.50206904 0.41641874
0.00039479 0.36283831 0.35232302 0.39930133 0.34523319 0.50234819  0.48417291 0.45702496 0.47508945 0.39693445 0.45000532 0.44589633  0.47476172 0.42761975 0.50206904 0.41641874
0.00039479 0.36283831 0.35232302 0.39930133 0.34523319 0.50234819  0.48417291 0.45702496 0.47508945 0.39693445 0.45000532 0.44589633  0.47476172 0.42761975 0.50206904 0.41641874
0.0177474  0.38984345 0.33852207 0.42635267 0.35697043 0.47086435  0.45750391 0.47765391 0.48169648 0.39463854 0.42895995 0.44917931  0.51265071 0.44991576 0.53083289 0.43501917
0.12773694 0.53183353 0.27116151 0.52160757 0.36831564 0.4716616  0.35748175 0.49283939 0.63021442 0.42611545 0.54330055 0.44931674  0.37852713 0.55339394 0.80837479 0.37078529
0.30930037 0.74263378 0.17404722 0.65049945 0.36976351 0.4718505  0.24362506 0.49681037 0.65088703 0.46880991 0.40980344 0.48732506  0.52279488 0.47963732 0.66881553 0.51279136
0.40307465 0.81317002 0.12939876 0.61095755 0.35690898 0.53654769  0.3929279  0.40591639 0.56606153 0.45419495 0.56041313 0.45027724  0.29108188 0.37615142 0.48867626 0.38116118
0.4936532  0.7956023  0.14545397 0.47593033 0.27715009 0.71679614  0.43147788 0.49603079 0.54835096 0.41738248 0.53277462 0.42229678  0.50487845 0.3501285  0.33116272 0.43175315
0.56348734 0.7642965  0.13100261 0.3567271  0.27896904 0.7081317  0.58193414 0.50494316 0.39042092 0.43522554 0.39294224 0.45509741  0.59114729 0.35340423 0.34033081 0.49675441
0.58108692 0.75256055 0.12394235 0.31353641 0.28926624 0.69493698  0.64085643 0.51238524 0.37699323 0.42387175 0.40951623 0.44861004  0.63806581 0.39214551 0.40029533 0.49172826
0.58108692 0.75256055 0.12394235 0.31353641 0.28926624 0.69493698  0.64085643 0.51238524 0.37699323 0.42387175 0.40951623 0.44861004  0.63806581 0.39214551 0.40029533 0.49172826
0.56373801 0.76289804 0.11013779 0.33064719 0.31548645 0.65501247  0.67572625 0.48609806 0.39733796 0.42202891 0.49159284 0.4413738  0.59212615 0.40824933 0.44406205 0.49205933
0.494261   0.80275786 0.11437817 0.45516395 0.32295311 0.65147118  0.56821334 0.42346951 0.51301798 0.41690999 0.61944281 0.41968805  0.46899965 0.39030515 0.41811762 0.43089015
0.44054965 0.82022789 0.12361278 0.55557381 0.33438396 0.60795342  0.46314807 0.39556488 0.55763478 0.4277996  0.63100969 0.42226633  0.33193637 0.36346912 0.41500279 0.3699135 
0.42197165 0.81966524 0.12883817 0.58940231 0.33714667 0.59212695  0.40594522 0.39674552 0.58230231 0.4492814  0.58590683 0.4428437  0.32859787 0.35979088 0.44326054 0.39509047
0.34720959 0.78459453 0.15213045 0.65689475 0.36931807 0.48964022  0.27451741 0.46296826 0.65629284 0.45591761 0.5081479  0.4650596  0.4348531  0.45893406 0.61771805 0.43198952
0.32814182 0.77170362 0.15751807 0.67042581 0.3808457  0.44991599  0.25376018 0.48097045 0.64218099 0.46450094 0.4516513  0.47933088  0.44118245 0.47070012 0.66369342 0.45249362
0.29082203 0.74719787 0.16258789 0.68412143 0.4126472  0.34081881  0.25984336 0.53401816 0.58778509 0.42852519 0.41939891 0.47200023  0.46984945 0.48043082 0.66770791 0.42820069
0.31074098 0.74784635 0.17120124 0.64967944 0.37222038 0.48766256  0.25684042 0.46608698 0.68274761 0.47548512 0.50235902 0.47789691  0.38685963 0.51753803 0.77203007 0.42017275
0.34870283 0.76973387 0.16428606 0.6184819  0.34236214 0.58379345  0.28407177 0.44232868 0.72507021 0.46410583 0.60282828 0.45310871  0.40039765 0.49040629 0.6776257  0.41305168
0.38453391 0.79426819 0.15567255 0.61735064 0.32559491 0.60785339  0.27421245 0.46226725 0.6927768  0.4586276  0.5245123  0.45798518  0.51890994 0.42780495 0.53086597 0.48381167
0.41888283 0.78739839 0.17825203 0.60361646 0.2817591  0.68035878  0.24246034 0.46338483 0.65845893 0.4724544  0.50770307 0.45560176  0.55050243 0.40368309 0.42942687 0.4294617 
0.54450861 0.86725662 0.64787662 0.60011218 0.37392317 0.69800977  0.16929451 0.40371125 0.5639131  0.46852702 0.34617948 0.35837601  0.64847083 0.5857476  0.24432694 0.29468042
0.71078818 0.81406497 0.90775765 0.40617863 0.56095124 0.62356258  0.30708184 0.66167799 0.52492639 0.55553689 0.50944661 0.40089208  0.53586391 0.301983   0.46972371 0.29141729
0.76191486 0.77758469 0.89356271 0.321452   0.57262966 0.57461607  0.3663144  0.7275273  0.49859997 0.52497548 0.50747907 0.40624334  0.48528006 0.26813925 0.5612655  0.29823348
0.78432794 0.75689063 0.90152699 0.30120648 0.60153114 0.54357051  0.46605736 0.73987295 0.56250022 0.55174564 0.55075164 0.4471009  0.5468869  0.21338078 0.60087496 0.39493619
0.80257232 0.75229823 0.89434227 0.26196694 0.62790243 0.51131779  0.55254574 0.72423494 0.53003667 0.60092973 0.52908182 0.43494893  0.54583424 0.22741621 0.61264674 0.40295618
0.80183502 0.7507305  0.8894244  0.26633826 0.61225838 0.50970439  0.55797937 0.72249415 0.53369443 0.60360685 0.51379409 0.40640981  0.55388682 0.24702446 0.60414107 0.37245795
0.84086124 0.68479609 0.86960386 0.27935133 0.5741445  0.40501923  0.62950834 0.69693431 0.50344281 0.65954866 0.55208901 0.41199521  0.48029766 0.26212141 0.50701098 0.47704864
0.85732483 0.63068521 0.84673537 0.3179326  0.49310134 0.34914165  0.67605223 0.68236113 0.62754473 0.63200133 0.50578938 0.35510296  0.47860804 0.29852434 0.45453131 0.4943097 
0.8556837  0.62206322 0.82817675 0.3360029  0.43086451 0.33663935  0.68774696 0.68027148 0.63323352 0.6064566  0.49156728 0.33896536  0.4590906  0.29510042 0.46613238 0.51169982
0.86925027 0.58357307 0.80624064 0.32524896 0.3907926  0.29848514  0.69287536 0.6281359  0.69354731 0.61055677 0.41827613 0.31903872  0.48665086 0.38814358 0.49348755 0.50053843
0.86220026 0.5518861  0.74098352 0.37192831 0.24496608 0.27459464  0.71515756 0.62687817 0.68796526 0.54336278 0.42978238 0.3555033  0.45634336 0.3575392  0.54175043 0.57861718
0.85123036 0.53738291 0.67782003 0.36097963 0.16279697 0.26588794  0.6856255  0.6229381  0.63761179 0.55611456 0.44185819 0.35737768  0.47350479 0.42416016 0.54621942 0.54008042
0.84897916 0.52923856 0.66016565 0.37584565 0.12321068 0.26803199  0.6789793  0.6175441  0.61541388 0.50509271 0.45978185 0.39505724  0.44663417 0.40806145 0.57376104 0.57347739
0.84418383 0.51642825 0.62816909 0.37969005 0.10682529 0.2742906  0.66799097 0.6220525  0.59094884 0.51640028 0.49519137 0.44366416  0.47765829 0.42188321 0.55925303 0.58109765
0.82533631 0.48874117 0.52802298 0.35931378 0.11240042 0.29953214  0.64644765 0.67654197 0.57848633 0.65151877 0.53188559 0.50001171  0.48550355 0.46723532 0.46266678 0.54976918
0.81176015 0.45928828 0.44731152 0.36774583 0.09855142 0.32536364  0.62438671 0.70031401 0.53190095 0.67987904 0.57663119 0.57723359  0.54067394 0.43071007 0.51831803 0.47296285
0.82407214 0.42587977 0.42559779 0.35755372 0.09731726 0.32863967  0.59853758 0.62033433 0.51865664 0.6314696  0.52652363 0.65178536  0.57394416 0.48654023 0.60234513 0.46200365
0.83307193 0.4010612  0.40821066 0.32755894 0.1128795  0.32262285  0.51711423 0.57050753 0.47598822 0.56864033 0.53783874 0.61911714  0.54581721 0.52331786 0.55709178 0.3555013 
0.84547781 0.36569068 0.40170246 0.33200192 0.12888263 0.29904363  0.47965981 0.5559902  0.50091335 0.54157811 0.60053598 0.59456631  0.52577012 0.46139826 0.46306721 0.32844573
0.84304815 0.32723688 0.32562504 0.29618164 0.16587502 0.33327342  0.37885842 0.49158506 0.45682264 0.51554994 0.59194607 0.60955424  0.50558615 0.51951078 0.36076052 0.29070495
0.84304815 0.32723688 0.32562504 0.29618164 0.16587502 0.33327342  0.37885842 0.49158506 0.45682264 0.51554994 0.59194607 0.60955424  0.50558615 0.51951078 0.36076052 0.29070495
0.83683662 0.32060003 0.29415263 0.28553268 0.18767437 0.3576038  0.35428872 0.49425389 0.41382842 0.50796472 0.60967309 0.63725219  0.5537242  0.5102963  0.37572217 0.24272068
0.84011801 0.28214163 0.24525186 0.27110751 0.23051921 0.36303664  0.32885862 0.43765764 0.43943319 0.53819202 0.55018257 0.63002947  0.54051164 0.43181819 0.41717311 0.19674014
0.8280221  0.29015461 0.21290572 0.2411417  0.25392496 0.36762069  0.3353391  0.45277566 0.48935447 0.53370204 0.52597974 0.61269968  0.47719968 0.41059563 0.41313334 0.27565933
0.8280221  0.29015461 0.21290572 0.2411417  0.25392496 0.36762069  0.3353391  0.45277566 0.48935447 0.53370204 0.52597974 0.61269968  0.47719968 0.41059563 0.41313334 0.27565933
0.8280221  0.29015461 0.21290572 0.2411417  0.25392496 0.36762069  0.3353391  0.45277566 0.48935447 0.53370204 0.52597974 0.61269968  0.47719968 0.41059563 0.41313334 0.27565933
0.8280221  0.29015461 0.21290572 0.2411417  0.25392496 0.36762069  0.3353391  0.45277566 0.48935447 0.53370204 0.52597974 0.61269968  0.47719968 0.41059563 0.41313334 0.27565933
0.81664192 0.29514625 0.1784155  0.21436758 0.28427694 0.38307104  0.33518089 0.46720649 0.5245471  0.51333446 0.48491152 0.57843491  0.43087732 0.35586861 0.43811528 0.3109079 
0.78439602 0.34920449 0.11509822 0.12285053 0.34576701 0.4533275  0.31428084 0.45325025 0.60155421 0.35564157 0.3029053  0.49730314  0.41435012 0.29059942 0.41129945 0.33353117
0.78439602 0.34920449 0.11509822 0.12285053 0.34576701 0.4533275  0.31428084 0.45325025 0.60155421 0.35564157 0.3029053  0.49730314  0.41435012 0.29059942 0.41129945 0.33353117
0.72789242 0.45773556 0.08903931 0.12557578 0.36356117 0.51069479  0.46328119 0.40233599 0.6187462  0.36406978 0.2546431  0.51483709  0.59956313 0.418504   0.5901102  0.45241958
0.68068932 0.5364282  0.07432649 0.20532238 0.37816689 0.56100021  0.5283036  0.21241085 0.601751   0.35787633 0.27849569 0.49573216  0.76497593 0.52538029 0.45558388 0.42603523
0.57121803 0.69550666 0.06934282 0.34869872 0.38272817 0.56240385  0.65685273 0.18966994 0.49985591 0.44495247 0.40711013 0.50347235  0.54367147 0.5253508  0.59913897 0.45675106
0.51063446 0.78752363 0.0882966  0.41029067 0.37272032 0.54616975  0.70739643 0.38563215 0.40662178 0.43244602 0.58982791 0.44134334  0.41918407 0.42158995 0.52790212 0.43021969
0.41817652 0.75969294 0.09313994 0.4979929  0.45207298 0.29551937  0.68554882 0.43442082 0.30752397 0.38345289 0.54972064 0.43002695  0.32602695 0.43216329 0.53261774 0.3022976 
0.36293116 0.75797532 0.1108132  0.58854315 0.45606611 0.25316339  0.54866645 0.44616157 0.33150734 0.4248718  0.4315472  0.47136296  0.28209928 0.40150984 0.54688633 0.35300482
0.25199751 0.67578485 0.16878887 0.61973121 0.45750335 0.19108214  0.43912324 0.51944642 0.30596882 0.39652465 0.24354564 0.4879376  0.52048882 0.37952313 0.43259541 0.46770545
0.17946765 0.61929836 0.21916541 0.62153306 0.42847422 0.2555931  0.32082303 0.59162845 0.46358958 0.35813753 0.31876488 0.45309227  0.68927356 0.45077529 0.4595893  0.47919905
0.1427829  0.56922478 0.24346308 0.58473204 0.42003821 0.26625472  0.3600837  0.57887034 0.40482342 0.35168333 0.26844025 0.45590068  0.73921967 0.39494678 0.33171307 0.51388374
0.07070987 0.46691784 0.29699855 0.49757579 0.38589171 0.37018237  0.4152594  0.52794891 0.43033005 0.3736038  0.32872431 0.45483489  0.64350424 0.40422686 0.3972127  0.49707167
0.00039479 0.36283831 0.35232302 0.39930133 0.34523319 0.50234819  0.48417291 0.45702496 0.47508945 0.39693445 0.45000532 0.44589633  0.47476172 0.42761975 0.50206904 0.41641874
0.00039479 0.36283831 0.35232302 0.39930133 0.34523319 0.50234819  0.48417291 0.45702496 0.47508945 0.39693445 0.45000532 0.44589633  0.47476172 0.42761975 0.50206904 0.41641874
0.00039479 0.36283831 0.35232302 0.39930133 0.34523319 0.50234819  0.48417291 0.45702496 0.47508945 0.39693445 0.45000532 0.44589633  0.47476172 0.42761975 0.50206904 0.41641874
0.00039479 0.36283831 0.35232302 0.39930133 0.34523319 0.50234819  0.48417291 0.45702496 0.47508945 0.39693445 0.45000532 0.44589633  0.47476172 0.42761975 0.50206904 0.41641874
0.00039479 0.36283831 0.35232302 0.39930133 0.34523319 0.50234819  0.48417291 0.45702496 0.47508945 0.39693445 0.45000532 0.44589633  0.47476172 0.42761975 0.50206904 0.41641874
0.00039479 0.36283831 0.35232302 0.39930133 0.34523319 0.50234819  0.48417291 0.45702496 0.47508945 0.39693445 0.45000532 0.44589633  0.47476172 0.42761975 0.50206904 0.41641874
0.00039479 0.36283831 0.35232302 0.39930133 0.34523319 0.50234819  0.48417291 0.45702496 0.47508945 0.39693445 0.45000532 0.44589633  0.47476172 0.42761975 0.50206904 0.41641874
0.00039479 0.36283831 0.35232302 0.39930133 0.34523319 0.50234819  0.48417291 0.45702496 0.47508945 0.39693445 0.45000532 0.44589633  0.47476172 0.42761975 0.50206904 0.41641874
0.00039479 0.36283831 0.35232302 0.39930133 0.34523319 0.50234819  0.48417291 0.45702496 0.47508945 0.39693445 0.45000532 0.44589633  0.47476172 0.42761975 0.50206904 0.41641874
0.00039479 0.36283831 0.35232302 0.39930133 0.34523319 0.50234819  0.48417291 0.45702496 0.47508945 0.39693445 0.45000532 0.44589633  0.47476172 0.42761975 0.50206904 0.41641874
0.00039479 0.36283831 0.35232302 0.39930133 0.34523319 0.50234819  0.48417291 0.45702496 0.47508945 0.39693445 0.45000532 0.44589633  0.47476172 0.42761975 0.50206904 0.41641874
0.00039479 0.36283831 0.35232302 0.39930133 0.34523319 0.50234819  0.48417291 0.45702496 0.47508945 0.39693445 0.45000532 0.44589633  0.47476172 0.42761975 0.50206904 0.41641874
0.00039479 0.36283831 0.35232302 0.39930133 0.34523319 0.50234819  0.48417291 0.45702496 0.47508945 0.39693445 0.45000532 0.44589633  0.47476172 0.42761975 0.50206904 0.41641874
0.00039479 0.36283831 0.35232302 0.39930133 0.34523319 0.50234819  0.48417291 0.45702496 0.47508945 0.39693445 0.45000532 0.44589633  0.47476172 0.42761975 0.50206904 0.41641874
0.00039479 0.36283831 0.35232302 0.39930133 0.34523319 0.50234819  0.48417291 0.45702496 0.47508945 0.39693445 0.45000532 0.44589633  0.47476172 0.42761975 0.50206904 0.41641874
0.00039479 0.36283831 0.35232302 0.39930133 0.34523319 0.50234819  0.48417291 0.45702496 0.47508945 0.39693445 0.45000532 0.44589633  0.47476172 0.42761975 0.50206904 0.41641874
0.00039479 0.36283831 0.35232302 0.39930133 0.34523319 0.50234819  0.48417291 0.45702496 0.47508945 0.39693445 0.45000532 0.44589633  0.47476172 0.42761975 0.50206904 0.41641874
0.00039479 0.36283831 0.35232302 0.39930133 0.34523319 0.50234819  0.48417291 0.45702496 0.47508945 0.39693445 0.45000532 0.44589633  0.47476172 0.42761975 0.50206904 0.41641874
0.00039479 0.36283831 0.35232302 0.39930133 0.34523319 0.50234819  0.48417291 0.45702496 0.47508945 0.39693445 0.45000532 0.44589633  0.47476172 0.42761975 0.50206904 0.41641874
0.00039479 0.36283831 0.35232302 0.39930133 0.34523319 0.50234819  0.48417291 0.45702496 0.47508945 0.39693445 0.45000532 0.44589633  0.47476172 0.42761975 0.50206904 0.41641874
0.00039479 0.36283831 0.35232302 0.39930133 0.34523319 0.50234819  0.48417291 0.45702496 0.47508945 0.39693445 0.45000532 0.44589633  0.47476172 0.42761975 0.50206904 0.41641874
0.00039479 0.36283831 0.35232302 0.39930133 0.34523319 0.50234819  0.48417291 0.45702496 0.47508945 0.39693445 0.45000532 0.44589633  0.47476172 0.42761975 0.50206904 0.41641874
0.00039479 0.36283831 0.35232302 0.39930133 0.34523319 0.50234819  0.48417291 0.45702496 0.47508945 0.39693445 0.45000532 0.44589633  0.47476172 0.42761975 0.50206904 0.41641874
