0.00039479 0.36283831 0.35232302 0.39930133 0.34523319 0.50234819  0.48417291 0.45702496 0.47508945 0.39693445 0.45000532 0.44589633  0.47476172 0.42761975 0.50206904 0.41641874
0.00039479 0.36283831 0.35232302 0.39930133 0.34523319 0.50234819  0.48417291 0.45702496 0.47508945 0.39693445 0.45000532 0.44589633  0.47476172 0.42761975 0.50206904 0.41641874
0.00039479 0.36283831 0.35232302 0.39930133 0.34523319 0.50234819  0.48417291 0.45702496 0.47508945 0.39693445 0.45000532 0.44589633  0.47476172 0.42761975 0.50206904 0.41641874
0.00039479 0.36283831 0.35232302 0.39930133 0.34523319 0.50234819  0.48417291 0.45702496 0.47508945 0.39693445 0.45000532 0.44589633  0.47476172 0.42761975 0.50206904 0.41641874
0.00039479 0.36283831 0.35232302 0.39930133 0.34523319 0.50234819  0.48417291 0.45702496 0.47508945 0.39693445 0.45000532 0.44589633  0.47476172 0.42761975 0.50206904 0.41641874
0.00039479 0.36283831 0.35232302 0.39930133 0.34523319 0.50234819  0.48417291 0.45702496 0.47508945 0.39693445 0.45000532 0.44589633  0.47476172 0.42761975 0.50206904 0.41641874
0.00039479 0.36283831 0.35232302 0.39930133 0.34523319 0.50234819  0.48417291 0.45702496 0.47508945 0.39693445 0.45000532 0.44589633  0.47476172 0.42761975 0.50206904 0.41641874
0.00039479 0.36283831 0.35232302 0.39930133 0.34523319 0.50234819  0.48417291 0.45702496 0.47508945 0.39693445 0.45000532 0.44589633  0.47476172 0.42761975 0.50206904 0.41641874
0.00039479 0.36283831 0.35232302 0.39930133 0.34523319 0.50234819  0.48417291 0.45702496 0.47508945 0.39693445 0.45000532 0.44589633  0.47476172 0.42761975 0.50206904 0.41641874
0.00039479 0.36283831 0.35232302 0.39930133 0.34523319 0.50234819  0.48417291 0.45702496 0.47508945 0.39693445 0.45000532 0.44589633  0.47476172 0.42761975 0.50206904 0.41641874
0.00039479 0.36283831 0.35232302 0.39930133 0.34523319 0.50234819  0.48417291 0.45702496 0.47508945 0.39693445 0.45000532 0.44589633  0.47476172 0.42761975 0.50206904 0.41641874
0.00039479 0.36283831 0.35232302 0.39930133 0.34523319 0.50234819  0.48417291 0.45702496 0.47508945 0.39693445 0.45000532 0.44589633  0.47476172 0.42761975 0.50206904 0.41641874
0.00039479 0.36283831 0.35232302 0.39930133 0.34523319 0.50234819  0.48417291 0.45702496 0.47508945 0.39693445 0.45000532 0.44589633  0.47476172 0.42761975 0.50206904 0.41641874
0.00039479 0.36283831 0.35232302 0.39930133 0.34523319 0.50234819  0.48417291 0.45702496 0.47508945 0.39693445 0.45000532 0.44589633  0.47476172 0.42761975 0.50206904 0.41641874
0.00039479 0.36283831 0.35232302 0.39930133 0.34523319 0.50234819  0.48417291 0.45702496 0.47508945 0.39693445 0.45000532 0.44589633  0.47476172 0.42761975 0.50206904 0.41641874
0.00039479 0.36283831 0.35232302 0.39930133 0.34523319 0.50234819  0.48417291 0.45702496 0.47508945 0.39693445 0.45000532 0.44589633  0.47476172 0.42761975 0.50206904 0.41641874
0.00039479 0.36283831 0.35232302 0.39930133 0.34523319 0.50234819  0.48417291 0.45702496 0.47508945 0.39693445 0.45000532 0.44589633  0.47476172 0.42761975 0.50206904 0.41641874
0.00039479 0.36283831 0.35232302 0.39930133 0.34523319 0.50234819  0.48417291 0.45702496 0.47508945 0.39693445 0.45000532 0.44589633  0.47476172 0.42761975 0.50206904 0.41641874
0.00039479 0.36283831 0.35232302 0.39930133 0.34523319 0.50234819  0.48417291 0.45702496 0.47508945 0.39693445 0.45000532 0.44589633  0.47476172 0.42761975 0.50206904 0.41641874
0.00039479 0.36283831 0.35232302 0.39930133 0.34523319 0.50234819  0.48417291 0.45702496 0.47508945 0.39693445 0.45000532 0.44589633  0.47476172 0.42761975 0.50206904 0.41641874
0.00039479 0.36283831 0.35232302 0.39930133 0.34523319 0.50234819  0.48417291 0.45702496 0.47508945 0.39693445 0.45000532 0.44589633  0.47476172 0.42761975 0.50206904 0.41641874
0.00039479 0.36283831 0.35232302 0.39930133 0.34523319 0.50234819  0.48417291 0.45702496 0.47508945 0.39693445 0.45000532 0.44589633  0.47476172 0.42761975 0.50206904 0.41641874
0.00039479 0.36283831 0.35232302 0.39930133 0.34523319 0.50234819  0.48417291 0.45702496 0.47508945 0.39693445 0.45000532 0.44589633  0.47476172 0.42761975 0.50206904 0.41641874
0.00039479 0.36283831 0.35232302 0.39930133 0.34523319 0.50234819  0.48417291 0.45702496 0.47508945 0.39693445 0.45000532 0.44589633  0.47476172 0.42761975 0.50206904 0.41641874
0.00039479 0.36283831 0.35232302 0.39930133 0.34523319 0.50234819  0.48417291 0.45702496 0.47508945 0.39693445 0.45000532 0.44589633  0.47476172 0.42761975 0.50206904 0.41641874
0.00039479 0.36283831 0.35232302 0.39930133 0.34523319 0.50234819  0.48417291 0.45702496 0.47508945 0.39693445 0.45000532 0.44589633  0.47476172 0.42761975 0.50206904 0.41641874
0.00039479 0.36283831 0.35232302 0.39930133 0.34523319 0.50234819  0.48417291 0.45702496 0.47508945 0.39693445 0.45000532 0.44589633  0.47476172 0.42761975 0.50206904 0.41641874
0.00039479 0.36283831 0.35232302 0.39930133 0.34523319 0.50234819  0.48417291 0.45702496 0.47508945 0.39693445 0.45000532 0.44589633  0.47476172 0.42761975 0.50206904 0.41641874
0.00039479 0.36283831 0.35232302 0.39930133 0.34523319 0.50234819  0.48417291 0.45702496 0.47508945 0.39693445 0.45000532 0.44589633  0.47476172 0.42761975 0.50206904 0.41641874
0.00039479 0.36283831 0.35232302 0.39930133 0.34523319 0.50234819  0.48417291 0.45702496 0.47508945 0.39693445 0.45000532 0.44589633  0.47476172 0.42761975 0.50206904 0.41641874
0.00039479 0.36283831 0.35232302 0.39930133 0.34523319 0.50234819  0.48417291 0.45702496 0.47508945 0.39693445 0.45000532 0.44589633  0.47476172 0.42761975 0.50206904 0.41641874
0.00039479 0.36283831 0.35232302 0.39930133 0.34523319 0.50234819  0.48417291 0.45702496 0.47508945 0.39693445 0.45000532 0.44589633  0.47476172 0.42761975 0.50206904 0.41641874
0.00039479 0.36283831 0.35232302 0.39930133 0.34523319 0.50234819  0.48417291 0.45702496 0.47508945 0.39693445 0.45000532 0.44589633  0.47476172 0.42761975 0.50206904 0.41641874
0.00039479 0.36283831 0.35232302 0.39930133 0.34523319 0.50234819  0.48417291 0.45702496 0.47508945 0.39693445 0.45000532 0.44589633  0.47476172 0.42761975 0.50206904 0.41641874
0.00039479 0.36283831 0.35232302 0.39930133 0.34523319 0.50234819  0.48417291 0.45702496 0.47508945 0.39693445 0.45000532 0.44589633  0.47476172 0.42761975 0.50206904 0.41641874
0.00039479 0.36283831 0.35232302 0.39930133 0.34523319 0.50234819  0.48417291 0.45702496 0.47508945 0.39693445 0.45000532 0.44589633  0.47476172 0.42761975 0.50206904 0.41641874
0.00039479 0.36283831 0.35232302 0.39930133 0.34523319 0.50234819  0.48417291 0.45702496 0.47508945 0.39693445 0.45000532 0.44589633  0.47476172 0.42761975 0.50206904 0.41641874
0.00039479 0.36283831 0.35232302 0.39930133 0.34523319 0.50234819  0.48417291 0.45702496 0.47508945 0.39693445 0.45000532 0.44589633  0.47476172 0.42761975 0.50206904 0.41641874
0.00039479 0.36283831 0.35232302 0.39930133 0.34523319 0.50234819  0.48417291 0.45702496 0.47508945 0.39693445 0.45000532 0.44589633  0.47476172 0.42761975 0.50206904 0.41641874
0.00039479 0.36283831 0.35232302 0.39930133 0.34523319 0.50234819  0.48417291 0.45702496 0.47508945 0.39693445 0.45000532 0.44589633  0.47476172 0.42761975 0.50206904 0.41641874
0.00039479 0.36283831 0.35232302 0.39930133 0.34523319 0.50234819  0.48417291 0.45702496 0.47508945 0.39693445 0.45000532 0.44589633  0.47476172 0.42761975 0.50206904 0.41641874
0.00039479 0.36283831 0.35232302 0.39930133 0.34523319 0.50234819  0.48417291 0.45702496 0.47508945 0.39693445 0.45000532 0.44589633  0.47476172 0.42761975 0.50206904 0.41641874
0.03540017 0.41718963 0.32450808 0.45341476 0.36814944 0.43963834  0.43244666 0.49689867 0.48559948 0.39258167 0.40702111 0.45241186  0.54776626 0.46341302 0.546645   0.45216901
0.07211425 0.46582772 0.30103097 0.48750967 0.37442167 0.4336597  0.39359642 0.51070944 0.54872091 0.39594525 0.46325231 0.44711379  0.50823922 0.52201119 0.67069743 0.41178738
0.10804545 0.5177001  0.27465313 0.53229948 0.39024189 0.39266398  0.35381301 0.53639741 0.57143171 0.39213077 0.46131335 0.44624208  0.52828365 0.55614932 0.721459   0.4109095 
0.12657306 0.53787198 0.26730986 0.54223795 0.38097078 0.42656201  0.33308799 0.52069633 0.60909713 0.42536547 0.46690666 0.46262829  0.46365305 0.55984191 0.80906174 0.42638083
0.14488853 0.56366244 0.25419891 0.56248203 0.38845942 0.40962583  0.31895589 0.5275679  0.6174778  0.42429943 0.47490975 0.46143412  0.45070954 0.571399   0.83417814 0.41355327
0.16300672 0.59019948 0.24054488 0.58613735 0.39727061 0.38450014  0.29995346 0.54214256 0.62033245 0.42011282 0.46580591 0.46157102  0.47168012 0.57822034 0.83674291 0.41397991
0.16300672 0.59019948 0.24054488 0.58613735 0.39727061 0.38450014  0.29995346 0.54214256 0.62033245 0.42011282 0.46580591 0.46157102  0.47168012 0.57822034 0.83674291 0.41397991
0.23807807 0.66409381 0.20944291 0.59563007 0.37115691 0.49237026  0.3014503  0.47211806 0.69388968 0.45704094 0.58424417 0.45742528  0.31538465 0.55476085 0.85294148 0.36790374
0.32814182 0.77170362 0.15751807 0.67042581 0.3808457  0.44991599  0.25376018 0.48097045 0.64218099 0.46450094 0.4516513  0.47933088  0.44118245 0.47070012 0.66369342 0.45249362
0.32814182 0.77170362 0.15751807 0.67042581 0.3808457  0.44991599  0.25376018 0.48097045 0.64218099 0.46450094 0.4516513  0.47933088  0.44118245 0.47070012 0.66369342 0.45249362
0.32915368 0.77317911 0.15751979 0.667551   0.38024828 0.45004368  0.25266938 0.48254255 0.64144906 0.46367908 0.44526911 0.49774453  0.40826442 0.49273596 0.63846169 0.50977541
0.34804776 0.78217571 0.15599224 0.64988452 0.36191767 0.50645035  0.2591435  0.47678643 0.6696598  0.46088312 0.48924178 0.4872276  0.42813179 0.47737029 0.59003269 0.52315844
0.38501873 0.8017546  0.1347881  0.6216138  0.36783919 0.49695116  0.37107987 0.42549068 0.55121774 0.46195641 0.49753435 0.48296217  0.2644932  0.40995333 0.5094199  0.45894707
0.43986862 0.81238694 0.11022343 0.55069401 0.3676263  0.52220166  0.52252168 0.36608352 0.45596676 0.46428705 0.52533664 0.47969868  0.22895771 0.37864559 0.44658369 0.45606079
0.45825852 0.80854852 0.10113936 0.51376552 0.38794456 0.49771672  0.59811272 0.34729249 0.39615146 0.46119911 0.51668185 0.51106669  0.1981207  0.37901495 0.48866129 0.50405558
0.51318533 0.80398484 0.09858817 0.42714197 0.35308691 0.60190777  0.66327324 0.35061881 0.40723777 0.45043772 0.53114128 0.5005883  0.34674466 0.38563226 0.46478701 0.55139784
0.53102473 0.79267566 0.09739719 0.38359924 0.35102788 0.61041714  0.69705198 0.39520004 0.40610076 0.42106215 0.55949466 0.48299014  0.4268208  0.41601399 0.47464852 0.56347596
0.56520051 0.75558462 0.09614304 0.29936874 0.35213507 0.59921545  0.72828833 0.50229094 0.43261862 0.37697822 0.58541157 0.46568218  0.55156106 0.46282531 0.55217821 0.59550379
0.59983765 0.73582165 0.12426056 0.26578165 0.29954719 0.6809006  0.65699739 0.5578727  0.39182269 0.38522339 0.42512736 0.48224927  0.63954235 0.43341522 0.45428595 0.6005821 
0.67091181 0.58233205 0.09171628 0.19215531 0.35366043 0.60243204  0.56683917 0.3366305  0.53126964 0.36872229 0.25478827 0.54495229  0.69583076 0.50013895 0.59578331 0.56960252
0.75500101 0.3959788  0.09496858 0.12721651 0.36291236 0.47253131  0.39032606 0.42928219 0.61687182 0.36024464 0.29584427 0.49735479  0.46131689 0.29342549 0.53318046 0.40450296
0.7689441  0.36256951 0.09195815 0.11502946 0.36984051 0.43640136  0.35905026 0.4429618  0.65211285 0.33690123 0.34520823 0.49225303  0.42027361 0.29836074 0.46732284 0.40181043
0.79785116 0.29562264 0.10153553 0.21128447 0.40225137 0.52705915  0.32471702 0.45912362 0.5412264  0.33410015 0.27406654 0.40608201  0.43795644 0.27299182 0.53223008 0.33823892
0.80546256 0.26576505 0.09542309 0.25588116 0.4274313  0.55672003  0.31786192 0.45907394 0.49229513 0.32861952 0.28819901 0.35208968  0.45082667 0.25076144 0.57115991 0.36536967
0.82539735 0.18672888 0.08710908 0.39600949 0.49598271 0.63465216  0.33968131 0.47737634 0.40455491 0.34606922 0.31949681 0.23513844  0.4420573  0.31476159 0.586392   0.49921667
0.83772209 0.17208298 0.11476265 0.42211373 0.46614629 0.61385568  0.33386259 0.48316495 0.3572328  0.39573371 0.36469868 0.26417528  0.42585553 0.35451166 0.59201754 0.46285684
0.84609717 0.14672347 0.12186395 0.45926183 0.45491772 0.5891723  0.3473791  0.48710216 0.36244734 0.45014728 0.46316165 0.29556701  0.43860847 0.3711289  0.55322819 0.54512106
0.84609717 0.14672347 0.12186395 0.45926183 0.45491772 0.5891723  0.3473791  0.48710216 0.36244734 0.45014728 0.46316165 0.29556701  0.43860847 0.3711289  0.55322819 0.54512106
0.85764326 0.13267064 0.15042636 0.48752654 0.43449264 0.5643957  0.36058135 0.49133258 0.3275478  0.50376211 0.50150303 0.31627021  0.4585845  0.38003078 0.61320783 0.47659341
0.85764326 0.13267064 0.15042636 0.48752654 0.43449264 0.5643957  0.36058135 0.49133258 0.3275478  0.50376211 0.50150303 0.31627021  0.4585845  0.38003078 0.61320783 0.47659341
0.84926818 0.15803015 0.14332506 0.45037845 0.4457212  0.58907908  0.34706484 0.48739537 0.32233325 0.44934854 0.40304006 0.28487848  0.44583156 0.36341354 0.65199718 0.39432919
0.85764326 0.13267064 0.15042636 0.48752654 0.43449264 0.5643957  0.36058135 0.49133258 0.3275478  0.50376211 0.50150303 0.31627021  0.4585845  0.38003078 0.61320783 0.47659341
0.84926818 0.15803015 0.14332506 0.45037845 0.4457212  0.58907908  0.34706484 0.48739537 0.32233325 0.44934854 0.40304006 0.28487848  0.44583156 0.36341354 0.65199718 0.39432919
0.84926818 0.15803015 0.14332506 0.45037845 0.4457212  0.58907908  0.34706484 0.48739537 0.32233325 0.44934854 0.40304006 0.28487848  0.44583156 0.36341354 0.65199718 0.39432919
0.84926818 0.15803015 0.14332506 0.45037845 0.4457212  0.58907908  0.34706484 0.48739537 0.32233325 0.44934854 0.40304006 0.28487848  0.44583156 0.36341354 0.65199718 0.39432919
0.83772209 0.17208298 0.11476265 0.42211373 0.46614629 0.61385568  0.33386259 0.48316495 0.3572328  0.39573371 0.36469868 0.26417528  0.42585553 0.35451166 0.59201754 0.46285684
0.83772209 0.17208298 0.11476265 0.42211373 0.46614629 0.61385568  0.33386259 0.48316495 0.3572328  0.39573371 0.36469868 0.26417528  0.42585553 0.35451166 0.59201754 0.46285684
0.82539735 0.18672888 0.08710908 0.39600949 0.49598271 0.63465216  0.33968131 0.47737634 0.40455491 0.34606922 0.31949681 0.23513844  0.4420573  0.31476159 0.586392   0.49921667
0.79976861 0.28924249 0.10165895 0.21089227 0.39770546 0.51703425  0.30051236 0.44745396 0.50904186 0.34431643 0.31704479 0.38743006  0.44418647 0.24600473 0.50616115 0.38070141
0.74029831 0.42236503 0.08253112 0.13001876 0.3795643  0.48711557  0.42582677 0.38781866 0.64367133 0.33700756 0.31734034 0.49028625  0.57951604 0.35658439 0.49608563 0.425364  
0.69673908 0.51033311 0.07549007 0.17223897 0.37854294 0.54181124  0.514598   0.26893977 0.6249669  0.33967367 0.28531019 0.49777304  0.74681904 0.50244848 0.51691819 0.43831534
0.57659543 0.71151956 0.08385309 0.29368902 0.36226648 0.55543178  0.69892099 0.41854937 0.49174679 0.40800473 0.51984845 0.47158082  0.54049718 0.48825431 0.67991364 0.50193797
0.49279506 0.79883281 0.08948759 0.4538334  0.37477935 0.53766039  0.67361769 0.34105092 0.40775879 0.46182159 0.56147453 0.45894149  0.33910793 0.39120822 0.51804061 0.41814157
0.4379931  0.79244428 0.09675666 0.52042949 0.40462433 0.42381772  0.62519495 0.3779916  0.36622467 0.43523306 0.53680303 0.45352515  0.27208436 0.37085559 0.48186201 0.36053727
0.3468045  0.78215462 0.1349952  0.64789402 0.40857879 0.36978608  0.38267021 0.46830133 0.49698787 0.42483595 0.49581903 0.45264481  0.27730618 0.40630613 0.55843754 0.33903484
0.2905891  0.74350638 0.15382504 0.67461803 0.43475786 0.26801415  0.32752409 0.54218014 0.48558686 0.39258504 0.41411807 0.45543131  0.42393328 0.44464253 0.57446973 0.36941585
0.27230287 0.73267769 0.16547083 0.68332028 0.43003633 0.28129444  0.27429226 0.57383444 0.55875287 0.38318526 0.44123623 0.44755586  0.5143895  0.4866367  0.6130834  0.38891645
0.27230287 0.73267769 0.16547083 0.68332028 0.43003633 0.28129444  0.27429226 0.57383444 0.55875287 0.38318526 0.44123623 0.44755586  0.5143895  0.4866367  0.6130834  0.38891645
0.27230287 0.73267769 0.16547083 0.68332028 0.43003633 0.28129444  0.27429226 0.57383444 0.55875287 0.38318526 0.44123623 0.44755586  0.5143895  0.4866367  0.6130834  0.38891645
0.27230287 0.73267769 0.16547083 0.68332028 0.43003633 0.28129444  0.27429226 0.57383444 0.55875287 0.38318526 0.44123623 0.44755586  0.5143895  0.4866367  0.6130834  0.38891645
0.36532214 0.79152891 0.14434472 0.64405707 0.36723662 0.49304237  0.31346612 0.44356003 0.59722573 0.47110477 0.46850581 0.47668941  0.37059361 0.41334027 0.57665075 0.44637606
0.40307465 0.81317002 0.12939876 0.61095755 0.35690898 0.53654769  0.3929279  0.40591639 0.56606153 0.45419495 0.56041313 0.45027724  0.29108188 0.37615142 0.48867626 0.38116118
0.476184   0.81808372 0.11473078 0.51013595 0.32306887 0.63945974  0.52985071 0.36039565 0.48121269 0.46570131 0.52960427 0.45729399  0.36358119 0.32448577 0.38797662 0.45114741
0.56324047 0.75110964 0.09211211 0.30418254 0.34843496 0.59677457  0.7318537  0.49777815 0.44141285 0.39386804 0.58813656 0.42747788  0.60811379 0.45263783 0.56700873 0.50068664
0.58058938 0.74077215 0.10591668 0.28707176 0.32221476 0.63669908  0.69698389 0.52406533 0.42106811 0.39571088 0.50605994 0.43471412  0.65405345 0.43653402 0.52324201 0.50035556
0.59787761 0.73134667 0.12022963 0.27059545 0.29584709 0.67845973  0.66056277 0.55335991 0.40061692 0.40211321 0.42785235 0.44404497  0.69609507 0.42322775 0.46911648 0.50576494
0.61392737 0.70525158 0.1213932  0.23751204 0.29622314 0.65927076  0.64685717 0.60988884 0.42383282 0.38391055 0.43466685 0.44608585  0.67793819 0.40029594 0.53045078 0.51804505
0.61392737 0.70525158 0.1213932  0.23751204 0.29622314 0.65927076  0.64685717 0.60988884 0.42383282 0.38391055 0.43466685 0.44608585  0.67793819 0.40029594 0.53045078 0.51804505
0.61392737 0.70525158 0.1213932  0.23751204 0.29622314 0.65927076  0.64685717 0.60988884 0.42383282 0.38391055 0.43466685 0.44608585  0.67793819 0.40029594 0.53045078 0.51804505
0.57929023 0.72501455 0.09327569 0.27109913 0.34881102 0.5775856  0.7181481  0.55430708 0.46462874 0.37566538 0.59495106 0.42951876  0.5899569  0.42970602 0.62834303 0.51296674
0.56324047 0.75110964 0.09211211 0.30418254 0.34843496 0.59677457  0.7318537  0.49777815 0.44141285 0.39386804 0.58813656 0.42747788  0.60811379 0.45263783 0.56700873 0.50068664
0.52906469 0.78820068 0.09336626 0.38841304 0.34732777 0.60797626  0.70061735 0.39068725 0.41489499 0.43795197 0.56221965 0.44478585  0.48337353 0.40582652 0.48947905 0.4686588 
0.47519548 0.81056876 0.09654784 0.49702408 0.36448215 0.55085511  0.61469541 0.33360884 0.42118648 0.47317538 0.54490054 0.46542886  0.29218941 0.35246694 0.45807609 0.42316772
0.42165265 0.81373267 0.12417337 0.57712905 0.35414627 0.55237416  0.45013075 0.40473574 0.541394   0.43271315 0.60551598 0.42969986  0.29442039 0.37982966 0.46041851 0.35598421
0.40307465 0.81317002 0.12939876 0.61095755 0.35690898 0.53654769  0.3929279  0.40591639 0.56606153 0.45419495 0.56041313 0.45027724  0.29108188 0.37615142 0.48867626 0.38116118
0.32814182 0.77170362 0.15751807 0.67042581 0.3808457  0.44991599  0.25376018 0.48097045 0.64218099 0.46450094 0.4516513  0.47933088  0.44118245 0.47070012 0.66369342 0.45249362
0.32814182 0.77170362 0.15751807 0.67042581 0.3808457  0.44991599  0.25376018 0.48097045 0.64218099 0.46450094 0.4516513  0.47933088  0.44118245 0.47070012 0.66369342 0.45249362
0.34703591 0.78070022 0.15599052 0.65275933 0.36251509 0.50632265  0.2602343  0.47521433 0.67039174 0.46170498 0.49562397 0.46881395  0.46104983 0.45533444 0.61526442 0.46587666
0.40343091 0.8007634  0.15511196 0.5957954  0.3058326  0.66343265  0.28722977 0.45309638 0.70901758 0.45371406 0.550006   0.45055164  0.55642592 0.41144441 0.48545025 0.49774096
0.40343091 0.8007634  0.15511196 0.5957954  0.3058326  0.66343265  0.28722977 0.45309638 0.70901758 0.45371406 0.550006   0.45055164  0.55642592 0.41144441 0.48545025 0.49774096
0.42358306 0.8176477  0.16205678 0.56262562 0.35503182 0.68196492  0.33012313 0.43858597 0.64243522 0.43592057 0.61405891 0.48057954  0.47549325 0.37204712 0.45451127 0.47373242
0.54603232 0.94335602 0.52444999 0.38316553 0.74165803 0.8233365  0.29156361 0.37695526 0.46237061 0.30384451 0.53306803 0.56461216  0.48214019 0.27751485 0.29756406 0.50317835
0.63142006 0.923846   0.68095263 0.35866895 0.68964558 0.78256852  0.38509229 0.3796384  0.39381118 0.24497617 0.49422468 0.4400931  0.7038103  0.35357179 0.37742738 0.31189698
0.68690873 0.87262743 0.71128527 0.35535568 0.57207533 0.68337576  0.54820914 0.43720528 0.37728746 0.40942609 0.47506163 0.36341483  0.79318453 0.4618747  0.39688406 0.18345782
0.73373582 0.79302346 0.67880738 0.30975081 0.45184855 0.53072701  0.6803954  0.57328426 0.46568506 0.72049249 0.2684626  0.21780322  0.61993074 0.41826102 0.36984514 0.19897092
0.76201279 0.75078719 0.69011817 0.30673433 0.3767067  0.47549638  0.71440052 0.62405159 0.46696487 0.75905775 0.30842066 0.20240805  0.64839044 0.4874871  0.43598827 0.19159846
0.74982222 0.68637899 0.54246203 0.28119601 0.24852829 0.44521717  0.72176973 0.71894572 0.53339622 0.74613483 0.31035349 0.22512241  0.55367224 0.46412259 0.47960413 0.33430333
0.75452646 0.6003507  0.40808204 0.21400218 0.24770249 0.44348607  0.66235118 0.64801205 0.55686486 0.74874181 0.22029424 0.33594203  0.51300456 0.59847721 0.58263643 0.3861604 
0.72550791 0.54587044 0.23639174 0.2367581  0.19246353 0.5437757  0.53993279 0.63251569 0.31865888 0.55534105 0.37413751 0.60376615  0.61191665 0.56531511 0.68693709 0.3402372 
0.6902569  0.5795608  0.14568554 0.15561502 0.27307701 0.60479913  0.53239104 0.63692749 0.43607316 0.43169415 0.24952604 0.51976134  0.56182003 0.46193614 0.64631386 0.48037325
0.6902569  0.5795608  0.14568554 0.15561502 0.27307701 0.60479913  0.53239104 0.63692749 0.43607316 0.43169415 0.24952604 0.51976134  0.56182003 0.46193614 0.64631386 0.48037325
0.67480498 0.59292582 0.12254547 0.14779396 0.29715051 0.58787299  0.57716046 0.62663905 0.48663181 0.41295381 0.29182897 0.51471122  0.56774352 0.46969747 0.70233725 0.54865251
0.68951631 0.56074627 0.11763066 0.12574211 0.30721065 0.55517413  0.55652297 0.61012512 0.53321756 0.38904356 0.29689995 0.51959869  0.56756511 0.51930834 0.68275568 0.54745419
0.68951631 0.56074627 0.11763066 0.12574211 0.30721065 0.55517413  0.55652297 0.61012512 0.53321756 0.38904356 0.29689995 0.51959869  0.56756511 0.51930834 0.68275568 0.54745419
0.68951631 0.56074627 0.11763066 0.12574211 0.30721065 0.55517413  0.55652297 0.61012512 0.53321756 0.38904356 0.29689995 0.51959869  0.56756511 0.51930834 0.68275568 0.54745419
0.62760188 0.67161847 0.10783265 0.22754056 0.31175622 0.63817842  0.64218288 0.4367139  0.46963661 0.40676036 0.31568156 0.4956063  0.73315632 0.57657376 0.56781093 0.52226816
0.6125679  0.70197452 0.11326561 0.2518958  0.3038289  0.66158146  0.65286567 0.48371843 0.43062913 0.41212718 0.36033053 0.47336414  0.71334635 0.49750511 0.52939562 0.51272732
0.52906469 0.78820068 0.09336626 0.38841304 0.34732777 0.60797626  0.70061735 0.39068725 0.41489499 0.43795197 0.56221965 0.44478585  0.48337353 0.40582652 0.48947905 0.4686588 
0.51146511 0.79993663 0.10042651 0.43160372 0.33703057 0.62117098  0.64169506 0.38324518 0.42832268 0.44930576 0.54564566 0.45127321  0.43645501 0.36708524 0.42951453 0.47368495
0.476184   0.81808372 0.11473078 0.51013595 0.32306887 0.63945974  0.52985071 0.36039565 0.48121269 0.46570131 0.52960427 0.45729399  0.36358119 0.32448577 0.38797662 0.45114741
0.44040188 0.82034229 0.13390782 0.56752468 0.31175412 0.65393346  0.39916614 0.40180063 0.59057552 0.45478735 0.55829857 0.44628621  0.39278733 0.34402745 0.40483746 0.43352958
0.44040188 0.82034229 0.13390782 0.56752468 0.31175412 0.65393346  0.39916614 0.40180063 0.59057552 0.45478735 0.55829857 0.44628621  0.39278733 0.34402745 0.40483746 0.43352958
0.44040188 0.82034229 0.13390782 0.56752468 0.31175412 0.65393346  0.39916614 0.40180063 0.59057552 0.45478735 0.55829857 0.44628621  0.39278733 0.34402745 0.40483746 0.43352958
0.45769011 0.81091681 0.14822078 0.55104837 0.28538645 0.69569411  0.36274502 0.43109521 0.57012433 0.46118968 0.48009098 0.45561706  0.43482895 0.33072119 0.35071193 0.43893896
0.49361703 0.80114197 0.15679995 0.50010909 0.25640354 0.75144508  0.38507805 0.45620174 0.52511207 0.44155072 0.44311722 0.44227593  0.48410711 0.3182956  0.27868747 0.41343092
0.51821663 0.79326953 0.21721431 0.5256959  0.20897646 0.75764726  0.34035399 0.43871513 0.46488987 0.43241711 0.41736607 0.46167394  0.51463288 0.35519067 0.19217861 0.36272123
0.5712175  0.79465895 0.35152423 0.53758056 0.15111302 0.73308299  0.37216815 0.42017547 0.3842624  0.3349461  0.48272283 0.45595549  0.63573082 0.49593344 0.16002973 0.34099938
0.63816016 0.81439064 0.57844409 0.56515122 0.11110125 0.66255653  0.43301347 0.41546749 0.39268339 0.21450053 0.48512005 0.38698762  0.65638821 0.49108018 0.29641058 0.36398177
0.67707788 0.785623   0.65712032 0.53354873 0.12194995 0.62915236  0.37183483 0.50350351 0.37848663 0.17868867 0.40132865 0.34575111  0.37852846 0.33605434 0.42780726 0.35403902
0.69637258 0.7831444  0.73286433 0.55841884 0.15025701 0.59237149  0.41069033 0.51665881 0.38712994 0.25188717 0.44458006 0.38585323  0.3786324  0.2743599  0.52616826 0.32776446
0.68193803 0.811557   0.75624974 0.58401332 0.20272935 0.59602054  0.38824236 0.44899903 0.37579837 0.26928865 0.432216   0.39313216  0.29909754 0.25806131 0.52348877 0.28935913
0.68193803 0.811557   0.75624974 0.58401332 0.20272935 0.59602054  0.38824236 0.44899903 0.37579837 0.26928865 0.432216   0.39313216  0.29909754 0.25806131 0.52348877 0.28935913
0.69932311 0.79567983 0.75870832 0.54272379 0.1972557  0.60129611  0.39977238 0.51511525 0.37869253 0.24696326 0.43979678 0.38038926  0.36580854 0.27379039 0.5321973  0.30735028
0.69932311 0.79567983 0.75870832 0.54272379 0.1972557  0.60129611  0.39977238 0.51511525 0.37869253 0.24696326 0.43979678 0.38038926  0.36580854 0.27379039 0.5321973  0.30735028
0.69932311 0.79567983 0.75870832 0.54272379 0.1972557  0.60129611  0.39977238 0.51511525 0.37869253 0.24696326 0.43979678 0.38038926  0.36580854 0.27379039 0.5321973  0.30735028
0.69932311 0.79567983 0.75870832 0.54272379 0.1972557  0.60129611  0.39977238 0.51511525 0.37869253 0.24696326 0.43979678 0.38038926  0.36580854 0.27379039 0.5321973  0.30735028
0.69932311 0.79567983 0.75870832 0.54272379 0.1972557  0.60129611  0.39977238 0.51511525 0.37869253 0.24696326 0.43979678 0.38038926  0.36580854 0.27379039 0.5321973  0.30735028
0.69932311 0.79567983 0.75870832 0.54272379 0.1972557  0.60129611  0.39977238 0.51511525 0.37869253 0.24696326 0.43979678 0.38038926  0.36580854 0.27379039 0.5321973  0.30735028
0.73297245 0.75784879 0.75281164 0.46644969 0.20792896 0.56891242  0.44498906 0.57908625 0.38848074 0.2174068  0.46318528 0.37594278  0.39457017 0.28959986 0.65349613 0.31460424
0.73297245 0.75784879 0.75281164 0.46644969 0.20792896 0.56891242  0.44498906 0.57908625 0.38848074 0.2174068  0.46318528 0.37594278  0.39457017 0.28959986 0.65349613 0.31460424
0.73297245 0.75784879 0.75281164 0.46644969 0.20792896 0.56891242  0.44498906 0.57908625 0.38848074 0.2174068  0.46318528 0.37594278  0.39457017 0.28959986 0.65349613 0.31460424
0.73297245 0.75784879 0.75281164 0.46644969 0.20792896 0.56891242  0.44498906 0.57908625 0.38848074 0.2174068  0.46318528 0.37594278  0.39457017 0.28959986 0.65349613 0.31460424
0.73297245 0.75784879 0.75281164 0.46644969 0.20792896 0.56891242  0.44498906 0.57908625 0.38848074 0.2174068  0.46318528 0.37594278  0.39457017 0.28959986 0.65349613 0.31460424
0.74869123 0.73253114 0.75966387 0.4401092  0.20203283 0.55487462  0.42256867 0.65171781 0.38530488 0.23436276 0.44965324 0.3855938  0.33949643 0.26741154 0.67421828 0.32668045
0.74722381 0.72439704 0.74316071 0.45371051 0.1540336  0.54012345  0.43837986 0.64658676 0.40661119 0.24382975 0.42101106 0.34342501  0.34724672 0.28138605 0.66315814 0.30597821
0.73150504 0.7497147  0.73630848 0.48005101 0.15992974 0.55416125  0.46080025 0.5739552  0.40978705 0.22687379 0.4345431  0.33377399  0.40232046 0.30357437 0.642436   0.29390201
0.73150504 0.7497147  0.73630848 0.48005101 0.15992974 0.55416125  0.46080025 0.5739552  0.40978705 0.22687379 0.4345431  0.33377399  0.40232046 0.30357437 0.642436   0.29390201
0.69902516 0.72523802 0.61750256 0.54105672 0.0765655  0.5733463  0.48011143 0.52606424 0.35379236 0.24708323 0.48967606 0.43280545  0.5273687  0.28629721 0.60942505 0.3046316 
0.65870561 0.7623902  0.46654265 0.51278802 0.10889775 0.6240022  0.57912607 0.38822144 0.26576676 0.23657571 0.47820059 0.49936014  0.80100737 0.43497488 0.4564785  0.37217812
0.60526561 0.77993663 0.33375072 0.48140265 0.17625382 0.6710488  0.55575643 0.38286487 0.34933469 0.33701633 0.38839824 0.44915813  0.69697644 0.37734109 0.34843475 0.3609775 
0.57380795 0.75389763 0.19008327 0.42760231 0.23123992 0.72880163  0.50001089 0.46317114 0.32537215 0.45644744 0.39614733 0.47215548  0.6359456  0.37765993 0.30792678 0.31607923
0.476184   0.81808372 0.11473078 0.51013595 0.32306887 0.63945974  0.52985071 0.36039565 0.48121269 0.46570131 0.52960427 0.45729399  0.36358119 0.32448577 0.38797662 0.45114741
0.4400858  0.81190834 0.13020999 0.55136266 0.32732202 0.61335327  0.44989487 0.4063761  0.53769725 0.4361015  0.55942876 0.43622576  0.37625846 0.36307137 0.42500872 0.39496958
0.40307756 0.81066863 0.13036572 0.6070688  0.35547728 0.53572029  0.3994711  0.40250164 0.55409156 0.45207736 0.54193417 0.45336063  0.30873049 0.37515656 0.49168954 0.38170743
0.34610129 0.77590464 0.14270249 0.65011178 0.39675715 0.40195034  0.35480607 0.44409576 0.4960941  0.47033676 0.39181632 0.49015543  0.30644853 0.40999088 0.6117382  0.41323671
0.27213765 0.72008568 0.16523493 0.65966161 0.43267865 0.26915395  0.344253   0.5353575  0.45334983 0.3960567  0.37739115 0.46265965  0.43839249 0.41348492 0.52392641 0.40193629
0.19788861 0.6404045  0.21094163 0.63405308 0.42244875 0.27837773  0.30310527 0.57702896 0.48175391 0.39068723 0.30154095 0.473023  0.63657773 0.43763702 0.51794133 0.50866631
0.10648159 0.51915142 0.27078392 0.54384157 0.40166195 0.33017059  0.37049402 0.55485502 0.45604349 0.3770056  0.3154693  0.46063214  0.66335911 0.4374176  0.46711626 0.51515608
0.07081811 0.47007676 0.29653431 0.50395671 0.38884361 0.372756  0.39569558 0.53298343 0.46572571 0.38115454 0.34667273 0.4572679  0.63410412 0.45681495 0.50194381 0.4906964 
0.00039479 0.36283831 0.35232302 0.39930133 0.34523319 0.50234819  0.48417291 0.45702496 0.47508945 0.39693445 0.45000532 0.44589633  0.47476172 0.42761975 0.50206904 0.41641874
0.00039479 0.36283831 0.35232302 0.39930133 0.34523319 0.50234819  0.48417291 0.45702496 0.47508945 0.39693445 0.45000532 0.44589633  0.47476172 0.42761975 0.50206904 0.41641874
0.00039479 0.36283831 0.35232302 0.39930133 0.34523319 0.50234819  0.48417291 0.45702496 0.47508945 0.39693445 0.45000532 0.44589633  0.47476172 0.42761975 0.50206904 0.41641874
0.00039479 0.36283831 0.35232302 0.39930133 0.34523319 0.50234819  0.48417291 0.45702496 0.47508945 0.39693445 0.45000532 0.44589633  0.47476172 0.42761975 0.50206904 0.41641874
0.00039479 0.36283831 0.35232302 0.39930133 0.34523319 0.50234819  0.48417291 0.45702496 0.47508945 0.39693445 0.45000532 0.44589633  0.47476172 0.42761975 0.50206904 0.41641874
0.00039479 0.36283831 0.35232302 0.39930133 0.34523319 0.50234819  0.48417291 0.45702496 0.47508945 0.39693445 0.45000532 0.44589633  0.47476172 0.42761975 0.50206904 0.41641874
0.00039479 0.36283831 0.35232302 0.39930133 0.34523319 0.50234819  0.48417291 0.45702496 0.47508945 0.39693445 0.45000532 0.44589633  0.47476172 0.42761975 0.50206904 0.41641874
0.00039479 0.36283831 0.35232302 0.39930133 0.34523319 0.50234819  0.48417291 0.45702496 0.47508945 0.39693445 0.45000532 0.44589633  0.47476172 0.42761975 0.50206904 0.41641874
0.00039479 0.36283831 0.35232302 0.39930133 0.34523319 0.50234819  0.48417291 0.45702496 0.47508945 0.39693445 0.45000532 0.44589633  0.47476172 0.42761975 0.50206904 0.41641874
0.00039479 0.36283831 0.35232302 0.39930133 0.34523319 0.50234819  0.48417291 0.45702496 0.47508945 0.39693445 0.45000532 0.44589633  0.47476172 0.42761975 0.50206904 0.41641874
0.00039479 0.36283831 0.35232302 0.39930133 0.34523319 0.50234819  0.48417291 0.45702496 0.47508945 0.39693445 0.45000532 0.44589633  0.47476172 0.42761975 0.50206904 0.41641874
0.00039479 0.36283831 0.35232302 0.39930133 0.34523319 0.50234819  0.48417291 0.45702496 0.47508945 0.39693445 0.45000532 0.44589633  0.47476172 0.42761975 0.50206904 0.41641874
0.00039479 0.36283831 0.35232302 0.39930133 0.34523319 0.50234819  0.48417291 0.45702496 0.47508945 0.39693445 0.45000532 0.44589633  0.47476172 0.42761975 0.50206904 0.41641874
0.00039479 0.36283831 0.35232302 0.39930133 0.34523319 0.50234819  0.48417291 0.45702496 0.47508945 0.39693445 0.45000532 0.44589633  0.47476172 0.42761975 0.50206904 0.41641874
0.00039479 0.36283831 0.35232302 0.39930133 0.34523319 0.50234819  0.48417291 0.45702496 0.47508945 0.39693445 0.45000532 0.44589633  0.47476172 0.42761975 0.50206904 0.41641874
0.00039479 0.36283831 0.35232302 0.39930133 0.34523319 0.50234819  0.48417291 0.45702496 0.47508945 0.39693445 0.45000532 0.44589633  0.47476172 0.42761975 0.50206904 0.41641874
0.00039479 0.36283831 0.35232302 0.39930133 0.34523319 0.50234819  0.48417291 0.45702496 0.47508945 0.39693445 0.45000532 0.44589633  0.47476172 0.42761975 0.50206904 0.41641874
0.00039479 0.36283831 0.35232302 0.39930133 0.34523319 0.50234819  0.48417291 0.45702496 0.47508945 0.39693445 0.45000532 0.44589633  0.47476172 0.42761975 0.50206904 0.41641874
0.00039479 0.36283831 0.35232302 0.39930133 0.34523319 0.50234819  0.48417291 0.45702496 0.47508945 0.39693445 0.45000532 0.44589633  0.47476172 0.42761975 0.50206904 0.41641874
