0.00039479 0.36283831 0.35232302 0.39930133 0.34523319 0.50234819  0.48417291 0.45702496 0.47508945 0.39693445 0.45000532 0.44589633  0.47476172 0.42761975 0.50206904 0.41641874
0.00039479 0.36283831 0.35232302 0.39930133 0.34523319 0.50234819  0.48417291 0.45702496 0.47508945 0.39693445 0.45000532 0.44589633  0.47476172 0.42761975 0.50206904 0.41641874
0.00039479 0.36283831 0.35232302 0.39930133 0.34523319 0.50234819  0.48417291 0.45702496 0.47508945 0.39693445 0.45000532 0.44589633  0.47476172 0.42761975 0.50206904 0.41641874
0.00039479 0.36283831 0.35232302 0.39930133 0.34523319 0.50234819  0.48417291 0.45702496 0.47508945 0.39693445 0.45000532 0.44589633  0.47476172 0.42761975 0.50206904 0.41641874
0.00039479 0.36283831 0.35232302 0.39930133 0.34523319 0.50234819  0.48417291 0.45702496 0.47508945 0.39693445 0.45000532 0.44589633  0.47476172 0.42761975 0.50206904 0.41641874
0.00039479 0.36283831 0.35232302 0.39930133 0.34523319 0.50234819  0.48417291 0.45702496 0.47508945 0.39693445 0.45000532 0.44589633  0.47476172 0.42761975 0.50206904 0.41641874
0.00039479 0.36283831 0.35232302 0.39930133 0.34523319 0.50234819  0.48417291 0.45702496 0.47508945 0.39693445 0.45000532 0.44589633  0.47476172 0.42761975 0.50206904 0.41641874
0.00039479 0.36283831 0.35232302 0.39930133 0.34523319 0.50234819  0.48417291 0.45702496 0.47508945 0.39693445 0.45000532 0.44589633  0.47476172 0.42761975 0.50206904 0.41641874
0.00039479 0.36283831 0.35232302 0.39930133 0.34523319 0.50234819  0.48417291 0.45702496 0.47508945 0.39693445 0.45000532 0.44589633  0.47476172 0.42761975 0.50206904 0.41641874
0.00039479 0.36283831 0.35232302 0.39930133 0.34523319 0.50234819  0.48417291 0.45702496 0.47508945 0.39693445 0.45000532 0.44589633  0.47476172 0.42761975 0.50206904 0.41641874
0.00039479 0.36283831 0.35232302 0.39930133 0.34523319 0.50234819  0.48417291 0.45702496 0.47508945 0.39693445 0.45000532 0.44589633  0.47476172 0.42761975 0.50206904 0.41641874
0.00039479 0.36283831 0.35232302 0.39930133 0.34523319 0.50234819  0.48417291 0.45702496 0.47508945 0.39693445 0.45000532 0.44589633  0.47476172 0.42761975 0.50206904 0.41641874
0.00039479 0.36283831 0.35232302 0.39930133 0.34523319 0.50234819  0.48417291 0.45702496 0.47508945 0.39693445 0.45000532 0.44589633  0.47476172 0.42761975 0.50206904 0.41641874
0.00039479 0.36283831 0.35232302 0.39930133 0.34523319 0.50234819  0.48417291 0.45702496 0.47508945 0.39693445 0.45000532 0.44589633  0.47476172 0.42761975 0.50206904 0.41641874
0.00039479 0.36283831 0.35232302 0.39930133 0.34523319 0.50234819  0.48417291 0.45702496 0.47508945 0.39693445 0.45000532 0.44589633  0.47476172 0.42761975 0.50206904 0.41641874
0.00039479 0.36283831 0.35232302 0.39930133 0.34523319 0.50234819  0.48417291 0.45702496 0.47508945 0.39693445 0.45000532 0.44589633  0.47476172 0.42761975 0.50206904 0.41641874
0.00039479 0.36283831 0.35232302 0.39930133 0.34523319 0.50234819  0.48417291 0.45702496 0.47508945 0.39693445 0.45000532 0.44589633  0.47476172 0.42761975 0.50206904 0.41641874
0.00039479 0.36283831 0.35232302 0.39930133 0.34523319 0.50234819  0.48417291 0.45702496 0.47508945 0.39693445 0.45000532 0.44589633  0.47476172 0.42761975 0.50206904 0.41641874
0.00039479 0.36283831 0.35232302 0.39930133 0.34523319 0.50234819  0.48417291 0.45702496 0.47508945 0.39693445 0.45000532 0.44589633  0.47476172 0.42761975 0.50206904 0.41641874
0.00039479 0.36283831 0.35232302 0.39930133 0.34523319 0.50234819  0.48417291 0.45702496 0.47508945 0.39693445 0.45000532 0.44589633  0.47476172 0.42761975 0.50206904 0.41641874
0.00039479 0.36283831 0.35232302 0.39930133 0.34523319 0.50234819  0.48417291 0.45702496 0.47508945 0.39693445 0.45000532 0.44589633  0.47476172 0.42761975 0.50206904 0.41641874
0.00039479 0.36283831 0.35232302 0.39930133 0.34523319 0.50234819  0.48417291 0.45702496 0.47508945 0.39693445 0.45000532 0.44589633  0.47476172 0.42761975 0.50206904 0.41641874
0.00039479 0.36283831 0.35232302 0.39930133 0.34523319 0.50234819  0.48417291 0.45702496 0.47508945 0.39693445 0.45000532 0.44589633  0.47476172 0.42761975 0.50206904 0.41641874
0.00039479 0.36283831 0.35232302 0.39930133 0.34523319 0.50234819  0.48417291 0.45702496 0.47508945 0.39693445 0.45000532 0.44589633  0.47476172 0.42761975 0.50206904 0.41641874
0.00039479 0.36283831 0.35232302 0.39930133 0.34523319 0.50234819  0.48417291 0.45702496 0.47508945 0.39693445 0.45000532 0.44589633  0.47476172 0.42761975 0.50206904 0.41641874
0.00039479 0.36283831 0.35232302 0.39930133 0.34523319 0.50234819  0.48417291 0.45702496 0.47508945 0.39693445 0.45000532 0.44589633  0.47476172 0.42761975 0.50206904 0.41641874
0.00039479 0.36283831 0.35232302 0.39930133 0.34523319 0.50234819  0.48417291 0.45702496 0.47508945 0.39693445 0.45000532 0.44589633  0.47476172 0.42761975 0.50206904 0.41641874
0.00039479 0.36283831 0.35232302 0.39930133 0.34523319 0.50234819  0.48417291 0.45702496 0.47508945 0.39693445 0.45000532 0.44589633  0.47476172 0.42761975 0.50206904 0.41641874
0.00039479 0.36283831 0.35232302 0.39930133 0.34523319 0.50234819  0.48417291 0.45702496 0.47508945 0.39693445 0.45000532 0.44589633  0.47476172 0.42761975 0.50206904 0.41641874
0.00039479 0.36283831 0.35232302 0.39930133 0.34523319 0.50234819  0.48417291 0.45702496 0.47508945 0.39693445 0.45000532 0.44589633  0.47476172 0.42761975 0.50206904 0.41641874
0.00039479 0.36283831 0.35232302 0.39930133 0.34523319 0.50234819  0.48417291 0.45702496 0.47508945 0.39693445 0.45000532 0.44589633  0.47476172 0.42761975 0.50206904 0.41641874
0.00039479 0.36283831 0.35232302 0.39930133 0.34523319 0.50234819  0.48417291 0.45702496 0.47508945 0.39693445 0.45000532 0.44589633  0.47476172 0.42761975 0.50206904 0.41641874
0.00039479 0.36283831 0.35232302 0.39930133 0.34523319 0.50234819  0.48417291 0.45702496 0.47508945 0.39693445 0.45000532 0.44589633  0.47476172 0.42761975 0.50206904 0.41641874
0.00039479 0.36283831 0.35232302 0.39930133 0.34523319 0.50234819  0.48417291 0.45702496 0.47508945 0.39693445 0.45000532 0.44589633  0.47476172 0.42761975 0.50206904 0.41641874
0.00039479 0.36283831 0.35232302 0.39930133 0.34523319 0.50234819  0.48417291 0.45702496 0.47508945 0.39693445 0.45000532 0.44589633  0.47476172 0.42761975 0.50206904 0.41641874
0.00039479 0.36283831 0.35232302 0.39930133 0.34523319 0.50234819  0.48417291 0.45702496 0.47508945 0.39693445 0.45000532 0.44589633  0.47476172 0.42761975 0.50206904 0.41641874
0.00039479 0.36283831 0.35232302 0.39930133 0.34523319 0.50234819  0.48417291 0.45702496 0.47508945 0.39693445 0.45000532 0.44589633  0.47476172 0.42761975 0.50206904 0.41641874
0.00039479 0.36283831 0.35232302 0.39930133 0.34523319 0.50234819  0.48417291 0.45702496 0.47508945 0.39693445 0.45000532 0.44589633  0.47476172 0.42761975 0.50206904 0.41641874
0.00039479 0.36283831 0.35232302 0.39930133 0.34523319 0.50234819  0.48417291 0.45702496 0.47508945 0.39693445 0.45000532 0.44589633  0.47476172 0.42761975 0.50206904 0.41641874
0.00039479 0.36283831 0.35232302 0.39930133 0.34523319 0.50234819  0.48417291 0.45702496 0.47508945 0.39693445 0.45000532 0.44589633  0.47476172 0.42761975 0.50206904 0.41641874
0.00039479 0.36283831 0.35232302 0.39930133 0.34523319 0.50234819  0.48417291 0.45702496 0.47508945 0.39693445 0.45000532 0.44589633  0.47476172 0.42761975 0.50206904 0.41641874
0.00039479 0.36283831 0.35232302 0.39930133 0.34523319 0.50234819  0.48417291 0.45702496 0.47508945 0.39693445 0.45000532 0.44589633  0.47476172 0.42761975 0.50206904 0.41641874
0.00039479 0.36283831 0.35232302 0.39930133 0.34523319 0.50234819  0.48417291 0.45702496 0.47508945 0.39693445 0.45000532 0.44589633  0.47476172 0.42761975 0.50206904 0.41641874
0.00039479 0.36283831 0.35232302 0.39930133 0.34523319 0.50234819  0.48417291 0.45702496 0.47508945 0.39693445 0.45000532 0.44589633  0.47476172 0.42761975 0.50206904 0.41641874
0.00039479 0.36283831 0.35232302 0.39930133 0.34523319 0.50234819  0.48417291 0.45702496 0.47508945 0.39693445 0.45000532 0.44589633  0.47476172 0.42761975 0.50206904 0.41641874
0.00039479 0.36283831 0.35232302 0.39930133 0.34523319 0.50234819  0.48417291 0.45702496 0.47508945 0.39693445 0.45000532 0.44589633  0.47476172 0.42761975 0.50206904 0.41641874
0.00039479 0.36283831 0.35232302 0.39930133 0.34523319 0.50234819  0.48417291 0.45702496 0.47508945 0.39693445 0.45000532 0.44589633  0.47476172 0.42761975 0.50206904 0.41641874
0.00039479 0.36283831 0.35232302 0.39930133 0.34523319 0.50234819  0.48417291 0.45702496 0.47508945 0.39693445 0.45000532 0.44589633  0.47476172 0.42761975 0.50206904 0.41641874
0.00039479 0.36283831 0.35232302 0.39930133 0.34523319 0.50234819  0.48417291 0.45702496 0.47508945 0.39693445 0.45000532 0.44589633  0.47476172 0.42761975 0.50206904 0.41641874
0.00039479 0.36283831 0.35232302 0.39930133 0.34523319 0.50234819  0.48417291 0.45702496 0.47508945 0.39693445 0.45000532 0.44589633  0.47476172 0.42761975 0.50206904 0.41641874
0.00039479 0.36283831 0.35232302 0.39930133 0.34523319 0.50234819  0.48417291 0.45702496 0.47508945 0.39693445 0.45000532 0.44589633  0.47476172 0.42761975 0.50206904 0.41641874
0.00039479 0.36283831 0.35232302 0.39930133 0.34523319 0.50234819  0.48417291 0.45702496 0.47508945 0.39693445 0.45000532 0.44589633  0.47476172 0.42761975 0.50206904 0.41641874
0.00039479 0.36283831 0.35232302 0.39930133 0.34523319 0.50234819  0.48417291 0.45702496 0.47508945 0.39693445 0.45000532 0.44589633  0.47476172 0.42761975 0.50206904 0.41641874
0.00039479 0.36283831 0.35232302 0.39930133 0.34523319 0.50234819  0.48417291 0.45702496 0.47508945 0.39693445 0.45000532 0.44589633  0.47476172 0.42761975 0.50206904 0.41641874
0.00039479 0.36283831 0.35232302 0.39930133 0.34523319 0.50234819  0.48417291 0.45702496 0.47508945 0.39693445 0.45000532 0.44589633  0.47476172 0.42761975 0.50206904 0.41641874
0.00039479 0.36283831 0.35232302 0.39930133 0.34523319 0.50234819  0.48417291 0.45702496 0.47508945 0.39693445 0.45000532 0.44589633  0.47476172 0.42761975 0.50206904 0.41641874
0.00039479 0.36283831 0.35232302 0.39930133 0.34523319 0.50234819  0.48417291 0.45702496 0.47508945 0.39693445 0.45000532 0.44589633  0.47476172 0.42761975 0.50206904 0.41641874
0.00039479 0.36283831 0.35232302 0.39930133 0.34523319 0.50234819  0.48417291 0.45702496 0.47508945 0.39693445 0.45000532 0.44589633  0.47476172 0.42761975 0.50206904 0.41641874
0.00039479 0.36283831 0.35232302 0.39930133 0.34523319 0.50234819  0.48417291 0.45702496 0.47508945 0.39693445 0.45000532 0.44589633  0.47476172 0.42761975 0.50206904 0.41641874
0.05385162 0.44061033 0.31309819 0.46837117 0.37022865 0.43849854  0.41571774 0.50372131 0.51783651 0.38911002 0.44374802 0.44518352  0.53330705 0.49457062 0.59718832 0.41964858
0.0713607  0.46762652 0.29895079 0.49549847 0.38180587 0.4033256  0.39307368 0.5236393  0.51266555 0.38567657 0.41098872 0.44905049  0.57822976 0.5003208  0.59358277 0.44559418
0.10786162 0.51748761 0.27322336 0.53437575 0.39564935 0.36461119  0.36755445 0.5435483  0.51719482 0.3742204  0.41316161 0.44485655  0.59761369 0.51439886 0.59810315 0.42069172
0.21623457 0.66850952 0.19464458 0.65673355 0.43804207 0.23751713  0.28996202 0.60532266 0.50420728 0.35359983 0.36349489 0.44466976  0.66187085 0.49348998 0.53524902 0.43385105
0.27230287 0.73267769 0.16547083 0.68332028 0.43003633 0.28129444  0.27429226 0.57383444 0.55875287 0.38318526 0.44123623 0.44755586  0.5143895  0.4866367  0.6130834  0.38891645
0.31038214 0.76094648 0.15369465 0.66183254 0.40851878 0.35948512  0.30593997 0.54141118 0.60050955 0.36983941 0.56586037 0.41819459  0.47915548 0.46816292 0.53845045 0.34345788
0.43941336 0.81282733 0.11572489 0.55441282 0.3531674  0.56532883  0.48401083 0.37501382 0.5305493  0.46226142 0.57359484 0.45442107  0.32139555 0.37200862 0.47493694 0.40554989
0.49279506 0.79883281 0.08948759 0.4538334  0.37477935 0.53766039  0.67361769 0.34105092 0.40775879 0.46182159 0.56147453 0.45894149  0.33910793 0.39120822 0.51804061 0.41814157
0.54585538 0.76698681 0.08965354 0.34547207 0.35390861 0.59149901  0.72032369 0.43166193 0.43851868 0.41619343 0.58055577 0.44022078  0.54140279 0.43690875 0.55830019 0.48269548
0.57929023 0.72501455 0.09327569 0.27109913 0.34881102 0.5775856  0.7181481  0.55430708 0.46462874 0.37566538 0.59495106 0.42951876  0.5899569  0.42970602 0.62834303 0.51296674
0.71586528 0.49196645 0.10811203 0.11799805 0.33014193 0.49546496  0.48779276 0.6092874  0.59338372 0.33863793 0.40896116 0.48994609  0.50647474 0.46232399 0.52287349 0.51770608
0.74181233 0.42192156 0.09114715 0.11449114 0.36700119 0.45627673  0.41993571 0.48586958 0.66297115 0.3113108  0.40964304 0.47805931  0.51523606 0.39534138 0.41926253 0.45108243
0.75726425 0.40855654 0.11428723 0.1223122  0.34292769 0.47320286  0.37516628 0.49615802 0.6124125  0.33005114 0.36734011 0.48310942  0.50931256 0.38758005 0.36323915 0.38280316
0.78429169 0.36752441 0.15437826 0.14561419 0.29643933 0.43782213  0.33384685 0.54341016 0.53829087 0.4029527  0.3910459  0.51921481  0.37491165 0.36417122 0.40595952 0.3255823 
0.80810094 0.32956696 0.177242   0.17572889 0.28557861 0.41708067  0.30862034 0.44460803 0.51903947 0.42567364 0.3891754  0.56060476  0.44447071 0.3850765  0.39194304 0.26192277
0.85547722 0.29427106 0.31399857 0.29952222 0.18536629 0.32798231  0.35347369 0.40721375 0.47276387 0.5179033  0.54900734 0.61667942  0.52882284 0.48568905 0.37172599 0.26229399
0.88526327 0.32876917 0.49732933 0.37168208 0.22283334 0.23597479  0.53491539 0.48691275 0.67818296 0.69599946 0.5475439  0.41529909  0.48410877 0.42758895 0.30123985 0.4906736 
0.92605873 0.37202403 0.7003206  0.40038896 0.37871813 0.23896312  0.56100614 0.41839836 0.71162118 0.61370387 0.47474032 0.20896614  0.47237588 0.43034107 0.33227733 0.57825578
0.9328303  0.39549699 0.7506799  0.37475907 0.4638901  0.25432237  0.54275145 0.41351142 0.69320507 0.57203521 0.47691447 0.23091176  0.43706535 0.40612715 0.36065506 0.60716372
0.93606187 0.38313106 0.75452565 0.41028597 0.46850908 0.25504169  0.58254854 0.42258513 0.74152395 0.5831848  0.48873052 0.26534184  0.46303245 0.35454703 0.34273766 0.65204357
0.92929031 0.3596581  0.70416634 0.43591587 0.38333712 0.23968244  0.60080324 0.42747206 0.75994006 0.62485346 0.48655638 0.24339622  0.49834298 0.37876095 0.31435994 0.62313564
0.93856512 0.31107463 0.66306526 0.45231067 0.36076707 0.21864343  0.59304646 0.34641279 0.78900076 0.63913677 0.44985981 0.26149528  0.54190134 0.33777453 0.33039185 0.61752433
0.93570495 0.30114511 0.6401391  0.47112806 0.30732486 0.22448414  0.58126767 0.33760549 0.74947341 0.55338959 0.47274942 0.31998145  0.50990102 0.31644062 0.38414546 0.65010491
0.93570495 0.30114511 0.6401391  0.47112806 0.30732486 0.22448414  0.58126767 0.33760549 0.74947341 0.55338959 0.47274942 0.31998145  0.50990102 0.31644062 0.38414546 0.65010491
0.92865842 0.28019045 0.59048817 0.48983848 0.25135318 0.2328868  0.56363314 0.33671989 0.70281046 0.5136753  0.5260826  0.40626793  0.51405452 0.31416368 0.39717906 0.69112214
0.92865842 0.28019045 0.59048817 0.48983848 0.25135318 0.2328868  0.56363314 0.33671989 0.70281046 0.5136753  0.5260826  0.40626793  0.51405452 0.31416368 0.39717906 0.69112214
0.91141597 0.2470334  0.49235611 0.48202439 0.246731   0.24532023  0.56678335 0.38839267 0.70783892 0.65851106 0.55646564 0.45522753  0.56864075 0.31148855 0.34716586 0.62191659
0.88902759 0.25121486 0.41241326 0.43078761 0.21944046 0.25830846  0.51774173 0.412976   0.67753491 0.66218279 0.59346743 0.59129851  0.5828165  0.29616357 0.35965859 0.51527903
0.88579601 0.26358079 0.40856751 0.39526071 0.21482148 0.25758914  0.47794464 0.40390229 0.62921602 0.6510332  0.58165138 0.55686842  0.5568494  0.34774369 0.37757599 0.47039918
0.88341772 0.25954443 0.3938178  0.40376824 0.2056055  0.27774343  0.45979261 0.39356409 0.58595951 0.59260979 0.59906563 0.60210102  0.57286834 0.32929648 0.40132394 0.4524776 
0.88341772 0.25954443 0.3938178  0.40376824 0.2056055  0.27774343  0.45979261 0.39356409 0.58595951 0.59260979 0.59906563 0.60210102  0.57286834 0.32929648 0.40132394 0.4524776 
0.88341772 0.25954443 0.3938178  0.40376824 0.2056055  0.27774343  0.45979261 0.39356409 0.58595951 0.59260979 0.59906563 0.60210102  0.57286834 0.32929648 0.40132394 0.4524776 
0.88082151 0.23652572 0.34570587 0.40969008 0.22867086 0.35800899  0.36516047 0.38086086 0.39654354 0.51691355 0.61139394 0.55018433  0.57921536 0.43744547 0.45879532 0.3797356 
0.87814368 0.20130102 0.30073103 0.4434023  0.26001924 0.39277093  0.37283588 0.40890053 0.37609254 0.5624359  0.59360942 0.45583617  0.54507235 0.43922431 0.4773606  0.39937611
0.86291264 0.19435099 0.23354405 0.4079684  0.30120712 0.43828283  0.32161723 0.42771186 0.32258664 0.56317211 0.60105846 0.47377656  0.54675728 0.46136929 0.44683365 0.36655386
0.87052403 0.16449341 0.22743161 0.45256509 0.32638706 0.46794371  0.31476214 0.42766218 0.27365537 0.55769148 0.61519093 0.41978422  0.5596275  0.43913891 0.48576347 0.3936846 
0.87052403 0.16449341 0.22743161 0.45256509 0.32638706 0.46794371  0.31476214 0.42766218 0.27365537 0.55769148 0.61519093 0.41978422  0.5596275  0.43913891 0.48576347 0.3936846 
0.87052403 0.16449341 0.22743161 0.45256509 0.32638706 0.46794371  0.31476214 0.42766218 0.27365537 0.55769148 0.61519093 0.41978422  0.5596275  0.43913891 0.48576347 0.3936846 
0.87052403 0.16449341 0.22743161 0.45256509 0.32638706 0.46794371  0.31476214 0.42766218 0.27365537 0.55769148 0.61519093 0.41978422  0.5596275  0.43913891 0.48576347 0.3936846 
0.87052403 0.16449341 0.22743161 0.45256509 0.32638706 0.46794371  0.31476214 0.42766218 0.27365537 0.55769148 0.61519093 0.41978422  0.5596275  0.43913891 0.48576347 0.3936846 
0.87052403 0.16449341 0.22743161 0.45256509 0.32638706 0.46794371  0.31476214 0.42766218 0.27365537 0.55769148 0.61519093 0.41978422  0.5596275  0.43913891 0.48576347 0.3936846 
0.87052403 0.16449341 0.22743161 0.45256509 0.32638706 0.46794371  0.31476214 0.42766218 0.27365537 0.55769148 0.61519093 0.41978422  0.5596275  0.43913891 0.48576347 0.3936846 
0.87052403 0.16449341 0.22743161 0.45256509 0.32638706 0.46794371  0.31476214 0.42766218 0.27365537 0.55769148 0.61519093 0.41978422  0.5596275  0.43913891 0.48576347 0.3936846 
0.87052403 0.16449341 0.22743161 0.45256509 0.32638706 0.46794371  0.31476214 0.42766218 0.27365537 0.55769148 0.61519093 0.41978422  0.5596275  0.43913891 0.48576347 0.3936846 
0.82437674 0.2621115  0.16279281 0.2608899  0.363088   0.47307457  0.30246227 0.45921378 0.42316244 0.44491863 0.41587576 0.46570922  0.43990815 0.27504843 0.580272   0.30631215
0.78439602 0.34920449 0.11509822 0.12285053 0.34576701 0.4533275  0.31428084 0.45325025 0.60155421 0.35564157 0.3029053  0.49730314  0.41435012 0.29059942 0.41129945 0.33353117
0.78439602 0.34920449 0.11509822 0.12285053 0.34576701 0.4533275  0.31428084 0.45325025 0.60155421 0.35564157 0.3029053  0.49730314  0.41435012 0.29059942 0.41129945 0.33353117
0.72308805 0.44155329 0.06597144 0.16449491 0.40147422 0.48210208  0.44586779 0.26810205 0.68513306 0.28926804 0.3973714  0.46812044  0.68572867 0.44546413 0.35703599 0.40856723
0.63659688 0.59840631 0.0662795  0.20516377 0.39311708 0.49089826  0.64644272 0.34439332 0.61150431 0.35110333 0.46580718 0.48794319  0.6409871  0.60279417 0.67795905 0.4969197 
0.56324047 0.75110964 0.09211211 0.30418254 0.34843496 0.59677457  0.7318537  0.49777815 0.44141285 0.39386804 0.58813656 0.42747788  0.60811379 0.45263783 0.56700873 0.50068664
0.47448677 0.78970493 0.08816885 0.45957232 0.39659092 0.46702966  0.69059135 0.37967756 0.38100772 0.42108331 0.59734968 0.43652086  0.33887025 0.39423119 0.49339753 0.36889416
0.38199893 0.77086623 0.10542558 0.57501209 0.44453848 0.29288762  0.56942368 0.42815939 0.34561919 0.41628848 0.48804379 0.45709169  0.27576993 0.38974378 0.50091096 0.33250072
0.32828533 0.76763445 0.13787814 0.64709288 0.42596792 0.31026171  0.39711911 0.50811761 0.46795564 0.37949602 0.51765635 0.42820043  0.32184623 0.41251202 0.50381303 0.29975061
0.2905891  0.74350638 0.15382504 0.67461803 0.43475786 0.26801415  0.32752409 0.54218014 0.48558686 0.39258504 0.41411807 0.45543131  0.42393328 0.44464253 0.57446973 0.36941585
0.27206149 0.7233345  0.16116831 0.66467956 0.44402897 0.23411613  0.3482491  0.55788121 0.44792144 0.35935034 0.40852476 0.4390451  0.48856389 0.44094993 0.48686699 0.35394452
0.27206149 0.7233345  0.16116831 0.66467956 0.44402897 0.23411613  0.3482491  0.55788121 0.44792144 0.35935034 0.40852476 0.4390451  0.48856389 0.44094993 0.48686699 0.35394452
0.27206149 0.7233345  0.16116831 0.66467956 0.44402897 0.23411613  0.3482491  0.55788121 0.44792144 0.35935034 0.40852476 0.4390451  0.48856389 0.44094993 0.48686699 0.35394452
0.30927383 0.75225658 0.1442667  0.65504957 0.43595785 0.27179525  0.38622864 0.52253868 0.44031081 0.38425855 0.4495288  0.44329042  0.35075091 0.41921974 0.53247061 0.32470508
0.32828533 0.76763445 0.13787814 0.64709288 0.42596792 0.31026171  0.39711911 0.50811761 0.46795564 0.37949602 0.51765635 0.42820043  0.32184623 0.41251202 0.50381303 0.29975061
0.42165265 0.81373267 0.12417337 0.57712905 0.35414627 0.55237416  0.45013075 0.40473574 0.541394   0.43271315 0.60551598 0.42969986  0.29442039 0.37982966 0.46041851 0.35598421
0.47519548 0.81056876 0.09654784 0.49702408 0.36448215 0.55085511  0.61469541 0.33360884 0.42118648 0.47317538 0.54490054 0.46542886  0.29218941 0.35246694 0.45807609 0.42316772
0.54585538 0.76698681 0.08965354 0.34547207 0.35390861 0.59149901  0.72032369 0.43166193 0.43851868 0.41619343 0.58055577 0.44022078  0.54140279 0.43690875 0.55830019 0.48269548
0.54585538 0.76698681 0.08965354 0.34547207 0.35390861 0.59149901  0.72032369 0.43166193 0.43851868 0.41619343 0.58055577 0.44022078  0.54140279 0.43690875 0.55830019 0.48269548
0.54585538 0.76698681 0.08965354 0.34547207 0.35390861 0.59149901  0.72032369 0.43166193 0.43851868 0.41619343 0.58055577 0.44022078  0.54140279 0.43690875 0.55830019 0.48269548
0.54585538 0.76698681 0.08965354 0.34547207 0.35390861 0.59149901  0.72032369 0.43166193 0.43851868 0.41619343 0.58055577 0.44022078  0.54140279 0.43690875 0.55830019 0.48269548
0.52742515 0.76630975 0.08458388 0.3673497  0.37930116 0.5296925  0.72710277 0.42660683 0.43024547 0.41068748 0.60816403 0.43677827  0.47721333 0.45267218 0.59672326 0.44425637
0.45348637 0.75299923 0.08654427 0.45585308 0.44126469 0.33856648  0.69080625 0.43557922 0.36017988 0.40703428 0.54621943 0.44990625  0.33951616 0.45703965 0.65606339 0.35561851
0.30670732 0.71367537 0.13410338 0.60612983 0.47412715 0.17701781  0.49979644 0.49592518 0.31147313 0.40472613 0.32241561 0.48220763  0.44881693 0.42994775 0.5299403  0.40719873
0.21531276 0.62571127 0.19308654 0.5829302  0.44906733 0.20174376  0.47838391 0.50668831 0.24720266 0.39007045 0.19322101 0.49074601  0.57043493 0.32369462 0.30471918 0.50239014
0.05336775 0.43914143 0.31083182 0.46832666 0.37416152 0.39938838  0.45143619 0.50292086 0.40448693 0.37548598 0.33684065 0.45259001  0.60541605 0.3574237  0.32371238 0.49045415
0.00039479 0.36283831 0.35232302 0.39930133 0.34523319 0.50234819  0.48417291 0.45702496 0.47508945 0.39693445 0.45000532 0.44589633  0.47476172 0.42761975 0.50206904 0.41641874
0.00039479 0.36283831 0.35232302 0.39930133 0.34523319 0.50234819  0.48417291 0.45702496 0.47508945 0.39693445 0.45000532 0.44589633  0.47476172 0.42761975 0.50206904 0.41641874
0.00039479 0.36283831 0.35232302 0.39930133 0.34523319 0.50234819  0.48417291 0.45702496 0.47508945 0.39693445 0.45000532 0.44589633  0.47476172 0.42761975 0.50206904 0.41641874
0.00039479 0.36283831 0.35232302 0.39930133 0.34523319 0.50234819  0.48417291 0.45702496 0.47508945 0.39693445 0.45000532 0.44589633  0.47476172 0.42761975 0.50206904 0.41641874
0.00039479 0.36283831 0.35232302 0.39930133 0.34523319 0.50234819  0.48417291 0.45702496 0.47508945 0.39693445 0.45000532 0.44589633  0.47476172 0.42761975 0.50206904 0.41641874
0.00039479 0.36283831 0.35232302 0.39930133 0.34523319 0.50234819  0.48417291 0.45702496 0.47508945 0.39693445 0.45000532 0.44589633  0.47476172 0.42761975 0.50206904 0.41641874
0.00039479 0.36283831 0.35232302 0.39930133 0.34523319 0.50234819  0.48417291 0.45702496 0.47508945 0.39693445 0.45000532 0.44589633  0.47476172 0.42761975 0.50206904 0.41641874
0.00039479 0.36283831 0.35232302 0.39930133 0.34523319 0.50234819  0.48417291 0.45702496 0.47508945 0.39693445 0.45000532 0.44589633  0.47476172 0.42761975 0.50206904 0.41641874
0.00039479 0.36283831 0.35232302 0.39930133 0.34523319 0.50234819  0.48417291 0.45702496 0.47508945 0.39693445 0.45000532 0.44589633  0.47476172 0.42761975 0.50206904 0.41641874
0.00039479 0.36283831 0.35232302 0.39930133 0.34523319 0.50234819  0.48417291 0.45702496 0.47508945 0.39693445 0.45000532 0.44589633  0.47476172 0.42761975 0.50206904 0.41641874
0.00039479 0.36283831 0.35232302 0.39930133 0.34523319 0.50234819  0.48417291 0.45702496 0.47508945 0.39693445 0.45000532 0.44589633  0.47476172 0.42761975 0.50206904 0.41641874
0.00039479 0.36283831 0.35232302 0.39930133 0.34523319 0.50234819  0.48417291 0.45702496 0.47508945 0.39693445 0.45000532 0.44589633  0.47476172 0.42761975 0.50206904 0.41641874
0.00039479 0.36283831 0.35232302 0.39930133 0.34523319 0.50234819  0.48417291 0.45702496 0.47508945 0.39693445 0.45000532 0.44589633  0.47476172 0.42761975 0.50206904 0.41641874
0.00039479 0.36283831 0.35232302 0.39930133 0.34523319 0.50234819  0.48417291 0.45702496 0.47508945 0.39693445 0.45000532 0.44589633  0.47476172 0.42761975 0.50206904 0.41641874
0.00039479 0.36283831 0.35232302 0.39930133 0.34523319 0.50234819  0.48417291 0.45702496 0.47508945 0.39693445 0.45000532 0.44589633  0.47476172 0.42761975 0.50206904 0.41641874
0.00039479 0.36283831 0.35232302 0.39930133 0.34523319 0.50234819  0.48417291 0.45702496 0.47508945 0.39693445 0.45000532 0.44589633  0.47476172 0.42761975 0.50206904 0.41641874
0.01851298 0.38937535 0.33866899 0.42295665 0.35404438 0.4772225  0.46517048 0.47159962 0.4779441  0.39274784 0.44090148 0.44603323  0.4957323  0.43444109 0.5046338  0.41684538
0.17970232 0.61959714 0.21869017 0.61910921 0.42942908 0.25407412  0.33606584 0.58022072 0.43427376 0.36237969 0.30236389 0.4575465  0.6699546  0.40909255 0.40348944 0.49656385
0.36298743 0.75548837 0.11181414 0.58296878 0.45452841 0.25442116  0.5585332  0.44258046 0.31797435 0.42105101 0.41991624 0.47218167  0.3046746  0.3964515  0.52956854 0.35745519
0.51122529 0.79950986 0.09455724 0.43195576 0.3493868  0.5994669  0.66683861 0.34610602 0.416032   0.46732754 0.53386627 0.462384  0.40329739 0.37544479 0.47961754 0.45658068
0.65978342 0.62626779 0.14737991 0.18804659 0.26458943 0.61357004  0.56003964 0.78474859 0.39081261 0.43154374 0.38250368 0.47021844  0.41248313 0.25319255 0.64073763 0.51128825
0.74333572 0.45016386 0.12953166 0.15264644 0.31277559 0.54573553  0.40364854 0.4706019  0.4948023  0.42995745 0.18577311 0.52206827  0.47561889 0.29797289 0.59076321 0.3644776 
0.77045293 0.38261378 0.11810865 0.13503757 0.33883886 0.48945744  0.34555663 0.43957064 0.56631317 0.37898498 0.25354133 0.50240491  0.4553934  0.28566417 0.47715708 0.3362237 
0.78439602 0.34920449 0.11509822 0.12285053 0.34576701 0.4533275  0.31428084 0.45325025 0.60155421 0.35564157 0.3029053  0.49730314  0.41435012 0.29059942 0.41129945 0.33353117
0.80826684 0.32050576 0.1713142  0.17721948 0.2955055  0.40775442  0.32166438 0.46326928 0.51933255 0.45892089 0.38644855 0.54704318  0.41812438 0.33925137 0.47690463 0.22864369
0.81664192 0.29514625 0.1784155  0.21436758 0.28427694 0.38307104  0.33518089 0.46720649 0.5245471  0.51333446 0.48491152 0.57843491  0.43087732 0.35586861 0.43811528 0.3109079 
0.81664192 0.29514625 0.1784155  0.21436758 0.28427694 0.38307104  0.33518089 0.46720649 0.5245471  0.51333446 0.48491152 0.57843491  0.43087732 0.35586861 0.43811528 0.3109079 
0.81587823 0.29064818 0.16520176 0.22181617 0.32068543 0.4374153  0.31480928 0.4632196  0.47040129 0.45344025 0.40058101 0.49305085  0.4309946  0.317021   0.51583446 0.25577443
0.7959421  0.33515166 0.14366063 0.15111524 0.32534192 0.4285509  0.32748309 0.45748067 0.56665466 0.4092564  0.34124668 0.51800634  0.43432614 0.29950131 0.47127909 0.26500352
0.78439602 0.34920449 0.11509822 0.12285053 0.34576701 0.4533275  0.31428084 0.45325025 0.60155421 0.35564157 0.3029053  0.49730314  0.41435012 0.29059942 0.41129945 0.33353117
0.78439602 0.34920449 0.11509822 0.12285053 0.34576701 0.4533275  0.31428084 0.45325025 0.60155421 0.35564157 0.3029053  0.49730314  0.41435012 0.29059942 0.41129945 0.33353117
0.69673908 0.51033311 0.07549007 0.17223897 0.37854294 0.54181124  0.514598   0.26893977 0.6249669  0.33967367 0.28531019 0.49777304  0.74681904 0.50244848 0.51691819 0.43831534
0.56190514 0.74089171 0.09081711 0.31238866 0.35428467 0.57231004  0.70661809 0.48819086 0.46173458 0.39799077 0.58737027 0.44226165  0.5232459  0.41397695 0.6196345  0.49497559
0.52801598 0.77829598 0.09084452 0.3890148  0.35596765 0.58298964  0.68654495 0.3870807  0.43965569 0.445569   0.55220238 0.45781893  0.46132665 0.40652703 0.54843868 0.47061736
0.45532297 0.78927356 0.09624053 0.50532838 0.39587267 0.46542725  0.60994072 0.34798769 0.40421557 0.48609935 0.47239901 0.49003579  0.31590205 0.40289566 0.59472736 0.4299355 
0.43772339 0.8010095  0.10330079 0.54851907 0.38557547 0.47862197  0.55101844 0.34054561 0.41764326 0.49745314 0.45582502 0.49652316  0.26898354 0.36415438 0.53476284 0.43496165
0.43772339 0.8010095  0.10330079 0.54851907 0.38557547 0.47862197  0.55101844 0.34054561 0.41764326 0.49745314 0.45582502 0.49652316  0.26898354 0.36415438 0.53476284 0.43496165
0.47504771 0.81068316 0.10684289 0.50897495 0.34185231 0.59683515  0.55071348 0.33984459 0.45412722 0.50016313 0.47218942 0.48944874  0.35304037 0.33302527 0.44791077 0.4867838 
0.47504771 0.81068316 0.10684289 0.50897495 0.34185231 0.59683515  0.55071348 0.33984459 0.45412722 0.50016313 0.47218942 0.48944874  0.35304037 0.33302527 0.44791077 0.4867838 
0.54586244 0.77974689 0.12267476 0.39836867 0.29679893 0.68115205  0.59554768 0.40168778 0.37523608 0.47557271 0.37358206 0.4789511  0.49127868 0.3460347  0.38172529 0.46165898
0.58049253 0.74722384 0.11777105 0.31188498 0.30132074 0.67318416  0.64903275 0.48724369 0.39772276 0.4244386  0.42027156 0.45678787  0.62938408 0.40749867 0.46040794 0.48777378
0.71030563 0.86564464 0.66908769 0.25865078 0.61745624 0.66368809  0.62572037 0.43666588 0.3430531  0.35038053 0.38491642 0.38952238  0.77505844 0.44898676 0.42752367 0.34635231
0.72918673 0.85595485 0.73050338 0.30256752 0.5838524  0.62608053  0.64855624 0.41386182 0.29876497 0.32031572 0.42696415 0.41791678  0.79733025 0.42126343 0.55644576 0.31764762
0.79681687 0.77300283 0.81638911 0.25245461 0.53350659 0.51785598  0.61998806 0.61670673 0.35239422 0.4483516  0.41410849 0.40085357  0.58101975 0.36546546 0.64705292 0.35209495
0.79363648 0.75649561 0.78398801 0.28134113 0.42884858 0.48684072  0.65313471 0.60599527 0.39675867 0.46449319 0.34929054 0.29041425  0.59418751 0.40970111 0.62103558 0.28450249
0.77725987 0.72244659 0.68535317 0.27790097 0.36673221 0.461762  0.69227216 0.67448682 0.47089133 0.70465103 0.32459299 0.22817827  0.6240839  0.4627376  0.5172272  0.206318  
0.76302495 0.63178091 0.49882256 0.29777129 0.2041503  0.45501922  0.68603873 0.64890946 0.45965629 0.68054619 0.28142874 0.3374129  0.58795449 0.4770027  0.63200547 0.2569965 
0.68676901 0.59586403 0.17968091 0.20823498 0.2447246  0.60342557  0.55627608 0.68816244 0.36216614 0.4906758  0.33251638 0.51822238  0.56198608 0.39176938 0.6678782  0.40230475
0.62861766 0.67587943 0.11442918 0.21881239 0.30420496 0.6423925  0.63916007 0.54024736 0.45384503 0.39392452 0.36714503 0.47540502  0.69518946 0.4745733  0.59072993 0.52500743
0.59787761 0.73134667 0.12022963 0.27059545 0.29584709 0.67845973  0.66056277 0.55335991 0.40061692 0.40211321 0.42785235 0.44404497  0.69609507 0.42322775 0.46911648 0.50576494
0.51122529 0.79950986 0.09455724 0.43195576 0.3493868  0.5994669  0.66683861 0.34610602 0.416032   0.46732754 0.53386627 0.462384  0.40329739 0.37544479 0.47961754 0.45658068
0.49279506 0.79883281 0.08948759 0.4538334  0.37477935 0.53766039  0.67361769 0.34105092 0.40775879 0.46182159 0.56147453 0.45894149  0.33910793 0.39120822 0.51804061 0.41814157
0.4379931  0.79244428 0.09675666 0.52042949 0.40462433 0.42381772  0.62519495 0.3779916  0.36622467 0.43523306 0.53680303 0.45352515  0.27208436 0.37085559 0.48186201 0.36053727
0.4005181  0.78538641 0.10254264 0.57581323 0.42714935 0.35241199  0.55497478 0.38834311 0.37465141 0.46162841 0.46620647 0.48153606  0.23122988 0.38353789 0.55553547 0.37178495
0.36298743 0.75548837 0.11181414 0.58296878 0.45452841 0.25442116  0.5585332  0.44258046 0.31797435 0.42105101 0.41991624 0.47218167  0.3046746  0.3964515  0.52956854 0.35745519
0.36298743 0.75548837 0.11181414 0.58296878 0.45452841 0.25442116  0.5585332  0.44258046 0.31797435 0.42105101 0.41991624 0.47218167  0.3046746  0.3964515  0.52956854 0.35745519
0.25216273 0.68837686 0.16902478 0.64338988 0.45486103 0.20322263  0.3691625  0.55792335 0.41137186 0.3836532  0.30739071 0.47283381  0.59648583 0.45267491 0.52175239 0.45468562
0.17840913 0.59125975 0.21728098 0.57883433 0.43835866 0.23013175  0.41642608 0.54441599 0.34800988 0.38369806 0.22546344 0.48274716  0.68179676 0.40011481 0.39747709 0.52985505
0.12557774 0.54052774 0.25903407 0.55161195 0.4038928  0.32073057  0.38459085 0.55014768 0.43502148 0.35892235 0.34112373 0.44715813  0.64844811 0.41076321 0.38712097 0.460688  
0.05280101 0.4410469  0.31082492 0.47416113 0.37677476 0.40189177  0.42936641 0.51178214 0.44503286 0.38159749 0.35631339 0.45384582  0.60208909 0.41657511 0.43830835 0.48448989
0.05280101 0.4410469  0.31082492 0.47416113 0.37677476 0.40189177  0.42936641 0.51178214 0.44503286 0.38159749 0.35631339 0.45384582  0.60208909 0.41657511 0.43830835 0.48448989
0.00039479 0.36283831 0.35232302 0.39930133 0.34523319 0.50234819  0.48417291 0.45702496 0.47508945 0.39693445 0.45000532 0.44589633  0.47476172 0.42761975 0.50206904 0.41641874
0.00039479 0.36283831 0.35232302 0.39930133 0.34523319 0.50234819  0.48417291 0.45702496 0.47508945 0.39693445 0.45000532 0.44589633  0.47476172 0.42761975 0.50206904 0.41641874
0.00039479 0.36283831 0.35232302 0.39930133 0.34523319 0.50234819  0.48417291 0.45702496 0.47508945 0.39693445 0.45000532 0.44589633  0.47476172 0.42761975 0.50206904 0.41641874
0.00039479 0.36283831 0.35232302 0.39930133 0.34523319 0.50234819  0.48417291 0.45702496 0.47508945 0.39693445 0.45000532 0.44589633  0.47476172 0.42761975 0.50206904 0.41641874
0.00039479 0.36283831 0.35232302 0.39930133 0.34523319 0.50234819  0.48417291 0.45702496 0.47508945 0.39693445 0.45000532 0.44589633  0.47476172 0.42761975 0.50206904 0.41641874
0.00039479 0.36283831 0.35232302 0.39930133 0.34523319 0.50234819  0.48417291 0.45702496 0.47508945 0.39693445 0.45000532 0.44589633  0.47476172 0.42761975 0.50206904 0.41641874
0.00039479 0.36283831 0.35232302 0.39930133 0.34523319 0.50234819  0.48417291 0.45702496 0.47508945 0.39693445 0.45000532 0.44589633  0.47476172 0.42761975 0.50206904 0.41641874
0.00039479 0.36283831 0.35232302 0.39930133 0.34523319 0.50234819  0.48417291 0.45702496 0.47508945 0.39693445 0.45000532 0.44589633  0.47476172 0.42761975 0.50206904 0.41641874
0.00039479 0.36283831 0.35232302 0.39930133 0.34523319 0.50234819  0.48417291 0.45702496 0.47508945 0.39693445 0.45000532 0.44589633  0.47476172 0.42761975 0.50206904 0.41641874
0.00039479 0.36283831 0.35232302 0.39930133 0.34523319 0.50234819  0.48417291 0.45702496 0.47508945 0.39693445 0.45000532 0.44589633  0.47476172 0.42761975 0.50206904 0.41641874
0.00039479 0.36283831 0.35232302 0.39930133 0.34523319 0.50234819  0.48417291 0.45702496 0.47508945 0.39693445 0.45000532 0.44589633  0.47476172 0.42761975 0.50206904 0.41641874
0.00039479 0.36283831 0.35232302 0.39930133 0.34523319 0.50234819  0.48417291 0.45702496 0.47508945 0.39693445 0.45000532 0.44589633  0.47476172 0.42761975 0.50206904 0.41641874
0.00039479 0.36283831 0.35232302 0.39930133 0.34523319 0.50234819  0.48417291 0.45702496 0.47508945 0.39693445 0.45000532 0.44589633  0.47476172 0.42761975 0.50206904 0.41641874
0.00039479 0.36283831 0.35232302 0.39930133 0.34523319 0.50234819  0.48417291 0.45702496 0.47508945 0.39693445 0.45000532 0.44589633  0.47476172 0.42761975 0.50206904 0.41641874
0.00039479 0.36283831 0.35232302 0.39930133 0.34523319 0.50234819  0.48417291 0.45702496 0.47508945 0.39693445 0.45000532 0.44589633  0.47476172 0.42761975 0.50206904 0.41641874
0.00039479 0.36283831 0.35232302 0.39930133 0.34523319 0.50234819  0.48417291 0.45702496 0.47508945 0.39693445 0.45000532 0.44589633  0.47476172 0.42761975 0.50206904 0.41641874
0.00039479 0.36283831 0.35232302 0.39930133 0.34523319 0.50234819  0.48417291 0.45702496 0.47508945 0.39693445 0.45000532 0.44589633  0.47476172 0.42761975 0.50206904 0.41641874
0.00039479 0.36283831 0.35232302 0.39930133 0.34523319 0.50234819  0.48417291 0.45702496 0.47508945 0.39693445 0.45000532 0.44589633  0.47476172 0.42761975 0.50206904 0.41641874
0.00039479 0.36283831 0.35232302 0.39930133 0.34523319 0.50234819  0.48417291 0.45702496 0.47508945 0.39693445 0.45000532 0.44589633  0.47476172 0.42761975 0.50206904 0.41641874
0.00039479 0.36283831 0.35232302 0.39930133 0.34523319 0.50234819  0.48417291 0.45702496 0.47508945 0.39693445 0.45000532 0.44589633  0.47476172 0.42761975 0.50206904 0.41641874
0.00039479 0.36283831 0.35232302 0.39930133 0.34523319 0.50234819  0.48417291 0.45702496 0.47508945 0.39693445 0.45000532 0.44589633  0.47476172 0.42761975 0.50206904 0.41641874
0.00039479 0.36283831 0.35232302 0.39930133 0.34523319 0.50234819  0.48417291 0.45702496 0.47508945 0.39693445 0.45000532 0.44589633  0.47476172 0.42761975 0.50206904 0.41641874
0.00039479 0.36283831 0.35232302 0.39930133 0.34523319 0.50234819  0.48417291 0.45702496 0.47508945 0.39693445 0.45000532 0.44589633  0.47476172 0.42761975 0.50206904 0.41641874
0.00039479 0.36283831 0.35232302 0.39930133 0.34523319 0.50234819  0.48417291 0.45702496 0.47508945 0.39693445 0.45000532 0.44589633  0.47476172 0.42761975 0.50206904 0.41641874
0.00039479 0.36283831 0.35232302 0.39930133 0.34523319 0.50234819  0.48417291 0.45702496 0.47508945 0.39693445 0.45000532 0.44589633  0.47476172 0.42761975 0.50206904 0.41641874
0.00039479 0.36283831 0.35232302 0.39930133 0.34523319 0.50234819  0.48417291 0.45702496 0.47508945 0.39693445 0.45000532 0.44589633  0.47476172 0.42761975 0.50206904 0.41641874
0.00039479 0.36283831 0.35232302 0.39930133 0.34523319 0.50234819  0.48417291 0.45702496 0.47508945 0.39693445 0.45000532 0.44589633  0.47476172 0.42761975 0.50206904 0.41641874
0.00039479 0.36283831 0.35232302 0.39930133 0.34523319 0.50234819  0.48417291 0.45702496 0.47508945 0.39693445 0.45000532 0.44589633  0.47476172 0.42761975 0.50206904 0.41641874
0.00039479 0.36283831 0.35232302 0.39930133 0.34523319 0.50234819  0.48417291 0.45702496 0.47508945 0.39693445 0.45000532 0.44589633  0.47476172 0.42761975 0.50206904 0.41641874
0.00039479 0.36283831 0.35232302 0.39930133 0.34523319 0.50234819  0.48417291 0.45702496 0.47508945 0.39693445 0.45000532 0.44589633  0.47476172 0.42761975 0.50206904 0.41641874
0.00039479 0.36283831 0.35232302 0.39930133 0.34523319 0.50234819  0.48417291 0.45702496 0.47508945 0.39693445 0.45000532 0.44589633  0.47476172 0.42761975 0.50206904 0.41641874
0.00039479 0.36283831 0.35232302 0.39930133 0.34523319 0.50234819  0.48417291 0.45702496 0.47508945 0.39693445 0.45000532 0.44589633  0.47476172 0.42761975 0.50206904 0.41641874
0.00039479 0.36283831 0.35232302 0.39930133 0.34523319 0.50234819  0.48417291 0.45702496 0.47508945 0.39693445 0.45000532 0.44589633  0.47476172 0.42761975 0.50206904 0.41641874
0.00039479 0.36283831 0.35232302 0.39930133 0.34523319 0.50234819  0.48417291 0.45702496 0.47508945 0.39693445 0.45000532 0.44589633  0.47476172 0.42761975 0.50206904 0.41641874
0.00039479 0.36283831 0.35232302 0.39930133 0.34523319 0.50234819  0.48417291 0.45702496 0.47508945 0.39693445 0.45000532 0.44589633  0.47476172 0.42761975 0.50206904 0.41641874
0.00039479 0.36283831 0.35232302 0.39930133 0.34523319 0.50234819  0.48417291 0.45702496 0.47508945 0.39693445 0.45000532 0.44589633  0.47476172 0.42761975 0.50206904 0.41641874
0.00039479 0.36283831 0.35232302 0.39930133 0.34523319 0.50234819  0.48417291 0.45702496 0.47508945 0.39693445 0.45000532 0.44589633  0.47476172 0.42761975 0.50206904 0.41641874
0.00039479 0.36283831 0.35232302 0.39930133 0.34523319 0.50234819  0.48417291 0.45702496 0.47508945 0.39693445 0.45000532 0.44589633  0.47476172 0.42761975 0.50206904 0.41641874
0.00039479 0.36283831 0.35232302 0.39930133 0.34523319 0.50234819  0.48417291 0.45702496 0.47508945 0.39693445 0.45000532 0.44589633  0.47476172 0.42761975 0.50206904 0.41641874
0.00039479 0.36283831 0.35232302 0.39930133 0.34523319 0.50234819  0.48417291 0.45702496 0.47508945 0.39693445 0.45000532 0.44589633  0.47476172 0.42761975 0.50206904 0.41641874
