0.00039479 0.36283831 0.35232302 0.39930133 0.34523319 0.50234819  0.48417291 0.45702496 0.47508945 0.39693445 0.45000532 0.44589633  0.47476172 0.42761975 0.50206904 0.41641874
0.00039479 0.36283831 0.35232302 0.39930133 0.34523319 0.50234819  0.48417291 0.45702496 0.47508945 0.39693445 0.45000532 0.44589633  0.47476172 0.42761975 0.50206904 0.41641874
0.00039479 0.36283831 0.35232302 0.39930133 0.34523319 0.50234819  0.48417291 0.45702496 0.47508945 0.39693445 0.45000532 0.44589633  0.47476172 0.42761975 0.50206904 0.41641874
0.00039479 0.36283831 0.35232302 0.39930133 0.34523319 0.50234819  0.48417291 0.45702496 0.47508945 0.39693445 0.45000532 0.44589633  0.47476172 0.42761975 0.50206904 0.41641874
0.00039479 0.36283831 0.35232302 0.39930133 0.34523319 0.50234819  0.48417291 0.45702496 0.47508945 0.39693445 0.45000532 0.44589633  0.47476172 0.42761975 0.50206904 0.41641874
0.00039479 0.36283831 0.35232302 0.39930133 0.34523319 0.50234819  0.48417291 0.45702496 0.47508945 0.39693445 0.45000532 0.44589633  0.47476172 0.42761975 0.50206904 0.41641874
0.00039479 0.36283831 0.35232302 0.39930133 0.34523319 0.50234819  0.48417291 0.45702496 0.47508945 0.39693445 0.45000532 0.44589633  0.47476172 0.42761975 0.50206904 0.41641874
0.00039479 0.36283831 0.35232302 0.39930133 0.34523319 0.50234819  0.48417291 0.45702496 0.47508945 0.39693445 0.45000532 0.44589633  0.47476172 0.42761975 0.50206904 0.41641874
0.00039479 0.36283831 0.35232302 0.39930133 0.34523319 0.50234819  0.48417291 0.45702496 0.47508945 0.39693445 0.45000532 0.44589633  0.47476172 0.42761975 0.50206904 0.41641874
0.00039479 0.36283831 0.35232302 0.39930133 0.34523319 0.50234819  0.48417291 0.45702496 0.47508945 0.39693445 0.45000532 0.44589633  0.47476172 0.42761975 0.50206904 0.41641874
0.00039479 0.36283831 0.35232302 0.39930133 0.34523319 0.50234819  0.48417291 0.45702496 0.47508945 0.39693445 0.45000532 0.44589633  0.47476172 0.42761975 0.50206904 0.41641874
0.00039479 0.36283831 0.35232302 0.39930133 0.34523319 0.50234819  0.48417291 0.45702496 0.47508945 0.39693445 0.45000532 0.44589633  0.47476172 0.42761975 0.50206904 0.41641874
0.00039479 0.36283831 0.35232302 0.39930133 0.34523319 0.50234819  0.48417291 0.45702496 0.47508945 0.39693445 0.45000532 0.44589633  0.47476172 0.42761975 0.50206904 0.41641874
0.00039479 0.36283831 0.35232302 0.39930133 0.34523319 0.50234819  0.48417291 0.45702496 0.47508945 0.39693445 0.45000532 0.44589633  0.47476172 0.42761975 0.50206904 0.41641874
0.00039479 0.36283831 0.35232302 0.39930133 0.34523319 0.50234819  0.48417291 0.45702496 0.47508945 0.39693445 0.45000532 0.44589633  0.47476172 0.42761975 0.50206904 0.41641874
0.00039479 0.36283831 0.35232302 0.39930133 0.34523319 0.50234819  0.48417291 0.45702496 0.47508945 0.39693445 0.45000532 0.44589633  0.47476172 0.42761975 0.50206904 0.41641874
0.00039479 0.36283831 0.35232302 0.39930133 0.34523319 0.50234819  0.48417291 0.45702496 0.47508945 0.39693445 0.45000532 0.44589633  0.47476172 0.42761975 0.50206904 0.41641874
0.00039479 0.36283831 0.35232302 0.39930133 0.34523319 0.50234819  0.48417291 0.45702496 0.47508945 0.39693445 0.45000532 0.44589633  0.47476172 0.42761975 0.50206904 0.41641874
0.00039479 0.36283831 0.35232302 0.39930133 0.34523319 0.50234819  0.48417291 0.45702496 0.47508945 0.39693445 0.45000532 0.44589633  0.47476172 0.42761975 0.50206904 0.41641874
0.00039479 0.36283831 0.35232302 0.39930133 0.34523319 0.50234819  0.48417291 0.45702496 0.47508945 0.39693445 0.45000532 0.44589633  0.47476172 0.42761975 0.50206904 0.41641874
0.00039479 0.36283831 0.35232302 0.39930133 0.34523319 0.50234819  0.48417291 0.45702496 0.47508945 0.39693445 0.45000532 0.44589633  0.47476172 0.42761975 0.50206904 0.41641874
0.00039479 0.36283831 0.35232302 0.39930133 0.34523319 0.50234819  0.48417291 0.45702496 0.47508945 0.39693445 0.45000532 0.44589633  0.47476172 0.42761975 0.50206904 0.41641874
0.00039479 0.36283831 0.35232302 0.39930133 0.34523319 0.50234819  0.48417291 0.45702496 0.47508945 0.39693445 0.45000532 0.44589633  0.47476172 0.42761975 0.50206904 0.41641874
0.00039479 0.36283831 0.35232302 0.39930133 0.34523319 0.50234819  0.48417291 0.45702496 0.47508945 0.39693445 0.45000532 0.44589633  0.47476172 0.42761975 0.50206904 0.41641874
0.00039479 0.36283831 0.35232302 0.39930133 0.34523319 0.50234819  0.48417291 0.45702496 0.47508945 0.39693445 0.45000532 0.44589633  0.47476172 0.42761975 0.50206904 0.41641874
0.00039479 0.36283831 0.35232302 0.39930133 0.34523319 0.50234819  0.48417291 0.45702496 0.47508945 0.39693445 0.45000532 0.44589633  0.47476172 0.42761975 0.50206904 0.41641874
0.00039479 0.36283831 0.35232302 0.39930133 0.34523319 0.50234819  0.48417291 0.45702496 0.47508945 0.39693445 0.45000532 0.44589633  0.47476172 0.42761975 0.50206904 0.41641874
0.00039479 0.36283831 0.35232302 0.39930133 0.34523319 0.50234819  0.48417291 0.45702496 0.47508945 0.39693445 0.45000532 0.44589633  0.47476172 0.42761975 0.50206904 0.41641874
0.00039479 0.36283831 0.35232302 0.39930133 0.34523319 0.50234819  0.48417291 0.45702496 0.47508945 0.39693445 0.45000532 0.44589633  0.47476172 0.42761975 0.50206904 0.41641874
0.00039479 0.36283831 0.35232302 0.39930133 0.34523319 0.50234819  0.48417291 0.45702496 0.47508945 0.39693445 0.45000532 0.44589633  0.47476172 0.42761975 0.50206904 0.41641874
0.00039479 0.36283831 0.35232302 0.39930133 0.34523319 0.50234819  0.48417291 0.45702496 0.47508945 0.39693445 0.45000532 0.44589633  0.47476172 0.42761975 0.50206904 0.41641874
0.00039479 0.36283831 0.35232302 0.39930133 0.34523319 0.50234819  0.48417291 0.45702496 0.47508945 0.39693445 0.45000532 0.44589633  0.47476172 0.42761975 0.50206904 0.41641874
0.00039479 0.36283831 0.35232302 0.39930133 0.34523319 0.50234819  0.48417291 0.45702496 0.47508945 0.39693445 0.45000532 0.44589633  0.47476172 0.42761975 0.50206904 0.41641874
0.00039479 0.36283831 0.35232302 0.39930133 0.34523319 0.50234819  0.48417291 0.45702496 0.47508945 0.39693445 0.45000532 0.44589633  0.47476172 0.42761975 0.50206904 0.41641874
0.00039479 0.36283831 0.35232302 0.39930133 0.34523319 0.50234819  0.48417291 0.45702496 0.47508945 0.39693445 0.45000532 0.44589633  0.47476172 0.42761975 0.50206904 0.41641874
0.00039479 0.36283831 0.35232302 0.39930133 0.34523319 0.50234819  0.48417291 0.45702496 0.47508945 0.39693445 0.45000532 0.44589633  0.47476172 0.42761975 0.50206904 0.41641874
0.00039479 0.36283831 0.35232302 0.39930133 0.34523319 0.50234819  0.48417291 0.45702496 0.47508945 0.39693445 0.45000532 0.44589633  0.47476172 0.42761975 0.50206904 0.41641874
0.00039479 0.36283831 0.35232302 0.39930133 0.34523319 0.50234819  0.48417291 0.45702496 0.47508945 0.39693445 0.45000532 0.44589633  0.47476172 0.42761975 0.50206904 0.41641874
0.00039479 0.36283831 0.35232302 0.39930133 0.34523319 0.50234819  0.48417291 0.45702496 0.47508945 0.39693445 0.45000532 0.44589633  0.47476172 0.42761975 0.50206904 0.41641874
0.00039479 0.36283831 0.35232302 0.39930133 0.34523319 0.50234819  0.48417291 0.45702496 0.47508945 0.39693445 0.45000532 0.44589633  0.47476172 0.42761975 0.50206904 0.41641874
0.00039479 0.36283831 0.35232302 0.39930133 0.34523319 0.50234819  0.48417291 0.45702496 0.47508945 0.39693445 0.45000532 0.44589633  0.47476172 0.42761975 0.50206904 0.41641874
0.00039479 0.36283831 0.35232302 0.39930133 0.34523319 0.50234819  0.48417291 0.45702496 0.47508945 0.39693445 0.45000532 0.44589633  0.47476172 0.42761975 0.50206904 0.41641874
0.00039479 0.36283831 0.35232302 0.39930133 0.34523319 0.50234819  0.48417291 0.45702496 0.47508945 0.39693445 0.45000532 0.44589633  0.47476172 0.42761975 0.50206904 0.41641874
0.00039479 0.36283831 0.35232302 0.39930133 0.34523319 0.50234819  0.48417291 0.45702496 0.47508945 0.39693445 0.45000532 0.44589633  0.47476172 0.42761975 0.50206904 0.41641874
0.00039479 0.36283831 0.35232302 0.39930133 0.34523319 0.50234819  0.48417291 0.45702496 0.47508945 0.39693445 0.45000532 0.44589633  0.47476172 0.42761975 0.50206904 0.41641874
0.00039479 0.36283831 0.35232302 0.39930133 0.34523319 0.50234819  0.48417291 0.45702496 0.47508945 0.39693445 0.45000532 0.44589633  0.47476172 0.42761975 0.50206904 0.41641874
0.00039479 0.36283831 0.35232302 0.39930133 0.34523319 0.50234819  0.48417291 0.45702496 0.47508945 0.39693445 0.45000532 0.44589633  0.47476172 0.42761975 0.50206904 0.41641874
0.00039479 0.36283831 0.35232302 0.39930133 0.34523319 0.50234819  0.48417291 0.45702496 0.47508945 0.39693445 0.45000532 0.44589633  0.47476172 0.42761975 0.50206904 0.41641874
0.00039479 0.36283831 0.35232302 0.39930133 0.34523319 0.50234819  0.48417291 0.45702496 0.47508945 0.39693445 0.45000532 0.44589633  0.47476172 0.42761975 0.50206904 0.41641874
0.00039479 0.36283831 0.35232302 0.39930133 0.34523319 0.50234819  0.48417291 0.45702496 0.47508945 0.39693445 0.45000532 0.44589633  0.47476172 0.42761975 0.50206904 0.41641874
0.00039479 0.36283831 0.35232302 0.39930133 0.34523319 0.50234819  0.48417291 0.45702496 0.47508945 0.39693445 0.45000532 0.44589633  0.47476172 0.42761975 0.50206904 0.41641874
0.00039479 0.36283831 0.35232302 0.39930133 0.34523319 0.50234819  0.48417291 0.45702496 0.47508945 0.39693445 0.45000532 0.44589633  0.47476172 0.42761975 0.50206904 0.41641874
0.00039479 0.36283831 0.35232302 0.39930133 0.34523319 0.50234819  0.48417291 0.45702496 0.47508945 0.39693445 0.45000532 0.44589633  0.47476172 0.42761975 0.50206904 0.41641874
0.00039479 0.36283831 0.35232302 0.39930133 0.34523319 0.50234819  0.48417291 0.45702496 0.47508945 0.39693445 0.45000532 0.44589633  0.47476172 0.42761975 0.50206904 0.41641874
0.00039479 0.36283831 0.35232302 0.39930133 0.34523319 0.50234819  0.48417291 0.45702496 0.47508945 0.39693445 0.45000532 0.44589633  0.47476172 0.42761975 0.50206904 0.41641874
0.01865742 0.3880557  0.34025579 0.41843982 0.3494262  0.49750935  0.46205159 0.46401308 0.50597385 0.40376969 0.46950961 0.4478266  0.44969389 0.45506031 0.57557814 0.40855754
0.12612597 0.52526    0.27861489 0.52753541 0.36164819 0.47902962  0.33098017 0.48405173 0.57858406 0.46576983 0.35438041 0.49715284  0.52419879 0.50409472 0.73135915 0.5353988 
0.18151871 0.58805707 0.25209162 0.56095549 0.35058127 0.53159141  0.282663   0.45682807 0.66773508 0.50725706 0.40009035 0.50963019  0.44032125 0.55743439 0.8908941  0.51533911
0.23632744 0.63995424 0.2303897  0.58047361 0.34140315 0.54642144  0.25473941 0.4798492  0.65952402 0.50466612 0.35078752 0.51327129  0.522976   0.52411973 0.81117298 0.55671958
0.38499625 0.74324459 0.19467309 0.54271629 0.26595479 0.75469245  0.26195698 0.45916575 0.72756486 0.47381064 0.50736038 0.46068476  0.5496294  0.43492178 0.54806458 0.49041812
0.42066721 0.75714317 0.19691264 0.54146194 0.24461941 0.78286437  0.21901907 0.49379468 0.70878828 0.47294341 0.44042951 0.46568478  0.59008438 0.42887224 0.49589466 0.47049839
0.45351998 0.76763542 0.20636954 0.57002937 0.22917123 0.76204393  0.1711694  0.51896659 0.61766301 0.48069957 0.34741886 0.47216885  0.63848371 0.374273   0.33153462 0.43454   
0.47984148 0.78114853 0.3125615  0.61655328 0.17753908 0.73660538  0.16021853 0.45323595 0.56582549 0.40477521 0.40414448 0.52106725  0.68998109 0.48855744 0.27146228 0.47402374
0.51393917 0.81644028 0.47452837 0.65384112 0.19061952 0.72252769  0.15765341 0.38031644 0.51524726 0.26221674 0.38541091 0.47107561  0.72512613 0.47159257 0.36702187 0.40363335
0.5609303  0.8337731  0.59021126 0.64883612 0.15230184 0.68396966  0.24134956 0.36252453 0.49003918 0.21826812 0.42086458 0.40472539  0.59033223 0.52745677 0.3402887  0.42979641
0.59028544 0.83074454 0.65422839 0.61663648 0.17443834 0.67698832  0.26861057 0.41095468 0.4950076  0.18269738 0.43394006 0.39627609  0.69067248 0.51125688 0.40051488 0.41221136
0.63205173 0.86313374 0.66502081 0.58452135 0.19674525 0.66123053  0.39153527 0.35515053 0.40103057 0.1724631  0.40682311 0.34340373  0.49600977 0.43001816 0.3344101  0.34037972
0.66459384 0.82543833 0.67626729 0.53817637 0.17803427 0.65515564  0.38981329 0.44119529 0.37309405 0.1663246  0.41368042 0.33287412  0.45788677 0.39724099 0.38136644 0.33159681
0.66459384 0.82543833 0.67626729 0.53817637 0.17803427 0.65515564  0.38981329 0.44119529 0.37309405 0.1663246  0.41368042 0.33287412  0.45788677 0.39724099 0.38136644 0.33159681
0.66459384 0.82543833 0.67626729 0.53817637 0.17803427 0.65515564  0.38981329 0.44119529 0.37309405 0.1663246  0.41368042 0.33287412  0.45788677 0.39724099 0.38136644 0.33159681
0.69157449 0.7841056  0.71152671 0.54611839 0.14852355 0.61330038  0.37411913 0.50619036 0.33514967 0.22737959 0.43488675 0.36099034  0.38568062 0.34438671 0.49381595 0.26509719
0.7577333  0.69974302 0.70876954 0.40056283 0.15988152 0.55040164  0.41662176 0.68376761 0.36538571 0.19302055 0.46307932 0.3616298  0.41739778 0.3690901  0.70465806 0.29846404
0.77517501 0.69290512 0.69565626 0.36557334 0.17590225 0.52360352  0.49468737 0.66203591 0.31363271 0.20600057 0.45076733 0.37320717  0.41019546 0.38130784 0.73633446 0.30892345
0.78463327 0.66473815 0.62386406 0.36155257 0.12659563 0.49063731  0.56809872 0.62786354 0.21290979 0.25462782 0.41716297 0.45886322  0.4214988  0.37247919 0.72719431 0.37975269
0.78463327 0.66473815 0.62386406 0.36155257 0.12659563 0.49063731  0.56809872 0.62786354 0.21290979 0.25462782 0.41716297 0.45886322  0.4214988  0.37247919 0.72719431 0.37975269
0.84929315 0.54286124 0.63422029 0.2944655  0.16022598 0.35477176  0.53926998 0.51217704 0.42860543 0.24107197 0.33569499 0.48744039  0.40521657 0.52374952 0.76777079 0.41391591
0.85451398 0.50188408 0.61184698 0.34466783 0.1069361  0.31434048  0.57041444 0.51942628 0.44693945 0.3074155  0.44040013 0.529806  0.43829116 0.53320207 0.73404788 0.51897978
0.87999584 0.43116915 0.5980583  0.34643252 0.1414617  0.2652802  0.49779098 0.45824494 0.51018186 0.25832509 0.52582332 0.49139274  0.41285803 0.4341686  0.56590922 0.45665249
0.88476798 0.36859864 0.52997738 0.360059   0.12387007 0.24739389  0.4745022  0.39228844 0.53892799 0.30094579 0.54672501 0.55741608  0.48906748 0.39618956 0.5234127  0.43657018
0.89259425 0.33907681 0.52837906 0.40636819 0.14416062 0.26294281  0.47188705 0.38608386 0.49943485 0.3167991  0.58353889 0.50850506  0.48409332 0.42127801 0.50055589 0.51863609
0.90909952 0.29558515 0.52685924 0.43702526 0.16661211 0.23818746  0.49275662 0.30487534 0.59636178 0.35995353 0.552011   0.53443604  0.53007092 0.31356478 0.48266063 0.56145577
0.90909952 0.29558515 0.52685924 0.43702526 0.16661211 0.23818746  0.49275662 0.30487534 0.59636178 0.35995353 0.552011   0.53443604  0.53007092 0.31356478 0.48266063 0.56145577
0.91671091 0.26572756 0.5207468  0.48162195 0.19179205 0.26784834  0.48590153 0.30482566 0.54743052 0.3544729  0.56614347 0.4804437  0.54294115 0.29133441 0.52159046 0.58858651
0.92391806 0.23756317 0.51796414 0.52872859 0.21543089 0.29349972  0.48818868 0.30683107 0.51365819 0.36944418 0.58019846 0.42898256  0.53719481 0.31816138 0.51817593 0.65629482
0.93167926 0.20745876 0.51063731 0.57217364 0.24218941 0.3275456  0.48127529 0.30108446 0.47007711 0.36359968 0.58020548 0.37310181  0.55416095 0.29579706 0.57410781 0.67633432
0.93167926 0.20745876 0.51063731 0.57217364 0.24218941 0.3275456  0.48127529 0.30108446 0.47007711 0.36359968 0.58020548 0.37310181  0.55416095 0.29579706 0.57410781 0.67633432
0.93167926 0.20745876 0.51063731 0.57217364 0.24218941 0.3275456  0.48127529 0.30108446 0.47007711 0.36359968 0.58020548 0.37310181  0.55416095 0.29579706 0.57410781 0.67633432
0.93167926 0.20745876 0.51063731 0.57217364 0.24218941 0.3275456  0.48127529 0.30108446 0.47007711 0.36359968 0.58020548 0.37310181  0.55416095 0.29579706 0.57410781 0.67633432
0.93167926 0.20745876 0.51063731 0.57217364 0.24218941 0.3275456  0.48127529 0.30108446 0.47007711 0.36359968 0.58020548 0.37310181  0.55416095 0.29579706 0.57410781 0.67633432
0.93167926 0.20745876 0.51063731 0.57217364 0.24218941 0.3275456  0.48127529 0.30108446 0.47007711 0.36359968 0.58020548 0.37310181  0.55416095 0.29579706 0.57410781 0.67633432
0.94538806 0.22699921 0.58762929 0.58473792 0.29195279 0.31228977  0.52982519 0.30969907 0.56417651 0.38525304 0.53166152 0.2982516  0.50204702 0.27077444 0.54544211 0.72786613
0.94704386 0.29366568 0.67293045 0.51079292 0.3716402  0.30248435  0.51428777 0.31275629 0.59779685 0.35839302 0.51864499 0.33672033  0.42598482 0.27250717 0.51001195 0.69810895
0.94999439 0.30620111 0.69877444 0.49509786 0.41863889 0.31140897  0.50336982 0.31121273 0.58935944 0.35346911 0.51386171 0.33125637  0.41316095 0.27193766 0.51604099 0.67769478
0.94999439 0.30620111 0.69877444 0.49509786 0.41863889 0.31140897  0.50336982 0.31121273 0.58935944 0.35346911 0.51386171 0.33125637  0.41316095 0.27193766 0.51604099 0.67769478
0.94238299 0.3360587  0.70488688 0.45050117 0.39345895 0.28174809  0.51022491 0.31126241 0.6382907  0.35894974 0.49972924 0.3852487  0.40029073 0.29416804 0.47711117 0.65056403
0.94238299 0.3360587  0.70488688 0.45050117 0.39345895 0.28174809  0.51022491 0.31126241 0.6382907  0.35894974 0.49972924 0.3852487  0.40029073 0.29416804 0.47711117 0.65056403
0.93915142 0.34842462 0.70104113 0.41497427 0.38883997 0.28102877  0.47042782 0.3021887  0.58997182 0.34780015 0.48791319 0.35081862  0.37432362 0.34574815 0.49502856 0.60568418
0.93915142 0.34842462 0.70104113 0.41497427 0.38883997 0.28102877  0.47042782 0.3021887  0.58997182 0.34780015 0.48791319 0.35081862  0.37432362 0.34574815 0.49502856 0.60568418
0.937684   0.34029053 0.68453797 0.42857558 0.34084074 0.2662776  0.48623901 0.29705765 0.61127813 0.35726714 0.45927101 0.30864983  0.38207392 0.35972266 0.48396843 0.58498195
0.93473348 0.3277551  0.65869399 0.44427064 0.29384205 0.25735298  0.49715696 0.29860121 0.61971554 0.36219106 0.46405429 0.31411379  0.39489778 0.36029218 0.47793938 0.60539612
0.93157922 0.31213745 0.62921937 0.45732487 0.25178074 0.24160508  0.51478491 0.30191324 0.63283501 0.37412102 0.47029646 0.32508768  0.41521944 0.35312749 0.48300582 0.62819577
0.93681232 0.2782435  0.60835722 0.51042909 0.2677447  0.29142025  0.48977779 0.29152536 0.54064723 0.31021697 0.50184318 0.31632794  0.4441086  0.31244991 0.5456836  0.63740493
0.93269851 0.26246166 0.57750589 0.52025106 0.25201716 0.29175846  0.49140716 0.2926389  0.52930578 0.30295508 0.53503818 0.37326448  0.46971638 0.2880506  0.56000792 0.66518507
0.93167926 0.20745876 0.51063731 0.57217364 0.24218941 0.3275456  0.48127529 0.30108446 0.47007711 0.36359968 0.58020548 0.37310181  0.55416095 0.29579706 0.57410781 0.67633432
0.93167926 0.20745876 0.51063731 0.57217364 0.24218941 0.3275456  0.48127529 0.30108446 0.47007711 0.36359968 0.58020548 0.37310181  0.55416095 0.29579706 0.57410781 0.67633432
0.93167926 0.20745876 0.51063731 0.57217364 0.24218941 0.3275456  0.48127529 0.30108446 0.47007711 0.36359968 0.58020548 0.37310181  0.55416095 0.29579706 0.57410781 0.67633432
0.93167926 0.20745876 0.51063731 0.57217364 0.24218941 0.3275456  0.48127529 0.30108446 0.47007711 0.36359968 0.58020548 0.37310181  0.55416095 0.29579706 0.57410781 0.67633432
0.91543011 0.20185342 0.43561511 0.53794701 0.24261634 0.38754027  0.37804439 0.30417513 0.31163745 0.31828294 0.61990005 0.41706646  0.58088011 0.40679993 0.59211061 0.56034775
0.90963648 0.18884125 0.40118766 0.53596298 0.24054294 0.38680453  0.38919885 0.32769988 0.31861878 0.38670094 0.62079445 0.41678073  0.61215435 0.39189889 0.59671553 0.50318503
0.89602624 0.1746622  0.33327376 0.5107678  0.27046618 0.42320728  0.35109007 0.35671013 0.26511491 0.43781646 0.64572703 0.45158089  0.64482566 0.41581062 0.56970905 0.43591512
0.87052403 0.16449341 0.22743161 0.45256509 0.32638706 0.46794371  0.31476214 0.42766218 0.27365537 0.55769148 0.61519093 0.41978422  0.5596275  0.43913891 0.48576347 0.3936846 
0.84759776 0.18353788 0.16437898 0.39752625 0.37716412 0.50817066  0.30140167 0.43786259 0.34374755 0.48370906 0.53578132 0.36481625  0.49332911 0.37551001 0.45076578 0.49746082
0.81480204 0.23155627 0.09727796 0.3043081  0.44163485 0.55823456  0.30018436 0.44325479 0.43577639 0.37514102 0.36791366 0.28705789  0.43346598 0.29792015 0.47988982 0.53047563
0.78397752 0.30488328 0.08757716 0.2084453  0.4137699  0.47760167  0.35872227 0.43876263 0.57884738 0.36772582 0.3960771  0.39188086  0.40955312 0.35027616 0.4410515  0.55158465
0.78397752 0.30488328 0.08757716 0.2084453  0.4137699  0.47760167  0.35872227 0.43876263 0.57884738 0.36772582 0.3960771  0.39188086  0.40955312 0.35027616 0.4410515  0.55158465
0.71068217 0.47692382 0.07247964 0.16005193 0.38547109 0.5056813  0.48332221 0.28261938 0.66020794 0.31633026 0.33467416 0.49267127  0.70577576 0.50738373 0.45106056 0.43562281
0.60087978 0.6395923  0.05594569 0.30492914 0.4076458  0.53221942  0.64387106 0.15389081 0.55474973 0.41789498 0.40340217 0.50088291  0.6158481  0.52656429 0.63846324 0.4394358 
0.3427026  0.70955378 0.12030384 0.54687746 0.47782938 0.18762863  0.59736176 0.4766369  0.26541453 0.41958742 0.32553859 0.49004459  0.40793283 0.43990956 0.62038325 0.41137884
0.28810281 0.68674907 0.15003338 0.58939252 0.45884355 0.21397843  0.49386703 0.48196471 0.31573759 0.44033374 0.26555078 0.50986701  0.4471402  0.41503398 0.57730145 0.47394333
0.14247793 0.53938736 0.24365882 0.53404452 0.42253844 0.27112747  0.45620949 0.51872802 0.32529908 0.38751254 0.2274024  0.48361888  0.66175233 0.36597668 0.34671552 0.53073293
0.03514825 0.41370071 0.3248389  0.44709904 0.36559576 0.43311778  0.45442367 0.49253738 0.44112986 0.38365436 0.37825223 0.45061328  0.56697354 0.40307785 0.42249623 0.46734004
0.01779563 0.38669558 0.33863985 0.42004769 0.35385851 0.46460162  0.48109267 0.47190843 0.43452283 0.38595027 0.3992976  0.44733029  0.52908455 0.38078184 0.39373238 0.44873962
0.00039479 0.36283831 0.35232302 0.39930133 0.34523319 0.50234819  0.48417291 0.45702496 0.47508945 0.39693445 0.45000532 0.44589633  0.47476172 0.42761975 0.50206904 0.41641874
0.00039479 0.36283831 0.35232302 0.39930133 0.34523319 0.50234819  0.48417291 0.45702496 0.47508945 0.39693445 0.45000532 0.44589633  0.47476172 0.42761975 0.50206904 0.41641874
0.00039479 0.36283831 0.35232302 0.39930133 0.34523319 0.50234819  0.48417291 0.45702496 0.47508945 0.39693445 0.45000532 0.44589633  0.47476172 0.42761975 0.50206904 0.41641874
0.00039479 0.36283831 0.35232302 0.39930133 0.34523319 0.50234819  0.48417291 0.45702496 0.47508945 0.39693445 0.45000532 0.44589633  0.47476172 0.42761975 0.50206904 0.41641874
0.00039479 0.36283831 0.35232302 0.39930133 0.34523319 0.50234819  0.48417291 0.45702496 0.47508945 0.39693445 0.45000532 0.44589633  0.47476172 0.42761975 0.50206904 0.41641874
0.00039479 0.36283831 0.35232302 0.39930133 0.34523319 0.50234819  0.48417291 0.45702496 0.47508945 0.39693445 0.45000532 0.44589633  0.47476172 0.42761975 0.50206904 0.41641874
0.00039479 0.36283831 0.35232302 0.39930133 0.34523319 0.50234819  0.48417291 0.45702496 0.47508945 0.39693445 0.45000532 0.44589633  0.47476172 0.42761975 0.50206904 0.41641874
0.00039479 0.36283831 0.35232302 0.39930133 0.34523319 0.50234819  0.48417291 0.45702496 0.47508945 0.39693445 0.45000532 0.44589633  0.47476172 0.42761975 0.50206904 0.41641874
0.00039479 0.36283831 0.35232302 0.39930133 0.34523319 0.50234819  0.48417291 0.45702496 0.47508945 0.39693445 0.45000532 0.44589633  0.47476172 0.42761975 0.50206904 0.41641874
0.07117188 0.46942321 0.29829345 0.49968054 0.38391967 0.39962655  0.38768127 0.52380478 0.51131292 0.39598347 0.3937661  0.4582091  0.56762114 0.49660376 0.61654857 0.47025342
0.10702418 0.51670118 0.2732004  0.53538333 0.39462421 0.3607402  0.36787211 0.54551089 0.50298333 0.38152763 0.37978529 0.45241472  0.60748475 0.48092346 0.55875523 0.47005386
0.16111425 0.59453881 0.23205937 0.60360499 0.42127815 0.27386481  0.32775026 0.58734677 0.46627023 0.36231647 0.31339473 0.45493345  0.70127928 0.44628823 0.45380989 0.49883121
0.21634006 0.66382521 0.19953174 0.6490095  0.42452797 0.27723793  0.28637635 0.5838516  0.51399094 0.38721557 0.33826786 0.46579466  0.62211852 0.46879463 0.56848464 0.47614587
0.23476218 0.6886814  0.1873013  0.66667202 0.42877097 0.27141515  0.269237   0.58962159 0.5418727  0.38683453 0.3690882  0.46105598  0.59724024 0.49718258 0.62285176 0.44932239
0.25307047 0.69780928 0.18862004 0.6609331  0.4069594  0.34204588  0.25226334 0.55099495 0.56862376 0.42757281 0.33321304 0.48347661  0.59747792 0.4941596  0.64749484 0.49856979
0.25423702 0.68532432 0.19953805 0.63468289 0.37783301 0.43305409  0.26448344 0.49054972 0.59104896 0.47520866 0.33242109 0.504638  0.51504888 0.46565771 0.6733555  0.5192536 
0.25423702 0.68532432 0.19953805 0.63468289 0.37783301 0.43305409  0.26448344 0.49054972 0.59104896 0.47520866 0.33242109 0.504638  0.51504888 0.46565771 0.6733555  0.5192536 
0.27296107 0.70801289 0.18786991 0.64489945 0.38057452 0.42905979  0.2702022  0.48337475 0.58290884 0.47286626 0.35011407 0.50121688  0.4822085  0.44806255 0.64846197 0.49729337
0.32814182 0.77170362 0.15751807 0.67042581 0.3808457  0.44991599  0.25376018 0.48097045 0.64218099 0.46450094 0.4516513  0.47933088  0.44118245 0.47070012 0.66369342 0.45249362
0.32978295 0.78032561 0.17607669 0.65235552 0.44308253 0.46241829  0.24206544 0.4830601  0.6364922  0.49004568 0.4658734  0.49546848  0.4606999  0.47412404 0.65209235 0.4351035 
0.47422118 0.93833722 0.5745337  0.53515147 0.68716665 0.69375304  0.22548124 0.33296553 0.64791313 0.29906754 0.54918137 0.39762761  0.62392783 0.43393172 0.52705749 0.41454986
0.49918869 0.92962976 0.64334809 0.55614524 0.69159553 0.7030693  0.19155423 0.3300638  0.59387806 0.31701057 0.55289127 0.46472501  0.67721163 0.37804657 0.52040273 0.34888436
0.52294372 0.92596139 0.69498022 0.54083886 0.70513152 0.72992626  0.1840805  0.36307848 0.62459975 0.3540773  0.48001067 0.49776024  0.72273431 0.2877791  0.50819406 0.38797867
0.54023195 0.91653591 0.70929317 0.52436255 0.67876385 0.7716869  0.14765938 0.39237307 0.60414855 0.36047963 0.40180308 0.50709109  0.76477593 0.27447283 0.45406852 0.39338805
0.56976449 0.91437423 0.81651358 0.56434483 0.66722773 0.7276321  0.16400861 0.37661859 0.53245971 0.41532034 0.48450751 0.56978838  0.80299714 0.33765276 0.48302763 0.32988252
0.6434144  0.90364144 0.79750781 0.42227546 0.67820071 0.74486749  0.37014245 0.41076047 0.43988914 0.32871472 0.61360567 0.53277525  0.83651324 0.37318284 0.49299799 0.30458212
0.71313714 0.88359712 0.75508436 0.31208251 0.71960127 0.65801163  0.59462795 0.35812482 0.25389851 0.36173175 0.51871448 0.57924817  0.76433932 0.35126872 0.56627877 0.35237241
0.71301223 0.88036815 0.74793525 0.32048481 0.680578   0.64432374  0.6086963  0.35519114 0.26768127 0.35555853 0.48578632 0.53067932  0.75263452 0.36881057 0.56204194 0.33449788
0.73309076 0.87048617 0.76836931 0.26782573 0.70135058 0.63135246  0.64635232 0.43720104 0.33082681 0.43402993 0.46753136 0.45670005  0.83893728 0.38847111 0.51626282 0.34648814
0.74819233 0.84139159 0.76550368 0.23668131 0.69742911 0.60985031  0.63512129 0.49078928 0.362105   0.43189523 0.47068866 0.43895028  0.84441509 0.37738768 0.56719592 0.32123288
0.74698175 0.83285546 0.74561323 0.26005354 0.60617716 0.58633153  0.66345122 0.48334374 0.39029454 0.41897781 0.4042857  0.33893064  0.82239982 0.41411146 0.5528912  0.28639147
0.74352351 0.82148663 0.71576901 0.28476932 0.52756966 0.59062747  0.65218611 0.46481033 0.34503901 0.30878765 0.39760288 0.35168713  0.78459082 0.42859275 0.60282286 0.28303751
0.75749067 0.78607263 0.70596287 0.27804794 0.4704848  0.55879764  0.63910088 0.52044393 0.36330048 0.3256948  0.35182565 0.31693136  0.70015894 0.3808111  0.64423259 0.26436331
0.73143723 0.68060882 0.47791284 0.3165744  0.2646675  0.570295  0.57518504 0.58650383 0.26808809 0.25778852 0.40678803 0.48382594  0.59524252 0.24572274 0.7605099  0.34899244
0.71039969 0.61206981 0.29559028 0.2828019  0.19024244 0.57046204  0.57034898 0.59076451 0.34414876 0.28174947 0.3400654  0.51553603  0.60897094 0.26679988 0.76284635 0.40550101
0.75771389 0.44293715 0.16858946 0.15721982 0.27993872 0.51374373  0.4019153  0.52334125 0.47552554 0.40818382 0.25798565 0.53716035  0.51551575 0.40262806 0.56425594 0.31277104
0.78254884 0.3746008  0.1504548  0.16500338 0.31543311 0.4848734  0.33907615 0.42445262 0.51639189 0.38347495 0.27774416 0.5197347  0.51870536 0.30688673 0.48119685 0.25730451
0.79649193 0.34119151 0.14744437 0.15281633 0.32236126 0.44874345  0.30780036 0.43813223 0.55163293 0.36013155 0.32710813 0.51463293  0.47766208 0.31182198 0.41533923 0.25461197
0.79649193 0.34119151 0.14744437 0.15281633 0.32236126 0.44874345  0.30780036 0.43813223 0.55163293 0.36013155 0.32710813 0.51463293  0.47766208 0.31182198 0.41533923 0.25461197
0.81186452 0.28122951 0.1340051  0.24085807 0.37429971 0.51245021  0.29403187 0.43233594 0.45912058 0.34880641 0.34124761 0.40475984  0.50749843 0.26722729 0.51020093 0.30178221
0.81186452 0.28122951 0.1340051  0.24085807 0.37429971 0.51245021  0.29403187 0.43233594 0.45912058 0.34880641 0.34124761 0.40475984  0.50749843 0.26722729 0.51020093 0.30178221
0.79976861 0.28924249 0.10165895 0.21089227 0.39770546 0.51703425  0.30051236 0.44745396 0.50904186 0.34431643 0.31704479 0.38743006  0.44418647 0.24600473 0.50616115 0.38070141
0.79976861 0.28924249 0.10165895 0.21089227 0.39770546 0.51703425  0.30051236 0.44745396 0.50904186 0.34431643 0.31704479 0.38743006  0.44418647 0.24600473 0.50616115 0.38070141
0.80546256 0.26576505 0.09542309 0.25588116 0.4274313  0.55672003  0.31786192 0.45907394 0.49229513 0.32861952 0.28819901 0.35208968  0.45082667 0.25076144 0.57115991 0.36536967
0.80546256 0.26576505 0.09542309 0.25588116 0.4274313  0.55672003  0.31786192 0.45907394 0.49229513 0.32861952 0.28819901 0.35208968  0.45082667 0.25076144 0.57115991 0.36536967
0.80546256 0.26576505 0.09542309 0.25588116 0.4274313  0.55672003  0.31786192 0.45907394 0.49229513 0.32861952 0.28819901 0.35208968  0.45082667 0.25076144 0.57115991 0.36536967
0.80546256 0.26576505 0.09542309 0.25588116 0.4274313  0.55672003  0.31786192 0.45907394 0.49229513 0.32861952 0.28819901 0.35208968  0.45082667 0.25076144 0.57115991 0.36536967
0.80546256 0.26576505 0.09542309 0.25588116 0.4274313  0.55672003  0.31786192 0.45907394 0.49229513 0.32861952 0.28819901 0.35208968  0.45082667 0.25076144 0.57115991 0.36536967
0.80546256 0.26576505 0.09542309 0.25588116 0.4274313  0.55672003  0.31786192 0.45907394 0.49229513 0.32861952 0.28819901 0.35208968  0.45082667 0.25076144 0.57115991 0.36536967
0.80546256 0.26576505 0.09542309 0.25588116 0.4274313  0.55672003  0.31786192 0.45907394 0.49229513 0.32861952 0.28819901 0.35208968  0.45082667 0.25076144 0.57115991 0.36536967
0.80546256 0.26576505 0.09542309 0.25588116 0.4274313  0.55672003  0.31786192 0.45907394 0.49229513 0.32861952 0.28819901 0.35208968  0.45082667 0.25076144 0.57115991 0.36536967
0.80546256 0.26576505 0.09542309 0.25588116 0.4274313  0.55672003  0.31786192 0.45907394 0.49229513 0.32861952 0.28819901 0.35208968  0.45082667 0.25076144 0.57115991 0.36536967
0.77429186 0.30444772 0.06543079 0.27440059 0.45740093 0.55383169  0.38505175 0.37615393 0.54602964 0.29292322 0.34403398 0.33738854  0.5118239  0.28071109 0.60646115 0.42157273
0.74628382 0.38416898 0.06534162 0.18761726 0.4191471  0.49906929  0.41005798 0.3231201  0.63850714 0.2908637  0.38024337 0.41965272  0.61051262 0.36134365 0.46543774 0.43063476
0.69185673 0.48438806 0.05466892 0.19315826 0.42091374 0.47647138  0.51356471 0.22512786 0.67034322 0.30620912 0.42621503 0.46389136  0.68473032 0.45383515 0.47701915 0.40585038
0.63000552 0.5781528  0.04982879 0.26916744 0.42654432 0.48754939  0.59499642 0.16375572 0.61628292 0.37766414 0.43294263 0.48906137  0.59230516 0.46651861 0.62568346 0.4164442 
0.60028126 0.637881   0.06222576 0.31222233 0.41063519 0.52783069  0.6133763  0.28040173 0.54726323 0.37301699 0.54511342 0.43750005  0.55524392 0.3131726  0.52698901 0.39994098
0.51599179 0.70095603 0.06599155 0.43107086 0.43751886 0.44577818  0.62877717 0.2266566  0.45038309 0.43991342 0.47085518 0.47399417  0.41465388 0.37396566 0.61675936 0.35903231
0.39910618 0.7582726  0.10187094 0.54057924 0.44743648 0.30075081  0.60300658 0.41020626 0.33357889 0.45503715 0.41465291 0.49013869  0.30705307 0.4289869  0.64415757 0.39171327
0.3427026  0.70955378 0.12030384 0.54687746 0.47782938 0.18762863  0.59736176 0.4766369  0.26541453 0.41958742 0.32553859 0.49004459  0.40793283 0.43990956 0.62038325 0.41137884
0.28789067 0.69236764 0.14426571 0.59969813 0.47560329 0.16314422  0.50045994 0.50453736 0.28645284 0.40603301 0.26796056 0.49228663  0.49882729 0.42289847 0.51481512 0.44564443
0.28789067 0.69236764 0.14426571 0.59969813 0.47560329 0.16314422  0.50045994 0.50453736 0.28645284 0.40603301 0.26796056 0.49228663  0.49882729 0.42289847 0.51481512 0.44564443
0.21512321 0.63989783 0.19380387 0.61292924 0.44463089 0.22415311  0.37757584 0.55822676 0.41113131 0.38706164 0.28169464 0.47744909  0.64226971 0.45871298 0.52152952 0.48947342
0.16123435 0.59264548 0.23205319 0.59968846 0.42211742 0.26511493  0.34335479 0.58569298 0.43706045 0.34821168 0.30516717 0.44867234  0.72476046 0.42610438 0.38225639 0.4813633 
0.12527381 0.54220859 0.25761048 0.55760475 0.40846099 0.30142766  0.38272777 0.55895235 0.40999438 0.35511677 0.30119955 0.45203371  0.69429696 0.3891966  0.33531862 0.48793813
0.12527381 0.54220859 0.25761048 0.55760475 0.40846099 0.30142766  0.38272777 0.55895235 0.40999438 0.35511677 0.30119955 0.45203371  0.69429696 0.3891966  0.33531862 0.48793813
0.00039479 0.36283831 0.35232302 0.39930133 0.34523319 0.50234819  0.48417291 0.45702496 0.47508945 0.39693445 0.45000532 0.44589633  0.47476172 0.42761975 0.50206904 0.41641874
0.00039479 0.36283831 0.35232302 0.39930133 0.34523319 0.50234819  0.48417291 0.45702496 0.47508945 0.39693445 0.45000532 0.44589633  0.47476172 0.42761975 0.50206904 0.41641874
0.00039479 0.36283831 0.35232302 0.39930133 0.34523319 0.50234819  0.48417291 0.45702496 0.47508945 0.39693445 0.45000532 0.44589633  0.47476172 0.42761975 0.50206904 0.41641874
0.00039479 0.36283831 0.35232302 0.39930133 0.34523319 0.50234819  0.48417291 0.45702496 0.47508945 0.39693445 0.45000532 0.44589633  0.47476172 0.42761975 0.50206904 0.41641874
0.00039479 0.36283831 0.35232302 0.39930133 0.34523319 0.50234819  0.48417291 0.45702496 0.47508945 0.39693445 0.45000532 0.44589633  0.47476172 0.42761975 0.50206904 0.41641874
0.00039479 0.36283831 0.35232302 0.39930133 0.34523319 0.50234819  0.48417291 0.45702496 0.47508945 0.39693445 0.45000532 0.44589633  0.47476172 0.42761975 0.50206904 0.41641874
0.00039479 0.36283831 0.35232302 0.39930133 0.34523319 0.50234819  0.48417291 0.45702496 0.47508945 0.39693445 0.45000532 0.44589633  0.47476172 0.42761975 0.50206904 0.41641874
0.00039479 0.36283831 0.35232302 0.39930133 0.34523319 0.50234819  0.48417291 0.45702496 0.47508945 0.39693445 0.45000532 0.44589633  0.47476172 0.42761975 0.50206904 0.41641874
0.00039479 0.36283831 0.35232302 0.39930133 0.34523319 0.50234819  0.48417291 0.45702496 0.47508945 0.39693445 0.45000532 0.44589633  0.47476172 0.42761975 0.50206904 0.41641874
0.00039479 0.36283831 0.35232302 0.39930133 0.34523319 0.50234819  0.48417291 0.45702496 0.47508945 0.39693445 0.45000532 0.44589633  0.47476172 0.42761975 0.50206904 0.41641874
0.00039479 0.36283831 0.35232302 0.39930133 0.34523319 0.50234819  0.48417291 0.45702496 0.47508945 0.39693445 0.45000532 0.44589633  0.47476172 0.42761975 0.50206904 0.41641874
0.00039479 0.36283831 0.35232302 0.39930133 0.34523319 0.50234819  0.48417291 0.45702496 0.47508945 0.39693445 0.45000532 0.44589633  0.47476172 0.42761975 0.50206904 0.41641874
0.00039479 0.36283831 0.35232302 0.39930133 0.34523319 0.50234819  0.48417291 0.45702496 0.47508945 0.39693445 0.45000532 0.44589633  0.47476172 0.42761975 0.50206904 0.41641874
0.00039479 0.36283831 0.35232302 0.39930133 0.34523319 0.50234819  0.48417291 0.45702496 0.47508945 0.39693445 0.45000532 0.44589633  0.47476172 0.42761975 0.50206904 0.41641874
0.00039479 0.36283831 0.35232302 0.39930133 0.34523319 0.50234819  0.48417291 0.45702496 0.47508945 0.39693445 0.45000532 0.44589633  0.47476172 0.42761975 0.50206904 0.41641874
0.00039479 0.36283831 0.35232302 0.39930133 0.34523319 0.50234819  0.48417291 0.45702496 0.47508945 0.39693445 0.45000532 0.44589633  0.47476172 0.42761975 0.50206904 0.41641874
0.00039479 0.36283831 0.35232302 0.39930133 0.34523319 0.50234819  0.48417291 0.45702496 0.47508945 0.39693445 0.45000532 0.44589633  0.47476172 0.42761975 0.50206904 0.41641874
0.00039479 0.36283831 0.35232302 0.39930133 0.34523319 0.50234819  0.48417291 0.45702496 0.47508945 0.39693445 0.45000532 0.44589633  0.47476172 0.42761975 0.50206904 0.41641874
0.00039479 0.36283831 0.35232302 0.39930133 0.34523319 0.50234819  0.48417291 0.45702496 0.47508945 0.39693445 0.45000532 0.44589633  0.47476172 0.42761975 0.50206904 0.41641874
0.00039479 0.36283831 0.35232302 0.39930133 0.34523319 0.50234819  0.48417291 0.45702496 0.47508945 0.39693445 0.45000532 0.44589633  0.47476172 0.42761975 0.50206904 0.41641874
0.00039479 0.36283831 0.35232302 0.39930133 0.34523319 0.50234819  0.48417291 0.45702496 0.47508945 0.39693445 0.45000532 0.44589633  0.47476172 0.42761975 0.50206904 0.41641874
0.00039479 0.36283831 0.35232302 0.39930133 0.34523319 0.50234819  0.48417291 0.45702496 0.47508945 0.39693445 0.45000532 0.44589633  0.47476172 0.42761975 0.50206904 0.41641874
0.00039479 0.36283831 0.35232302 0.39930133 0.34523319 0.50234819  0.48417291 0.45702496 0.47508945 0.39693445 0.45000532 0.44589633  0.47476172 0.42761975 0.50206904 0.41641874
0.00039479 0.36283831 0.35232302 0.39930133 0.34523319 0.50234819  0.48417291 0.45702496 0.47508945 0.39693445 0.45000532 0.44589633  0.47476172 0.42761975 0.50206904 0.41641874
