0.00039479 0.36283831 0.35232302 0.39930133 0.34523319 0.50234819  0.48417291 0.45702496 0.47508945 0.39693445 0.45000532 0.44589633  0.47476172 0.42761975 0.50206904 0.41641874
0.00039479 0.36283831 0.35232302 0.39930133 0.34523319 0.50234819  0.48417291 0.45702496 0.47508945 0.39693445 0.45000532 0.44589633  0.47476172 0.42761975 0.50206904 0.41641874
0.00039479 0.36283831 0.35232302 0.39930133 0.34523319 0.50234819  0.48417291 0.45702496 0.47508945 0.39693445 0.45000532 0.44589633  0.47476172 0.42761975 0.50206904 0.41641874
0.00039479 0.36283831 0.35232302 0.39930133 0.34523319 0.50234819  0.48417291 0.45702496 0.47508945 0.39693445 0.45000532 0.44589633  0.47476172 0.42761975 0.50206904 0.41641874
0.00039479 0.36283831 0.35232302 0.39930133 0.34523319 0.50234819  0.48417291 0.45702496 0.47508945 0.39693445 0.45000532 0.44589633  0.47476172 0.42761975 0.50206904 0.41641874
0.00039479 0.36283831 0.35232302 0.39930133 0.34523319 0.50234819  0.48417291 0.45702496 0.47508945 0.39693445 0.45000532 0.44589633  0.47476172 0.42761975 0.50206904 0.41641874
0.00039479 0.36283831 0.35232302 0.39930133 0.34523319 0.50234819  0.48417291 0.45702496 0.47508945 0.39693445 0.45000532 0.44589633  0.47476172 0.42761975 0.50206904 0.41641874
0.00039479 0.36283831 0.35232302 0.39930133 0.34523319 0.50234819  0.48417291 0.45702496 0.47508945 0.39693445 0.45000532 0.44589633  0.47476172 0.42761975 0.50206904 0.41641874
0.00039479 0.36283831 0.35232302 0.39930133 0.34523319 0.50234819  0.48417291 0.45702496 0.47508945 0.39693445 0.45000532 0.44589633  0.47476172 0.42761975 0.50206904 0.41641874
0.00039479 0.36283831 0.35232302 0.39930133 0.34523319 0.50234819  0.48417291 0.45702496 0.47508945 0.39693445 0.45000532 0.44589633  0.47476172 0.42761975 0.50206904 0.41641874
0.00039479 0.36283831 0.35232302 0.39930133 0.34523319 0.50234819  0.48417291 0.45702496 0.47508945 0.39693445 0.45000532 0.44589633  0.47476172 0.42761975 0.50206904 0.41641874
0.00039479 0.36283831 0.35232302 0.39930133 0.34523319 0.50234819  0.48417291 0.45702496 0.47508945 0.39693445 0.45000532 0.44589633  0.47476172 0.42761975 0.50206904 0.41641874
0.00039479 0.36283831 0.35232302 0.39930133 0.34523319 0.50234819  0.48417291 0.45702496 0.47508945 0.39693445 0.45000532 0.44589633  0.47476172 0.42761975 0.50206904 0.41641874
0.00039479 0.36283831 0.35232302 0.39930133 0.34523319 0.50234819  0.48417291 0.45702496 0.47508945 0.39693445 0.45000532 0.44589633  0.47476172 0.42761975 0.50206904 0.41641874
0.00039479 0.36283831 0.35232302 0.39930133 0.34523319 0.50234819  0.48417291 0.45702496 0.47508945 0.39693445 0.45000532 0.44589633  0.47476172 0.42761975 0.50206904 0.41641874
0.00039479 0.36283831 0.35232302 0.39930133 0.34523319 0.50234819  0.48417291 0.45702496 0.47508945 0.39693445 0.45000532 0.44589633  0.47476172 0.42761975 0.50206904 0.41641874
0.00039479 0.36283831 0.35232302 0.39930133 0.34523319 0.50234819  0.48417291 0.45702496 0.47508945 0.39693445 0.45000532 0.44589633  0.47476172 0.42761975 0.50206904 0.41641874
0.00039479 0.36283831 0.35232302 0.39930133 0.34523319 0.50234819  0.48417291 0.45702496 0.47508945 0.39693445 0.45000532 0.44589633  0.47476172 0.42761975 0.50206904 0.41641874
0.00039479 0.36283831 0.35232302 0.39930133 0.34523319 0.50234819  0.48417291 0.45702496 0.47508945 0.39693445 0.45000532 0.44589633  0.47476172 0.42761975 0.50206904 0.41641874
0.00039479 0.36283831 0.35232302 0.39930133 0.34523319 0.50234819  0.48417291 0.45702496 0.47508945 0.39693445 0.45000532 0.44589633  0.47476172 0.42761975 0.50206904 0.41641874
0.00039479 0.36283831 0.35232302 0.39930133 0.34523319 0.50234819  0.48417291 0.45702496 0.47508945 0.39693445 0.45000532 0.44589633  0.47476172 0.42761975 0.50206904 0.41641874
0.00039479 0.36283831 0.35232302 0.39930133 0.34523319 0.50234819  0.48417291 0.45702496 0.47508945 0.39693445 0.45000532 0.44589633  0.47476172 0.42761975 0.50206904 0.41641874
0.00039479 0.36283831 0.35232302 0.39930133 0.34523319 0.50234819  0.48417291 0.45702496 0.47508945 0.39693445 0.45000532 0.44589633  0.47476172 0.42761975 0.50206904 0.41641874
0.00039479 0.36283831 0.35232302 0.39930133 0.34523319 0.50234819  0.48417291 0.45702496 0.47508945 0.39693445 0.45000532 0.44589633  0.47476172 0.42761975 0.50206904 0.41641874
0.00039479 0.36283831 0.35232302 0.39930133 0.34523319 0.50234819  0.48417291 0.45702496 0.47508945 0.39693445 0.45000532 0.44589633  0.47476172 0.42761975 0.50206904 0.41641874
0.00039479 0.36283831 0.35232302 0.39930133 0.34523319 0.50234819  0.48417291 0.45702496 0.47508945 0.39693445 0.45000532 0.44589633  0.47476172 0.42761975 0.50206904 0.41641874
0.00039479 0.36283831 0.35232302 0.39930133 0.34523319 0.50234819  0.48417291 0.45702496 0.47508945 0.39693445 0.45000532 0.44589633  0.47476172 0.42761975 0.50206904 0.41641874
0.00039479 0.36283831 0.35232302 0.39930133 0.34523319 0.50234819  0.48417291 0.45702496 0.47508945 0.39693445 0.45000532 0.44589633  0.47476172 0.42761975 0.50206904 0.41641874
0.00039479 0.36283831 0.35232302 0.39930133 0.34523319 0.50234819  0.48417291 0.45702496 0.47508945 0.39693445 0.45000532 0.44589633  0.47476172 0.42761975 0.50206904 0.41641874
0.00039479 0.36283831 0.35232302 0.39930133 0.34523319 0.50234819  0.48417291 0.45702496 0.47508945 0.39693445 0.45000532 0.44589633  0.47476172 0.42761975 0.50206904 0.41641874
0.00039479 0.36283831 0.35232302 0.39930133 0.34523319 0.50234819  0.48417291 0.45702496 0.47508945 0.39693445 0.45000532 0.44589633  0.47476172 0.42761975 0.50206904 0.41641874
0.00039479 0.36283831 0.35232302 0.39930133 0.34523319 0.50234819  0.48417291 0.45702496 0.47508945 0.39693445 0.45000532 0.44589633  0.47476172 0.42761975 0.50206904 0.41641874
0.00039479 0.36283831 0.35232302 0.39930133 0.34523319 0.50234819  0.48417291 0.45702496 0.47508945 0.39693445 0.45000532 0.44589633  0.47476172 0.42761975 0.50206904 0.41641874
0.00039479 0.36283831 0.35232302 0.39930133 0.34523319 0.50234819  0.48417291 0.45702496 0.47508945 0.39693445 0.45000532 0.44589633  0.47476172 0.42761975 0.50206904 0.41641874
0.00039479 0.36283831 0.35232302 0.39930133 0.34523319 0.50234819  0.48417291 0.45702496 0.47508945 0.39693445 0.45000532 0.44589633  0.47476172 0.42761975 0.50206904 0.41641874
0.00039479 0.36283831 0.35232302 0.39930133 0.34523319 0.50234819  0.48417291 0.45702496 0.47508945 0.39693445 0.45000532 0.44589633  0.47476172 0.42761975 0.50206904 0.41641874
0.00039479 0.36283831 0.35232302 0.39930133 0.34523319 0.50234819  0.48417291 0.45702496 0.47508945 0.39693445 0.45000532 0.44589633  0.47476172 0.42761975 0.50206904 0.41641874
0.00039479 0.36283831 0.35232302 0.39930133 0.34523319 0.50234819  0.48417291 0.45702496 0.47508945 0.39693445 0.45000532 0.44589633  0.47476172 0.42761975 0.50206904 0.41641874
0.00039479 0.36283831 0.35232302 0.39930133 0.34523319 0.50234819  0.48417291 0.45702496 0.47508945 0.39693445 0.45000532 0.44589633  0.47476172 0.42761975 0.50206904 0.41641874
0.00039479 0.36283831 0.35232302 0.39930133 0.34523319 0.50234819  0.48417291 0.45702496 0.47508945 0.39693445 0.45000532 0.44589633  0.47476172 0.42761975 0.50206904 0.41641874
0.00039479 0.36283831 0.35232302 0.39930133 0.34523319 0.50234819  0.48417291 0.45702496 0.47508945 0.39693445 0.45000532 0.44589633  0.47476172 0.42761975 0.50206904 0.41641874
0.00039479 0.36283831 0.35232302 0.39930133 0.34523319 0.50234819  0.48417291 0.45702496 0.47508945 0.39693445 0.45000532 0.44589633  0.47476172 0.42761975 0.50206904 0.41641874
0.00039479 0.36283831 0.35232302 0.39930133 0.34523319 0.50234819  0.48417291 0.45702496 0.47508945 0.39693445 0.45000532 0.44589633  0.47476172 0.42761975 0.50206904 0.41641874
0.00039479 0.36283831 0.35232302 0.39930133 0.34523319 0.50234819  0.48417291 0.45702496 0.47508945 0.39693445 0.45000532 0.44589633  0.47476172 0.42761975 0.50206904 0.41641874
0.00039479 0.36283831 0.35232302 0.39930133 0.34523319 0.50234819  0.48417291 0.45702496 0.47508945 0.39693445 0.45000532 0.44589633  0.47476172 0.42761975 0.50206904 0.41641874
0.00039479 0.36283831 0.35232302 0.39930133 0.34523319 0.50234819  0.48417291 0.45702496 0.47508945 0.39693445 0.45000532 0.44589633  0.47476172 0.42761975 0.50206904 0.41641874
0.00039479 0.36283831 0.35232302 0.39930133 0.34523319 0.50234819  0.48417291 0.45702496 0.47508945 0.39693445 0.45000532 0.44589633  0.47476172 0.42761975 0.50206904 0.41641874
0.00039479 0.36283831 0.35232302 0.39930133 0.34523319 0.50234819  0.48417291 0.45702496 0.47508945 0.39693445 0.45000532 0.44589633  0.47476172 0.42761975 0.50206904 0.41641874
0.00039479 0.36283831 0.35232302 0.39930133 0.34523319 0.50234819  0.48417291 0.45702496 0.47508945 0.39693445 0.45000532 0.44589633  0.47476172 0.42761975 0.50206904 0.41641874
0.00039479 0.36283831 0.35232302 0.39930133 0.34523319 0.50234819  0.48417291 0.45702496 0.47508945 0.39693445 0.45000532 0.44589633  0.47476172 0.42761975 0.50206904 0.41641874
0.00039479 0.36283831 0.35232302 0.39930133 0.34523319 0.50234819  0.48417291 0.45702496 0.47508945 0.39693445 0.45000532 0.44589633  0.47476172 0.42761975 0.50206904 0.41641874
0.00039479 0.36283831 0.35232302 0.39930133 0.34523319 0.50234819  0.48417291 0.45702496 0.47508945 0.39693445 0.45000532 0.44589633  0.47476172 0.42761975 0.50206904 0.41641874
0.00039479 0.36283831 0.35232302 0.39930133 0.34523319 0.50234819  0.48417291 0.45702496 0.47508945 0.39693445 0.45000532 0.44589633  0.47476172 0.42761975 0.50206904 0.41641874
0.00039479 0.36283831 0.35232302 0.39930133 0.34523319 0.50234819  0.48417291 0.45702496 0.47508945 0.39693445 0.45000532 0.44589633  0.47476172 0.42761975 0.50206904 0.41641874
0.00039479 0.36283831 0.35232302 0.39930133 0.34523319 0.50234819  0.48417291 0.45702496 0.47508945 0.39693445 0.45000532 0.44589633  0.47476172 0.42761975 0.50206904 0.41641874
0.00039479 0.36283831 0.35232302 0.39930133 0.34523319 0.50234819  0.48417291 0.45702496 0.47508945 0.39693445 0.45000532 0.44589633  0.47476172 0.42761975 0.50206904 0.41641874
0.00039479 0.36283831 0.35232302 0.39930133 0.34523319 0.50234819  0.48417291 0.45702496 0.47508945 0.39693445 0.45000532 0.44589633  0.47476172 0.42761975 0.50206904 0.41641874
0.00039479 0.36283831 0.35232302 0.39930133 0.34523319 0.50234819  0.48417291 0.45702496 0.47508945 0.39693445 0.45000532 0.44589633  0.47476172 0.42761975 0.50206904 0.41641874
0.00039479 0.36283831 0.35232302 0.39930133 0.34523319 0.50234819  0.48417291 0.45702496 0.47508945 0.39693445 0.45000532 0.44589633  0.47476172 0.42761975 0.50206904 0.41641874
0.00039479 0.36283831 0.35232302 0.39930133 0.34523319 0.50234819  0.48417291 0.45702496 0.47508945 0.39693445 0.45000532 0.44589633  0.47476172 0.42761975 0.50206904 0.41641874
0.00039479 0.36283831 0.35232302 0.39930133 0.34523319 0.50234819  0.48417291 0.45702496 0.47508945 0.39693445 0.45000532 0.44589633  0.47476172 0.42761975 0.50206904 0.41641874
0.00039479 0.36283831 0.35232302 0.39930133 0.34523319 0.50234819  0.48417291 0.45702496 0.47508945 0.39693445 0.45000532 0.44589633  0.47476172 0.42761975 0.50206904 0.41641874
0.00039479 0.36283831 0.35232302 0.39930133 0.34523319 0.50234819  0.48417291 0.45702496 0.47508945 0.39693445 0.45000532 0.44589633  0.47476172 0.42761975 0.50206904 0.41641874
0.00039479 0.36283831 0.35232302 0.39930133 0.34523319 0.50234819  0.48417291 0.45702496 0.47508945 0.39693445 0.45000532 0.44589633  0.47476172 0.42761975 0.50206904 0.41641874
0.16376571 0.55940706 0.26699321 0.52877545 0.33821472 0.57173048  0.31773084 0.42681859 0.65766368 0.51360846 0.42692232 0.50664264  0.38379952 0.52650473 0.85291119 0.5089872 
0.2182624  0.63716421 0.2265676  0.59382653 0.36324035 0.49962831  0.2775839  0.45935927 0.64403407 0.50132495 0.39612392 0.50697812  0.42323538 0.51577483 0.81417791 0.5123552 
0.34772095 0.77026708 0.1626763  0.62400631 0.34595517 0.5596356  0.28750832 0.4518778  0.68282897 0.46039122 0.54084383 0.45887351  0.45630712 0.43631166 0.56733344 0.47070166
0.45769011 0.81091681 0.14822078 0.55104837 0.28538645 0.69569411  0.36274502 0.43109521 0.57012433 0.46118968 0.48009098 0.45561706  0.43482895 0.33072119 0.35071193 0.43893896
0.59787761 0.73134667 0.12022963 0.27059545 0.29584709 0.67845973  0.66056277 0.55335991 0.40061692 0.40211321 0.42785235 0.44404497  0.69609507 0.42322775 0.46911648 0.50576494
0.67523534 0.61290278 0.17051998 0.19586766 0.24051593 0.63049618  0.51527021 0.79503703 0.34025396 0.45028408 0.34020075 0.47526855  0.40655964 0.24543123 0.58471424 0.44300899
0.67523534 0.61290278 0.17051998 0.19586766 0.24051593 0.63049618  0.51527021 0.79503703 0.34025396 0.45028408 0.34020075 0.47526855  0.40655964 0.24543123 0.58471424 0.44300899
0.75673034 0.43159704 0.17102668 0.16514246 0.27012072 0.46840756  0.37423196 0.68980545 0.47700853 0.39823768 0.48061179 0.48792  0.34351301 0.3197626  0.37517724 0.34997186
0.78098158 0.39190493 0.19583249 0.19108796 0.25810554 0.43925004  0.34170217 0.59862081 0.47308604 0.41330632 0.49963595 0.52416041  0.40398274 0.34462087 0.32069842 0.28337135
0.80810094 0.32956696 0.177242   0.17572889 0.28557861 0.41708067  0.30862034 0.44460803 0.51903947 0.42567364 0.3891754  0.56060476  0.44447071 0.3850765  0.39194304 0.26192277
0.83716978 0.29564719 0.25018001 0.25890745 0.23057138 0.35689674  0.33538447 0.4250006  0.47969092 0.5058281  0.54253153 0.62704758  0.51364894 0.45525201 0.38264787 0.29322891
0.83716978 0.29564719 0.25018001 0.25890745 0.23057138 0.35689674  0.33538447 0.4250006  0.47969092 0.5058281  0.54253153 0.62704758  0.51364894 0.45525201 0.38264787 0.29322891
0.83716978 0.29564719 0.25018001 0.25890745 0.23057138 0.35689674  0.33538447 0.4250006  0.47969092 0.5058281  0.54253153 0.62704758  0.51364894 0.45525201 0.38264787 0.29322891
0.83716978 0.29564719 0.25018001 0.25890745 0.23057138 0.35689674  0.33538447 0.4250006  0.47969092 0.5058281  0.54253153 0.62704758  0.51364894 0.45525201 0.38264787 0.29322891
0.83716978 0.29564719 0.25018001 0.25890745 0.23057138 0.35689674  0.33538447 0.4250006  0.47969092 0.5058281  0.54253153 0.62704758  0.51364894 0.45525201 0.38264787 0.29322891
0.83716978 0.29564719 0.25018001 0.25890745 0.23057138 0.35689674  0.33538447 0.4250006  0.47969092 0.5058281  0.54253153 0.62704758  0.51364894 0.45525201 0.38264787 0.29322891
0.84926569 0.28763421 0.28252616 0.28887326 0.20716564 0.35231269  0.32890398 0.40988258 0.42976964 0.51031808 0.56673435 0.64437737  0.57696089 0.47647457 0.38668764 0.21430972
0.85687708 0.25777663 0.27641372 0.33346995 0.23234557 0.38197357  0.32204889 0.4098329  0.38083837 0.50483744 0.58086682 0.59038503  0.58983112 0.4542442  0.42561747 0.24144046
0.85687708 0.25777663 0.27641372 0.33346995 0.23234557 0.38197357  0.32204889 0.4098329  0.38083837 0.50483744 0.58086682 0.59038503  0.58983112 0.4542442  0.42561747 0.24144046
0.85687708 0.25777663 0.27641372 0.33346995 0.23234557 0.38197357  0.32204889 0.4098329  0.38083837 0.50483744 0.58086682 0.59038503  0.58983112 0.4542442  0.42561747 0.24144046
0.85687708 0.25777663 0.27641372 0.33346995 0.23234557 0.38197357  0.32204889 0.4098329  0.38083837 0.50483744 0.58086682 0.59038503  0.58983112 0.4542442  0.42561747 0.24144046
0.87967171 0.16998599 0.2647059  0.47033083 0.30303348 0.45721976  0.3148075  0.39988712 0.26399182 0.52981753 0.63174271 0.43413212  0.59607676 0.4837953  0.45527801 0.41125418
0.87967171 0.16998599 0.2647059  0.47033083 0.30303348 0.45721976  0.3148075  0.39988712 0.26399182 0.52981753 0.63174271 0.43413212  0.59607676 0.4837953  0.45527801 0.41125418
0.90545382 0.09136601 0.28389521 0.68609421 0.3857807  0.58218685  0.48698486 0.51333208 0.35934419 0.44989321 0.47379791 0.44725378  0.48091049 0.61576045 0.44997715 0.33492738
0.94366554 0.04543065 0.40108208 0.92634265 0.41902439 0.61118775  0.76394087 0.57131413 0.66472502 0.23021745 0.3599827  0.72022218  0.42165516 0.52900376 0.32480672 0.3719257 
0.95259776 0.04583133 0.43688302 0.96531098 0.42415466 0.61707223  0.81019201 0.57004462 0.71416896 0.14454968 0.30926719 0.75775032  0.38840581 0.54595338 0.30744055 0.3393946 
0.96012717 0.04388363 0.46883119 0.99645021 0.43139911 0.59806522  0.88215515 0.58854144 0.82013435 0.15380414 0.26252326 0.77082415  0.35289557 0.49097739 0.29739513 0.35903929
0.96012717 0.04388363 0.46883119 0.99645021 0.43139911 0.59806522  0.88215515 0.58854144 0.82013435 0.15380414 0.26252326 0.77082415  0.35289557 0.49097739 0.29739513 0.35903929
0.96012717 0.04388363 0.46883119 0.99645021 0.43139911 0.59806522  0.88215515 0.58854144 0.82013435 0.15380414 0.26252326 0.77082415  0.35289557 0.49097739 0.29739513 0.35903929
0.96601891 0.05657467 0.50306828 0.99315363 0.42727902 0.58429023  0.8976673  0.57849415 0.83273913 0.12926913 0.23514998 0.73082356  0.31555729 0.51048783 0.28093183 0.38224436
0.96601891 0.05657467 0.50306828 0.99315363 0.42727902 0.58429023  0.8976673  0.57849415 0.83273913 0.12926913 0.23514998 0.73082356  0.31555729 0.51048783 0.28093183 0.38224436
0.96012717 0.04388363 0.46883119 0.99645021 0.43139911 0.59806522  0.88215515 0.58854144 0.82013435 0.15380414 0.26252326 0.77082415  0.35289557 0.49097739 0.29739513 0.35903929
0.96012717 0.04388363 0.46883119 0.99645021 0.43139911 0.59806522  0.88215515 0.58854144 0.82013435 0.15380414 0.26252326 0.77082415  0.35289557 0.49097739 0.29739513 0.35903929
0.95972989 0.04560349 0.46884727 0.98998889 0.42800631 0.59403868  0.87258966 0.5824893  0.80747071 0.16258434 0.27507479 0.75886211  0.36869576 0.47798198 0.31454395 0.36835099
0.95792684 0.05377174 0.46824879 0.96099092 0.41621792 0.57835465  0.83321429 0.55759858 0.75813234 0.18863973 0.31246092 0.71035436  0.40640271 0.4556715  0.3693435  0.39732642
0.95749598 0.05573402 0.46862044 0.95449523 0.41204855 0.57274453  0.82477942 0.55030539 0.74875492 0.19668515 0.32670311 0.69846205  0.42567363 0.43146377 0.38975099 0.41495387
0.94917196 0.06201499 0.43881931 0.9145386  0.39650484 0.57721131  0.7505482  0.51699177 0.6528967  0.18990738 0.38792478 0.6816708  0.47368339 0.44879135 0.40532212 0.44788283
0.94301111 0.05075309 0.40396993 0.90535214 0.39233123 0.57347345  0.75087258 0.53462907 0.64526279 0.26594611 0.39700681 0.66517606  0.51237685 0.43270552 0.42593459 0.39696289
0.92676193 0.08214651 0.36090731 0.77350333 0.3761927  0.56756566  0.56174033 0.46378044 0.38779953 0.29441539 0.49508603 0.53114655  0.60203684 0.47347535 0.5855896  0.35909586
0.9188284  0.07703945 0.32483639 0.75140913 0.37963173 0.57322407  0.53849482 0.48189763 0.36579194 0.3614565  0.5173253  0.52683059  0.60376455 0.48698117 0.56145245 0.3564839 
0.90587786 0.09621277 0.28846706 0.66665326 0.37510126 0.5646548  0.45578763 0.47367755 0.30209807 0.45057107 0.52535456 0.44743139  0.59039448 0.55658926 0.53558914 0.30835629
0.89685834 0.09589959 0.2527525  0.64186831 0.39448979 0.58583632  0.42913868 0.48982005 0.2915864  0.4588925  0.51507659 0.43767383  0.54394136 0.58794872 0.49010054 0.32351831
0.88771065 0.09040701 0.2154782  0.62410256 0.41784337 0.59656027  0.42909331 0.5175951  0.30124995 0.48676645 0.49852481 0.42332593  0.5074921  0.54329234 0.520586   0.30594873
0.88771065 0.09040701 0.2154782  0.62410256 0.41784337 0.59656027  0.42909331 0.5175951  0.30124995 0.48676645 0.49852481 0.42332593  0.5074921  0.54329234 0.520586   0.30594873
0.88771065 0.09040701 0.2154782  0.62410256 0.41784337 0.59656027  0.42909331 0.5175951  0.30124995 0.48676645 0.49852481 0.42332593  0.5074921  0.54329234 0.520586   0.30594873
0.88649818 0.09616919 0.21543651 0.60508346 0.4098148  0.58448497  0.40636578 0.49998206 0.27733019 0.50149756 0.5207234  0.39505764  0.53120515 0.51774136 0.55415349 0.33278578
0.88504129 0.10296867 0.21476543 0.58189845 0.40215112 0.57277877  0.37917052 0.48285967 0.25054673 0.51859284 0.5397111  0.36195943  0.55102823 0.49477334 0.58854699 0.35142699
0.88504129 0.10296867 0.21476543 0.58189845 0.40215112 0.57277877  0.37917052 0.48285967 0.25054673 0.51859284 0.5397111  0.36195943  0.55102823 0.49477334 0.58854699 0.35142699
0.88504129 0.10296867 0.21476543 0.58189845 0.40215112 0.57277877  0.37917052 0.48285967 0.25054673 0.51859284 0.5397111  0.36195943  0.55102823 0.49477334 0.58854699 0.35142699
0.87934735 0.12644611 0.22100129 0.53690956 0.37242528 0.533093  0.36182095 0.47123969 0.26729345 0.53428976 0.56855688 0.39729981  0.54438803 0.49001662 0.52354823 0.36675873
0.88849503 0.13193869 0.25827559 0.5546753  0.3490717  0.52236905  0.36186632 0.44346463 0.2576299  0.50641581 0.58510866 0.41164771  0.58083729 0.53467301 0.49306277 0.38432831
0.88849503 0.13193869 0.25827559 0.5546753  0.3490717  0.52236905  0.36186632 0.44346463 0.2576299  0.50641581 0.58510866 0.41164771  0.58083729 0.53467301 0.49306277 0.38432831
0.90484957 0.1366149  0.32684344 0.59511227 0.31650441 0.48835657  0.39814888 0.40028765 0.25875299 0.41441474 0.59909298 0.42909648  0.62958619 0.46668833 0.60749381 0.40898925
0.9184598  0.15079395 0.39475735 0.62030745 0.28658116 0.45195383  0.43625766 0.37127739 0.31225686 0.36329922 0.5741604  0.39429631  0.59691488 0.4427766  0.63450029 0.47625916
0.94373416 0.15704553 0.50805274 0.69204502 0.29284662 0.39341421  0.5681312  0.35373568 0.51203406 0.35134755 0.54538748 0.38504748  0.56488858 0.29509465 0.59397517 0.6942883 
0.94373416 0.15704553 0.50805274 0.69204502 0.29284662 0.39341421  0.5681312  0.35373568 0.51203406 0.35134755 0.54538748 0.38504748  0.56488858 0.29509465 0.59397517 0.6942883 
0.94373416 0.15704553 0.50805274 0.69204502 0.29284662 0.39341421  0.5681312  0.35373568 0.51203406 0.35134755 0.54538748 0.38504748  0.56488858 0.29509465 0.59397517 0.6942883 
0.94373416 0.15704553 0.50805274 0.69204502 0.29284662 0.39341421  0.5681312  0.35373568 0.51203406 0.35134755 0.54538748 0.38504748  0.56488858 0.29509465 0.59397517 0.6942883 
0.93981221 0.17374288 0.51055003 0.65441304 0.27143041 0.36499675  0.54321976 0.33265974 0.50392123 0.36137438 0.57245046 0.39095283  0.58207917 0.25630167 0.59769384 0.70528696
0.93981221 0.17374288 0.51055003 0.65441304 0.27143041 0.36499675  0.54321976 0.33265974 0.50392123 0.36137438 0.57245046 0.39095283  0.58207917 0.25630167 0.59769384 0.70528696
0.93981221 0.17374288 0.51055003 0.65441304 0.27143041 0.36499675  0.54321976 0.33265974 0.50392123 0.36137438 0.57245046 0.39095283  0.58207917 0.25630167 0.59769384 0.70528696
0.93981221 0.17374288 0.51055003 0.65441304 0.27143041 0.36499675  0.54321976 0.33265974 0.50392123 0.36137438 0.57245046 0.39095283  0.58207917 0.25630167 0.59769384 0.70528696
0.93981221 0.17374288 0.51055003 0.65441304 0.27143041 0.36499675  0.54321976 0.33265974 0.50392123 0.36137438 0.57245046 0.39095283  0.58207917 0.25630167 0.59769384 0.70528696
0.92033149 0.18050347 0.43168208 0.58465951 0.26723836 0.4242721  0.40019177 0.32667671 0.29716269 0.30490806 0.60032898 0.40048738  0.58283123 0.41888466 0.63361403 0.54442054
0.88869123 0.17029916 0.30042047 0.49511578 0.28364495 0.43603824  0.34145645 0.38374462 0.27450349 0.5214961  0.64202068 0.44388968  0.64252988 0.45243584 0.50076661 0.39609216
0.87967171 0.16998599 0.2647059  0.47033083 0.30303348 0.45721976  0.3148075  0.39988712 0.26399182 0.52981753 0.63174271 0.43413212  0.59607676 0.4837953  0.45527801 0.41125418
0.85897794 0.17854624 0.1988692  0.42430037 0.34681214 0.49272031  0.30155988 0.42343176 0.30855492 0.50407665 0.57684955 0.39908103  0.53965147 0.43023703 0.42578383 0.46221225
0.83942381 0.17485351 0.12953555 0.40519242 0.42198608 0.54117217  0.33279358 0.47405655 0.40178166 0.46919224 0.48451551 0.34158113  0.41282656 0.39308043 0.44300734 0.56538136
0.83104873 0.20021302 0.12243425 0.36804432 0.43321465 0.56585554  0.31927707 0.47011934 0.39656711 0.41477867 0.38605254 0.3101894  0.40007362 0.37646319 0.48179669 0.48311715
0.81872399 0.21485892 0.09478067 0.34194008 0.46305106 0.58665203  0.32509579 0.46433073 0.44388922 0.36511419 0.34085068 0.28115255  0.41627539 0.33671313 0.47617115 0.51947698
0.80896601 0.2047465  0.06540474 0.37910791 0.51685041 0.60941167  0.38721479 0.46566226 0.47770114 0.33067693 0.35430784 0.24076206  0.42883908 0.34923117 0.59719329 0.5724245 
0.79426331 0.23113273 0.05296728 0.38191016 0.53350235 0.62399592  0.4227155  0.42419873 0.50450066 0.30743986 0.37580391 0.23369352  0.54703822 0.41239007 0.56009846 0.59328553
0.79426331 0.23113273 0.05296728 0.38191016 0.53350235 0.62399592  0.4227155  0.42419873 0.50450066 0.30743986 0.37580391 0.23369352  0.54703822 0.41239007 0.56009846 0.59328553
0.76339107 0.31779205 0.05398102 0.31132697 0.4971175  0.59586478  0.46108216 0.36968833 0.5959699  0.28962703 0.34199262 0.32918385  0.63132433 0.47128815 0.49155558 0.48206084
0.74377804 0.38132696 0.06327189 0.25977735 0.45747553 0.59379262  0.49624943 0.38220026 0.60481711 0.30171797 0.26524039 0.40519582  0.65711775 0.50638079 0.58899467 0.44140811
0.72640094 0.45160616 0.07933187 0.13371143 0.37957496 0.4916435  0.46090181 0.35525095 0.65703208 0.33328622 0.32114212 0.50232229  0.65070202 0.48519541 0.47178271 0.44769901
0.66334041 0.5467657  0.06052193 0.22243316 0.40438709 0.5210757  0.56317342 0.18612367 0.62209573 0.35603349 0.3605723  0.48849591  0.71903627 0.54148411 0.4993506  0.4263663 
0.65026442 0.58211011 0.06780241 0.22511144 0.38586462 0.54655677  0.59834247 0.23278768 0.58377844 0.37806167 0.33784635 0.50235834  0.72442231 0.57859798 0.57346469 0.46163801
0.65026442 0.58211011 0.06780241 0.22511144 0.38586462 0.54655677  0.59834247 0.23278768 0.58377844 0.37806167 0.33784635 0.50235834  0.72442231 0.57859798 0.57346469 0.46163801
0.61025297 0.68195596 0.09402809 0.24465134 0.33797643 0.59825391  0.6770527  0.41042673 0.48998134 0.40491751 0.39775817 0.48837005  0.68721666 0.59267758 0.61157765 0.52259923
0.57557965 0.7072586  0.07725656 0.30241718 0.36981775 0.5512177  0.7019438  0.31501592 0.50753837 0.42084057 0.46838498 0.4917821  0.57846404 0.59025477 0.65699464 0.4991987 
0.54375498 0.75882854 0.08640224 0.36971339 0.35530959 0.591098  0.69292025 0.32104577 0.4449072  0.44796593 0.49469783 0.47410501  0.50062481 0.48010388 0.54975819 0.47562118
0.49279506 0.79883281 0.08948759 0.4538334  0.37477935 0.53766039  0.67361769 0.34105092 0.40775879 0.46182159 0.56147453 0.45894149  0.33910793 0.39120822 0.51804061 0.41814157
0.47519548 0.81056876 0.09654784 0.49702408 0.36448215 0.55085511  0.61469541 0.33360884 0.42118648 0.47317538 0.54490054 0.46542886  0.29218941 0.35246694 0.45807609 0.42316772
0.42197165 0.81966524 0.12883817 0.58940231 0.33714667 0.59212695  0.40594522 0.39674552 0.58230231 0.4492814  0.58590683 0.4428437  0.32859787 0.35979088 0.44326054 0.39509047
0.34648433 0.78004535 0.14687321 0.65614918 0.38402953 0.43789347  0.31685875 0.44573504 0.555482   0.47007993 0.41290218 0.48802504  0.37330156 0.42364761 0.60776195 0.43744339
0.29082203 0.74719787 0.16258789 0.68412143 0.4126472  0.34081881  0.25984336 0.53401816 0.58778509 0.42852519 0.41939891 0.47200023  0.46984945 0.48043082 0.66770791 0.42820069
0.27200539 0.72589014 0.17275022 0.67768973 0.41412334 0.32694522  0.26050686 0.54263034 0.5627648  0.42983206 0.36494386 0.48207923  0.51985981 0.47338154 0.65258273 0.46664639
0.27200539 0.72589014 0.17275022 0.67768973 0.41412334 0.32694522  0.26050686 0.54263034 0.5627648  0.42983206 0.36494386 0.48207923  0.51985981 0.47338154 0.65258273 0.46664639
0.29031368 0.73501802 0.17406896 0.6719508  0.39231177 0.39757594  0.2435332  0.5040037  0.58951587 0.47057034 0.3290687  0.50449987  0.52009749 0.47035857 0.67722582 0.51589379
0.30913033 0.75632575 0.16390663 0.6783825  0.39083563 0.41144953  0.2428697  0.49539152 0.61453616 0.46926347 0.38352375 0.49442087  0.47008713 0.47740784 0.69235099 0.47744809
0.30913033 0.75632575 0.16390663 0.6783825  0.39083563 0.41144953  0.2428697  0.49539152 0.61453616 0.46926347 0.38352375 0.49442087  0.47008713 0.47740784 0.69235099 0.47744809
0.36610368 0.79359113 0.15060289 0.63922827 0.35098746 0.54604688  0.28099153 0.45721214 0.68450359 0.45312166 0.55212056 0.45454268  0.45472048 0.44356838 0.56928905 0.44537256
0.40328691 0.81091504 0.13839651 0.60897078 0.33594668 0.58834586  0.34724066 0.41638698 0.62757836 0.4576079  0.5504961  0.45498459  0.40178024 0.38521367 0.48525966 0.43980125
0.47626812 0.81147946 0.14299539 0.51721986 0.28262374 0.71152057  0.41994787 0.42991457 0.5454568  0.43970787 0.52519383 0.43503968  0.43816745 0.33439942 0.32245419 0.41376199
0.61392737 0.70525158 0.1213932  0.23751204 0.29622314 0.65927076  0.64685717 0.60988884 0.42383282 0.38391055 0.43466685 0.44608585  0.67793819 0.40029594 0.53045078 0.51804505
0.62964615 0.67993392 0.12824543 0.21117154 0.29032701 0.64523296  0.62443677 0.6825204  0.42065696 0.40086651 0.42113481 0.45573688  0.62286445 0.37810761 0.55117293 0.53012125
0.64508072 0.65265402 0.13494245 0.19084885 0.28124137 0.6281543  0.59554035 0.74328506 0.41761212 0.40830666 0.40399976 0.4631499  0.53068227 0.31635145 0.6036428  0.53214929
0.71891132 0.51397196 0.1377603  0.12137613 0.2900653  0.53597031  0.48047775 0.63409317 0.51789995 0.38444049 0.30396098 0.51954704  0.52059834 0.51648227 0.56087467 0.4764824 
0.73385264 0.5324767  0.20946204 0.14112591 0.26878513 0.5259821  0.46936866 0.58279337 0.50125506 0.28814854 0.31961837 0.53418067  0.52577335 0.57603969 0.52578428 0.5512147 
0.81695817 0.64185271 0.64743393 0.11542957 0.62130146 0.52624653  0.42843929 0.49395333 0.36508211 0.2372224  0.40443932 0.56863693  0.60396387 0.58582832 0.65874532 0.36063708
0.85979826 0.58257511 0.71703586 0.13761858 0.6802631  0.42886317  0.42728523 0.42313693 0.52392327 0.25840433 0.46287657 0.48245456  0.63871273 0.4183298  0.5295675  0.27455748
0.87521548 0.56038063 0.73940401 0.12305634 0.70697219 0.42422605  0.37926113 0.46909369 0.4829223  0.28703471 0.4720486  0.53725301  0.52977468 0.33521149 0.57708704 0.27076206
0.87450096 0.55618888 0.72947332 0.13481632 0.66361116 0.41427891  0.39178452 0.46460046 0.49712376 0.28164141 0.44138049 0.4895231  0.52051359 0.3551709  0.56666233 0.25369644
0.8740049  0.5518445  0.71951356 0.14642857 0.61572024 0.40070727  0.40759106 0.46164814 0.51111185 0.27411728 0.40564564 0.43723337  0.50775941 0.37193528 0.56278231 0.23592065
0.88350735 0.52414094 0.71830081 0.20044637 0.4904309  0.366346  0.4132772  0.46208341 0.45854768 0.2648453  0.43186071 0.45254716  0.44748975 0.41058188 0.59770084 0.22034711
0.88209107 0.45345213 0.61087363 0.23216932 0.39048412 0.36937424  0.34580267 0.37516566 0.39711807 0.14666722 0.47044534 0.55577115  0.45297861 0.39341301 0.59434976 0.24601155
0.86199355 0.38327831 0.45403331 0.30071868 0.18048604 0.34145544  0.37166955 0.38758976 0.40444783 0.17924982 0.50734371 0.60938159  0.53745834 0.3911802  0.59362974 0.27807628
0.86199355 0.38327831 0.45403331 0.30071868 0.18048604 0.34145544  0.37166955 0.38758976 0.40444783 0.17924982 0.50734371 0.60938159  0.53745834 0.3911802  0.59362974 0.27807628
0.87442262 0.35031249 0.44240684 0.30405926 0.1999773  0.33616433  0.34628481 0.30321845 0.42038905 0.18160318 0.46440498 0.61650676  0.56069503 0.35735846 0.60459522 0.24966532
0.87043749 0.33822431 0.41486164 0.30869238 0.17977642 0.33164697  0.35405466 0.31290221 0.42920649 0.2367847  0.47415574 0.62361793  0.59714935 0.37364748 0.57727124 0.23315481
0.87043749 0.33822431 0.41486164 0.30869238 0.17977642 0.33164697  0.35405466 0.31290221 0.42920649 0.2367847  0.47415574 0.62361793  0.59714935 0.37364748 0.57727124 0.23315481
0.86464385 0.32521214 0.3804342  0.30670835 0.17770301 0.33091123  0.36520912 0.33642696 0.43618782 0.3052027  0.47505014 0.6233322  0.62842359 0.35874645 0.58187616 0.17599208
0.87225525 0.29535455 0.37432176 0.35130504 0.20288294 0.36057211  0.35835403 0.33637728 0.38725656 0.29972206 0.4891826  0.56933986  0.64129382 0.33651608 0.62080599 0.20312282
0.87261774 0.25770793 0.33055344 0.38020387 0.23776536 0.40669035  0.33790156 0.3569721  0.33316583 0.3525783  0.49639519 0.52056133  0.64279321 0.34727796 0.63476973 0.20387668
0.87261774 0.25770793 0.33055344 0.38020387 0.23776536 0.40669035  0.33790156 0.3569721  0.33316583 0.3525783  0.49639519 0.52056133  0.64279321 0.34727796 0.63476973 0.20387668
0.87261774 0.25770793 0.33055344 0.38020387 0.23776536 0.40669035  0.33790156 0.3569721  0.33316583 0.3525783  0.49639519 0.52056133  0.64279321 0.34727796 0.63476973 0.20387668
0.87261774 0.25770793 0.33055344 0.38020387 0.23776536 0.40669035  0.33790156 0.3569721  0.33316583 0.3525783  0.49639519 0.52056133  0.64279321 0.34727796 0.63476973 0.20387668
0.87261774 0.25770793 0.33055344 0.38020387 0.23776536 0.40669035  0.33790156 0.3569721  0.33316583 0.3525783  0.49639519 0.52056133  0.64279321 0.34727796 0.63476973 0.20387668
0.85445054 0.25190218 0.25756458 0.33765317 0.28050747 0.43859582  0.31120724 0.40088965 0.33231772 0.38877368 0.46956544 0.49645587  0.55989084 0.33398103 0.6197666  0.20146912
0.85445054 0.25190218 0.25756458 0.33765317 0.28050747 0.43859582  0.31120724 0.40088965 0.33231772 0.38877368 0.46956544 0.49645587  0.55989084 0.33398103 0.6197666  0.20146912
0.82376307 0.30105106 0.20183879 0.23916929 0.30452601 0.44477689  0.30476017 0.41683667 0.44599097 0.32063576 0.39014881 0.49736865  0.47662631 0.29271645 0.52883704 0.28520585
0.78439602 0.34920449 0.11509822 0.12285053 0.34576701 0.4533275  0.31428084 0.45325025 0.60155421 0.35564157 0.3029053  0.49730314  0.41435012 0.29059942 0.41129945 0.33353117
0.78439602 0.34920449 0.11509822 0.12285053 0.34576701 0.4533275  0.31428084 0.45325025 0.60155421 0.35564157 0.3029053  0.49730314  0.41435012 0.29059942 0.41129945 0.33353117
0.56190514 0.74089171 0.09081711 0.31238866 0.35428467 0.57231004  0.70661809 0.48819086 0.46173458 0.39799077 0.58737027 0.44226165  0.5232459  0.41397695 0.6196345  0.49497559
0.56190514 0.74089171 0.09081711 0.31238866 0.35428467 0.57231004  0.70661809 0.48819086 0.46173458 0.39799077 0.58737027 0.44226165  0.5232459  0.41397695 0.6196345  0.49497559
0.47390098 0.78983621 0.09101514 0.47149988 0.39310996 0.48125372  0.66714357 0.34680704 0.37954804 0.46461755 0.51750186 0.46945842  0.31924056 0.4065739  0.56646961 0.40475853
0.21637128 0.65374988 0.19497097 0.62562892 0.43918289 0.22720511  0.38278087 0.55390077 0.36278236 0.36450992 0.28652246 0.46109112  0.57791174 0.3743551  0.36683139 0.45173414
0.08857273 0.49328047 0.28461029 0.52042691 0.39254499 0.36187999  0.38460103 0.53868825 0.4707463  0.38499929 0.34305838 0.45964306  0.62194396 0.44976585 0.50821191 0.50257429
0.00039479 0.36283831 0.35232302 0.39930133 0.34523319 0.50234819  0.48417291 0.45702496 0.47508945 0.39693445 0.45000532 0.44589633  0.47476172 0.42761975 0.50206904 0.41641874
0.00039479 0.36283831 0.35232302 0.39930133 0.34523319 0.50234819  0.48417291 0.45702496 0.47508945 0.39693445 0.45000532 0.44589633  0.47476172 0.42761975 0.50206904 0.41641874
0.00039479 0.36283831 0.35232302 0.39930133 0.34523319 0.50234819  0.48417291 0.45702496 0.47508945 0.39693445 0.45000532 0.44589633  0.47476172 0.42761975 0.50206904 0.41641874
0.00039479 0.36283831 0.35232302 0.39930133 0.34523319 0.50234819  0.48417291 0.45702496 0.47508945 0.39693445 0.45000532 0.44589633  0.47476172 0.42761975 0.50206904 0.41641874
0.00039479 0.36283831 0.35232302 0.39930133 0.34523319 0.50234819  0.48417291 0.45702496 0.47508945 0.39693445 0.45000532 0.44589633  0.47476172 0.42761975 0.50206904 0.41641874
0.00039479 0.36283831 0.35232302 0.39930133 0.34523319 0.50234819  0.48417291 0.45702496 0.47508945 0.39693445 0.45000532 0.44589633  0.47476172 0.42761975 0.50206904 0.41641874
0.00039479 0.36283831 0.35232302 0.39930133 0.34523319 0.50234819  0.48417291 0.45702496 0.47508945 0.39693445 0.45000532 0.44589633  0.47476172 0.42761975 0.50206904 0.41641874
0.00039479 0.36283831 0.35232302 0.39930133 0.34523319 0.50234819  0.48417291 0.45702496 0.47508945 0.39693445 0.45000532 0.44589633  0.47476172 0.42761975 0.50206904 0.41641874
0.00039479 0.36283831 0.35232302 0.39930133 0.34523319 0.50234819  0.48417291 0.45702496 0.47508945 0.39693445 0.45000532 0.44589633  0.47476172 0.42761975 0.50206904 0.41641874
0.00039479 0.36283831 0.35232302 0.39930133 0.34523319 0.50234819  0.48417291 0.45702496 0.47508945 0.39693445 0.45000532 0.44589633  0.47476172 0.42761975 0.50206904 0.41641874
0.00039479 0.36283831 0.35232302 0.39930133 0.34523319 0.50234819  0.48417291 0.45702496 0.47508945 0.39693445 0.45000532 0.44589633  0.47476172 0.42761975 0.50206904 0.41641874
0.00039479 0.36283831 0.35232302 0.39930133 0.34523319 0.50234819  0.48417291 0.45702496 0.47508945 0.39693445 0.45000532 0.44589633  0.47476172 0.42761975 0.50206904 0.41641874
0.00039479 0.36283831 0.35232302 0.39930133 0.34523319 0.50234819  0.48417291 0.45702496 0.47508945 0.39693445 0.45000532 0.44589633  0.47476172 0.42761975 0.50206904 0.41641874
0.00039479 0.36283831 0.35232302 0.39930133 0.34523319 0.50234819  0.48417291 0.45702496 0.47508945 0.39693445 0.45000532 0.44589633  0.47476172 0.42761975 0.50206904 0.41641874
0.00039479 0.36283831 0.35232302 0.39930133 0.34523319 0.50234819  0.48417291 0.45702496 0.47508945 0.39693445 0.45000532 0.44589633  0.47476172 0.42761975 0.50206904 0.41641874
0.10865667 0.48944424 0.29734041 0.48496581 0.33884101 0.53356618  0.38348909 0.43427305 0.52794818 0.47262024 0.33004674 0.49949502  0.51580046 0.41931214 0.56488597 0.54698654
0.30921588 0.71983549 0.1898415  0.61474416 0.34434561 0.5216119  0.26036759 0.4975327  0.59811807 0.47366137 0.31461277 0.50216413  0.6290326  0.41084151 0.53600663 0.59453943
0.50968485 0.79092019 0.1349604  0.47538786 0.28926443 0.6785203  0.47942254 0.39542635 0.4133313  0.50840831 0.31190521 0.50601583  0.44102165 0.30361519 0.35001851 0.4918621 
0.61331218 0.70406677 0.12692664 0.25027275 0.28676145 0.66138106  0.63166635 0.61412457 0.39757208 0.40955337 0.41071729 0.451458  0.6039129  0.36147159 0.52158634 0.50779298
0.62936194 0.67797168 0.12809022 0.21718934 0.28713751 0.64219209  0.61796075 0.6706535  0.42078798 0.3913507  0.4175318  0.45349888  0.58575601 0.33853978 0.58292065 0.52007308
0.62936194 0.67797168 0.12809022 0.21718934 0.28713751 0.64219209  0.61796075 0.6706535  0.42078798 0.3913507  0.4175318  0.45349888  0.58575601 0.33853978 0.58292065 0.52007308
0.62635644 0.67228576 0.10976673 0.24085261 0.3157144  0.65397965  0.62147243 0.52551753 0.43977404 0.3862639  0.39172812 0.45321103  0.70117488 0.36647421 0.54141626 0.48963409
0.57433421 0.70792589 0.07919064 0.31572923 0.37377593 0.56701893  0.68123336 0.40381955 0.4776758  0.40034412 0.54443154 0.44938683  0.5464826  0.38015522 0.63059997 0.46656463
0.47238337 0.75949445 0.08598368 0.43429784 0.42150238 0.39414574  0.70382357 0.42640836 0.37642066 0.40212073 0.57171314 0.44247271  0.37703214 0.44067911 0.61064767 0.36954781
0.36190228 0.73500222 0.11431223 0.55934656 0.46362562 0.23744534  0.55875094 0.469664   0.34982271 0.41802372 0.4010795  0.4778352  0.4247755  0.46061557 0.63153218 0.39713982
0.19788672 0.61214951 0.20769302 0.5810621  0.43371596 0.25647155  0.42266758 0.52431116 0.37592512 0.39162434 0.29542001 0.47738934  0.57896584 0.40421004 0.44969821 0.47408801
0.01779563 0.38669558 0.33863985 0.42004769 0.35385851 0.46460162  0.48109267 0.47190843 0.43452283 0.38595027 0.3992976  0.44733029  0.52908455 0.38078184 0.39373238 0.44873962
0.01779563 0.38669558 0.33863985 0.42004769 0.35385851 0.46460162  0.48109267 0.47190843 0.43452283 0.38595027 0.3992976  0.44733029  0.52908455 0.38078184 0.39373238 0.44873962
0.00039479 0.36283831 0.35232302 0.39930133 0.34523319 0.50234819  0.48417291 0.45702496 0.47508945 0.39693445 0.45000532 0.44589633  0.47476172 0.42761975 0.50206904 0.41641874
0.00039479 0.36283831 0.35232302 0.39930133 0.34523319 0.50234819  0.48417291 0.45702496 0.47508945 0.39693445 0.45000532 0.44589633  0.47476172 0.42761975 0.50206904 0.41641874
0.00039479 0.36283831 0.35232302 0.39930133 0.34523319 0.50234819  0.48417291 0.45702496 0.47508945 0.39693445 0.45000532 0.44589633  0.47476172 0.42761975 0.50206904 0.41641874
0.00039479 0.36283831 0.35232302 0.39930133 0.34523319 0.50234819  0.48417291 0.45702496 0.47508945 0.39693445 0.45000532 0.44589633  0.47476172 0.42761975 0.50206904 0.41641874
0.00039479 0.36283831 0.35232302 0.39930133 0.34523319 0.50234819  0.48417291 0.45702496 0.47508945 0.39693445 0.45000532 0.44589633  0.47476172 0.42761975 0.50206904 0.41641874
0.00039479 0.36283831 0.35232302 0.39930133 0.34523319 0.50234819  0.48417291 0.45702496 0.47508945 0.39693445 0.45000532 0.44589633  0.47476172 0.42761975 0.50206904 0.41641874
0.00039479 0.36283831 0.35232302 0.39930133 0.34523319 0.50234819  0.48417291 0.45702496 0.47508945 0.39693445 0.45000532 0.44589633  0.47476172 0.42761975 0.50206904 0.41641874
0.00039479 0.36283831 0.35232302 0.39930133 0.34523319 0.50234819  0.48417291 0.45702496 0.47508945 0.39693445 0.45000532 0.44589633  0.47476172 0.42761975 0.50206904 0.41641874
0.00039479 0.36283831 0.35232302 0.39930133 0.34523319 0.50234819  0.48417291 0.45702496 0.47508945 0.39693445 0.45000532 0.44589633  0.47476172 0.42761975 0.50206904 0.41641874
0.00039479 0.36283831 0.35232302 0.39930133 0.34523319 0.50234819  0.48417291 0.45702496 0.47508945 0.39693445 0.45000532 0.44589633  0.47476172 0.42761975 0.50206904 0.41641874
0.00039479 0.36283831 0.35232302 0.39930133 0.34523319 0.50234819  0.48417291 0.45702496 0.47508945 0.39693445 0.45000532 0.44589633  0.47476172 0.42761975 0.50206904 0.41641874
0.00039479 0.36283831 0.35232302 0.39930133 0.34523319 0.50234819  0.48417291 0.45702496 0.47508945 0.39693445 0.45000532 0.44589633  0.47476172 0.42761975 0.50206904 0.41641874
0.00039479 0.36283831 0.35232302 0.39930133 0.34523319 0.50234819  0.48417291 0.45702496 0.47508945 0.39693445 0.45000532 0.44589633  0.47476172 0.42761975 0.50206904 0.41641874
0.00039479 0.36283831 0.35232302 0.39930133 0.34523319 0.50234819  0.48417291 0.45702496 0.47508945 0.39693445 0.45000532 0.44589633  0.47476172 0.42761975 0.50206904 0.41641874
0.00039479 0.36283831 0.35232302 0.39930133 0.34523319 0.50234819  0.48417291 0.45702496 0.47508945 0.39693445 0.45000532 0.44589633  0.47476172 0.42761975 0.50206904 0.41641874
0.00039479 0.36283831 0.35232302 0.39930133 0.34523319 0.50234819  0.48417291 0.45702496 0.47508945 0.39693445 0.45000532 0.44589633  0.47476172 0.42761975 0.50206904 0.41641874
0.00039479 0.36283831 0.35232302 0.39930133 0.34523319 0.50234819  0.48417291 0.45702496 0.47508945 0.39693445 0.45000532 0.44589633  0.47476172 0.42761975 0.50206904 0.41641874
0.00039479 0.36283831 0.35232302 0.39930133 0.34523319 0.50234819  0.48417291 0.45702496 0.47508945 0.39693445 0.45000532 0.44589633  0.47476172 0.42761975 0.50206904 0.41641874
0.00039479 0.36283831 0.35232302 0.39930133 0.34523319 0.50234819  0.48417291 0.45702496 0.47508945 0.39693445 0.45000532 0.44589633  0.47476172 0.42761975 0.50206904 0.41641874
0.00039479 0.36283831 0.35232302 0.39930133 0.34523319 0.50234819  0.48417291 0.45702496 0.47508945 0.39693445 0.45000532 0.44589633  0.47476172 0.42761975 0.50206904 0.41641874
0.00039479 0.36283831 0.35232302 0.39930133 0.34523319 0.50234819  0.48417291 0.45702496 0.47508945 0.39693445 0.45000532 0.44589633  0.47476172 0.42761975 0.50206904 0.41641874
0.00039479 0.36283831 0.35232302 0.39930133 0.34523319 0.50234819  0.48417291 0.45702496 0.47508945 0.39693445 0.45000532 0.44589633  0.47476172 0.42761975 0.50206904 0.41641874
0.0177474  0.38984345 0.33852207 0.42635267 0.35697043 0.47086435  0.45750391 0.47765391 0.48169648 0.39463854 0.42895995 0.44917931  0.51265071 0.44991576 0.53083289 0.43501917
0.03601004 0.41506083 0.32645484 0.44549117 0.36116345 0.46602551  0.43538259 0.48464203 0.51258088 0.40147377 0.44846424 0.45110959  0.48758288 0.47735633 0.604342   0.42715797
0.10804545 0.5177001  0.27465313 0.53229948 0.39024189 0.39266398  0.35381301 0.53639741 0.57143171 0.39213077 0.46131335 0.44624208  0.52828365 0.55614932 0.721459   0.4109095 
0.16286184 0.59335165 0.23581475 0.59142084 0.411574   0.33701339  0.31416168 0.56317797 0.58434165 0.37960856 0.47148933 0.44085397  0.53472407 0.58178446 0.75109579 0.37317947
0.27291284 0.71116076 0.18775212 0.65120443 0.38368645 0.43532251  0.24661345 0.48912023 0.63008249 0.48155452 0.37977642 0.5030659  0.46577466 0.51719647 0.78556247 0.48357292
0.49540291 0.90328191 0.68262982 0.61794676 0.59547004 0.50235096  0.33844399 0.40014403 0.8223181  0.72807667 0.43956256 0.25782139  0.61514973 0.49543792 0.41969374 0.29674236
0.56103296 0.88200117 0.74253289 0.59277023 0.49971411 0.63503133  0.27368989 0.43143691 0.74784168 0.73589828 0.32897488 0.28428473  0.80395896 0.47088985 0.28042555 0.23683076
0.5669247  0.89469221 0.77676999 0.58947366 0.49559402 0.62125634  0.28920204 0.42138962 0.76044646 0.71136327 0.30160161 0.24428414  0.76662068 0.49040029 0.26396226 0.26003583
0.59793418 0.88879652 0.79486522 0.59600944 0.4669576  0.60424095  0.34208787 0.40753677 0.6678483  0.75270126 0.3822142  0.2611801  0.67723654 0.50472757 0.22758867 0.17896522
0.62823998 0.88180204 0.73169786 0.56484087 0.41448175 0.59210049  0.47853788 0.39558684 0.59199193 0.79964389 0.36857472 0.19971256  0.60317584 0.46992336 0.16076618 0.06777007
0.68106406 0.84287975 0.7259052  0.43681793 0.41724627 0.59269071  0.58276892 0.51372637 0.5803214  0.73658914 0.42108289 0.16288415  0.79688149 0.55477545 0.23930074 0.0928132 
0.71830075 0.80019835 0.72975081 0.40280443 0.4303311  0.53239055  0.68466845 0.56778902 0.60637825 0.80732619 0.4066497  0.20291834  0.75734634 0.47091336 0.26283856 0.18657946
0.71509863 0.74725303 0.63245261 0.41096259 0.24893375 0.51938726  0.61999731 0.63002896 0.50374596 0.79826127 0.36324183 0.17834352  0.56946749 0.50799427 0.30174547 0.13814439
0.67031464 0.7256244  0.38434193 0.3506409  0.27191787 0.57005542  0.67331859 0.6088125  0.40842703 0.79227042 0.35570522 0.32996823  0.607461   0.48029551 0.30767892 0.27004455
0.61436614 0.72858284 0.20632328 0.3598289  0.24550058 0.66033107  0.65075369 0.53069793 0.35638421 0.52527758 0.38182253 0.45159349  0.63999656 0.33666426 0.43157281 0.3764722 
0.57915376 0.7550727  0.14462385 0.36264701 0.27066639 0.70658755  0.58455699 0.45655746 0.32354042 0.46493748 0.35963251 0.46640306  0.56543132 0.36865511 0.33556341 0.40545784
0.54610226 0.78017366 0.12854403 0.39801663 0.28444269 0.70285614  0.57040413 0.43882694 0.38752676 0.45755093 0.38536145 0.46784031  0.5244363  0.33767515 0.33162227 0.47876325
0.49362571 0.81124581 0.1016175  0.47514645 0.3390896  0.61266162  0.60791633 0.33866394 0.42945969 0.47868133 0.51729227 0.46887136  0.35637887 0.33670351 0.41965302 0.46160683
0.476184   0.81808372 0.11473078 0.51013595 0.32306887 0.63945974  0.52985071 0.36039565 0.48121269 0.46570131 0.52960427 0.45729399  0.36358119 0.32448577 0.38797662 0.45114741
0.44040188 0.82034229 0.13390782 0.56752468 0.31175412 0.65393346  0.39916614 0.40180063 0.59057552 0.45478735 0.55829857 0.44628621  0.39278733 0.34402745 0.40483746 0.43352958
0.38476927 0.80154076 0.12904699 0.61280772 0.37728885 0.46508957  0.41644476 0.44112829 0.5273405  0.41133908 0.57780932 0.43093999  0.30849281 0.37817953 0.46704645 0.33246003
0.30910826 0.75802656 0.1509421  0.67541917 0.41736873 0.32753852  0.31307518 0.50236386 0.51461908 0.43792497 0.39228075 0.47987568  0.37939323 0.43843664 0.62909424 0.40870008
0.2905891  0.74350638 0.15382504 0.67461803 0.43475786 0.26801415  0.32752409 0.54218014 0.48558686 0.39258504 0.41411807 0.45543131  0.42393328 0.44464253 0.57446973 0.36941585
0.27230287 0.73267769 0.16547083 0.68332028 0.43003633 0.28129444  0.27429226 0.57383444 0.55875287 0.38318526 0.44123623 0.44755586  0.5143895  0.4866367  0.6130834  0.38891645
0.25348622 0.71136997 0.17563316 0.67688859 0.43151247 0.26742085  0.27495577 0.58244661 0.53373258 0.38449213 0.38678118 0.45763486  0.56439986 0.47958742 0.59795822 0.42736216
0.21623457 0.66850952 0.19464458 0.65673355 0.43804207 0.23751713  0.28996202 0.60532266 0.50420728 0.35359983 0.36349489 0.44466976  0.66187085 0.49348998 0.53524902 0.43385105
0.17965647 0.61750167 0.21982275 0.61735098 0.42636042 0.25929215  0.32621544 0.59146297 0.4649422  0.34783064 0.33598751 0.44393366  0.69988218 0.45449233 0.43662351 0.45453982
0.16159344 0.59207202 0.23348338 0.5961993  0.41763462 0.28933245  0.33322785 0.58036852 0.48980715 0.35486149 0.36568515 0.4425409  0.66847339 0.48360065 0.50303796 0.4387709 
0.07142721 0.46959761 0.29702768 0.50048474 0.38607758 0.38280325  0.39933721 0.5276401  0.47375132 0.38040137 0.37032819 0.45353783  0.61015198 0.4578861  0.50811412 0.46517744
0.03565626 0.41571439 0.3246957  0.44976734 0.36608739 0.43915495  0.4433969  0.49382068 0.46699367 0.38664484 0.40137087 0.45016838  0.55406586 0.43756751 0.48973724 0.44760095
0.03565626 0.41571439 0.3246957  0.44976734 0.36608739 0.43915495  0.4433969  0.49382068 0.46699367 0.38664484 0.40137087 0.45016838  0.55406586 0.43756751 0.48973724 0.44760095
0.01830365 0.38870926 0.33849665 0.42271599 0.35435014 0.47063879  0.4700659  0.47319173 0.46038664 0.38894076 0.42241625 0.4468854  0.51617687 0.4152715  0.46097338 0.42900053
0.00039479 0.36283831 0.35232302 0.39930133 0.34523319 0.50234819  0.48417291 0.45702496 0.47508945 0.39693445 0.45000532 0.44589633  0.47476172 0.42761975 0.50206904 0.41641874
0.00039479 0.36283831 0.35232302 0.39930133 0.34523319 0.50234819  0.48417291 0.45702496 0.47508945 0.39693445 0.45000532 0.44589633  0.47476172 0.42761975 0.50206904 0.41641874
0.00039479 0.36283831 0.35232302 0.39930133 0.34523319 0.50234819  0.48417291 0.45702496 0.47508945 0.39693445 0.45000532 0.44589633  0.47476172 0.42761975 0.50206904 0.41641874
0.00039479 0.36283831 0.35232302 0.39930133 0.34523319 0.50234819  0.48417291 0.45702496 0.47508945 0.39693445 0.45000532 0.44589633  0.47476172 0.42761975 0.50206904 0.41641874
0.00039479 0.36283831 0.35232302 0.39930133 0.34523319 0.50234819  0.48417291 0.45702496 0.47508945 0.39693445 0.45000532 0.44589633  0.47476172 0.42761975 0.50206904 0.41641874
0.00039479 0.36283831 0.35232302 0.39930133 0.34523319 0.50234819  0.48417291 0.45702496 0.47508945 0.39693445 0.45000532 0.44589633  0.47476172 0.42761975 0.50206904 0.41641874
0.00039479 0.36283831 0.35232302 0.39930133 0.34523319 0.50234819  0.48417291 0.45702496 0.47508945 0.39693445 0.45000532 0.44589633  0.47476172 0.42761975 0.50206904 0.41641874
0.00039479 0.36283831 0.35232302 0.39930133 0.34523319 0.50234819  0.48417291 0.45702496 0.47508945 0.39693445 0.45000532 0.44589633  0.47476172 0.42761975 0.50206904 0.41641874
0.00039479 0.36283831 0.35232302 0.39930133 0.34523319 0.50234819  0.48417291 0.45702496 0.47508945 0.39693445 0.45000532 0.44589633  0.47476172 0.42761975 0.50206904 0.41641874
0.00039479 0.36283831 0.35232302 0.39930133 0.34523319 0.50234819  0.48417291 0.45702496 0.47508945 0.39693445 0.45000532 0.44589633  0.47476172 0.42761975 0.50206904 0.41641874
0.00039479 0.36283831 0.35232302 0.39930133 0.34523319 0.50234819  0.48417291 0.45702496 0.47508945 0.39693445 0.45000532 0.44589633  0.47476172 0.42761975 0.50206904 0.41641874
0.00039479 0.36283831 0.35232302 0.39930133 0.34523319 0.50234819  0.48417291 0.45702496 0.47508945 0.39693445 0.45000532 0.44589633  0.47476172 0.42761975 0.50206904 0.41641874
0.00039479 0.36283831 0.35232302 0.39930133 0.34523319 0.50234819  0.48417291 0.45702496 0.47508945 0.39693445 0.45000532 0.44589633  0.47476172 0.42761975 0.50206904 0.41641874
0.00039479 0.36283831 0.35232302 0.39930133 0.34523319 0.50234819  0.48417291 0.45702496 0.47508945 0.39693445 0.45000532 0.44589633  0.47476172 0.42761975 0.50206904 0.41641874
0.00039479 0.36283831 0.35232302 0.39930133 0.34523319 0.50234819  0.48417291 0.45702496 0.47508945 0.39693445 0.45000532 0.44589633  0.47476172 0.42761975 0.50206904 0.41641874
0.00039479 0.36283831 0.35232302 0.39930133 0.34523319 0.50234819  0.48417291 0.45702496 0.47508945 0.39693445 0.45000532 0.44589633  0.47476172 0.42761975 0.50206904 0.41641874
0.00039479 0.36283831 0.35232302 0.39930133 0.34523319 0.50234819  0.48417291 0.45702496 0.47508945 0.39693445 0.45000532 0.44589633  0.47476172 0.42761975 0.50206904 0.41641874
0.00039479 0.36283831 0.35232302 0.39930133 0.34523319 0.50234819  0.48417291 0.45702496 0.47508945 0.39693445 0.45000532 0.44589633  0.47476172 0.42761975 0.50206904 0.41641874
0.00039479 0.36283831 0.35232302 0.39930133 0.34523319 0.50234819  0.48417291 0.45702496 0.47508945 0.39693445 0.45000532 0.44589633  0.47476172 0.42761975 0.50206904 0.41641874
0.00039479 0.36283831 0.35232302 0.39930133 0.34523319 0.50234819  0.48417291 0.45702496 0.47508945 0.39693445 0.45000532 0.44589633  0.47476172 0.42761975 0.50206904 0.41641874
0.00039479 0.36283831 0.35232302 0.39930133 0.34523319 0.50234819  0.48417291 0.45702496 0.47508945 0.39693445 0.45000532 0.44589633  0.47476172 0.42761975 0.50206904 0.41641874
0.00039479 0.36283831 0.35232302 0.39930133 0.34523319 0.50234819  0.48417291 0.45702496 0.47508945 0.39693445 0.45000532 0.44589633  0.47476172 0.42761975 0.50206904 0.41641874
0.00039479 0.36283831 0.35232302 0.39930133 0.34523319 0.50234819  0.48417291 0.45702496 0.47508945 0.39693445 0.45000532 0.44589633  0.47476172 0.42761975 0.50206904 0.41641874
0.00039479 0.36283831 0.35232302 0.39930133 0.34523319 0.50234819  0.48417291 0.45702496 0.47508945 0.39693445 0.45000532 0.44589633  0.47476172 0.42761975 0.50206904 0.41641874
0.00039479 0.36283831 0.35232302 0.39930133 0.34523319 0.50234819  0.48417291 0.45702496 0.47508945 0.39693445 0.45000532 0.44589633  0.47476172 0.42761975 0.50206904 0.41641874
