0.00039479 0.36283831 0.35232302 0.39930133 0.34523319 0.50234819  0.48417291 0.45702496 0.47508945 0.39693445 0.45000532 0.44589633  0.47476172 0.42761975 0.50206904 0.41641874
0.00039479 0.36283831 0.35232302 0.39930133 0.34523319 0.50234819  0.48417291 0.45702496 0.47508945 0.39693445 0.45000532 0.44589633  0.47476172 0.42761975 0.50206904 0.41641874
0.00039479 0.36283831 0.35232302 0.39930133 0.34523319 0.50234819  0.48417291 0.45702496 0.47508945 0.39693445 0.45000532 0.44589633  0.47476172 0.42761975 0.50206904 0.41641874
0.00039479 0.36283831 0.35232302 0.39930133 0.34523319 0.50234819  0.48417291 0.45702496 0.47508945 0.39693445 0.45000532 0.44589633  0.47476172 0.42761975 0.50206904 0.41641874
0.00039479 0.36283831 0.35232302 0.39930133 0.34523319 0.50234819  0.48417291 0.45702496 0.47508945 0.39693445 0.45000532 0.44589633  0.47476172 0.42761975 0.50206904 0.41641874
0.00039479 0.36283831 0.35232302 0.39930133 0.34523319 0.50234819  0.48417291 0.45702496 0.47508945 0.39693445 0.45000532 0.44589633  0.47476172 0.42761975 0.50206904 0.41641874
0.00039479 0.36283831 0.35232302 0.39930133 0.34523319 0.50234819  0.48417291 0.45702496 0.47508945 0.39693445 0.45000532 0.44589633  0.47476172 0.42761975 0.50206904 0.41641874
0.00039479 0.36283831 0.35232302 0.39930133 0.34523319 0.50234819  0.48417291 0.45702496 0.47508945 0.39693445 0.45000532 0.44589633  0.47476172 0.42761975 0.50206904 0.41641874
0.00039479 0.36283831 0.35232302 0.39930133 0.34523319 0.50234819  0.48417291 0.45702496 0.47508945 0.39693445 0.45000532 0.44589633  0.47476172 0.42761975 0.50206904 0.41641874
0.00039479 0.36283831 0.35232302 0.39930133 0.34523319 0.50234819  0.48417291 0.45702496 0.47508945 0.39693445 0.45000532 0.44589633  0.47476172 0.42761975 0.50206904 0.41641874
0.00039479 0.36283831 0.35232302 0.39930133 0.34523319 0.50234819  0.48417291 0.45702496 0.47508945 0.39693445 0.45000532 0.44589633  0.47476172 0.42761975 0.50206904 0.41641874
0.00039479 0.36283831 0.35232302 0.39930133 0.34523319 0.50234819  0.48417291 0.45702496 0.47508945 0.39693445 0.45000532 0.44589633  0.47476172 0.42761975 0.50206904 0.41641874
0.00039479 0.36283831 0.35232302 0.39930133 0.34523319 0.50234819  0.48417291 0.45702496 0.47508945 0.39693445 0.45000532 0.44589633  0.47476172 0.42761975 0.50206904 0.41641874
0.00039479 0.36283831 0.35232302 0.39930133 0.34523319 0.50234819  0.48417291 0.45702496 0.47508945 0.39693445 0.45000532 0.44589633  0.47476172 0.42761975 0.50206904 0.41641874
0.00039479 0.36283831 0.35232302 0.39930133 0.34523319 0.50234819  0.48417291 0.45702496 0.47508945 0.39693445 0.45000532 0.44589633  0.47476172 0.42761975 0.50206904 0.41641874
0.00039479 0.36283831 0.35232302 0.39930133 0.34523319 0.50234819  0.48417291 0.45702496 0.47508945 0.39693445 0.45000532 0.44589633  0.47476172 0.42761975 0.50206904 0.41641874
0.00039479 0.36283831 0.35232302 0.39930133 0.34523319 0.50234819  0.48417291 0.45702496 0.47508945 0.39693445 0.45000532 0.44589633  0.47476172 0.42761975 0.50206904 0.41641874
0.00039479 0.36283831 0.35232302 0.39930133 0.34523319 0.50234819  0.48417291 0.45702496 0.47508945 0.39693445 0.45000532 0.44589633  0.47476172 0.42761975 0.50206904 0.41641874
0.00039479 0.36283831 0.35232302 0.39930133 0.34523319 0.50234819  0.48417291 0.45702496 0.47508945 0.39693445 0.45000532 0.44589633  0.47476172 0.42761975 0.50206904 0.41641874
0.00039479 0.36283831 0.35232302 0.39930133 0.34523319 0.50234819  0.48417291 0.45702496 0.47508945 0.39693445 0.45000532 0.44589633  0.47476172 0.42761975 0.50206904 0.41641874
0.00039479 0.36283831 0.35232302 0.39930133 0.34523319 0.50234819  0.48417291 0.45702496 0.47508945 0.39693445 0.45000532 0.44589633  0.47476172 0.42761975 0.50206904 0.41641874
0.00039479 0.36283831 0.35232302 0.39930133 0.34523319 0.50234819  0.48417291 0.45702496 0.47508945 0.39693445 0.45000532 0.44589633  0.47476172 0.42761975 0.50206904 0.41641874
0.00039479 0.36283831 0.35232302 0.39930133 0.34523319 0.50234819  0.48417291 0.45702496 0.47508945 0.39693445 0.45000532 0.44589633  0.47476172 0.42761975 0.50206904 0.41641874
0.00039479 0.36283831 0.35232302 0.39930133 0.34523319 0.50234819  0.48417291 0.45702496 0.47508945 0.39693445 0.45000532 0.44589633  0.47476172 0.42761975 0.50206904 0.41641874
0.00039479 0.36283831 0.35232302 0.39930133 0.34523319 0.50234819  0.48417291 0.45702496 0.47508945 0.39693445 0.45000532 0.44589633  0.47476172 0.42761975 0.50206904 0.41641874
0.00039479 0.36283831 0.35232302 0.39930133 0.34523319 0.50234819  0.48417291 0.45702496 0.47508945 0.39693445 0.45000532 0.44589633  0.47476172 0.42761975 0.50206904 0.41641874
0.00039479 0.36283831 0.35232302 0.39930133 0.34523319 0.50234819  0.48417291 0.45702496 0.47508945 0.39693445 0.45000532 0.44589633  0.47476172 0.42761975 0.50206904 0.41641874
0.00039479 0.36283831 0.35232302 0.39930133 0.34523319 0.50234819  0.48417291 0.45702496 0.47508945 0.39693445 0.45000532 0.44589633  0.47476172 0.42761975 0.50206904 0.41641874
0.00039479 0.36283831 0.35232302 0.39930133 0.34523319 0.50234819  0.48417291 0.45702496 0.47508945 0.39693445 0.45000532 0.44589633  0.47476172 0.42761975 0.50206904 0.41641874
0.00039479 0.36283831 0.35232302 0.39930133 0.34523319 0.50234819  0.48417291 0.45702496 0.47508945 0.39693445 0.45000532 0.44589633  0.47476172 0.42761975 0.50206904 0.41641874
0.00039479 0.36283831 0.35232302 0.39930133 0.34523319 0.50234819  0.48417291 0.45702496 0.47508945 0.39693445 0.45000532 0.44589633  0.47476172 0.42761975 0.50206904 0.41641874
0.00039479 0.36283831 0.35232302 0.39930133 0.34523319 0.50234819  0.48417291 0.45702496 0.47508945 0.39693445 0.45000532 0.44589633  0.47476172 0.42761975 0.50206904 0.41641874
0.00039479 0.36283831 0.35232302 0.39930133 0.34523319 0.50234819  0.48417291 0.45702496 0.47508945 0.39693445 0.45000532 0.44589633  0.47476172 0.42761975 0.50206904 0.41641874
0.00039479 0.36283831 0.35232302 0.39930133 0.34523319 0.50234819  0.48417291 0.45702496 0.47508945 0.39693445 0.45000532 0.44589633  0.47476172 0.42761975 0.50206904 0.41641874
0.00039479 0.36283831 0.35232302 0.39930133 0.34523319 0.50234819  0.48417291 0.45702496 0.47508945 0.39693445 0.45000532 0.44589633  0.47476172 0.42761975 0.50206904 0.41641874
0.00039479 0.36283831 0.35232302 0.39930133 0.34523319 0.50234819  0.48417291 0.45702496 0.47508945 0.39693445 0.45000532 0.44589633  0.47476172 0.42761975 0.50206904 0.41641874
0.00039479 0.36283831 0.35232302 0.39930133 0.34523319 0.50234819  0.48417291 0.45702496 0.47508945 0.39693445 0.45000532 0.44589633  0.47476172 0.42761975 0.50206904 0.41641874
0.00039479 0.36283831 0.35232302 0.39930133 0.34523319 0.50234819  0.48417291 0.45702496 0.47508945 0.39693445 0.45000532 0.44589633  0.47476172 0.42761975 0.50206904 0.41641874
0.00039479 0.36283831 0.35232302 0.39930133 0.34523319 0.50234819  0.48417291 0.45702496 0.47508945 0.39693445 0.45000532 0.44589633  0.47476172 0.42761975 0.50206904 0.41641874
0.00039479 0.36283831 0.35232302 0.39930133 0.34523319 0.50234819  0.48417291 0.45702496 0.47508945 0.39693445 0.45000532 0.44589633  0.47476172 0.42761975 0.50206904 0.41641874
0.00039479 0.36283831 0.35232302 0.39930133 0.34523319 0.50234819  0.48417291 0.45702496 0.47508945 0.39693445 0.45000532 0.44589633  0.47476172 0.42761975 0.50206904 0.41641874
0.00039479 0.36283831 0.35232302 0.39930133 0.34523319 0.50234819  0.48417291 0.45702496 0.47508945 0.39693445 0.45000532 0.44589633  0.47476172 0.42761975 0.50206904 0.41641874
0.00039479 0.36283831 0.35232302 0.39930133 0.34523319 0.50234819  0.48417291 0.45702496 0.47508945 0.39693445 0.45000532 0.44589633  0.47476172 0.42761975 0.50206904 0.41641874
0.00039479 0.36283831 0.35232302 0.39930133 0.34523319 0.50234819  0.48417291 0.45702496 0.47508945 0.39693445 0.45000532 0.44589633  0.47476172 0.42761975 0.50206904 0.41641874
0.00039479 0.36283831 0.35232302 0.39930133 0.34523319 0.50234819  0.48417291 0.45702496 0.47508945 0.39693445 0.45000532 0.44589633  0.47476172 0.42761975 0.50206904 0.41641874
0.00039479 0.36283831 0.35232302 0.39930133 0.34523319 0.50234819  0.48417291 0.45702496 0.47508945 0.39693445 0.45000532 0.44589633  0.47476172 0.42761975 0.50206904 0.41641874
0.00039479 0.36283831 0.35232302 0.39930133 0.34523319 0.50234819  0.48417291 0.45702496 0.47508945 0.39693445 0.45000532 0.44589633  0.47476172 0.42761975 0.50206904 0.41641874
0.00039479 0.36283831 0.35232302 0.39930133 0.34523319 0.50234819  0.48417291 0.45702496 0.47508945 0.39693445 0.45000532 0.44589633  0.47476172 0.42761975 0.50206904 0.41641874
0.00039479 0.36283831 0.35232302 0.39930133 0.34523319 0.50234819  0.48417291 0.45702496 0.47508945 0.39693445 0.45000532 0.44589633  0.47476172 0.42761975 0.50206904 0.41641874
0.00039479 0.36283831 0.35232302 0.39930133 0.34523319 0.50234819  0.48417291 0.45702496 0.47508945 0.39693445 0.45000532 0.44589633  0.47476172 0.42761975 0.50206904 0.41641874
0.00039479 0.36283831 0.35232302 0.39930133 0.34523319 0.50234819  0.48417291 0.45702496 0.47508945 0.39693445 0.45000532 0.44589633  0.47476172 0.42761975 0.50206904 0.41641874
0.00039479 0.36283831 0.35232302 0.39930133 0.34523319 0.50234819  0.48417291 0.45702496 0.47508945 0.39693445 0.45000532 0.44589633  0.47476172 0.42761975 0.50206904 0.41641874
0.00039479 0.36283831 0.35232302 0.39930133 0.34523319 0.50234819  0.48417291 0.45702496 0.47508945 0.39693445 0.45000532 0.44589633  0.47476172 0.42761975 0.50206904 0.41641874
0.00039479 0.36283831 0.35232302 0.39930133 0.34523319 0.50234819  0.48417291 0.45702496 0.47508945 0.39693445 0.45000532 0.44589633  0.47476172 0.42761975 0.50206904 0.41641874
0.00039479 0.36283831 0.35232302 0.39930133 0.34523319 0.50234819  0.48417291 0.45702496 0.47508945 0.39693445 0.45000532 0.44589633  0.47476172 0.42761975 0.50206904 0.41641874
0.00039479 0.36283831 0.35232302 0.39930133 0.34523319 0.50234819  0.48417291 0.45702496 0.47508945 0.39693445 0.45000532 0.44589633  0.47476172 0.42761975 0.50206904 0.41641874
0.00039479 0.36283831 0.35232302 0.39930133 0.34523319 0.50234819  0.48417291 0.45702496 0.47508945 0.39693445 0.45000532 0.44589633  0.47476172 0.42761975 0.50206904 0.41641874
0.00039479 0.36283831 0.35232302 0.39930133 0.34523319 0.50234819  0.48417291 0.45702496 0.47508945 0.39693445 0.45000532 0.44589633  0.47476172 0.42761975 0.50206904 0.41641874
0.00039479 0.36283831 0.35232302 0.39930133 0.34523319 0.50234819  0.48417291 0.45702496 0.47508945 0.39693445 0.45000532 0.44589633  0.47476172 0.42761975 0.50206904 0.41641874
0.00039479 0.36283831 0.35232302 0.39930133 0.34523319 0.50234819  0.48417291 0.45702496 0.47508945 0.39693445 0.45000532 0.44589633  0.47476172 0.42761975 0.50206904 0.41641874
0.00039479 0.36283831 0.35232302 0.39930133 0.34523319 0.50234819  0.48417291 0.45702496 0.47508945 0.39693445 0.45000532 0.44589633  0.47476172 0.42761975 0.50206904 0.41641874
0.00039479 0.36283831 0.35232302 0.39930133 0.34523319 0.50234819  0.48417291 0.45702496 0.47508945 0.39693445 0.45000532 0.44589633  0.47476172 0.42761975 0.50206904 0.41641874
0.00039479 0.36283831 0.35232302 0.39930133 0.34523319 0.50234819  0.48417291 0.45702496 0.47508945 0.39693445 0.45000532 0.44589633  0.47476172 0.42761975 0.50206904 0.41641874
0.00039479 0.36283831 0.35232302 0.39930133 0.34523319 0.50234819  0.48417291 0.45702496 0.47508945 0.39693445 0.45000532 0.44589633  0.47476172 0.42761975 0.50206904 0.41641874
0.00039479 0.36283831 0.35232302 0.39930133 0.34523319 0.50234819  0.48417291 0.45702496 0.47508945 0.39693445 0.45000532 0.44589633  0.47476172 0.42761975 0.50206904 0.41641874
0.0177474  0.38984345 0.33852207 0.42635267 0.35697043 0.47086435  0.45750391 0.47765391 0.48169648 0.39463854 0.42895995 0.44917931  0.51265071 0.44991576 0.53083289 0.43501917
0.03525649 0.41685964 0.32437467 0.45347996 0.36854765 0.43569141  0.43485985 0.4975719  0.47652552 0.39120509 0.39620065 0.45304628  0.55757342 0.45566594 0.52722734 0.46096477
0.20083039 0.5973463  0.24762457 0.53663654 0.34167614 0.56371421  0.32428108 0.44896945 0.65826429 0.4692422  0.48458149 0.4742145  0.45376734 0.52626026 0.74395147 0.46874223
0.34703591 0.78070022 0.15599052 0.65275933 0.36251509 0.50632265  0.2602343  0.47521433 0.67039174 0.46170498 0.49562397 0.46881395  0.46104983 0.45533444 0.61526442 0.46587666
0.49242411 0.78470216 0.16448392 0.49264806 0.2536926  0.74089418  0.33940522 0.52349861 0.55267376 0.44070713 0.40559515 0.4501104  0.54747961 0.33034645 0.31565375 0.45659904
0.56200201 0.74180007 0.15180649 0.35394683 0.25899545 0.7243941  0.48603202 0.61779906 0.47194036 0.41978573 0.45320735 0.43316327  0.56861819 0.35443582 0.34965606 0.46603582
0.62904831 0.692664   0.15022193 0.25207601 0.26587745 0.68134806  0.59337294 0.63627992 0.34688242 0.43780951 0.37201738 0.45874611  0.63509784 0.3932781  0.43381524 0.44956188
0.68917843 0.57949348 0.16750955 0.18368061 0.24744408 0.59436623  0.48399442 0.80871664 0.375495   0.42694067 0.38956471 0.47016679  0.36551636 0.25036648 0.51885662 0.44031646
0.75177633 0.50281292 0.25657986 0.20791764 0.18188958 0.49129354  0.447059   0.7087809  0.36890993 0.43982173 0.45280861 0.57494593  0.45171777 0.51817947 0.48784848 0.39462016
0.77887251 0.43807024 0.24310765 0.19366097 0.20587452 0.45083606  0.40190749 0.62462209 0.42384726 0.42277347 0.44798403 0.57971427  0.44892196 0.53053723 0.45410306 0.37452696
0.80481955 0.36802535 0.22614277 0.19015407 0.24273378 0.41164782  0.33405043 0.50120427 0.49343469 0.39544634 0.44866591 0.56782748  0.45768327 0.46355462 0.3504921  0.30790331
0.81724862 0.33505953 0.2145163  0.19349464 0.26222504 0.40635671  0.3086657  0.41683297 0.50937591 0.3977997  0.40572718 0.57495266  0.48091997 0.42973289 0.36145758 0.27949235
0.81724862 0.33505953 0.2145163  0.19349464 0.26222504 0.40635671  0.3086657  0.41683297 0.50937591 0.3977997  0.40572718 0.57495266  0.48091997 0.42973289 0.36145758 0.27949235
0.81724862 0.33505953 0.2145163  0.19349464 0.26222504 0.40635671  0.3086657  0.41683297 0.50937591 0.3977997  0.40572718 0.57495266  0.48091997 0.42973289 0.36145758 0.27949235
0.80810094 0.32956696 0.177242   0.17572889 0.28557861 0.41708067  0.30862034 0.44460803 0.51903947 0.42567364 0.3891754  0.56060476  0.44447071 0.3850765  0.39194304 0.26192277
0.80810094 0.32956696 0.177242   0.17572889 0.28557861 0.41708067  0.30862034 0.44460803 0.51903947 0.42567364 0.3891754  0.56060476  0.44447071 0.3850765  0.39194304 0.26192277
0.78439602 0.34920449 0.11509822 0.12285053 0.34576701 0.4533275  0.31428084 0.45325025 0.60155421 0.35564157 0.3029053  0.49730314  0.41435012 0.29059942 0.41129945 0.33353117
0.78439602 0.34920449 0.11509822 0.12285053 0.34576701 0.4533275  0.31428084 0.45325025 0.60155421 0.35564157 0.3029053  0.49730314  0.41435012 0.29059942 0.41129945 0.33353117
0.78439602 0.34920449 0.11509822 0.12285053 0.34576701 0.4533275  0.31428084 0.45325025 0.60155421 0.35564157 0.3029053  0.49730314  0.41435012 0.29059942 0.41129945 0.33353117
0.7689441  0.36256951 0.09195815 0.11502946 0.36984051 0.43640136  0.35905026 0.4429618  0.65211285 0.33690123 0.34520823 0.49225303  0.42027361 0.29836074 0.46732284 0.40181043
0.7689441  0.36256951 0.09195815 0.11502946 0.36984051 0.43640136  0.35905026 0.4429618  0.65211285 0.33690123 0.34520823 0.49225303  0.42027361 0.29836074 0.46732284 0.40181043
0.69333325 0.48726131 0.05867508 0.1771627  0.41169129 0.46575679  0.51819203 0.25633221 0.68055267 0.31448742 0.41675078 0.48543502  0.6598361  0.52348755 0.49482728 0.43595388
0.62630273 0.65586087 0.09519166 0.21156793 0.33835248 0.57906494  0.6633471  0.46695565 0.51319724 0.38671485 0.40457268 0.49041093  0.66905977 0.56974577 0.67291195 0.53487934
0.49279506 0.79883281 0.08948759 0.4538334  0.37477935 0.53766039  0.67361769 0.34105092 0.40775879 0.46182159 0.56147453 0.45894149  0.33910793 0.39120822 0.51804061 0.41814157
0.49279506 0.79883281 0.08948759 0.4538334  0.37477935 0.53766039  0.67361769 0.34105092 0.40775879 0.46182159 0.56147453 0.45894149  0.33910793 0.39120822 0.51804061 0.41814157
0.14374575 0.5680101  0.24415308 0.57792477 0.41578959 0.28080238  0.3726206  0.56511296 0.40659706 0.35291321 0.29748872 0.45142353  0.68838717 0.38420785 0.32806563 0.48245575
0.14374575 0.5680101  0.24415308 0.57792477 0.41578959 0.28080238  0.3726206  0.56511296 0.40659706 0.35291321 0.29748872 0.45142353  0.68838717 0.38420785 0.32806563 0.48245575
0.03530472 0.41371177 0.32449245 0.44717499 0.36543573 0.42942868  0.4584486  0.49182641 0.42935187 0.38251683 0.3665383  0.45119726  0.57400726 0.38653202 0.39012683 0.47468522
0.00039479 0.36283831 0.35232302 0.39930133 0.34523319 0.50234819  0.48417291 0.45702496 0.47508945 0.39693445 0.45000532 0.44589633  0.47476172 0.42761975 0.50206904 0.41641874
0.00039479 0.36283831 0.35232302 0.39930133 0.34523319 0.50234819  0.48417291 0.45702496 0.47508945 0.39693445 0.45000532 0.44589633  0.47476172 0.42761975 0.50206904 0.41641874
0.00039479 0.36283831 0.35232302 0.39930133 0.34523319 0.50234819  0.48417291 0.45702496 0.47508945 0.39693445 0.45000532 0.44589633  0.47476172 0.42761975 0.50206904 0.41641874
0.00039479 0.36283831 0.35232302 0.39930133 0.34523319 0.50234819  0.48417291 0.45702496 0.47508945 0.39693445 0.45000532 0.44589633  0.47476172 0.42761975 0.50206904 0.41641874
0.00039479 0.36283831 0.35232302 0.39930133 0.34523319 0.50234819  0.48417291 0.45702496 0.47508945 0.39693445 0.45000532 0.44589633  0.47476172 0.42761975 0.50206904 0.41641874
0.00039479 0.36283831 0.35232302 0.39930133 0.34523319 0.50234819  0.48417291 0.45702496 0.47508945 0.39693445 0.45000532 0.44589633  0.47476172 0.42761975 0.50206904 0.41641874
0.00039479 0.36283831 0.35232302 0.39930133 0.34523319 0.50234819  0.48417291 0.45702496 0.47508945 0.39693445 0.45000532 0.44589633  0.47476172 0.42761975 0.50206904 0.41641874
0.00039479 0.36283831 0.35232302 0.39930133 0.34523319 0.50234819  0.48417291 0.45702496 0.47508945 0.39693445 0.45000532 0.44589633  0.47476172 0.42761975 0.50206904 0.41641874
0.00039479 0.36283831 0.35232302 0.39930133 0.34523319 0.50234819  0.48417291 0.45702496 0.47508945 0.39693445 0.45000532 0.44589633  0.47476172 0.42761975 0.50206904 0.41641874
0.00039479 0.36283831 0.35232302 0.39930133 0.34523319 0.50234819  0.48417291 0.45702496 0.47508945 0.39693445 0.45000532 0.44589633  0.47476172 0.42761975 0.50206904 0.41641874
0.00039479 0.36283831 0.35232302 0.39930133 0.34523319 0.50234819  0.48417291 0.45702496 0.47508945 0.39693445 0.45000532 0.44589633  0.47476172 0.42761975 0.50206904 0.41641874
0.00039479 0.36283831 0.35232302 0.39930133 0.34523319 0.50234819  0.48417291 0.45702496 0.47508945 0.39693445 0.45000532 0.44589633  0.47476172 0.42761975 0.50206904 0.41641874
0.00039479 0.36283831 0.35232302 0.39930133 0.34523319 0.50234819  0.48417291 0.45702496 0.47508945 0.39693445 0.45000532 0.44589633  0.47476172 0.42761975 0.50206904 0.41641874
0.03525649 0.41685964 0.32437467 0.45347996 0.36854765 0.43569141  0.43485985 0.4975719  0.47652552 0.39120509 0.39620065 0.45304628  0.55757342 0.45566594 0.52722734 0.46096477
0.07117188 0.46942321 0.29829345 0.49968054 0.38391967 0.39962655  0.38768127 0.52380478 0.51131292 0.39598347 0.3937661  0.4582091  0.56762114 0.49660376 0.61654857 0.47025342
0.07117188 0.46942321 0.29829345 0.49968054 0.38391967 0.39962655  0.38768127 0.52380478 0.51131292 0.39598347 0.3937661  0.4582091  0.56762114 0.49660376 0.61654857 0.47025342
0.10790948 0.52006986 0.27295207 0.53758714 0.39565131 0.37686759  0.35640982 0.53644634 0.54757535 0.39453639 0.43258952 0.45227625  0.52979935 0.5365488  0.69603209 0.43060237
0.10790948 0.52006986 0.27295207 0.53758714 0.39565131 0.37686759  0.35640982 0.53644634 0.54757535 0.39453639 0.43258952 0.45227625  0.52979935 0.5365488  0.69603209 0.43060237
0.089594   0.4942794  0.28606302 0.51734306 0.38816267 0.39380377  0.37054192 0.52957476 0.53919468 0.39560243 0.42458643 0.45347041  0.54274286 0.52499171 0.67091569 0.44342993
0.07117188 0.46942321 0.29829345 0.49968054 0.38391967 0.39962655  0.38768127 0.52380478 0.51131292 0.39598347 0.3937661  0.4582091  0.56762114 0.49660376 0.61654857 0.47025342
0.0177474  0.38984345 0.33852207 0.42635267 0.35697043 0.47086435  0.45750391 0.47765391 0.48169648 0.39463854 0.42895995 0.44917931  0.51265071 0.44991576 0.53083289 0.43501917
0.00039479 0.36283831 0.35232302 0.39930133 0.34523319 0.50234819  0.48417291 0.45702496 0.47508945 0.39693445 0.45000532 0.44589633  0.47476172 0.42761975 0.50206904 0.41641874
0.00039479 0.36283831 0.35232302 0.39930133 0.34523319 0.50234819  0.48417291 0.45702496 0.47508945 0.39693445 0.45000532 0.44589633  0.47476172 0.42761975 0.50206904 0.41641874
0.00039479 0.36283831 0.35232302 0.39930133 0.34523319 0.50234819  0.48417291 0.45702496 0.47508945 0.39693445 0.45000532 0.44589633  0.47476172 0.42761975 0.50206904 0.41641874
0.00039479 0.36283831 0.35232302 0.39930133 0.34523319 0.50234819  0.48417291 0.45702496 0.47508945 0.39693445 0.45000532 0.44589633  0.47476172 0.42761975 0.50206904 0.41641874
0.0041362  0.38859906 0.40978993 0.33611027 0.59010649 0.56600806  0.41521901 0.47213356 0.41243252 0.4509632  0.5960771  0.6591023  0.54621647 0.35836528 0.51356552 0.46109942
0.00547826 0.39745358 0.42814831 0.31969343 0.65216207 0.5864241  0.39339518 0.47821575 0.38375207 0.44164822 0.64182146 0.72832907  0.53783169 0.33341471 0.5278092  0.50007895
0.01020134 0.42209767 0.47886462 0.28337534 0.77578062 0.61862839  0.35919191 0.47753796 0.35753163 0.45932459 0.6696273  0.7679075  0.5413583  0.32840419 0.51814815 0.47925622
0.01093865 0.4236654  0.4837825  0.27900401 0.79142466 0.62024179  0.35375829 0.47927875 0.35387386 0.45664746 0.68491503 0.79644662  0.53330572 0.30879594 0.52665382 0.50975445
0.01034878 0.42187368 0.47771368 0.28539778 0.76566368 0.61487962  0.36325117 0.47728301 0.36319881 0.45924994 0.65718462 0.74828448  0.54157099 0.33602592 0.51618283 0.46716434
0.00875787 0.4123508  0.45576771 0.30945473 0.68016703 0.59650713  0.38177987 0.47395259 0.37800674 0.42956625 0.61847711 0.69029721  0.51814452 0.35155546 0.51955922 0.459002  
0.00875787 0.4123508  0.45576771 0.30945473 0.68016703 0.59650713  0.38177987 0.47395259 0.37800674 0.42956625 0.61847711 0.69029721  0.51814452 0.35155546 0.51955922 0.459002  
0.00115958 0.36821195 0.36419175 0.3859551  0.39759445 0.51629909  0.46931202 0.45966469 0.46009361 0.40632781 0.48252389 0.49437621  0.49297895 0.40920699 0.50662504 0.4257736 
0.00039479 0.36283831 0.35232302 0.39930133 0.34523319 0.50234819  0.48417291 0.45702496 0.47508945 0.39693445 0.45000532 0.44589633  0.47476172 0.42761975 0.50206904 0.41641874
0.00039479 0.36283831 0.35232302 0.39930133 0.34523319 0.50234819  0.48417291 0.45702496 0.47508945 0.39693445 0.45000532 0.44589633  0.47476172 0.42761975 0.50206904 0.41641874
0.00039479 0.36283831 0.35232302 0.39930133 0.34523319 0.50234819  0.48417291 0.45702496 0.47508945 0.39693445 0.45000532 0.44589633  0.47476172 0.42761975 0.50206904 0.41641874
0.32899691 0.74757851 0.17434444 0.61378975 0.34321367 0.5636299  0.28178956 0.45905278 0.69096909 0.46273362 0.52315085 0.46229463  0.4891475  0.45390681 0.59222697 0.4926619 
0.47334614 0.79126288 0.14863427 0.5319326  0.29300601 0.64973916  0.38833961 0.42632892 0.44884352 0.50034184 0.2987235  0.501872  0.41070799 0.30775799 0.36375783 0.46747339
0.61204657 0.69166987 0.13530569 0.25436222 0.2800298  0.65842768  0.56551448 0.67507833 0.43408465 0.4122203  0.40456082 0.46222424  0.57594593 0.33936633 0.49120841 0.5351474 
0.67523534 0.61290278 0.17051998 0.19586766 0.24051593 0.63049618  0.51527021 0.79503703 0.34025396 0.45028408 0.34020075 0.47526855  0.40655964 0.24543123 0.58471424 0.44300899
0.71738868 0.52020875 0.14649654 0.15615335 0.27591633 0.58492376  0.47150559 0.59401972 0.42521487 0.45728458 0.18509123 0.53395505  0.46685758 0.36495551 0.69437417 0.43110125
0.78439602 0.34920449 0.11509822 0.12285053 0.34576701 0.4533275  0.31428084 0.45325025 0.60155421 0.35564157 0.3029053  0.49730314  0.41435012 0.29059942 0.41129945 0.33353117
0.78439602 0.34920449 0.11509822 0.12285053 0.34576701 0.4533275  0.31428084 0.45325025 0.60155421 0.35564157 0.3029053  0.49730314  0.41435012 0.29059942 0.41129945 0.33353117
0.80509584 0.30919908 0.14985309 0.18610286 0.30470202 0.40784764  0.32197863 0.46297607 0.55944664 0.45971962 0.44657014 0.55773172  0.41090129 0.34696673 0.37813564 0.37943556
0.81285704 0.27909467 0.14252626 0.22954791 0.33146054 0.44189352  0.31506524 0.45722946 0.51586556 0.45387513 0.44657715 0.50185097  0.42786742 0.32460241 0.43406752 0.39947505
0.83201451 0.23518425 0.16497623 0.30240932 0.33621538 0.4467778  0.3214124  0.4614102  0.43203475 0.50200932 0.499051   0.46856183  0.46071367 0.31127392 0.53297698 0.35807814
0.84553473 0.18218498 0.15714205 0.39370741 0.38623178 0.5020125  0.33614683 0.4668256  0.37579489 0.50216572 0.50701911 0.38431042  0.46237971 0.34111909 0.57511893 0.42481231
0.84553473 0.18218498 0.15714205 0.39370741 0.38623178 0.5020125  0.33614683 0.4668256  0.37579489 0.50216572 0.50701911 0.38431042  0.46237971 0.34111909 0.57511893 0.42481231
0.85274188 0.15402059 0.15435939 0.44081405 0.40987062 0.52766388  0.33843397 0.468831   0.34202256 0.51713699 0.5210741  0.33284928  0.45663337 0.36794606 0.5717044  0.49252062
0.86973916 0.12465766 0.18277251 0.51749235 0.41108689 0.55981166  0.35410087 0.47621456 0.27762652 0.50825209 0.52570585 0.33359999  0.52189645 0.40125334 0.6172476  0.39767421
0.86973916 0.12465766 0.18277251 0.51749235 0.41108689 0.55981166  0.35410087 0.47621456 0.27762652 0.50825209 0.52570585 0.33359999  0.52189645 0.40125334 0.6172476  0.39767421
0.86973916 0.12465766 0.18277251 0.51749235 0.41108689 0.55981166  0.35410087 0.47621456 0.27762652 0.50825209 0.52570585 0.33359999  0.52189645 0.40125334 0.6172476  0.39767421
0.86973916 0.12465766 0.18277251 0.51749235 0.41108689 0.55981166  0.35410087 0.47621456 0.27762652 0.50825209 0.52570585 0.33359999  0.52189645 0.40125334 0.6172476  0.39767421
0.86973916 0.12465766 0.18277251 0.51749235 0.41108689 0.55981166  0.35410087 0.47621456 0.27762652 0.50825209 0.52570585 0.33359999  0.52189645 0.40125334 0.6172476  0.39767421
0.86973916 0.12465766 0.18277251 0.51749235 0.41108689 0.55981166  0.35410087 0.47621456 0.27762652 0.50825209 0.52570585 0.33359999  0.52189645 0.40125334 0.6172476  0.39767421
0.86973916 0.12465766 0.18277251 0.51749235 0.41108689 0.55981166  0.35410087 0.47621456 0.27762652 0.50825209 0.52570585 0.33359999  0.52189645 0.40125334 0.6172476  0.39767421
0.86973916 0.12465766 0.18277251 0.51749235 0.41108689 0.55981166  0.35410087 0.47621456 0.27762652 0.50825209 0.52570585 0.33359999  0.52189645 0.40125334 0.6172476  0.39767421
0.86973916 0.12465766 0.18277251 0.51749235 0.41108689 0.55981166  0.35410087 0.47621456 0.27762652 0.50825209 0.52570585 0.33359999  0.52189645 0.40125334 0.6172476  0.39767421
0.84924047 0.13061919 0.1202755  0.49905428 0.48574526 0.61360965  0.3913115  0.50661991 0.38298274 0.44407079 0.42923818 0.28132802  0.45759567 0.3790737  0.60386362 0.50195458
0.84924047 0.13061919 0.1202755  0.49905428 0.48574526 0.61360965  0.3913115  0.50661991 0.38298274 0.44407079 0.42923818 0.28132802  0.45759567 0.3790737  0.60386362 0.50195458
0.82539735 0.18672888 0.08710908 0.39600949 0.49598271 0.63465216  0.33968131 0.47737634 0.40455491 0.34606922 0.31949681 0.23513844  0.4420573  0.31476159 0.586392   0.49921667
0.82539735 0.18672888 0.08710908 0.39600949 0.49598271 0.63465216  0.33968131 0.47737634 0.40455491 0.34606922 0.31949681 0.23513844  0.4420573  0.31476159 0.586392   0.49921667
0.79491201 0.25778012 0.06834999 0.29477259 0.47612681 0.57652572  0.38477873 0.47128707 0.52837903 0.29650429 0.31093087 0.33046049  0.45870128 0.2706075  0.66868672 0.41772171
0.79001064 0.27913007 0.07228302 0.2480601  0.4515048  0.5397939  0.36263135 0.44878549 0.54285378 0.30987918 0.33050194 0.34703956  0.45675016 0.25852277 0.62718329 0.43364893
0.69185673 0.48438806 0.05466892 0.19315826 0.42091374 0.47647138  0.51356471 0.22512786 0.67034322 0.30620912 0.42621503 0.46389136  0.68473032 0.45383515 0.47701915 0.40585038
0.57768613 0.61488002 0.04478654 0.36767121 0.45361985 0.43642248  0.58170236 0.05759047 0.58593081 0.41973643 0.42538301 0.50117614  0.46619645 0.47483212 0.59291072 0.35364686
0.48481244 0.72652863 0.07435721 0.43763841 0.44099364 0.38885463  0.67843884 0.34203705 0.39236189 0.40447408 0.52877441 0.44959789  0.40026884 0.40685738 0.62161315 0.34113685
0.36151924 0.7308615  0.11014151 0.55330915 0.47635324 0.20150221  0.59669826 0.46802472 0.29043482 0.41828054 0.37999364 0.47996559  0.35792247 0.44695884 0.63550843 0.37293314
0.32523492 0.73384725 0.1267601  0.6160683  0.46485605 0.21091584  0.47907142 0.4802241  0.34913855 0.43796083 0.32800892 0.49859384  0.38418633 0.43364035 0.61754303 0.42267007
0.23371128 0.66495616 0.18043467 0.62843347 0.45278182 0.20436242  0.38589142 0.55110071 0.37913483 0.38712486 0.2706638  0.48006215  0.61094504 0.4215173  0.47120907 0.48720605
0.1427829  0.56922478 0.24346308 0.58473204 0.42003821 0.26625472  0.3600837  0.57887034 0.40482342 0.35168333 0.26844025 0.45590068  0.73921967 0.39494678 0.33171307 0.51388374
0.10628198 0.51936369 0.26919051 0.54585476 0.40619473 0.30496913  0.38560293 0.55896134 0.40029415 0.36313951 0.26626736 0.46009462  0.71983574 0.38086872 0.3271927  0.5387862 
0.05305711 0.43957166 0.31101253 0.47051371 0.37471271 0.40140838  0.44031666 0.50870415 0.42642705 0.37566067 0.35066315 0.45160235  0.60838869 0.3907296  0.38140058 0.47992183
0.01779563 0.38669558 0.33863985 0.42004769 0.35385851 0.46460162  0.48109267 0.47190843 0.43452283 0.38595027 0.3992976  0.44733029  0.52908455 0.38078184 0.39373238 0.44873962
0.01779563 0.38669558 0.33863985 0.42004769 0.35385851 0.46460162  0.48109267 0.47190843 0.43452283 0.38595027 0.3992976  0.44733029  0.52908455 0.38078184 0.39373238 0.44873962
0.00039479 0.36283831 0.35232302 0.39930133 0.34523319 0.50234819  0.48417291 0.45702496 0.47508945 0.39693445 0.45000532 0.44589633  0.47476172 0.42761975 0.50206904 0.41641874
0.00039479 0.36283831 0.35232302 0.39930133 0.34523319 0.50234819  0.48417291 0.45702496 0.47508945 0.39693445 0.45000532 0.44589633  0.47476172 0.42761975 0.50206904 0.41641874
0.00039479 0.36283831 0.35232302 0.39930133 0.34523319 0.50234819  0.48417291 0.45702496 0.47508945 0.39693445 0.45000532 0.44589633  0.47476172 0.42761975 0.50206904 0.41641874
0.00039479 0.36283831 0.35232302 0.39930133 0.34523319 0.50234819  0.48417291 0.45702496 0.47508945 0.39693445 0.45000532 0.44589633  0.47476172 0.42761975 0.50206904 0.41641874
0.00039479 0.36283831 0.35232302 0.39930133 0.34523319 0.50234819  0.48417291 0.45702496 0.47508945 0.39693445 0.45000532 0.44589633  0.47476172 0.42761975 0.50206904 0.41641874
0.00039479 0.36283831 0.35232302 0.39930133 0.34523319 0.50234819  0.48417291 0.45702496 0.47508945 0.39693445 0.45000532 0.44589633  0.47476172 0.42761975 0.50206904 0.41641874
0.00039479 0.36283831 0.35232302 0.39930133 0.34523319 0.50234819  0.48417291 0.45702496 0.47508945 0.39693445 0.45000532 0.44589633  0.47476172 0.42761975 0.50206904 0.41641874
0.00039479 0.36283831 0.35232302 0.39930133 0.34523319 0.50234819  0.48417291 0.45702496 0.47508945 0.39693445 0.45000532 0.44589633  0.47476172 0.42761975 0.50206904 0.41641874
0.00039479 0.36283831 0.35232302 0.39930133 0.34523319 0.50234819  0.48417291 0.45702496 0.47508945 0.39693445 0.45000532 0.44589633  0.47476172 0.42761975 0.50206904 0.41641874
0.00039479 0.36283831 0.35232302 0.39930133 0.34523319 0.50234819  0.48417291 0.45702496 0.47508945 0.39693445 0.45000532 0.44589633  0.47476172 0.42761975 0.50206904 0.41641874
0.00039479 0.36283831 0.35232302 0.39930133 0.34523319 0.50234819  0.48417291 0.45702496 0.47508945 0.39693445 0.45000532 0.44589633  0.47476172 0.42761975 0.50206904 0.41641874
0.00039479 0.36283831 0.35232302 0.39930133 0.34523319 0.50234819  0.48417291 0.45702496 0.47508945 0.39693445 0.45000532 0.44589633  0.47476172 0.42761975 0.50206904 0.41641874
0.00039479 0.36283831 0.35232302 0.39930133 0.34523319 0.50234819  0.48417291 0.45702496 0.47508945 0.39693445 0.45000532 0.44589633  0.47476172 0.42761975 0.50206904 0.41641874
