0.00039479 0.36283831 0.35232302 0.39930133 0.34523319 0.50234819  0.48417291 0.45702496 0.47508945 0.39693445 0.45000532 0.44589633  0.47476172 0.42761975 0.50206904 0.41641874
0.00039479 0.36283831 0.35232302 0.39930133 0.34523319 0.50234819  0.48417291 0.45702496 0.47508945 0.39693445 0.45000532 0.44589633  0.47476172 0.42761975 0.50206904 0.41641874
0.00039479 0.36283831 0.35232302 0.39930133 0.34523319 0.50234819  0.48417291 0.45702496 0.47508945 0.39693445 0.45000532 0.44589633  0.47476172 0.42761975 0.50206904 0.41641874
0.00039479 0.36283831 0.35232302 0.39930133 0.34523319 0.50234819  0.48417291 0.45702496 0.47508945 0.39693445 0.45000532 0.44589633  0.47476172 0.42761975 0.50206904 0.41641874
0.00039479 0.36283831 0.35232302 0.39930133 0.34523319 0.50234819  0.48417291 0.45702496 0.47508945 0.39693445 0.45000532 0.44589633  0.47476172 0.42761975 0.50206904 0.41641874
0.00039479 0.36283831 0.35232302 0.39930133 0.34523319 0.50234819  0.48417291 0.45702496 0.47508945 0.39693445 0.45000532 0.44589633  0.47476172 0.42761975 0.50206904 0.41641874
0.00039479 0.36283831 0.35232302 0.39930133 0.34523319 0.50234819  0.48417291 0.45702496 0.47508945 0.39693445 0.45000532 0.44589633  0.47476172 0.42761975 0.50206904 0.41641874
0.00039479 0.36283831 0.35232302 0.39930133 0.34523319 0.50234819  0.48417291 0.45702496 0.47508945 0.39693445 0.45000532 0.44589633  0.47476172 0.42761975 0.50206904 0.41641874
0.00039479 0.36283831 0.35232302 0.39930133 0.34523319 0.50234819  0.48417291 0.45702496 0.47508945 0.39693445 0.45000532 0.44589633  0.47476172 0.42761975 0.50206904 0.41641874
0.00039479 0.36283831 0.35232302 0.39930133 0.34523319 0.50234819  0.48417291 0.45702496 0.47508945 0.39693445 0.45000532 0.44589633  0.47476172 0.42761975 0.50206904 0.41641874
0.00039479 0.36283831 0.35232302 0.39930133 0.34523319 0.50234819  0.48417291 0.45702496 0.47508945 0.39693445 0.45000532 0.44589633  0.47476172 0.42761975 0.50206904 0.41641874
0.00039479 0.36283831 0.35232302 0.39930133 0.34523319 0.50234819  0.48417291 0.45702496 0.47508945 0.39693445 0.45000532 0.44589633  0.47476172 0.42761975 0.50206904 0.41641874
0.00039479 0.36283831 0.35232302 0.39930133 0.34523319 0.50234819  0.48417291 0.45702496 0.47508945 0.39693445 0.45000532 0.44589633  0.47476172 0.42761975 0.50206904 0.41641874
0.00039479 0.36283831 0.35232302 0.39930133 0.34523319 0.50234819  0.48417291 0.45702496 0.47508945 0.39693445 0.45000532 0.44589633  0.47476172 0.42761975 0.50206904 0.41641874
0.00039479 0.36283831 0.35232302 0.39930133 0.34523319 0.50234819  0.48417291 0.45702496 0.47508945 0.39693445 0.45000532 0.44589633  0.47476172 0.42761975 0.50206904 0.41641874
0.00039479 0.36283831 0.35232302 0.39930133 0.34523319 0.50234819  0.48417291 0.45702496 0.47508945 0.39693445 0.45000532 0.44589633  0.47476172 0.42761975 0.50206904 0.41641874
0.00039479 0.36283831 0.35232302 0.39930133 0.34523319 0.50234819  0.48417291 0.45702496 0.47508945 0.39693445 0.45000532 0.44589633  0.47476172 0.42761975 0.50206904 0.41641874
0.00039479 0.36283831 0.35232302 0.39930133 0.34523319 0.50234819  0.48417291 0.45702496 0.47508945 0.39693445 0.45000532 0.44589633  0.47476172 0.42761975 0.50206904 0.41641874
0.00039479 0.36283831 0.35232302 0.39930133 0.34523319 0.50234819  0.48417291 0.45702496 0.47508945 0.39693445 0.45000532 0.44589633  0.47476172 0.42761975 0.50206904 0.41641874
0.00039479 0.36283831 0.35232302 0.39930133 0.34523319 0.50234819  0.48417291 0.45702496 0.47508945 0.39693445 0.45000532 0.44589633  0.47476172 0.42761975 0.50206904 0.41641874
0.00039479 0.36283831 0.35232302 0.39930133 0.34523319 0.50234819  0.48417291 0.45702496 0.47508945 0.39693445 0.45000532 0.44589633  0.47476172 0.42761975 0.50206904 0.41641874
0.00039479 0.36283831 0.35232302 0.39930133 0.34523319 0.50234819  0.48417291 0.45702496 0.47508945 0.39693445 0.45000532 0.44589633  0.47476172 0.42761975 0.50206904 0.41641874
0.00039479 0.36283831 0.35232302 0.39930133 0.34523319 0.50234819  0.48417291 0.45702496 0.47508945 0.39693445 0.45000532 0.44589633  0.47476172 0.42761975 0.50206904 0.41641874
0.00039479 0.36283831 0.35232302 0.39930133 0.34523319 0.50234819  0.48417291 0.45702496 0.47508945 0.39693445 0.45000532 0.44589633  0.47476172 0.42761975 0.50206904 0.41641874
0.00039479 0.36283831 0.35232302 0.39930133 0.34523319 0.50234819  0.48417291 0.45702496 0.47508945 0.39693445 0.45000532 0.44589633  0.47476172 0.42761975 0.50206904 0.41641874
0.00039479 0.36283831 0.35232302 0.39930133 0.34523319 0.50234819  0.48417291 0.45702496 0.47508945 0.39693445 0.45000532 0.44589633  0.47476172 0.42761975 0.50206904 0.41641874
0.00039479 0.36283831 0.35232302 0.39930133 0.34523319 0.50234819  0.48417291 0.45702496 0.47508945 0.39693445 0.45000532 0.44589633  0.47476172 0.42761975 0.50206904 0.41641874
0.00039479 0.36283831 0.35232302 0.39930133 0.34523319 0.50234819  0.48417291 0.45702496 0.47508945 0.39693445 0.45000532 0.44589633  0.47476172 0.42761975 0.50206904 0.41641874
0.00039479 0.36283831 0.35232302 0.39930133 0.34523319 0.50234819  0.48417291 0.45702496 0.47508945 0.39693445 0.45000532 0.44589633  0.47476172 0.42761975 0.50206904 0.41641874
0.00039479 0.36283831 0.35232302 0.39930133 0.34523319 0.50234819  0.48417291 0.45702496 0.47508945 0.39693445 0.45000532 0.44589633  0.47476172 0.42761975 0.50206904 0.41641874
0.00039479 0.36283831 0.35232302 0.39930133 0.34523319 0.50234819  0.48417291 0.45702496 0.47508945 0.39693445 0.45000532 0.44589633  0.47476172 0.42761975 0.50206904 0.41641874
0.00039479 0.36283831 0.35232302 0.39930133 0.34523319 0.50234819  0.48417291 0.45702496 0.47508945 0.39693445 0.45000532 0.44589633  0.47476172 0.42761975 0.50206904 0.41641874
0.00039479 0.36283831 0.35232302 0.39930133 0.34523319 0.50234819  0.48417291 0.45702496 0.47508945 0.39693445 0.45000532 0.44589633  0.47476172 0.42761975 0.50206904 0.41641874
0.00039479 0.36283831 0.35232302 0.39930133 0.34523319 0.50234819  0.48417291 0.45702496 0.47508945 0.39693445 0.45000532 0.44589633  0.47476172 0.42761975 0.50206904 0.41641874
0.00039479 0.36283831 0.35232302 0.39930133 0.34523319 0.50234819  0.48417291 0.45702496 0.47508945 0.39693445 0.45000532 0.44589633  0.47476172 0.42761975 0.50206904 0.41641874
0.00039479 0.36283831 0.35232302 0.39930133 0.34523319 0.50234819  0.48417291 0.45702496 0.47508945 0.39693445 0.45000532 0.44589633  0.47476172 0.42761975 0.50206904 0.41641874
0.00039479 0.36283831 0.35232302 0.39930133 0.34523319 0.50234819  0.48417291 0.45702496 0.47508945 0.39693445 0.45000532 0.44589633  0.47476172 0.42761975 0.50206904 0.41641874
0.00039479 0.36283831 0.35232302 0.39930133 0.34523319 0.50234819  0.48417291 0.45702496 0.47508945 0.39693445 0.45000532 0.44589633  0.47476172 0.42761975 0.50206904 0.41641874
0.00039479 0.36283831 0.35232302 0.39930133 0.34523319 0.50234819  0.48417291 0.45702496 0.47508945 0.39693445 0.45000532 0.44589633  0.47476172 0.42761975 0.50206904 0.41641874
0.00039479 0.36283831 0.35232302 0.39930133 0.34523319 0.50234819  0.48417291 0.45702496 0.47508945 0.39693445 0.45000532 0.44589633  0.47476172 0.42761975 0.50206904 0.41641874
0.00039479 0.36283831 0.35232302 0.39930133 0.34523319 0.50234819  0.48417291 0.45702496 0.47508945 0.39693445 0.45000532 0.44589633  0.47476172 0.42761975 0.50206904 0.41641874
0.00039479 0.36283831 0.35232302 0.39930133 0.34523319 0.50234819  0.48417291 0.45702496 0.47508945 0.39693445 0.45000532 0.44589633  0.47476172 0.42761975 0.50206904 0.41641874
0.00039479 0.36283831 0.35232302 0.39930133 0.34523319 0.50234819  0.48417291 0.45702496 0.47508945 0.39693445 0.45000532 0.44589633  0.47476172 0.42761975 0.50206904 0.41641874
0.00039479 0.36283831 0.35232302 0.39930133 0.34523319 0.50234819  0.48417291 0.45702496 0.47508945 0.39693445 0.45000532 0.44589633  0.47476172 0.42761975 0.50206904 0.41641874
0.00039479 0.36283831 0.35232302 0.39930133 0.34523319 0.50234819  0.48417291 0.45702496 0.47508945 0.39693445 0.45000532 0.44589633  0.47476172 0.42761975 0.50206904 0.41641874
0.00039479 0.36283831 0.35232302 0.39930133 0.34523319 0.50234819  0.48417291 0.45702496 0.47508945 0.39693445 0.45000532 0.44589633  0.47476172 0.42761975 0.50206904 0.41641874
0.00039479 0.36283831 0.35232302 0.39930133 0.34523319 0.50234819  0.48417291 0.45702496 0.47508945 0.39693445 0.45000532 0.44589633  0.47476172 0.42761975 0.50206904 0.41641874
0.00039479 0.36283831 0.35232302 0.39930133 0.34523319 0.50234819  0.48417291 0.45702496 0.47508945 0.39693445 0.45000532 0.44589633  0.47476172 0.42761975 0.50206904 0.41641874
0.00039479 0.36283831 0.35232302 0.39930133 0.34523319 0.50234819  0.48417291 0.45702496 0.47508945 0.39693445 0.45000532 0.44589633  0.47476172 0.42761975 0.50206904 0.41641874
0.00039479 0.36283831 0.35232302 0.39930133 0.34523319 0.50234819  0.48417291 0.45702496 0.47508945 0.39693445 0.45000532 0.44589633  0.47476172 0.42761975 0.50206904 0.41641874
0.00039479 0.36283831 0.35232302 0.39930133 0.34523319 0.50234819  0.48417291 0.45702496 0.47508945 0.39693445 0.45000532 0.44589633  0.47476172 0.42761975 0.50206904 0.41641874
0.00039479 0.36283831 0.35232302 0.39930133 0.34523319 0.50234819  0.48417291 0.45702496 0.47508945 0.39693445 0.45000532 0.44589633  0.47476172 0.42761975 0.50206904 0.41641874
0.00039479 0.36283831 0.35232302 0.39930133 0.34523319 0.50234819  0.48417291 0.45702496 0.47508945 0.39693445 0.45000532 0.44589633  0.47476172 0.42761975 0.50206904 0.41641874
0.00039479 0.36283831 0.35232302 0.39930133 0.34523319 0.50234819  0.48417291 0.45702496 0.47508945 0.39693445 0.45000532 0.44589633  0.47476172 0.42761975 0.50206904 0.41641874
0.00039479 0.36283831 0.35232302 0.39930133 0.34523319 0.50234819  0.48417291 0.45702496 0.47508945 0.39693445 0.45000532 0.44589633  0.47476172 0.42761975 0.50206904 0.41641874
0.00039479 0.36283831 0.35232302 0.39930133 0.34523319 0.50234819  0.48417291 0.45702496 0.47508945 0.39693445 0.45000532 0.44589633  0.47476172 0.42761975 0.50206904 0.41641874
0.00039479 0.36283831 0.35232302 0.39930133 0.34523319 0.50234819  0.48417291 0.45702496 0.47508945 0.39693445 0.45000532 0.44589633  0.47476172 0.42761975 0.50206904 0.41641874
0.00039479 0.36283831 0.35232302 0.39930133 0.34523319 0.50234819  0.48417291 0.45702496 0.47508945 0.39693445 0.45000532 0.44589633  0.47476172 0.42761975 0.50206904 0.41641874
0.00039479 0.36283831 0.35232302 0.39930133 0.34523319 0.50234819  0.48417291 0.45702496 0.47508945 0.39693445 0.45000532 0.44589633  0.47476172 0.42761975 0.50206904 0.41641874
0.00039479 0.36283831 0.35232302 0.39930133 0.34523319 0.50234819  0.48417291 0.45702496 0.47508945 0.39693445 0.45000532 0.44589633  0.47476172 0.42761975 0.50206904 0.41641874
0.00039479 0.36283831 0.35232302 0.39930133 0.34523319 0.50234819  0.48417291 0.45702496 0.47508945 0.39693445 0.45000532 0.44589633  0.47476172 0.42761975 0.50206904 0.41641874
0.00039479 0.36283831 0.35232302 0.39930133 0.34523319 0.50234819  0.48417291 0.45702496 0.47508945 0.39693445 0.45000532 0.44589633  0.47476172 0.42761975 0.50206904 0.41641874
0.00039479 0.36283831 0.35232302 0.39930133 0.34523319 0.50234819  0.48417291 0.45702496 0.47508945 0.39693445 0.45000532 0.44589633  0.47476172 0.42761975 0.50206904 0.41641874
0.00039479 0.36283831 0.35232302 0.39930133 0.34523319 0.50234819  0.48417291 0.45702496 0.47508945 0.39693445 0.45000532 0.44589633  0.47476172 0.42761975 0.50206904 0.41641874
0.00039479 0.36283831 0.35232302 0.39930133 0.34523319 0.50234819  0.48417291 0.45702496 0.47508945 0.39693445 0.45000532 0.44589633  0.47476172 0.42761975 0.50206904 0.41641874
0.00039479 0.36283831 0.35232302 0.39930133 0.34523319 0.50234819  0.48417291 0.45702496 0.47508945 0.39693445 0.45000532 0.44589633  0.47476172 0.42761975 0.50206904 0.41641874
0.00039479 0.36283831 0.35232302 0.39930133 0.34523319 0.50234819  0.48417291 0.45702496 0.47508945 0.39693445 0.45000532 0.44589633  0.47476172 0.42761975 0.50206904 0.41641874
0.00039479 0.36283831 0.35232302 0.39930133 0.34523319 0.50234819  0.48417291 0.45702496 0.47508945 0.39693445 0.45000532 0.44589633  0.47476172 0.42761975 0.50206904 0.41641874
0.00039479 0.36283831 0.35232302 0.39930133 0.34523319 0.50234819  0.48417291 0.45702496 0.47508945 0.39693445 0.45000532 0.44589633  0.47476172 0.42761975 0.50206904 0.41641874
0.00039479 0.36283831 0.35232302 0.39930133 0.34523319 0.50234819  0.48417291 0.45702496 0.47508945 0.39693445 0.45000532 0.44589633  0.47476172 0.42761975 0.50206904 0.41641874
0.00039479 0.36283831 0.35232302 0.39930133 0.34523319 0.50234819  0.48417291 0.45702496 0.47508945 0.39693445 0.45000532 0.44589633  0.47476172 0.42761975 0.50206904 0.41641874
0.00039479 0.36283831 0.35232302 0.39930133 0.34523319 0.50234819  0.48417291 0.45702496 0.47508945 0.39693445 0.45000532 0.44589633  0.47476172 0.42761975 0.50206904 0.41641874
0.00039479 0.36283831 0.35232302 0.39930133 0.34523319 0.50234819  0.48417291 0.45702496 0.47508945 0.39693445 0.45000532 0.44589633  0.47476172 0.42761975 0.50206904 0.41641874
0.00039479 0.36283831 0.35232302 0.39930133 0.34523319 0.50234819  0.48417291 0.45702496 0.47508945 0.39693445 0.45000532 0.44589633  0.47476172 0.42761975 0.50206904 0.41641874
0.00039479 0.36283831 0.35232302 0.39930133 0.34523319 0.50234819  0.48417291 0.45702496 0.47508945 0.39693445 0.45000532 0.44589633  0.47476172 0.42761975 0.50206904 0.41641874
0.00039479 0.36283831 0.35232302 0.39930133 0.34523319 0.50234819  0.48417291 0.45702496 0.47508945 0.39693445 0.45000532 0.44589633  0.47476172 0.42761975 0.50206904 0.41641874
0.00039479 0.36283831 0.35232302 0.39930133 0.34523319 0.50234819  0.48417291 0.45702496 0.47508945 0.39693445 0.45000532 0.44589633  0.47476172 0.42761975 0.50206904 0.41641874
0.00039479 0.36283831 0.35232302 0.39930133 0.34523319 0.50234819  0.48417291 0.45702496 0.47508945 0.39693445 0.45000532 0.44589633  0.47476172 0.42761975 0.50206904 0.41641874
0.00039479 0.36283831 0.35232302 0.39930133 0.34523319 0.50234819  0.48417291 0.45702496 0.47508945 0.39693445 0.45000532 0.44589633  0.47476172 0.42761975 0.50206904 0.41641874
0.00039479 0.36283831 0.35232302 0.39930133 0.34523319 0.50234819  0.48417291 0.45702496 0.47508945 0.39693445 0.45000532 0.44589633  0.47476172 0.42761975 0.50206904 0.41641874
0.00039479 0.36283831 0.35232302 0.39930133 0.34523319 0.50234819  0.48417291 0.45702496 0.47508945 0.39693445 0.45000532 0.44589633  0.47476172 0.42761975 0.50206904 0.41641874
0.00039479 0.36283831 0.35232302 0.39930133 0.34523319 0.50234819  0.48417291 0.45702496 0.47508945 0.39693445 0.45000532 0.44589633  0.47476172 0.42761975 0.50206904 0.41641874
0.10649131 0.52002978 0.26936285 0.54609541 0.40588897 0.31155284  0.3807075  0.55736923 0.41785161 0.36694658 0.2847526  0.45924244  0.69939117 0.40003831 0.37085312 0.52663106
0.21641067 0.65528202 0.19481394 0.62806948 0.43839361 0.23497106  0.37215831 0.55433641 0.3889895  0.37139844 0.30606606 0.46068327  0.55462011 0.39548633 0.4192429  0.45023976
0.21641067 0.65528202 0.19481394 0.62806948 0.43839361 0.23497106  0.37215831 0.55433641 0.3889895  0.37139844 0.30606606 0.46068327  0.55462011 0.39548633 0.4192429  0.45023976
0.30927383 0.75225658 0.1442667  0.65504957 0.43595785 0.27179525  0.38622864 0.52253868 0.44031081 0.38425855 0.4495288  0.44329042  0.35075091 0.41921974 0.53247061 0.32470508
0.34659362 0.77676233 0.13919687 0.64135395 0.40415635 0.38089243  0.38014545 0.46949097 0.49470671 0.4202343  0.48178119 0.45062107  0.32208391 0.40948904 0.52845612 0.34899801
0.38400688 0.80027911 0.13478638 0.62448861 0.36843661 0.49682347  0.37217067 0.42391857 0.55194968 0.46277827 0.50391654 0.46454851  0.29741123 0.38791748 0.53465163 0.40166528
0.38400688 0.80027911 0.13478638 0.62448861 0.36843661 0.49682347  0.37217067 0.42391857 0.55194968 0.46277827 0.50391654 0.46454851  0.29741123 0.38791748 0.53465163 0.40166528
0.38400688 0.80027911 0.13478638 0.62448861 0.36843661 0.49682347  0.37217067 0.42391857 0.55194968 0.46277827 0.50391654 0.46454851  0.29741123 0.38791748 0.53465163 0.40166528
0.3468045  0.78215462 0.1349952  0.64789402 0.40857879 0.36978608  0.38267021 0.46830133 0.49698787 0.42483595 0.49581903 0.45264481  0.27730618 0.40630613 0.55843754 0.33903484
0.32811976 0.77340442 0.14455354 0.66746248 0.4073788  0.36600498  0.32396566 0.48794279 0.54226391 0.43316245 0.4604083  0.4647857  0.35048856 0.43172892 0.60043666 0.38374561
0.27186505 0.72081781 0.16549318 0.66440147 0.43201635 0.27200846  0.32180532 0.54935511 0.49372698 0.39492744 0.39642509 0.45885243  0.45677366 0.46223768 0.59936327 0.39137609
0.25357882 0.70998913 0.17713897 0.67310372 0.42729483 0.28528874  0.2685735  0.58100941 0.56689299 0.38552766 0.42354325 0.45097698  0.54722988 0.50423186 0.63797693 0.41087669
0.19929831 0.63939448 0.2146451  0.62477398 0.41141985 0.33920202  0.27932966 0.56364367 0.60730426 0.40484957 0.44949357 0.45822926  0.51150862 0.5731288  0.79760287 0.40123259
0.1807707  0.61922259 0.22198837 0.61483551 0.42069095 0.30530399  0.30005467 0.57934475 0.56963884 0.37161487 0.44390026 0.44184305  0.57613922 0.56943621 0.71000013 0.38576126
0.16238797 0.59589854 0.23406178 0.59961355 0.41565866 0.31889272  0.30657146 0.57401041 0.56796423 0.37888443 0.43262353 0.44617388  0.57772587 0.56217949 0.70804452 0.41109036
0.1440725  0.57010808 0.24717273 0.57936947 0.40817003 0.3358289  0.32070356 0.56713884 0.55958355 0.37995046 0.42462043 0.44736804  0.59066937 0.5506224  0.68292812 0.42391793
0.12580987 0.54489069 0.25923995 0.56023097 0.40397702 0.34066774  0.34282488 0.56015071 0.52869915 0.37311523 0.40511614 0.44543777  0.61573721 0.52318184 0.60941901 0.43177913
0.14321071 0.56874796 0.24555679 0.58097734 0.41260234 0.30292117  0.33974464 0.57503418 0.48813253 0.36213105 0.35440842 0.44687174  0.67006003 0.47634393 0.50108235 0.4641    
0.16147335 0.59396535 0.23348956 0.60011583 0.41679535 0.29808233  0.31762332 0.5820223  0.51901693 0.36896628 0.37391271 0.44880201  0.6449922  0.50378449 0.57459146 0.4562388 
0.16147335 0.59396535 0.23348956 0.60011583 0.41679535 0.29808233  0.31762332 0.5820223  0.51901693 0.36896628 0.37391271 0.44880201  0.6449922  0.50378449 0.57459146 0.4562388 
0.18054823 0.6208705  0.21983065 0.61839271 0.42492373 0.26816972  0.30952011 0.59468886 0.49342006 0.36111357 0.33783287 0.46860841  0.64348296 0.49671202 0.48294528 0.52928951
0.18054823 0.6208705  0.21983065 0.61839271 0.42492373 0.26816972  0.30952011 0.59468886 0.49342006 0.36111357 0.33783287 0.46860841  0.64348296 0.49671202 0.48294528 0.52928951
0.18054823 0.6208705  0.21983065 0.61839271 0.42492373 0.26816972  0.30952011 0.59468886 0.49342006 0.36111357 0.33783287 0.46860841  0.64348296 0.49671202 0.48294528 0.52928951
0.18054823 0.6208705  0.21983065 0.61839271 0.42492373 0.26816972  0.30952011 0.59468886 0.49342006 0.36111357 0.33783287 0.46860841  0.64348296 0.49671202 0.48294528 0.52928951
0.21724643 0.66998501 0.1946463  0.65385875 0.43744465 0.23764482  0.28887122 0.60689477 0.50347534 0.35277797 0.3571127  0.46308342  0.62895281 0.51552583 0.5100173  0.49113284
0.23553266 0.6808137  0.1830005  0.64515649 0.44216618 0.22436454  0.34210304 0.57524047 0.43030933 0.36217776 0.32999454 0.47095887  0.53849659 0.47353165 0.47140363 0.47163224
0.23553266 0.6808137  0.1830005  0.64515649 0.44216618 0.22436454  0.34210304 0.57524047 0.43030933 0.36217776 0.32999454 0.47095887  0.53849659 0.47353165 0.47140363 0.47163224
0.23553266 0.6808137  0.1830005  0.64515649 0.44216618 0.22436454  0.34210304 0.57524047 0.43030933 0.36217776 0.32999454 0.47095887  0.53849659 0.47353165 0.47140363 0.47163224
0.2542567  0.70350227 0.17133236 0.65537305 0.44490768 0.22037023  0.3478218  0.5680655  0.42216921 0.35983536 0.34768752 0.46753775  0.50565621 0.4559365  0.4465101  0.449672  
0.2542567  0.70350227 0.17133236 0.65537305 0.44490768 0.22037023  0.3478218  0.5680655  0.42216921 0.35983536 0.34768752 0.46753775  0.50565621 0.4559365  0.4465101  0.449672  
0.27177245 0.72219866 0.16398737 0.66818633 0.436234   0.25414057  0.32818759 0.55079232 0.46056657 0.39389192 0.35966302 0.46551031  0.47394365 0.43759325 0.55934456 0.40786155
0.28897657 0.71937743 0.15003571 0.6446261  0.45031146 0.22384037  0.40166931 0.51056799 0.37587127 0.42628769 0.28586587 0.49709547  0.44139901 0.41437333 0.57074146 0.45065635
0.28897657 0.71937743 0.15003571 0.6446261  0.45031146 0.22384037  0.40166931 0.51056799 0.37587127 0.42628769 0.28586587 0.49709547  0.44139901 0.41437333 0.57074146 0.45065635
0.3076613  0.72812763 0.14047737 0.62505764 0.45151145 0.22762147  0.46037386 0.49092653 0.33059522 0.41796119 0.3212766  0.48495458  0.36821663 0.38895055 0.52874234 0.40594557
0.29045719 0.73094886 0.15442903 0.64861787 0.43743399 0.25792166  0.38689214 0.53115086 0.41529052 0.38556542 0.39507375 0.45336942  0.40076127 0.41217046 0.51734543 0.36315078
0.25324485 0.70202677 0.17133064 0.65824786 0.44550511 0.22024254  0.3489126  0.56649339 0.42290115 0.36065722 0.35406971 0.4491241  0.53857425 0.43390065 0.47174182 0.39239022
0.25324485 0.70202677 0.17133064 0.65824786 0.44550511 0.22024254  0.3489126  0.56649339 0.42290115 0.36065722 0.35406971 0.4491241  0.53857425 0.43390065 0.47174182 0.39239022
0.2345208  0.67933821 0.18299878 0.6480313  0.4427636  0.22423684  0.34319384 0.57366837 0.43104127 0.36299962 0.33637673 0.45254522  0.57141463 0.45149581 0.49663536 0.41435045
0.2345208  0.67933821 0.18299878 0.6480313  0.4427636  0.22423684  0.34319384 0.57366837 0.43104127 0.36299962 0.33637673 0.45254522  0.57141463 0.45149581 0.49663536 0.41435045
0.2345208  0.67933821 0.18299878 0.6480313  0.4427636  0.22423684  0.34319384 0.57366837 0.43104127 0.36299962 0.33637673 0.45254522  0.57141463 0.45149581 0.49663536 0.41435045
0.2345208  0.67933821 0.18299878 0.6480313  0.4427636  0.22423684  0.34319384 0.57366837 0.43104127 0.36299962 0.33637673 0.45254522  0.57141463 0.45149581 0.49663536 0.41435045
0.25304841 0.69951009 0.17565551 0.65796977 0.4334925  0.25813487  0.32246882 0.55796729 0.46870669 0.39623432 0.34197004 0.46893143  0.50678403 0.4551884  0.58423809 0.42982179
0.25304841 0.69951009 0.17565551 0.65796977 0.4334925  0.25813487  0.32246882 0.55796729 0.46870669 0.39623432 0.34197004 0.46893143  0.50678403 0.4551884  0.58423809 0.42982179
0.25304841 0.69951009 0.17565551 0.65796977 0.4334925  0.25813487  0.32246882 0.55796729 0.46870669 0.39623432 0.34197004 0.46893143  0.50678403 0.4551884  0.58423809 0.42982179
0.25441984 0.69519352 0.17778832 0.64113499 0.42449676 0.28562441  0.35485659 0.53016337 0.45395953 0.39618784 0.38070839 0.46222732  0.43605466 0.41529724 0.5305807  0.38926113
0.27177245 0.72219866 0.16398737 0.66818633 0.436234   0.25414057  0.32818759 0.55079232 0.46056657 0.39389192 0.35966302 0.46551031  0.47394365 0.43759325 0.55934456 0.40786155
0.27177245 0.72219866 0.16398737 0.66818633 0.436234   0.25414057  0.32818759 0.55079232 0.46056657 0.39389192 0.35966302 0.46551031  0.47394365 0.43759325 0.55934456 0.40786155
0.27177245 0.72219866 0.16398737 0.66818633 0.436234   0.25414057  0.32818759 0.55079232 0.46056657 0.39389192 0.35966302 0.46551031  0.47394365 0.43759325 0.55934456 0.40786155
0.25441984 0.69519352 0.17778832 0.64113499 0.42449676 0.28562441  0.35485659 0.53016337 0.45395953 0.39618784 0.38070839 0.46222732  0.43605466 0.41529724 0.5305807  0.38926113
0.27177245 0.72219866 0.16398737 0.66818633 0.436234   0.25414057  0.32818759 0.55079232 0.46056657 0.39389192 0.35966302 0.46551031  0.47394365 0.43759325 0.55934456 0.40786155
0.27293901 0.7097137  0.17490538 0.64193613 0.40710762 0.34514878  0.34040768 0.49034709 0.48299176 0.44152777 0.35887107 0.4866717  0.3915146  0.40909135 0.58520521 0.42854536
0.31094389 0.72906727 0.1666675  0.61375393 0.38589862 0.41968829  0.38104778 0.4336511  0.46373484 0.47311769 0.35202445 0.51536509  0.28565187 0.40268144 0.54261745 0.49036378
0.32976053 0.75037499 0.15650517 0.62018563 0.38442248 0.43356188  0.38038427 0.42503892 0.48875513 0.47181081 0.4064795  0.50528609  0.2356415  0.40973072 0.55774262 0.45191807
0.36431726 0.77455891 0.12875256 0.62367674 0.41023718 0.37177784  0.427197   0.40544353 0.41066687 0.50191067 0.31163698 0.54015424  0.24098586 0.40880681 0.59790338 0.5133133 
0.38237318 0.78597433 0.12336321 0.61302049 0.39930697 0.41137438  0.44904502 0.38586924 0.42551065 0.4941492  0.37451576 0.50746932  0.26757454 0.3750049  0.57715973 0.43552741
0.43740439 0.79507694 0.09863599 0.5362458  0.40257507 0.43886918  0.59520397 0.34853583 0.37673495 0.48088489 0.47543417 0.48337932  0.23480606 0.38419315 0.55192081 0.39585539
0.49362571 0.81124581 0.1016175  0.47514645 0.3390896  0.61266162  0.60791633 0.33866394 0.42945969 0.47868133 0.51729227 0.46887136  0.35637887 0.33670351 0.41965302 0.46160683
0.55878896 0.72847248 0.08096928 0.34535815 0.3632369  0.56769496  0.68223746 0.27404124 0.48391469 0.44259912 0.45004886 0.49634717  0.52043477 0.55917253 0.58817349 0.48516202
0.65836296 0.61334382 0.10408142 0.1724053  0.32219242 0.58629059  0.60783979 0.47672889 0.53943825 0.36464744 0.32756704 0.50253464  0.71482103 0.60325283 0.60956367 0.53334995
0.78431487 0.36992912 0.14925999 0.14451179 0.29992746 0.45611023  0.34591654 0.47355619 0.52930697 0.43236828 0.28540992 0.55089082  0.41819544 0.39226909 0.51094956 0.32422692
0.83150944 0.24652122 0.17996232 0.30629283 0.31827944 0.43359759  0.32180885 0.44434606 0.45098854 0.5109118  0.53850723 0.49162432  0.44650316 0.45360916 0.32688236 0.49396121
0.86235007 0.15580904 0.19258817 0.46023126 0.37120902 0.50094522  0.34615405 0.46385613 0.33168948 0.54317466 0.56392512 0.39654909  0.47912495 0.45670933 0.47800503 0.46160514
0.8771917  0.13782418 0.22362661 0.5229859  0.37758128 0.52990704  0.36354899 0.44770105 0.30527921 0.4996038  0.55163113 0.37555661  0.5222144  0.50612243 0.51251832 0.46384298
0.89418898 0.10846125 0.25203973 0.5996642  0.37879755 0.56205482  0.37921589 0.45508461 0.24088317 0.49071889 0.55626289 0.37630732  0.58747748 0.53942972 0.55806152 0.36899657
0.90644008 0.0964085  0.29160004 0.65997605 0.364028   0.54159263  0.44566193 0.44801582 0.29971372 0.49354705 0.57835691 0.42049497  0.65989771 0.45649015 0.58563273 0.3987144 
0.91197316 0.07908318 0.30237777 0.71047755 0.37465191 0.53383458  0.51911149 0.468301   0.4074829  0.51725285 0.57078005 0.47239899  0.66281554 0.40556667 0.5223785  0.45130383
0.91556959 0.06215057 0.30208976 0.76307361 0.39577073 0.56659079  0.57511551 0.51209491 0.45616623 0.48593722 0.52502979 0.53794518  0.62420967 0.44971489 0.46364928 0.38789158
0.91660159 0.05747346 0.30332914 0.78102945 0.39975059 0.57229077  0.59965443 0.52300501 0.48696931 0.47129517 0.51344424 0.56918008  0.61669857 0.44098508 0.43979879 0.39042211
0.91836852 0.04956547 0.3056582  0.81212109 0.40697576 0.58194635  0.64401347 0.54308798 0.54511806 0.4453603  0.48975536 0.62477728  0.59938313 0.42556818 0.39344698 0.39282069
0.91836852 0.04956547 0.3056582  0.81212109 0.40697576 0.58194635  0.64401347 0.54308798 0.54511806 0.4453603  0.48975536 0.62477728  0.59938313 0.42556818 0.39344698 0.39282069
0.91836852 0.04956547 0.3056582  0.81212109 0.40697576 0.58194635  0.64401347 0.54308798 0.54511806 0.4453603  0.48975536 0.62477728  0.59938313 0.42556818 0.39344698 0.39282069
0.91836852 0.04956547 0.3056582  0.81212109 0.40697576 0.58194635  0.64401347 0.54308798 0.54511806 0.4453603  0.48975536 0.62477728  0.59938313 0.42556818 0.39344698 0.39282069
0.91836852 0.04956547 0.3056582  0.81212109 0.40697576 0.58194635  0.64401347 0.54308798 0.54511806 0.4453603  0.48975536 0.62477728  0.59938313 0.42556818 0.39344698 0.39282069
0.91836852 0.04956547 0.3056582  0.81212109 0.40697576 0.58194635  0.64401347 0.54308798 0.54511806 0.4453603  0.48975536 0.62477728  0.59938313 0.42556818 0.39344698 0.39282069
0.90922084 0.0440729  0.26838391 0.79435534 0.43032933 0.5926703  0.6439681  0.57086304 0.55478161 0.47323424 0.47320358 0.61042938  0.56293388 0.3809118  0.42393245 0.37525111
0.90836991 0.04774088 0.26709811 0.77988413 0.4272106  0.5889484  0.62303488 0.56221219 0.52632903 0.48425024 0.48366384 0.58654773  0.57052214 0.39226139 0.44415027 0.36784558
0.89813791 0.05318988 0.23134184 0.73608008 0.43857057 0.59805462  0.5736584  0.56074164 0.4918976  0.50730279 0.49558446 0.54852187  0.54778207 0.39806987 0.43222916 0.40984465
0.89314571 0.06795573 0.22019192 0.69214315 0.43150391 0.61158518  0.50397828 0.54614673 0.38121572 0.48142058 0.49740223 0.49800052  0.53476834 0.47602867 0.48722388 0.34362096
0.87927665 0.08442396 0.18379126 0.62422818 0.45021234 0.60962936  0.45208588 0.53254507 0.3588218  0.49279032 0.48690726 0.39940264  0.51578015 0.40706345 0.57044981 0.39498021
0.83769438 0.14467202 0.09171309 0.47078956 0.50617035 0.63838625  0.37810925 0.50238949 0.41788229 0.39045595 0.3908968  0.26062482  0.43761964 0.37017181 0.54388398 0.57048223
0.82539735 0.18672888 0.08710908 0.39600949 0.49598271 0.63465216  0.33968131 0.47737634 0.40455491 0.34606922 0.31949681 0.23513844  0.4420573  0.31476159 0.586392   0.49921667
0.81036393 0.2444151  0.09149006 0.30259365 0.45205331 0.59345185  0.3400093  0.48157551 0.47782038 0.31524463 0.26862794 0.3355106  0.45277779 0.26284617 0.61266333 0.34944245
0.5867788  0.52398074 0.03845975 0.31889346 0.50808218 0.27512627  0.57482062 0.18856605 0.57797302 0.30715365 0.51515063 0.44916433  0.48796356 0.43875109 0.59386788 0.28831906
0.44944375 0.74717986 0.08329533 0.51440788 0.4371755  0.38950542  0.60152965 0.30224302 0.39340573 0.44771443 0.46533544 0.47474034  0.33890107 0.3720969  0.58104975 0.35227713
0.23283752 0.63232779 0.18043234 0.57319989 0.46131391 0.19450048  0.47808913 0.52249744 0.31900116 0.40117091 0.25034871 0.49283368  0.61668623 0.42217795 0.47776907 0.51049303
0.0887729  0.4923475  0.28333791 0.51872747 0.39461751 0.34014207  0.40824699 0.53904336 0.40546511 0.36657295 0.29902666 0.45622765  0.67491303 0.37511854 0.33079824 0.51284059
0.00039479 0.36283831 0.35232302 0.39930133 0.34523319 0.50234819  0.48417291 0.45702496 0.47508945 0.39693445 0.45000532 0.44589633  0.47476172 0.42761975 0.50206904 0.41641874
0.00039479 0.36283831 0.35232302 0.39930133 0.34523319 0.50234819  0.48417291 0.45702496 0.47508945 0.39693445 0.45000532 0.44589633  0.47476172 0.42761975 0.50206904 0.41641874
0.00039479 0.36283831 0.35232302 0.39930133 0.34523319 0.50234819  0.48417291 0.45702496 0.47508945 0.39693445 0.45000532 0.44589633  0.47476172 0.42761975 0.50206904 0.41641874
0.00039479 0.36283831 0.35232302 0.39930133 0.34523319 0.50234819  0.48417291 0.45702496 0.47508945 0.39693445 0.45000532 0.44589633  0.47476172 0.42761975 0.50206904 0.41641874
0.00039479 0.36283831 0.35232302 0.39930133 0.34523319 0.50234819  0.48417291 0.45702496 0.47508945 0.39693445 0.45000532 0.44589633  0.47476172 0.42761975 0.50206904 0.41641874
0.00039479 0.36283831 0.35232302 0.39930133 0.34523319 0.50234819  0.48417291 0.45702496 0.47508945 0.39693445 0.45000532 0.44589633  0.47476172 0.42761975 0.50206904 0.41641874
0.00039479 0.36283831 0.35232302 0.39930133 0.34523319 0.50234819  0.48417291 0.45702496 0.47508945 0.39693445 0.45000532 0.44589633  0.47476172 0.42761975 0.50206904 0.41641874
0.00039479 0.36283831 0.35232302 0.39930133 0.34523319 0.50234819  0.48417291 0.45702496 0.47508945 0.39693445 0.45000532 0.44589633  0.47476172 0.42761975 0.50206904 0.41641874
0.0177474  0.38984345 0.33852207 0.42635267 0.35697043 0.47086435  0.45750391 0.47765391 0.48169648 0.39463854 0.42895995 0.44917931  0.51265071 0.44991576 0.53083289 0.43501917
0.21755777 0.66734082 0.1966596  0.64620375 0.43215826 0.27126939  0.29876102 0.58326422 0.53663378 0.36224161 0.43189559 0.43981468  0.57470764 0.52273274 0.61869214 0.37956995
0.29185453 0.74077459 0.16103792 0.65189407 0.41778988 0.3255871  0.32666498 0.55711226 0.56284413 0.3366047  0.56026706 0.40180838  0.54378608 0.46447032 0.45084772 0.32798655
0.32827194 0.73002806 0.15462155 0.57452283 0.41296814 0.34992293  0.41764657 0.60051284 0.53703959 0.28574733 0.6337233  0.36363285  0.62720072 0.49853028 0.43245148 0.3148877 
0.40024394 0.71232365 0.13372964 0.44726748 0.41128387 0.37961132  0.56799706 0.62011727 0.51820033 0.23939496 0.72953784 0.33300599  0.69648211 0.52657048 0.4738223  0.29311675
0.40024394 0.71232365 0.13372964 0.44726748 0.41128387 0.37961132  0.56799706 0.62011727 0.51820033 0.23939496 0.72953784 0.33300599  0.69648211 0.52657048 0.4738223  0.29311675
0.50248528 0.65927268 0.11235725 0.31798999 0.40153343 0.39307453  0.59836041 0.71325313 0.59367458 0.21894226 0.83055108 0.33464886  0.65202739 0.52484766 0.54885766 0.36000927
0.54788872 0.60255129 0.08928845 0.29167887 0.43231823 0.32351617  0.59350032 0.65056757 0.59201944 0.17736957 0.87120114 0.32286095  0.54134568 0.47054476 0.39663786 0.31225477
0.54788872 0.60255129 0.08928845 0.29167887 0.43231823 0.32351617  0.59350032 0.65056757 0.59201944 0.17736957 0.87120114 0.32286095  0.54134568 0.47054476 0.39663786 0.31225477
0.5609647  0.56720688 0.08200797 0.28900058 0.4508407  0.29803511  0.55833127 0.60390356 0.63033673 0.15534139 0.8939271  0.30899853  0.53595963 0.43343089 0.32252377 0.27698306
0.5609647  0.56720688 0.08200797 0.28900058 0.4508407  0.29803511  0.55833127 0.60390356 0.63033673 0.15534139 0.8939271  0.30899853  0.53595963 0.43343089 0.32252377 0.27698306
0.59211805 0.51460933 0.09555722 0.24233739 0.43585894 0.26691865  0.50701446 0.73729979 0.62411603 0.1797375  0.86326001 0.32606257  0.38870372 0.3494864  0.39571578 0.2910873 
0.60932216 0.5117881  0.08160556 0.21877716 0.44993639 0.23661845  0.58049618 0.69707545 0.53942074 0.21213327 0.78946285 0.35764774  0.35615908 0.32626648 0.40711268 0.3338821 
0.62435614 0.48143205 0.0761726  0.19442191 0.45786371 0.21321541  0.56981339 0.65007092 0.57842822 0.20676645 0.74481388 0.37988989  0.37596905 0.40533513 0.44552799 0.34342294
0.62435614 0.48143205 0.0761726  0.19442191 0.45786371 0.21321541  0.56981339 0.65007092 0.57842822 0.20676645 0.74481388 0.37988989  0.37596905 0.40533513 0.44552799 0.34342294
0.64278637 0.4821091  0.08124226 0.17254428 0.43247116 0.27502192  0.56303432 0.65512603 0.58670143 0.2122724  0.71720562 0.3833324  0.44015851 0.3895717  0.40710491 0.38186205
0.64278637 0.4821091  0.08124226 0.17254428 0.43247116 0.27502192  0.56303432 0.65512603 0.58670143 0.2122724  0.71720562 0.3833324  0.44015851 0.3895717  0.40710491 0.38186205
0.65565743 0.44740862 0.07155786 0.17171566 0.45080795 0.26131475  0.53034631 0.57837222 0.61797157 0.20697345 0.69516155 0.38530803  0.45430587 0.35970296 0.37760804 0.35051011
0.65565743 0.44740862 0.07155786 0.17171566 0.45080795 0.26131475  0.53034631 0.57837222 0.61797157 0.20697345 0.69516155 0.38530803  0.45430587 0.35970296 0.37760804 0.35051011
0.65565743 0.44740862 0.07155786 0.17171566 0.45080795 0.26131475  0.53034631 0.57837222 0.61797157 0.20697345 0.69516155 0.38530803  0.45430587 0.35970296 0.37760804 0.35051011
0.65565743 0.44740862 0.07155786 0.17171566 0.45080795 0.26131475  0.53034631 0.57837222 0.61797157 0.20697345 0.69516155 0.38530803  0.45430587 0.35970296 0.37760804 0.35051011
0.60647445 0.50240527 0.06506893 0.24428903 0.47416931 0.23694907  0.57022857 0.54769008 0.57386673 0.18987837 0.78095082 0.34997235  0.42538018 0.31858606 0.35689367 0.29045395
0.59360339 0.53710576 0.07475333 0.24511766 0.45583252 0.25065625  0.60291658 0.62444389 0.54259659 0.19517731 0.80299489 0.34799671  0.41123282 0.34845481 0.38639054 0.3218059 
0.56345749 0.59656521 0.07297113 0.28749219 0.45485801 0.30043377  0.65245049 0.58019316 0.49905569 0.21164741 0.81505896 0.33569622  0.50359339 0.36060009 0.35350223 0.32097618
0.50550493 0.68051756 0.0971135  0.28797607 0.42267537 0.35172598  0.77707476 0.64339597 0.36290682 0.25084652 0.67467849 0.36282503  0.63470042 0.45100572 0.49989578 0.37052466
0.38350473 0.73868198 0.13942012 0.50031162 0.39089595 0.43511074  0.51520362 0.56385415 0.52973812 0.29101784 0.69087767 0.35725976  0.67738176 0.4790218  0.37028316 0.35265945
0.29185453 0.74077459 0.16103792 0.65189407 0.41778988 0.3255871  0.32666498 0.55711226 0.56284413 0.3366047  0.56026706 0.40180838  0.54378608 0.46447032 0.45084772 0.32798655
0.21623457 0.66850952 0.19464458 0.65673355 0.43804207 0.23751713  0.28996202 0.60532266 0.50420728 0.35359983 0.36349489 0.44466976  0.66187085 0.49348998 0.53524902 0.43385105
0.14408435 0.56505582 0.24763079 0.56907201 0.4060574  0.32450539  0.35587191 0.56045053 0.4949781  0.35829493 0.39844445 0.43867393  0.62355068 0.47785047 0.50664351 0.41282529
0.07246111 0.46389464 0.30039185 0.48265182 0.37536267 0.41974345  0.41974076 0.504925   0.49655004 0.37899424 0.44346794 0.44109887  0.52760094 0.47321218 0.54605996 0.39544836
0.03613013 0.4131675  0.32644866 0.44157464 0.36200272 0.45727563  0.45098712 0.48298825 0.4833711  0.38736898 0.44023668 0.44484848  0.51106407 0.45717248 0.5327885  0.40969006
0.0177474  0.38984345 0.33852207 0.42635267 0.35697043 0.47086435  0.45750391 0.47765391 0.48169648 0.39463854 0.42895995 0.44917931  0.51265071 0.44991576 0.53083289 0.43501917
0.00039479 0.36283831 0.35232302 0.39930133 0.34523319 0.50234819  0.48417291 0.45702496 0.47508945 0.39693445 0.45000532 0.44589633  0.47476172 0.42761975 0.50206904 0.41641874
0.00039479 0.36283831 0.35232302 0.39930133 0.34523319 0.50234819  0.48417291 0.45702496 0.47508945 0.39693445 0.45000532 0.44589633  0.47476172 0.42761975 0.50206904 0.41641874
0.00039479 0.36283831 0.35232302 0.39930133 0.34523319 0.50234819  0.48417291 0.45702496 0.47508945 0.39693445 0.45000532 0.44589633  0.47476172 0.42761975 0.50206904 0.41641874
0.00039479 0.36283831 0.35232302 0.39930133 0.34523319 0.50234819  0.48417291 0.45702496 0.47508945 0.39693445 0.45000532 0.44589633  0.47476172 0.42761975 0.50206904 0.41641874
0.00039479 0.36283831 0.35232302 0.39930133 0.34523319 0.50234819  0.48417291 0.45702496 0.47508945 0.39693445 0.45000532 0.44589633  0.47476172 0.42761975 0.50206904 0.41641874
0.00039479 0.36283831 0.35232302 0.39930133 0.34523319 0.50234819  0.48417291 0.45702496 0.47508945 0.39693445 0.45000532 0.44589633  0.47476172 0.42761975 0.50206904 0.41641874
0.00039479 0.36283831 0.35232302 0.39930133 0.34523319 0.50234819  0.48417291 0.45702496 0.47508945 0.39693445 0.45000532 0.44589633  0.47476172 0.42761975 0.50206904 0.41641874
0.00039479 0.36283831 0.35232302 0.39930133 0.34523319 0.50234819  0.48417291 0.45702496 0.47508945 0.39693445 0.45000532 0.44589633  0.47476172 0.42761975 0.50206904 0.41641874
0.00039479 0.36283831 0.35232302 0.39930133 0.34523319 0.50234819  0.48417291 0.45702496 0.47508945 0.39693445 0.45000532 0.44589633  0.47476172 0.42761975 0.50206904 0.41641874
0.00039479 0.36283831 0.35232302 0.39930133 0.34523319 0.50234819  0.48417291 0.45702496 0.47508945 0.39693445 0.45000532 0.44589633  0.47476172 0.42761975 0.50206904 0.41641874
0.00039479 0.36283831 0.35232302 0.39930133 0.34523319 0.50234819  0.48417291 0.45702496 0.47508945 0.39693445 0.45000532 0.44589633  0.47476172 0.42761975 0.50206904 0.41641874
0.00039479 0.36283831 0.35232302 0.39930133 0.34523319 0.50234819  0.48417291 0.45702496 0.47508945 0.39693445 0.45000532 0.44589633  0.47476172 0.42761975 0.50206904 0.41641874
