0.00039479 0.36283831 0.35232302 0.39930133 0.34523319 0.50234819  0.48417291 0.45702496 0.47508945 0.39693445 0.45000532 0.44589633  0.47476172 0.42761975 0.50206904 0.41641874
0.00039479 0.36283831 0.35232302 0.39930133 0.34523319 0.50234819  0.48417291 0.45702496 0.47508945 0.39693445 0.45000532 0.44589633  0.47476172 0.42761975 0.50206904 0.41641874
0.00039479 0.36283831 0.35232302 0.39930133 0.34523319 0.50234819  0.48417291 0.45702496 0.47508945 0.39693445 0.45000532 0.44589633  0.47476172 0.42761975 0.50206904 0.41641874
0.00039479 0.36283831 0.35232302 0.39930133 0.34523319 0.50234819  0.48417291 0.45702496 0.47508945 0.39693445 0.45000532 0.44589633  0.47476172 0.42761975 0.50206904 0.41641874
0.00039479 0.36283831 0.35232302 0.39930133 0.34523319 0.50234819  0.48417291 0.45702496 0.47508945 0.39693445 0.45000532 0.44589633  0.47476172 0.42761975 0.50206904 0.41641874
0.00039479 0.36283831 0.35232302 0.39930133 0.34523319 0.50234819  0.48417291 0.45702496 0.47508945 0.39693445 0.45000532 0.44589633  0.47476172 0.42761975 0.50206904 0.41641874
0.00039479 0.36283831 0.35232302 0.39930133 0.34523319 0.50234819  0.48417291 0.45702496 0.47508945 0.39693445 0.45000532 0.44589633  0.47476172 0.42761975 0.50206904 0.41641874
0.00039479 0.36283831 0.35232302 0.39930133 0.34523319 0.50234819  0.48417291 0.45702496 0.47508945 0.39693445 0.45000532 0.44589633  0.47476172 0.42761975 0.50206904 0.41641874
0.00039479 0.36283831 0.35232302 0.39930133 0.34523319 0.50234819  0.48417291 0.45702496 0.47508945 0.39693445 0.45000532 0.44589633  0.47476172 0.42761975 0.50206904 0.41641874
0.00039479 0.36283831 0.35232302 0.39930133 0.34523319 0.50234819  0.48417291 0.45702496 0.47508945 0.39693445 0.45000532 0.44589633  0.47476172 0.42761975 0.50206904 0.41641874
0.00039479 0.36283831 0.35232302 0.39930133 0.34523319 0.50234819  0.48417291 0.45702496 0.47508945 0.39693445 0.45000532 0.44589633  0.47476172 0.42761975 0.50206904 0.41641874
0.00039479 0.36283831 0.35232302 0.39930133 0.34523319 0.50234819  0.48417291 0.45702496 0.47508945 0.39693445 0.45000532 0.44589633  0.47476172 0.42761975 0.50206904 0.41641874
0.00039479 0.36283831 0.35232302 0.39930133 0.34523319 0.50234819  0.48417291 0.45702496 0.47508945 0.39693445 0.45000532 0.44589633  0.47476172 0.42761975 0.50206904 0.41641874
0.00039479 0.36283831 0.35232302 0.39930133 0.34523319 0.50234819  0.48417291 0.45702496 0.47508945 0.39693445 0.45000532 0.44589633  0.47476172 0.42761975 0.50206904 0.41641874
0.00039479 0.36283831 0.35232302 0.39930133 0.34523319 0.50234819  0.48417291 0.45702496 0.47508945 0.39693445 0.45000532 0.44589633  0.47476172 0.42761975 0.50206904 0.41641874
0.00039479 0.36283831 0.35232302 0.39930133 0.34523319 0.50234819  0.48417291 0.45702496 0.47508945 0.39693445 0.45000532 0.44589633  0.47476172 0.42761975 0.50206904 0.41641874
0.00039479 0.36283831 0.35232302 0.39930133 0.34523319 0.50234819  0.48417291 0.45702496 0.47508945 0.39693445 0.45000532 0.44589633  0.47476172 0.42761975 0.50206904 0.41641874
0.00039479 0.36283831 0.35232302 0.39930133 0.34523319 0.50234819  0.48417291 0.45702496 0.47508945 0.39693445 0.45000532 0.44589633  0.47476172 0.42761975 0.50206904 0.41641874
0.00039479 0.36283831 0.35232302 0.39930133 0.34523319 0.50234819  0.48417291 0.45702496 0.47508945 0.39693445 0.45000532 0.44589633  0.47476172 0.42761975 0.50206904 0.41641874
0.00039479 0.36283831 0.35232302 0.39930133 0.34523319 0.50234819  0.48417291 0.45702496 0.47508945 0.39693445 0.45000532 0.44589633  0.47476172 0.42761975 0.50206904 0.41641874
0.00039479 0.36283831 0.35232302 0.39930133 0.34523319 0.50234819  0.48417291 0.45702496 0.47508945 0.39693445 0.45000532 0.44589633  0.47476172 0.42761975 0.50206904 0.41641874
0.00039479 0.36283831 0.35232302 0.39930133 0.34523319 0.50234819  0.48417291 0.45702496 0.47508945 0.39693445 0.45000532 0.44589633  0.47476172 0.42761975 0.50206904 0.41641874
0.00039479 0.36283831 0.35232302 0.39930133 0.34523319 0.50234819  0.48417291 0.45702496 0.47508945 0.39693445 0.45000532 0.44589633  0.47476172 0.42761975 0.50206904 0.41641874
0.00039479 0.36283831 0.35232302 0.39930133 0.34523319 0.50234819  0.48417291 0.45702496 0.47508945 0.39693445 0.45000532 0.44589633  0.47476172 0.42761975 0.50206904 0.41641874
0.00039479 0.36283831 0.35232302 0.39930133 0.34523319 0.50234819  0.48417291 0.45702496 0.47508945 0.39693445 0.45000532 0.44589633  0.47476172 0.42761975 0.50206904 0.41641874
0.00039479 0.36283831 0.35232302 0.39930133 0.34523319 0.50234819  0.48417291 0.45702496 0.47508945 0.39693445 0.45000532 0.44589633  0.47476172 0.42761975 0.50206904 0.41641874
0.00039479 0.36283831 0.35232302 0.39930133 0.34523319 0.50234819  0.48417291 0.45702496 0.47508945 0.39693445 0.45000532 0.44589633  0.47476172 0.42761975 0.50206904 0.41641874
0.00039479 0.36283831 0.35232302 0.39930133 0.34523319 0.50234819  0.48417291 0.45702496 0.47508945 0.39693445 0.45000532 0.44589633  0.47476172 0.42761975 0.50206904 0.41641874
0.00039479 0.36283831 0.35232302 0.39930133 0.34523319 0.50234819  0.48417291 0.45702496 0.47508945 0.39693445 0.45000532 0.44589633  0.47476172 0.42761975 0.50206904 0.41641874
0.00039479 0.36283831 0.35232302 0.39930133 0.34523319 0.50234819  0.48417291 0.45702496 0.47508945 0.39693445 0.45000532 0.44589633  0.47476172 0.42761975 0.50206904 0.41641874
0.00039479 0.36283831 0.35232302 0.39930133 0.34523319 0.50234819  0.48417291 0.45702496 0.47508945 0.39693445 0.45000532 0.44589633  0.47476172 0.42761975 0.50206904 0.41641874
0.00039479 0.36283831 0.35232302 0.39930133 0.34523319 0.50234819  0.48417291 0.45702496 0.47508945 0.39693445 0.45000532 0.44589633  0.47476172 0.42761975 0.50206904 0.41641874
0.00039479 0.36283831 0.35232302 0.39930133 0.34523319 0.50234819  0.48417291 0.45702496 0.47508945 0.39693445 0.45000532 0.44589633  0.47476172 0.42761975 0.50206904 0.41641874
0.00039479 0.36283831 0.35232302 0.39930133 0.34523319 0.50234819  0.48417291 0.45702496 0.47508945 0.39693445 0.45000532 0.44589633  0.47476172 0.42761975 0.50206904 0.41641874
0.00039479 0.36283831 0.35232302 0.39930133 0.34523319 0.50234819  0.48417291 0.45702496 0.47508945 0.39693445 0.45000532 0.44589633  0.47476172 0.42761975 0.50206904 0.41641874
0.00039479 0.36283831 0.35232302 0.39930133 0.34523319 0.50234819  0.48417291 0.45702496 0.47508945 0.39693445 0.45000532 0.44589633  0.47476172 0.42761975 0.50206904 0.41641874
0.00039479 0.36283831 0.35232302 0.39930133 0.34523319 0.50234819  0.48417291 0.45702496 0.47508945 0.39693445 0.45000532 0.44589633  0.47476172 0.42761975 0.50206904 0.41641874
0.00039479 0.36283831 0.35232302 0.39930133 0.34523319 0.50234819  0.48417291 0.45702496 0.47508945 0.39693445 0.45000532 0.44589633  0.47476172 0.42761975 0.50206904 0.41641874
0.00039479 0.36283831 0.35232302 0.39930133 0.34523319 0.50234819  0.48417291 0.45702496 0.47508945 0.39693445 0.45000532 0.44589633  0.47476172 0.42761975 0.50206904 0.41641874
0.00039479 0.36283831 0.35232302 0.39930133 0.34523319 0.50234819  0.48417291 0.45702496 0.47508945 0.39693445 0.45000532 0.44589633  0.47476172 0.42761975 0.50206904 0.41641874
0.00039479 0.36283831 0.35232302 0.39930133 0.34523319 0.50234819  0.48417291 0.45702496 0.47508945 0.39693445 0.45000532 0.44589633  0.47476172 0.42761975 0.50206904 0.41641874
0.00039479 0.36283831 0.35232302 0.39930133 0.34523319 0.50234819  0.48417291 0.45702496 0.47508945 0.39693445 0.45000532 0.44589633  0.47476172 0.42761975 0.50206904 0.41641874
0.00039479 0.36283831 0.35232302 0.39930133 0.34523319 0.50234819  0.48417291 0.45702496 0.47508945 0.39693445 0.45000532 0.44589633  0.47476172 0.42761975 0.50206904 0.41641874
0.00039479 0.36283831 0.35232302 0.39930133 0.34523319 0.50234819  0.48417291 0.45702496 0.47508945 0.39693445 0.45000532 0.44589633  0.47476172 0.42761975 0.50206904 0.41641874
0.00039479 0.36283831 0.35232302 0.39930133 0.34523319 0.50234819  0.48417291 0.45702496 0.47508945 0.39693445 0.45000532 0.44589633  0.47476172 0.42761975 0.50206904 0.41641874
0.00039479 0.36283831 0.35232302 0.39930133 0.34523319 0.50234819  0.48417291 0.45702496 0.47508945 0.39693445 0.45000532 0.44589633  0.47476172 0.42761975 0.50206904 0.41641874
0.00039479 0.36283831 0.35232302 0.39930133 0.34523319 0.50234819  0.48417291 0.45702496 0.47508945 0.39693445 0.45000532 0.44589633  0.47476172 0.42761975 0.50206904 0.41641874
0.00039479 0.36283831 0.35232302 0.39930133 0.34523319 0.50234819  0.48417291 0.45702496 0.47508945 0.39693445 0.45000532 0.44589633  0.47476172 0.42761975 0.50206904 0.41641874
0.00039479 0.36283831 0.35232302 0.39930133 0.34523319 0.50234819  0.48417291 0.45702496 0.47508945 0.39693445 0.45000532 0.44589633  0.47476172 0.42761975 0.50206904 0.41641874
0.00039479 0.36283831 0.35232302 0.39930133 0.34523319 0.50234819  0.48417291 0.45702496 0.47508945 0.39693445 0.45000532 0.44589633  0.47476172 0.42761975 0.50206904 0.41641874
0.00039479 0.36283831 0.35232302 0.39930133 0.34523319 0.50234819  0.48417291 0.45702496 0.47508945 0.39693445 0.45000532 0.44589633  0.47476172 0.42761975 0.50206904 0.41641874
0.00039479 0.36283831 0.35232302 0.39930133 0.34523319 0.50234819  0.48417291 0.45702496 0.47508945 0.39693445 0.45000532 0.44589633  0.47476172 0.42761975 0.50206904 0.41641874
0.00039479 0.36283831 0.35232302 0.39930133 0.34523319 0.50234819  0.48417291 0.45702496 0.47508945 0.39693445 0.45000532 0.44589633  0.47476172 0.42761975 0.50206904 0.41641874
0.00039479 0.36283831 0.35232302 0.39930133 0.34523319 0.50234819  0.48417291 0.45702496 0.47508945 0.39693445 0.45000532 0.44589633  0.47476172 0.42761975 0.50206904 0.41641874
0.00039479 0.36283831 0.35232302 0.39930133 0.34523319 0.50234819  0.48417291 0.45702496 0.47508945 0.39693445 0.45000532 0.44589633  0.47476172 0.42761975 0.50206904 0.41641874
0.05351836 0.44372666 0.31085405 0.47707008 0.37696063 0.41451265  0.41344422 0.51147333 0.48845413 0.38839506 0.39791727 0.45254876  0.56873683 0.47023435 0.54920977 0.45259565
0.14447911 0.5700276  0.24788815 0.57619888 0.40654171 0.35060211  0.32067847 0.55784364 0.58266704 0.38687812 0.4602126  0.44518481  0.53631072 0.57452774 0.74914018 0.39850858
0.32802441 0.76532235 0.16237907 0.66071602 0.37250502 0.4678562  0.24934382 0.4896354  0.64274691 0.46646751 0.42749642 0.48390394  0.4899545  0.46204217 0.64392199 0.49083113
0.41586826 0.86700487 0.29325485 0.48295595 0.70507766 0.76509779  0.17843191 0.46584336 0.61616254 0.50560947 0.69129411 0.65102478  0.60250224 0.3586935  0.48919733 0.47770647
0.44364978 0.8868715  0.37947113 0.45207056 0.7443453  0.82205867  0.11056309 0.46642267 0.56571111 0.39380558 0.63310947 0.70126011  0.5860764  0.32403983 0.46821556 0.57385471
0.5879305  0.89045723 0.48420551 0.34429942 0.69072213 0.83115704  0.30964758 0.41778889 0.29520813 0.30616838 0.46984567 0.66618469  0.52085071 0.22665355 0.30565103 0.50587694
0.66969779 0.83134734 0.49147441 0.20960135 0.69815613 0.77861227  0.49364007 0.47393715 0.20259284 0.26115047 0.54499999 0.66644125  0.76198427 0.36029909 0.48001437 0.45850581
0.70880134 0.78429762 0.5323435  0.16582946 0.67945729 0.73255454  0.46714769 0.57606315 0.21324431 0.17622413 0.54198881 0.68582436  0.69104943 0.27855374 0.63101327 0.52268509
0.73325543 0.7573309  0.57475509 0.17029171 0.65098312 0.69429436  0.46490022 0.62068531 0.22071114 0.17534285 0.53513173 0.70299495  0.64532037 0.18543812 0.72897173 0.5095511 
0.74451069 0.74911029 0.60209618 0.20546815 0.58160788 0.66515611  0.47912678 0.60332081 0.19930126 0.18953721 0.5432718  0.68869088  0.67993793 0.25770698 0.69975296 0.45642801
0.80530564 0.65577342 0.66940791 0.19339515 0.55739905 0.54319146  0.42042719 0.63613314 0.23203377 0.19460045 0.58717877 0.67624773  0.50315485 0.27750653 0.69492495 0.38635354
0.86150491 0.46822513 0.5718686  0.26090876 0.35229252 0.41221764  0.350068   0.38209865 0.32099185 0.15318887 0.49014111 0.6451987  0.49451785 0.3371724  0.6443248  0.28751761
0.8847323  0.38367305 0.51899108 0.27146631 0.29085513 0.34606512  0.33506783 0.29675865 0.4032501  0.14267727 0.4608906  0.613211  0.5027826  0.36232488 0.60522111 0.27315845
0.87737314 0.36284792 0.46825083 0.2883642  0.24697599 0.34508894  0.33536686 0.30167489 0.41195163 0.17667926 0.4596217  0.6110428  0.54787117 0.35678895 0.61062426 0.22925114
0.87737314 0.36284792 0.46825083 0.2883642  0.24697599 0.34508894  0.33536686 0.30167489 0.41195163 0.17667926 0.4596217  0.6110428  0.54787117 0.35678895 0.61062426 0.22925114
0.87442262 0.35031249 0.44240684 0.30405926 0.1999773  0.33616433  0.34628481 0.30321845 0.42038905 0.18160318 0.46440498 0.61650676  0.56069503 0.35735846 0.60459522 0.24966532
0.88218382 0.32020807 0.43508001 0.34750431 0.22673582 0.3702102  0.33937142 0.29747185 0.37680796 0.17575868 0.464412   0.56062602  0.57766117 0.33499415 0.66052709 0.26970482
0.88979521 0.29035049 0.42896757 0.392101   0.25191575 0.39987108  0.33251633 0.29742217 0.3278767  0.17027804 0.47854447 0.50663368  0.59053139 0.31276377 0.69945692 0.29683556
0.88979521 0.29035049 0.42896757 0.392101   0.25191575 0.39987108  0.33251633 0.29742217 0.3278767  0.17027804 0.47854447 0.50663368  0.59053139 0.31276377 0.69945692 0.29683556
0.88581009 0.27826231 0.40142237 0.39673412 0.23171487 0.39535373  0.34028618 0.30710593 0.33669414 0.22545956 0.48829523 0.51374484  0.62698571 0.32905279 0.67213294 0.28032505
0.89363636 0.24874047 0.39982405 0.44304332 0.25200542 0.41090265  0.33767103 0.30090135 0.297201   0.24131287 0.52510911 0.46483382  0.62201155 0.35414124 0.64927613 0.36239096
0.89363636 0.24874047 0.39982405 0.44304332 0.25200542 0.41090265  0.33767103 0.30090135 0.297201   0.24131287 0.52510911 0.46483382  0.62201155 0.35414124 0.64927613 0.36239096
0.89363636 0.24874047 0.39982405 0.44304332 0.25200542 0.41090265  0.33767103 0.30090135 0.297201   0.24131287 0.52510911 0.46483382  0.62201155 0.35414124 0.64927613 0.36239096
0.89363636 0.24874047 0.39982405 0.44304332 0.25200542 0.41090265  0.33767103 0.30090135 0.297201   0.24131287 0.52510911 0.46483382  0.62201155 0.35414124 0.64927613 0.36239096
0.87099693 0.26493696 0.33128036 0.36996514 0.24903    0.41579951  0.32479169 0.34677317 0.33316381 0.302199   0.47891165 0.50370155  0.61180683 0.34551121 0.63124926 0.23832435
0.81919953 0.28559254 0.16685838 0.25651009 0.36112095 0.49961925  0.30366549 0.40530145 0.449732   0.26512677 0.34495396 0.41245105  0.50979421 0.23060206 0.57914337 0.34160518
0.80425313 0.31108709 0.14011754 0.19626138 0.34911978 0.48278933  0.30088696 0.43238562 0.50805184 0.35428705 0.32711515 0.45875218  0.49462821 0.28945766 0.4712711  0.27465147
0.77199013 0.38457501 0.12160642 0.11840755 0.32976388 0.47690671  0.35173526 0.46776758 0.57662908 0.38270379 0.24020806 0.52185397  0.43439721 0.35251902 0.50532402 0.36058675
0.72789242 0.45773556 0.08903931 0.12557578 0.36356117 0.51069479  0.46328119 0.40233599 0.6187462  0.36406978 0.2546431  0.51483709  0.59956313 0.418504   0.5901102  0.45241958
0.68366309 0.54567752 0.08277055 0.17491726 0.36002047 0.56729231  0.54976705 0.31560378 0.58664961 0.36170185 0.26258424 0.51163546  0.75220509 0.53956235 0.59103227 0.47358705
0.59787761 0.73134667 0.12022963 0.27059545 0.29584709 0.67845973  0.66056277 0.55335991 0.40061692 0.40211321 0.42785235 0.44404497  0.69609507 0.42322775 0.46911648 0.50576494
0.58058938 0.74077215 0.10591668 0.28707176 0.32221476 0.63669908  0.69698389 0.52406533 0.42106811 0.39571088 0.50605994 0.43471412  0.65405345 0.43653402 0.52324201 0.50035556
0.54644978 0.77232352 0.09582484 0.34712351 0.34185412 0.61325183  0.71214736 0.45680348 0.41778916 0.41562658 0.56980044 0.43204295  0.55008453 0.4215556  0.49818758 0.48664996
0.54644978 0.77232352 0.09582484 0.34712351 0.34185412 0.61325183  0.71214736 0.45680348 0.41778916 0.41562658 0.56980044 0.43204295  0.55008453 0.4215556  0.49818758 0.48664996
0.56379869 0.76198603 0.1096294  0.33001273 0.31563391 0.65317634  0.67727755 0.48309065 0.39744443 0.41746943 0.48772382 0.43927919  0.59602419 0.40545178 0.45442086 0.48631888
0.56379869 0.76198603 0.1096294  0.33001273 0.31563391 0.65317634  0.67727755 0.48309065 0.39744443 0.41746943 0.48772382 0.43927919  0.59602419 0.40545178 0.45442086 0.48631888
0.59787761 0.73134667 0.12022963 0.27059545 0.29584709 0.67845973  0.66056277 0.55335991 0.40061692 0.40211321 0.42785235 0.44404497  0.69609507 0.42322775 0.46911648 0.50576494
0.59787761 0.73134667 0.12022963 0.27059545 0.29584709 0.67845973  0.66056277 0.55335991 0.40061692 0.40211321 0.42785235 0.44404497  0.69609507 0.42322775 0.46911648 0.50576494
0.59787761 0.73134667 0.12022963 0.27059545 0.29584709 0.67845973  0.66056277 0.55335991 0.40061692 0.40211321 0.42785235 0.44404497  0.69609507 0.42322775 0.46911648 0.50576494
0.64468013 0.64957787 0.12281247 0.18681629 0.29825433 0.62182992  0.61375398 0.63551588 0.45966445 0.39549969 0.37648584 0.47797903  0.64267442 0.45717626 0.58958823 0.53966209
0.70496823 0.54738125 0.14077073 0.13356318 0.28313715 0.57210026  0.51175355 0.62041356 0.48265891 0.4077839  0.25459702 0.52464881  0.56164162 0.51154702 0.6267323  0.47917493
0.70496823 0.54738125 0.14077073 0.13356318 0.28313715 0.57210026  0.51175355 0.62041356 0.48265891 0.4077839  0.25459702 0.52464881  0.56164162 0.51154702 0.6267323  0.47917493
0.76385983 0.49181402 0.26952453 0.22198605 0.18311758 0.48441549  0.46838214 0.58255787 0.37580037 0.4310886  0.43098569 0.61452634  0.65048015 0.6768383  0.51507257 0.34352438
0.84613826 0.55390412 0.64032939 0.24204636 0.3098591  0.40104508  0.48757014 0.51707434 0.37003471 0.29883503 0.38466989 0.5455908  0.4798484  0.56521716 0.72703845 0.33307218
0.87986655 0.57817672 0.78323877 0.18047277 0.54361101 0.37878036  0.46285081 0.47959784 0.48286659 0.35655997 0.37363954 0.46693294  0.45800364 0.48446781 0.64679478 0.2830216 
0.87986655 0.57817672 0.78323877 0.18047277 0.54361101 0.37878036  0.46285081 0.47959784 0.48286659 0.35655997 0.37363954 0.46693294  0.45800364 0.48446781 0.64679478 0.2830216 
0.88363956 0.58161838 0.80007565 0.17645798 0.52083174 0.33226217  0.51451262 0.49678372 0.58107312 0.47205199 0.3040125  0.33190358  0.44267264 0.52179317 0.58458376 0.27960593
0.88363956 0.58161838 0.80007565 0.17645798 0.52083174 0.33226217  0.51451262 0.49678372 0.58107312 0.47205199 0.3040125  0.33190358  0.44267264 0.52179317 0.58458376 0.27960593
0.87654589 0.55277411 0.73746867 0.21276271 0.39039481 0.30049135  0.54978839 0.49924677 0.61688566 0.51115577 0.27089898 0.28070835  0.46735981 0.54863278 0.55780073 0.25978331
0.85662363 0.55951377 0.68312267 0.26476117 0.22110844 0.3089052  0.60052963 0.54288459 0.56830426 0.45898392 0.25822039 0.32552543  0.43494056 0.56287647 0.66908221 0.37074829
0.84388316 0.53138874 0.60314039 0.27702939 0.1526396  0.30813231  0.60187776 0.56783711 0.5686144  0.50357166 0.27867987 0.36648767  0.42609583 0.5762383  0.63274782 0.38712195
0.81198549 0.53053008 0.50120869 0.30227731 0.12835208 0.37648848  0.5703915  0.51778409 0.45246612 0.44312367 0.37232219 0.49752341  0.5364122  0.66438144 0.58213281 0.35906841
0.78602828 0.52783115 0.43476634 0.34319866 0.11017509 0.39527993  0.59688094 0.48589345 0.4248901  0.52248245 0.39959708 0.55213334  0.6114511  0.6480129  0.53972775 0.31740572
0.67483449 0.64000472 0.24095576 0.32260621 0.19166378 0.61057323  0.54967158 0.44224196 0.30010012 0.50637333 0.34433235 0.59252202  0.68069968 0.65467534 0.41384666 0.3979896 
0.57600465 0.73700973 0.13885081 0.38749009 0.28070724 0.68119992  0.54308115 0.34233475 0.35468963 0.50432702 0.2637573  0.51332038  0.50260646 0.41255075 0.38598105 0.4003421 
0.50968012 0.78017577 0.10988936 0.43251147 0.34149721 0.58298474  0.62549468 0.37814932 0.36747652 0.47196634 0.40781699 0.48013717  0.42936968 0.37470665 0.48427982 0.44286657
0.32479429 0.71276688 0.14676812 0.5897424  0.42505227 0.32833714  0.46504128 0.40357072 0.34766453 0.52881758 0.17911448 0.56276619  0.40435353 0.3862046  0.63114214 0.58216784
0.21674087 0.60610836 0.22451297 0.5471855  0.37140068 0.45923907  0.39603923 0.41025817 0.46484456 0.52239342 0.24112795 0.5448345  0.45064893 0.38459572 0.61204817 0.60299344
0.03585866 0.41212524 0.32497922 0.44119937 0.36258431 0.43456132  0.47408025 0.48300288 0.40965789 0.37891942 0.36959995 0.44872305  0.56049334 0.35167352 0.32731793 0.46450854
0.01779563 0.38669558 0.33863985 0.42004769 0.35385851 0.46460162  0.48109267 0.47190843 0.43452283 0.38595027 0.3992976  0.44733029  0.52908455 0.38078184 0.39373238 0.44873962
0.00039479 0.36283831 0.35232302 0.39930133 0.34523319 0.50234819  0.48417291 0.45702496 0.47508945 0.39693445 0.45000532 0.44589633  0.47476172 0.42761975 0.50206904 0.41641874
0.00039479 0.36283831 0.35232302 0.39930133 0.34523319 0.50234819  0.48417291 0.45702496 0.47508945 0.39693445 0.45000532 0.44589633  0.47476172 0.42761975 0.50206904 0.41641874
0.00039479 0.36283831 0.35232302 0.39930133 0.34523319 0.50234819  0.48417291 0.45702496 0.47508945 0.39693445 0.45000532 0.44589633  0.47476172 0.42761975 0.50206904 0.41641874
0.00039479 0.36283831 0.35232302 0.39930133 0.34523319 0.50234819  0.48417291 0.45702496 0.47508945 0.39693445 0.45000532 0.44589633  0.47476172 0.42761975 0.50206904 0.41641874
0.00039479 0.36283831 0.35232302 0.39930133 0.34523319 0.50234819  0.48417291 0.45702496 0.47508945 0.39693445 0.45000532 0.44589633  0.47476172 0.42761975 0.50206904 0.41641874
0.00039479 0.36283831 0.35232302 0.39930133 0.34523319 0.50234819  0.48417291 0.45702496 0.47508945 0.39693445 0.45000532 0.44589633  0.47476172 0.42761975 0.50206904 0.41641874
0.00039479 0.36283831 0.35232302 0.39930133 0.34523319 0.50234819  0.48417291 0.45702496 0.47508945 0.39693445 0.45000532 0.44589633  0.47476172 0.42761975 0.50206904 0.41641874
0.00039479 0.36283831 0.35232302 0.39930133 0.34523319 0.50234819  0.48417291 0.45702496 0.47508945 0.39693445 0.45000532 0.44589633  0.47476172 0.42761975 0.50206904 0.41641874
0.00039479 0.36283831 0.35232302 0.39930133 0.34523319 0.50234819  0.48417291 0.45702496 0.47508945 0.39693445 0.45000532 0.44589633  0.47476172 0.42761975 0.50206904 0.41641874
0.00039479 0.36283831 0.35232302 0.39930133 0.34523319 0.50234819  0.48417291 0.45702496 0.47508945 0.39693445 0.45000532 0.44589633  0.47476172 0.42761975 0.50206904 0.41641874
0.00039479 0.36283831 0.35232302 0.39930133 0.34523319 0.50234819  0.48417291 0.45702496 0.47508945 0.39693445 0.45000532 0.44589633  0.47476172 0.42761975 0.50206904 0.41641874
0.00039479 0.36283831 0.35232302 0.39930133 0.34523319 0.50234819  0.48417291 0.45702496 0.47508945 0.39693445 0.45000532 0.44589633  0.47476172 0.42761975 0.50206904 0.41641874
0.00039479 0.36283831 0.35232302 0.39930133 0.34523319 0.50234819  0.48417291 0.45702496 0.47508945 0.39693445 0.45000532 0.44589633  0.47476172 0.42761975 0.50206904 0.41641874
0.03631018 0.41540188 0.32624181 0.4455019  0.36060521 0.46628334  0.43699433 0.48325785 0.50987685 0.40171282 0.44757077 0.45105915  0.48480944 0.46855757 0.59139026 0.42570739
0.16213278 0.5876945  0.2388635  0.58641617 0.40042982 0.34293578  0.32966931 0.55172771 0.50910661 0.39898461 0.35174734 0.46745269  0.59172596 0.44423064 0.54501817 0.48835694
0.23506411 0.68651378 0.1878636  0.65922606 0.42726947 0.27324363  0.29209512 0.57667663 0.50585082 0.38487317 0.35596084 0.46237354  0.58927814 0.45119948 0.5435911  0.45418564
0.41990976 0.793393   0.13590307 0.5714896  0.33462151 0.58138571  0.40305283 0.39563882 0.52351144 0.50027214 0.38096314 0.50510225  0.46232974 0.35293805 0.48689106 0.54598963
0.52647554 0.76970631 0.13124768 0.43244689 0.29584528 0.66204304  0.49912888 0.43640103 0.43695499 0.48664976 0.33024133 0.50145076  0.49905091 0.33469742 0.41883966 0.50589878
0.62937929 0.69188656 0.14453327 0.2453331  0.27214964 0.67619689  0.60208774 0.62017728 0.37327417 0.40265089 0.39236392 0.45113597  0.67201469 0.39253462 0.4744274  0.44976578
0.70548115 0.61713107 0.28984675 0.29927983 0.15022016 0.5935256  0.53867531 0.70203821 0.2249539  0.47369511 0.48872153 0.56317932  0.65464059 0.46894616 0.50181731 0.33091201
0.75022487 0.63917162 0.48493912 0.37187262 0.08729343 0.48344241  0.64891835 0.65767909 0.31403287 0.46267138 0.46761406 0.50345741  0.59219739 0.43349272 0.59857691 0.39712526
0.77966129 0.62469062 0.56667137 0.39926861 0.04933883 0.44395483  0.63659033 0.64576671 0.28835442 0.34352808 0.44261876 0.51111494  0.49176076 0.3005824  0.74658231 0.43537282
0.79094871 0.65731914 0.64426897 0.3770947  0.09066773 0.41720372  0.66410131 0.65048296 0.36741742 0.3979058  0.35659998 0.36033889  0.41910993 0.32960715 0.72301804 0.41789401
0.79094871 0.65731914 0.64426897 0.3770947  0.09066773 0.41720372  0.66410131 0.65048296 0.36741742 0.3979058  0.35659998 0.36033889  0.41910993 0.32960715 0.72301804 0.41789401
0.84897916 0.52923856 0.66016565 0.37584565 0.12321068 0.26803199  0.6789793  0.6175441  0.61541388 0.50509271 0.45978185 0.39505724  0.44663417 0.40806145 0.57376104 0.57347739
0.83427639 0.48763424 0.56289032 0.38752799 0.08902435 0.27389307  0.6807748  0.6466908  0.58658872 0.57755639 0.52928077 0.50031497  0.5345403  0.38258287 0.57818227 0.55171506
0.87255777 0.38379747 0.5300907  0.37771255 0.11563609 0.22074679  0.58275099 0.50606799 0.63888142 0.47388723 0.56366007 0.52872792  0.51291632 0.35571298 0.5049058  0.49991162
0.86428773 0.36707007 0.48110389 0.38951665 0.1105402  0.25467607  0.54908681 0.50577708 0.58302012 0.43999882 0.6084476  0.6139611  0.56627354 0.31775534 0.54511705 0.45878497
0.8606761  0.32251398 0.40129191 0.35527027 0.16540933 0.26452381  0.50671982 0.48383281 0.63334239 0.54625346 0.5661454  0.59389763  0.54167586 0.27985543 0.47716321 0.37004048
0.8606761  0.32251398 0.40129191 0.35527027 0.16540933 0.26452381  0.50671982 0.48383281 0.63334239 0.54625346 0.5661454  0.59389763  0.54167586 0.27985543 0.47716321 0.37004048
0.85949494 0.27536911 0.32175153 0.33341566 0.21482383 0.29563544  0.44322631 0.42847176 0.59577974 0.59972233 0.54813925 0.63582297  0.59758387 0.26994542 0.4611222  0.27435961
0.85949494 0.27536911 0.32175153 0.33341566 0.21482383 0.29563544  0.44322631 0.42847176 0.59577974 0.59972233 0.54813925 0.63582297  0.59758387 0.26994542 0.4611222  0.27435961
0.84913753 0.28245481 0.28096643 0.29589246 0.21113068 0.34185513  0.35550756 0.42151514 0.44994486 0.52987059 0.56046054 0.63978703  0.58696476 0.40045873 0.46266171 0.18157812
0.84913753 0.28245481 0.28096643 0.29589246 0.21113068 0.34185513  0.35550756 0.42151514 0.44994486 0.52987059 0.56046054 0.63978703  0.58696476 0.40045873 0.46266171 0.18157812
0.84794428 0.2526198  0.24365354 0.31741671 0.25080976 0.37858557  0.32624347 0.43145306 0.39994005 0.55404533 0.58699645 0.58111845  0.53553748 0.45690664 0.3943163  0.27880605
0.84794428 0.2526198  0.24365354 0.31741671 0.25080976 0.37858557  0.32624347 0.43145306 0.39994005 0.55404533 0.58699645 0.58111845  0.53553748 0.45690664 0.3943163  0.27880605
0.84794428 0.2526198  0.24365354 0.31741671 0.25080976 0.37858557  0.32624347 0.43145306 0.39994005 0.55404533 0.58699645 0.58111845  0.53553748 0.45690664 0.3943163  0.27880605
0.84794428 0.2526198  0.24365354 0.31741671 0.25080976 0.37858557  0.32624347 0.43145306 0.39994005 0.55404533 0.58699645 0.58111845  0.53553748 0.45690664 0.3943163  0.27880605
0.84794428 0.2526198  0.24365354 0.31741671 0.25080976 0.37858557  0.32624347 0.43145306 0.39994005 0.55404533 0.58699645 0.58111845  0.53553748 0.45690664 0.3943163  0.27880605
0.84794428 0.2526198  0.24365354 0.31741671 0.25080976 0.37858557  0.32624347 0.43145306 0.39994005 0.55404533 0.58699645 0.58111845  0.53553748 0.45690664 0.3943163  0.27880605
0.84794428 0.2526198  0.24365354 0.31741671 0.25080976 0.37858557  0.32624347 0.43145306 0.39994005 0.55404533 0.58699645 0.58111845  0.53553748 0.45690664 0.3943163  0.27880605
0.8365641  0.25761143 0.20916333 0.29064258 0.28116174 0.39403592  0.32608526 0.44588389 0.43513268 0.53367775 0.54592822 0.54685367  0.48921512 0.40217962 0.41929825 0.31405462
0.81292211 0.27967724 0.14825478 0.23241206 0.32499257 0.42339656  0.31936349 0.45677149 0.5199535  0.47557294 0.48338402 0.50882069  0.40592713 0.37205518 0.35527883 0.46150147
0.78439602 0.34920449 0.11509822 0.12285053 0.34576701 0.4533275  0.31428084 0.45325025 0.60155421 0.35564157 0.3029053  0.49730314  0.41435012 0.29059942 0.41129945 0.33353117
0.78439602 0.34920449 0.11509822 0.12285053 0.34576701 0.4533275  0.31428084 0.45325025 0.60155421 0.35564157 0.3029053  0.49730314  0.41435012 0.29059942 0.41129945 0.33353117
0.7034594  0.52733697 0.11462023 0.11355507 0.3141388  0.51904418  0.52524718 0.62380473 0.56845859 0.36570015 0.34626392 0.51449692  0.52652183 0.5242436  0.61689806 0.54476166
0.67230605 0.57993453 0.10107099 0.16021826 0.32912057 0.55016064  0.576564   0.4904085  0.57467929 0.34130404 0.37693101 0.49743288  0.67377774 0.60818808 0.54370605 0.53065742
0.61291159 0.70099062 0.11479667 0.2462402  0.3037744  0.65505669  0.64987998 0.50635539 0.43962441 0.39674639 0.38320338 0.46628713  0.71590504 0.5022964  0.50753178 0.51530578
0.54644978 0.77232352 0.09582484 0.34712351 0.34185412 0.61325183  0.71214736 0.45680348 0.41778916 0.41562658 0.56980044 0.43204295  0.55008453 0.4215556  0.49818758 0.48664996
0.52906469 0.78820068 0.09336626 0.38841304 0.34732777 0.60797626  0.70061735 0.39068725 0.41489499 0.43795197 0.56221965 0.44478585  0.48337353 0.40582652 0.48947905 0.4686588 
0.52906469 0.78820068 0.09336626 0.38841304 0.34732777 0.60797626  0.70061735 0.39068725 0.41489499 0.43795197 0.56221965 0.44478585  0.48337353 0.40582652 0.48947905 0.4686588 
0.56324047 0.75110964 0.09211211 0.30418254 0.34843496 0.59677457  0.7318537  0.49777815 0.44141285 0.39386804 0.58813656 0.42747788  0.60811379 0.45263783 0.56700873 0.50068664
0.56324047 0.75110964 0.09211211 0.30418254 0.34843496 0.59677457  0.7318537  0.49777815 0.44141285 0.39386804 0.58813656 0.42747788  0.60811379 0.45263783 0.56700873 0.50068664
0.58058938 0.74077215 0.10591668 0.28707176 0.32221476 0.63669908  0.69698389 0.52406533 0.42106811 0.39571088 0.50605994 0.43471412  0.65405345 0.43653402 0.52324201 0.50035556
0.61359639 0.70602902 0.12708186 0.24425495 0.28995095 0.66442193  0.63814237 0.62599148 0.39744107 0.41906917 0.41432031 0.453696  0.64102134 0.40103942 0.48983862 0.51784114
0.64468013 0.64957787 0.12281247 0.18681629 0.29825433 0.62182992  0.61375398 0.63551588 0.45966445 0.39549969 0.37648584 0.47797903  0.64267442 0.45717626 0.58958823 0.53966209
0.73361402 0.48758572 0.15019776 0.11857388 0.27341336 0.52138606  0.44497704 0.6755567  0.49110043 0.40767756 0.28246491 0.52661558  0.4023992  0.45332337 0.5979695  0.45562136
0.74593876 0.47293983 0.17785134 0.14467812 0.24357694 0.50058958  0.43915832 0.68134531 0.44377832 0.45734205 0.32766677 0.55565243  0.38619743 0.49307344 0.60359504 0.41926153
0.79632014 0.4580118  0.34199682 0.25809747 0.12424121 0.42072425  0.47065338 0.62558299 0.35709555 0.51552572 0.43010398 0.61460013  0.50411898 0.63179576 0.59718539 0.30211996
0.88927926 0.45623446 0.67068625 0.3007711  0.30363611 0.22814214  0.58139939 0.51855135 0.74737342 0.63833092 0.43627927 0.29486168  0.46855616 0.46271018 0.33050204 0.39195174
0.90783198 0.50447391 0.80020081 0.25471681 0.49091786 0.24432957  0.56106297 0.49032902 0.73279426 0.58587548 0.43858355 0.29165216  0.47201934 0.41839151 0.39194436 0.38290354
0.92070304 0.46977342 0.79051641 0.25388819 0.50925465 0.2306224  0.52837496 0.41357521 0.7640644  0.58057653 0.41653948 0.29362779  0.4861667  0.38852276 0.36244749 0.3515516 
0.91906191 0.46115143 0.77195779 0.27195849 0.44701782 0.2181201  0.5400697  0.41148556 0.76975319 0.55503179 0.40231738 0.27749019  0.46664925 0.38509884 0.37404856 0.36894172
0.92229349 0.4487855  0.77580354 0.30748539 0.45163681 0.21883942  0.57986679 0.42055927 0.81807207 0.56618138 0.41413344 0.31192027  0.49261636 0.33351873 0.35613117 0.41382158
0.92045523 0.4404002  0.75701864 0.32654317 0.39096325 0.21031071  0.58787706 0.41870312 0.81960844 0.53660055 0.40586574 0.30265414  0.46783787 0.32959525 0.36547862 0.43895952
0.90427358 0.40259535 0.64738293 0.34321606 0.22364117 0.18624222  0.57261693 0.41536148 0.76213654 0.51173918 0.43771549 0.35025923  0.47947029 0.3695353  0.40886304 0.45336356
0.86850969 0.35146728 0.45305179 0.31224968 0.16821098 0.23861492  0.49833923 0.48932729 0.62900671 0.63476031 0.51722645 0.47380173  0.50000238 0.47160093 0.35877605 0.33465897
0.84920119 0.32549762 0.35474376 0.31340755 0.17057299 0.29606041  0.44692644 0.50701145 0.54184704 0.56415311 0.56194012 0.58219405  0.50346822 0.38687313 0.46405581 0.2795242 
0.82768894 0.31510745 0.25687833 0.26776694 0.21102795 0.36832776  0.35424335 0.52202894 0.42349197 0.53583867 0.5931213  0.62290429  0.51727494 0.46563992 0.40620764 0.2251511 
0.80421285 0.32811207 0.19004197 0.21102701 0.26478567 0.38836215  0.36056562 0.55157779 0.50860588 0.5109811  0.52785025 0.57130973  0.40764062 0.38969034 0.42714981 0.33931886
0.80421285 0.32811207 0.19004197 0.21102701 0.26478567 0.38836215  0.36056562 0.55157779 0.50860588 0.5109811  0.52785025 0.57130973  0.40764062 0.38969034 0.42714981 0.33931886
0.75956107 0.41754083 0.13323289 0.11506697 0.31027262 0.48219783  0.37711999 0.55213888 0.56068786 0.38035044 0.28314679 0.51472879  0.41116051 0.38634075 0.49435855 0.38899771
0.75956107 0.41754083 0.13323289 0.11506697 0.31027262 0.48219783  0.37711999 0.55213888 0.56068786 0.38035044 0.28314679 0.51472879  0.41116051 0.38634075 0.49435855 0.38899771
0.73361402 0.48758572 0.15019776 0.11857388 0.27341336 0.52138606  0.44497704 0.6755567  0.49110043 0.40767756 0.28246491 0.52661558  0.4023992  0.45332337 0.5979695  0.45562136
0.73361402 0.48758572 0.15019776 0.11857388 0.27341336 0.52138606  0.44497704 0.6755567  0.49110043 0.40767756 0.28246491 0.52661558  0.4023992  0.45332337 0.5979695  0.45562136
0.7034594  0.52733697 0.11462023 0.11355507 0.3141388  0.51904418  0.52524718 0.62380473 0.56845859 0.36570015 0.34626392 0.51449692  0.52652183 0.5242436  0.61689806 0.54476166
0.68951631 0.56074627 0.11763066 0.12574211 0.30721065 0.55517413  0.55652297 0.61012512 0.53321756 0.38904356 0.29689995 0.51959869  0.56756511 0.51930834 0.68275568 0.54745419
0.67408174 0.58802617 0.11093365 0.14606481 0.31629629 0.5722528  0.58541939 0.54936046 0.5362624  0.3816034  0.31403501 0.51218567  0.65974729 0.5810645  0.63028581 0.54542615
0.67408174 0.58802617 0.11093365 0.14606481 0.31629629 0.5722528  0.58541939 0.54936046 0.5362624  0.3816034  0.31403501 0.51218567  0.65974729 0.5810645  0.63028581 0.54542615
0.6423132  0.63943891 0.10291784 0.20548871 0.32181637 0.60547956  0.62154539 0.42019997 0.51622236 0.38285011 0.32075254 0.50049377  0.73297791 0.62618464 0.54822936 0.52106984
0.6423132  0.63943891 0.10291784 0.20548871 0.32181637 0.60547956  0.62154539 0.42019997 0.51622236 0.38285011 0.32075254 0.50049377  0.73297791 0.62618464 0.54822936 0.52106984
0.62760188 0.67161847 0.10783265 0.22754056 0.31175622 0.63817842  0.64218288 0.4367139  0.46963661 0.40676036 0.31568156 0.4956063  0.73315632 0.57657376 0.56781093 0.52226816
0.56324047 0.75110964 0.09211211 0.30418254 0.34843496 0.59677457  0.7318537  0.49777815 0.44141285 0.39386804 0.58813656 0.42747788  0.60811379 0.45263783 0.56700873 0.50068664
0.54644978 0.77232352 0.09582484 0.34712351 0.34185412 0.61325183  0.71214736 0.45680348 0.41778916 0.41562658 0.56980044 0.43204295  0.55008453 0.4215556  0.49818758 0.48664996
0.52906469 0.78820068 0.09336626 0.38841304 0.34732777 0.60797626  0.70061735 0.39068725 0.41489499 0.43795197 0.56221965 0.44478585  0.48337353 0.40582652 0.48947905 0.4686588 
0.51122529 0.79950986 0.09455724 0.43195576 0.3493868  0.5994669  0.66683861 0.34610602 0.416032   0.46732754 0.53386627 0.462384  0.40329739 0.37544479 0.47961754 0.45658068
0.49279506 0.79883281 0.08948759 0.4538334  0.37477935 0.53766039  0.67361769 0.34105092 0.40775879 0.46182159 0.56147453 0.45894149  0.33910793 0.39120822 0.51804061 0.41814157
0.47448677 0.78970493 0.08816885 0.45957232 0.39659092 0.46702966  0.69059135 0.37967756 0.38100772 0.42108331 0.59734968 0.43652086  0.33887025 0.39423119 0.49339753 0.36889416
0.47448677 0.78970493 0.08816885 0.45957232 0.39659092 0.46702966  0.69059135 0.37967756 0.38100772 0.42108331 0.59734968 0.43652086  0.33887025 0.39423119 0.49339753 0.36889416
0.45558977 0.78320972 0.08872944 0.48112756 0.41635323 0.4114504  0.67757403 0.38884842 0.36476694 0.42599686 0.57185598 0.4439544  0.30135427 0.41059173 0.53881325 0.35496487
0.43799019 0.79494566 0.0957897  0.52431825 0.40605603 0.42464512  0.61865175 0.38140634 0.37819463 0.43735065 0.55528199 0.45044176  0.25443575 0.37185045 0.47884873 0.35999102
0.38199893 0.77086623 0.10542558 0.57501209 0.44453848 0.29288762  0.56942368 0.42815939 0.34561919 0.41628848 0.48804379 0.45709169  0.27576993 0.38974378 0.50091096 0.33250072
0.38199893 0.77086623 0.10542558 0.57501209 0.44453848 0.29288762  0.56942368 0.42815939 0.34561919 0.41628848 0.48804379 0.45709169  0.27576993 0.38974378 0.50091096 0.33250072
0.36293116 0.75797532 0.1108132  0.58854315 0.45606611 0.25316339  0.54866645 0.44616157 0.33150734 0.4248718  0.4315472  0.47136296  0.28209928 0.40150984 0.54688633 0.35300482
0.34391966 0.74259745 0.11720176 0.59649984 0.46605604 0.21469693  0.53777597 0.46058264 0.30386251 0.42963433 0.36341965 0.48645295  0.31100395 0.40821756 0.57554391 0.37795929
0.32523492 0.73384725 0.1267601  0.6160683  0.46485605 0.21091584  0.47907142 0.4802241  0.34913855 0.43796083 0.32800892 0.49859384  0.38418633 0.43364035 0.61754303 0.42267007
0.30670732 0.71367537 0.13410338 0.60612983 0.47412715 0.17701781  0.49979644 0.49592518 0.31147313 0.40472613 0.32241561 0.48220763  0.44881693 0.42994775 0.5299403  0.40719873
0.30670732 0.71367537 0.13410338 0.60612983 0.47412715 0.17701781  0.49979644 0.49592518 0.31147313 0.40472613 0.32241561 0.48220763  0.44881693 0.42994775 0.5299403  0.40719873
0.27044896 0.69920555 0.15737898 0.63468763 0.45958256 0.18994235  0.42239432 0.52626906 0.33820585 0.39305299 0.28027255 0.48070926  0.50602961 0.41068073 0.48313872 0.43518502
0.25216273 0.68837686 0.16902478 0.64338988 0.45486103 0.20322263  0.3691625  0.55792335 0.41137186 0.3836532  0.30739071 0.47283381  0.59648583 0.45267491 0.52175239 0.45468562
0.25216273 0.68837686 0.16902478 0.64338988 0.45486103 0.20322263  0.3691625  0.55792335 0.41137186 0.3836532  0.30739071 0.47283381  0.59648583 0.45267491 0.52175239 0.45468562
0.1967246  0.6170502  0.20417003 0.59907841 0.4458473  0.21319557  0.40229398 0.55128756 0.35639055 0.38263203 0.23346653 0.48155299  0.66885325 0.41167189 0.4225935  0.51702749
0.12440017 0.54590072 0.25553648 0.56951008 0.41500592 0.27984344  0.36660049 0.573536   0.4031488  0.35895289 0.25716352 0.46023151  0.74080632 0.38769006 0.32975746 0.53921284
0.12440017 0.54590072 0.25553648 0.56951008 0.41500592 0.27984344  0.36660049 0.573536   0.4031488  0.35895289 0.25716352 0.46023151  0.74080632 0.38769006 0.32975746 0.53921284
0.12440017 0.54590072 0.25553648 0.56951008 0.41500592 0.27984344  0.36660049 0.573536   0.4031488  0.35895289 0.25716352 0.46023151  0.74080632 0.38769006 0.32975746 0.53921284
0.12440017 0.54590072 0.25553648 0.56951008 0.41500592 0.27984344  0.36660049 0.573536   0.4031488  0.35895289 0.25716352 0.46023151  0.74080632 0.38769006 0.32975746 0.53921284
0.12440017 0.54590072 0.25553648 0.56951008 0.41500592 0.27984344  0.36660049 0.573536   0.4031488  0.35895289 0.25716352 0.46023151  0.74080632 0.38769006 0.32975746 0.53921284
0.12440017 0.54590072 0.25553648 0.56951008 0.41500592 0.27984344  0.36660049 0.573536   0.4031488  0.35895289 0.25716352 0.46023151  0.74080632 0.38769006 0.32975746 0.53921284
0.08953847 0.4918794  0.28348484 0.51533144 0.39169145 0.34650023  0.41591355 0.53298907 0.40171273 0.36468225 0.3109682  0.45308156  0.65799462 0.35964386 0.30459916 0.49466681
0.05382268 0.43910356 0.31115946 0.46711768 0.37178665 0.40776654  0.44798323 0.50264986 0.42267467 0.37376997 0.36260469 0.44845626  0.59147027 0.37525493 0.35520149 0.46174804
0.05382268 0.43910356 0.31115946 0.46711768 0.37178665 0.40776654  0.44798323 0.50264986 0.42267467 0.37376997 0.36260469 0.44845626  0.59147027 0.37525493 0.35520149 0.46174804
0.03570449 0.41256652 0.32481348 0.44346236 0.36297546 0.43289222  0.46698566 0.4880752  0.41982002 0.37795658 0.37170853 0.44831936  0.5704997  0.36843359 0.35263673 0.4613214 
0.03570449 0.41256652 0.32481348 0.44346236 0.36297546 0.43289222  0.46698566 0.4880752  0.41982002 0.37795658 0.37170853 0.44831936  0.5704997  0.36843359 0.35263673 0.4613214 
0.03570449 0.41256652 0.32481348 0.44346236 0.36297546 0.43289222  0.46698566 0.4880752  0.41982002 0.37795658 0.37170853 0.44831936  0.5704997  0.36843359 0.35263673 0.4613214 
0.03570449 0.41256652 0.32481348 0.44346236 0.36297546 0.43289222  0.46698566 0.4880752  0.41982002 0.37795658 0.37170853 0.44831936  0.5704997  0.36843359 0.35263673 0.4613214 
