0.00039479 0.36283831 0.35232302 0.39930133 0.34523319 0.50234819  0.48417291 0.45702496 0.47508945 0.39693445 0.45000532 0.44589633  0.47476172 0.42761975 0.50206904 0.41641874
0.00039479 0.36283831 0.35232302 0.39930133 0.34523319 0.50234819  0.48417291 0.45702496 0.47508945 0.39693445 0.45000532 0.44589633  0.47476172 0.42761975 0.50206904 0.41641874
0.00039479 0.36283831 0.35232302 0.39930133 0.34523319 0.50234819  0.48417291 0.45702496 0.47508945 0.39693445 0.45000532 0.44589633  0.47476172 0.42761975 0.50206904 0.41641874
0.00039479 0.36283831 0.35232302 0.39930133 0.34523319 0.50234819  0.48417291 0.45702496 0.47508945 0.39693445 0.45000532 0.44589633  0.47476172 0.42761975 0.50206904 0.41641874
0.00039479 0.36283831 0.35232302 0.39930133 0.34523319 0.50234819  0.48417291 0.45702496 0.47508945 0.39693445 0.45000532 0.44589633  0.47476172 0.42761975 0.50206904 0.41641874
0.00039479 0.36283831 0.35232302 0.39930133 0.34523319 0.50234819  0.48417291 0.45702496 0.47508945 0.39693445 0.45000532 0.44589633  0.47476172 0.42761975 0.50206904 0.41641874
0.00039479 0.36283831 0.35232302 0.39930133 0.34523319 0.50234819  0.48417291 0.45702496 0.47508945 0.39693445 0.45000532 0.44589633  0.47476172 0.42761975 0.50206904 0.41641874
0.00039479 0.36283831 0.35232302 0.39930133 0.34523319 0.50234819  0.48417291 0.45702496 0.47508945 0.39693445 0.45000532 0.44589633  0.47476172 0.42761975 0.50206904 0.41641874
0.00039479 0.36283831 0.35232302 0.39930133 0.34523319 0.50234819  0.48417291 0.45702496 0.47508945 0.39693445 0.45000532 0.44589633  0.47476172 0.42761975 0.50206904 0.41641874
0.00039479 0.36283831 0.35232302 0.39930133 0.34523319 0.50234819  0.48417291 0.45702496 0.47508945 0.39693445 0.45000532 0.44589633  0.47476172 0.42761975 0.50206904 0.41641874
0.00039479 0.36283831 0.35232302 0.39930133 0.34523319 0.50234819  0.48417291 0.45702496 0.47508945 0.39693445 0.45000532 0.44589633  0.47476172 0.42761975 0.50206904 0.41641874
0.00039479 0.36283831 0.35232302 0.39930133 0.34523319 0.50234819  0.48417291 0.45702496 0.47508945 0.39693445 0.45000532 0.44589633  0.47476172 0.42761975 0.50206904 0.41641874
0.00039479 0.36283831 0.35232302 0.39930133 0.34523319 0.50234819  0.48417291 0.45702496 0.47508945 0.39693445 0.45000532 0.44589633  0.47476172 0.42761975 0.50206904 0.41641874
0.00039479 0.36283831 0.35232302 0.39930133 0.34523319 0.50234819  0.48417291 0.45702496 0.47508945 0.39693445 0.45000532 0.44589633  0.47476172 0.42761975 0.50206904 0.41641874
0.00039479 0.36283831 0.35232302 0.39930133 0.34523319 0.50234819  0.48417291 0.45702496 0.47508945 0.39693445 0.45000532 0.44589633  0.47476172 0.42761975 0.50206904 0.41641874
0.00039479 0.36283831 0.35232302 0.39930133 0.34523319 0.50234819  0.48417291 0.45702496 0.47508945 0.39693445 0.45000532 0.44589633  0.47476172 0.42761975 0.50206904 0.41641874
0.00039479 0.36283831 0.35232302 0.39930133 0.34523319 0.50234819  0.48417291 0.45702496 0.47508945 0.39693445 0.45000532 0.44589633  0.47476172 0.42761975 0.50206904 0.41641874
0.00039479 0.36283831 0.35232302 0.39930133 0.34523319 0.50234819  0.48417291 0.45702496 0.47508945 0.39693445 0.45000532 0.44589633  0.47476172 0.42761975 0.50206904 0.41641874
0.00039479 0.36283831 0.35232302 0.39930133 0.34523319 0.50234819  0.48417291 0.45702496 0.47508945 0.39693445 0.45000532 0.44589633  0.47476172 0.42761975 0.50206904 0.41641874
0.00039479 0.36283831 0.35232302 0.39930133 0.34523319 0.50234819  0.48417291 0.45702496 0.47508945 0.39693445 0.45000532 0.44589633  0.47476172 0.42761975 0.50206904 0.41641874
0.00039479 0.36283831 0.35232302 0.39930133 0.34523319 0.50234819  0.48417291 0.45702496 0.47508945 0.39693445 0.45000532 0.44589633  0.47476172 0.42761975 0.50206904 0.41641874
0.00039479 0.36283831 0.35232302 0.39930133 0.34523319 0.50234819  0.48417291 0.45702496 0.47508945 0.39693445 0.45000532 0.44589633  0.47476172 0.42761975 0.50206904 0.41641874
0.00039479 0.36283831 0.35232302 0.39930133 0.34523319 0.50234819  0.48417291 0.45702496 0.47508945 0.39693445 0.45000532 0.44589633  0.47476172 0.42761975 0.50206904 0.41641874
0.00039479 0.36283831 0.35232302 0.39930133 0.34523319 0.50234819  0.48417291 0.45702496 0.47508945 0.39693445 0.45000532 0.44589633  0.47476172 0.42761975 0.50206904 0.41641874
0.00039479 0.36283831 0.35232302 0.39930133 0.34523319 0.50234819  0.48417291 0.45702496 0.47508945 0.39693445 0.45000532 0.44589633  0.47476172 0.42761975 0.50206904 0.41641874
0.00039479 0.36283831 0.35232302 0.39930133 0.34523319 0.50234819  0.48417291 0.45702496 0.47508945 0.39693445 0.45000532 0.44589633  0.47476172 0.42761975 0.50206904 0.41641874
0.00039479 0.36283831 0.35232302 0.39930133 0.34523319 0.50234819  0.48417291 0.45702496 0.47508945 0.39693445 0.45000532 0.44589633  0.47476172 0.42761975 0.50206904 0.41641874
0.00039479 0.36283831 0.35232302 0.39930133 0.34523319 0.50234819  0.48417291 0.45702496 0.47508945 0.39693445 0.45000532 0.44589633  0.47476172 0.42761975 0.50206904 0.41641874
0.00039479 0.36283831 0.35232302 0.39930133 0.34523319 0.50234819  0.48417291 0.45702496 0.47508945 0.39693445 0.45000532 0.44589633  0.47476172 0.42761975 0.50206904 0.41641874
0.00039479 0.36283831 0.35232302 0.39930133 0.34523319 0.50234819  0.48417291 0.45702496 0.47508945 0.39693445 0.45000532 0.44589633  0.47476172 0.42761975 0.50206904 0.41641874
0.00039479 0.36283831 0.35232302 0.39930133 0.34523319 0.50234819  0.48417291 0.45702496 0.47508945 0.39693445 0.45000532 0.44589633  0.47476172 0.42761975 0.50206904 0.41641874
0.00039479 0.36283831 0.35232302 0.39930133 0.34523319 0.50234819  0.48417291 0.45702496 0.47508945 0.39693445 0.45000532 0.44589633  0.47476172 0.42761975 0.50206904 0.41641874
0.00039479 0.36283831 0.35232302 0.39930133 0.34523319 0.50234819  0.48417291 0.45702496 0.47508945 0.39693445 0.45000532 0.44589633  0.47476172 0.42761975 0.50206904 0.41641874
0.00039479 0.36283831 0.35232302 0.39930133 0.34523319 0.50234819  0.48417291 0.45702496 0.47508945 0.39693445 0.45000532 0.44589633  0.47476172 0.42761975 0.50206904 0.41641874
0.00039479 0.36283831 0.35232302 0.39930133 0.34523319 0.50234819  0.48417291 0.45702496 0.47508945 0.39693445 0.45000532 0.44589633  0.47476172 0.42761975 0.50206904 0.41641874
0.00039479 0.36283831 0.35232302 0.39930133 0.34523319 0.50234819  0.48417291 0.45702496 0.47508945 0.39693445 0.45000532 0.44589633  0.47476172 0.42761975 0.50206904 0.41641874
0.00039479 0.36283831 0.35232302 0.39930133 0.34523319 0.50234819  0.48417291 0.45702496 0.47508945 0.39693445 0.45000532 0.44589633  0.47476172 0.42761975 0.50206904 0.41641874
0.00039479 0.36283831 0.35232302 0.39930133 0.34523319 0.50234819  0.48417291 0.45702496 0.47508945 0.39693445 0.45000532 0.44589633  0.47476172 0.42761975 0.50206904 0.41641874
0.00039479 0.36283831 0.35232302 0.39930133 0.34523319 0.50234819  0.48417291 0.45702496 0.47508945 0.39693445 0.45000532 0.44589633  0.47476172 0.42761975 0.50206904 0.41641874
0.00039479 0.36283831 0.35232302 0.39930133 0.34523319 0.50234819  0.48417291 0.45702496 0.47508945 0.39693445 0.45000532 0.44589633  0.47476172 0.42761975 0.50206904 0.41641874
0.00039479 0.36283831 0.35232302 0.39930133 0.34523319 0.50234819  0.48417291 0.45702496 0.47508945 0.39693445 0.45000532 0.44589633  0.47476172 0.42761975 0.50206904 0.41641874
0.00039479 0.36283831 0.35232302 0.39930133 0.34523319 0.50234819  0.48417291 0.45702496 0.47508945 0.39693445 0.45000532 0.44589633  0.47476172 0.42761975 0.50206904 0.41641874
0.00039479 0.36283831 0.35232302 0.39930133 0.34523319 0.50234819  0.48417291 0.45702496 0.47508945 0.39693445 0.45000532 0.44589633  0.47476172 0.42761975 0.50206904 0.41641874
0.00039479 0.36283831 0.35232302 0.39930133 0.34523319 0.50234819  0.48417291 0.45702496 0.47508945 0.39693445 0.45000532 0.44589633  0.47476172 0.42761975 0.50206904 0.41641874
0.00039479 0.36283831 0.35232302 0.39930133 0.34523319 0.50234819  0.48417291 0.45702496 0.47508945 0.39693445 0.45000532 0.44589633  0.47476172 0.42761975 0.50206904 0.41641874
0.00039479 0.36283831 0.35232302 0.39930133 0.34523319 0.50234819  0.48417291 0.45702496 0.47508945 0.39693445 0.45000532 0.44589633  0.47476172 0.42761975 0.50206904 0.41641874
0.00039479 0.36283831 0.35232302 0.39930133 0.34523319 0.50234819  0.48417291 0.45702496 0.47508945 0.39693445 0.45000532 0.44589633  0.47476172 0.42761975 0.50206904 0.41641874
0.00039479 0.36283831 0.35232302 0.39930133 0.34523319 0.50234819  0.48417291 0.45702496 0.47508945 0.39693445 0.45000532 0.44589633  0.47476172 0.42761975 0.50206904 0.41641874
0.00039479 0.36283831 0.35232302 0.39930133 0.34523319 0.50234819  0.48417291 0.45702496 0.47508945 0.39693445 0.45000532 0.44589633  0.47476172 0.42761975 0.50206904 0.41641874
0.00039479 0.36283831 0.35232302 0.39930133 0.34523319 0.50234819  0.48417291 0.45702496 0.47508945 0.39693445 0.45000532 0.44589633  0.47476172 0.42761975 0.50206904 0.41641874
0.00039479 0.36283831 0.35232302 0.39930133 0.34523319 0.50234819  0.48417291 0.45702496 0.47508945 0.39693445 0.45000532 0.44589633  0.47476172 0.42761975 0.50206904 0.41641874
0.00039479 0.36283831 0.35232302 0.39930133 0.34523319 0.50234819  0.48417291 0.45702496 0.47508945 0.39693445 0.45000532 0.44589633  0.47476172 0.42761975 0.50206904 0.41641874
0.00039479 0.36283831 0.35232302 0.39930133 0.34523319 0.50234819  0.48417291 0.45702496 0.47508945 0.39693445 0.45000532 0.44589633  0.47476172 0.42761975 0.50206904 0.41641874
0.00039479 0.36283831 0.35232302 0.39930133 0.34523319 0.50234819  0.48417291 0.45702496 0.47508945 0.39693445 0.45000532 0.44589633  0.47476172 0.42761975 0.50206904 0.41641874
0.00039479 0.36283831 0.35232302 0.39930133 0.34523319 0.50234819  0.48417291 0.45702496 0.47508945 0.39693445 0.45000532 0.44589633  0.47476172 0.42761975 0.50206904 0.41641874
0.00039479 0.36283831 0.35232302 0.39930133 0.34523319 0.50234819  0.48417291 0.45702496 0.47508945 0.39693445 0.45000532 0.44589633  0.47476172 0.42761975 0.50206904 0.41641874
0.00039479 0.36283831 0.35232302 0.39930133 0.34523319 0.50234819  0.48417291 0.45702496 0.47508945 0.39693445 0.45000532 0.44589633  0.47476172 0.42761975 0.50206904 0.41641874
0.00039479 0.36283831 0.35232302 0.39930133 0.34523319 0.50234819  0.48417291 0.45702496 0.47508945 0.39693445 0.45000532 0.44589633  0.47476172 0.42761975 0.50206904 0.41641874
0.00039479 0.36283831 0.35232302 0.39930133 0.34523319 0.50234819  0.48417291 0.45702496 0.47508945 0.39693445 0.45000532 0.44589633  0.47476172 0.42761975 0.50206904 0.41641874
0.00039479 0.36283831 0.35232302 0.39930133 0.34523319 0.50234819  0.48417291 0.45702496 0.47508945 0.39693445 0.45000532 0.44589633  0.47476172 0.42761975 0.50206904 0.41641874
0.00039479 0.36283831 0.35232302 0.39930133 0.34523319 0.50234819  0.48417291 0.45702496 0.47508945 0.39693445 0.45000532 0.44589633  0.47476172 0.42761975 0.50206904 0.41641874
0.00039479 0.36283831 0.35232302 0.39930133 0.34523319 0.50234819  0.48417291 0.45702496 0.47508945 0.39693445 0.45000532 0.44589633  0.47476172 0.42761975 0.50206904 0.41641874
0.00039479 0.36283831 0.35232302 0.39930133 0.34523319 0.50234819  0.48417291 0.45702496 0.47508945 0.39693445 0.45000532 0.44589633  0.47476172 0.42761975 0.50206904 0.41641874
0.00039479 0.36283831 0.35232302 0.39930133 0.34523319 0.50234819  0.48417291 0.45702496 0.47508945 0.39693445 0.45000532 0.44589633  0.47476172 0.42761975 0.50206904 0.41641874
0.00039479 0.36283831 0.35232302 0.39930133 0.34523319 0.50234819  0.48417291 0.45702496 0.47508945 0.39693445 0.45000532 0.44589633  0.47476172 0.42761975 0.50206904 0.41641874
0.00039479 0.36283831 0.35232302 0.39930133 0.34523319 0.50234819  0.48417291 0.45702496 0.47508945 0.39693445 0.45000532 0.44589633  0.47476172 0.42761975 0.50206904 0.41641874
0.00039479 0.36283831 0.35232302 0.39930133 0.34523319 0.50234819  0.48417291 0.45702496 0.47508945 0.39693445 0.45000532 0.44589633  0.47476172 0.42761975 0.50206904 0.41641874
0.00039479 0.36283831 0.35232302 0.39930133 0.34523319 0.50234819  0.48417291 0.45702496 0.47508945 0.39693445 0.45000532 0.44589633  0.47476172 0.42761975 0.50206904 0.41641874
0.00039479 0.36283831 0.35232302 0.39930133 0.34523319 0.50234819  0.48417291 0.45702496 0.47508945 0.39693445 0.45000532 0.44589633  0.47476172 0.42761975 0.50206904 0.41641874
0.00039479 0.36283831 0.35232302 0.39930133 0.34523319 0.50234819  0.48417291 0.45702496 0.47508945 0.39693445 0.45000532 0.44589633  0.47476172 0.42761975 0.50206904 0.41641874
0.00039479 0.36283831 0.35232302 0.39930133 0.34523319 0.50234819  0.48417291 0.45702496 0.47508945 0.39693445 0.45000532 0.44589633  0.47476172 0.42761975 0.50206904 0.41641874
0.00039479 0.36283831 0.35232302 0.39930133 0.34523319 0.50234819  0.48417291 0.45702496 0.47508945 0.39693445 0.45000532 0.44589633  0.47476172 0.42761975 0.50206904 0.41641874
0.01779563 0.38669558 0.33863985 0.42004769 0.35385851 0.46460162  0.48109267 0.47190843 0.43452283 0.38595027 0.3992976  0.44733029  0.52908455 0.38078184 0.39373238 0.44873962
0.03585866 0.41212524 0.32497922 0.44119937 0.36258431 0.43456132  0.47408025 0.48300288 0.40965789 0.37891942 0.36959995 0.44872305  0.56049334 0.35167352 0.32731793 0.46450854
0.07057186 0.4363202  0.29688016 0.44476643 0.38823898 0.36908819  0.52491791 0.46269653 0.31979163 0.40788175 0.2630435  0.48417518  0.57287142 0.33420379 0.33510928 0.53324894
0.17793808 0.54322181 0.21881164 0.48881934 0.44375595 0.23059623  0.59610085 0.45817604 0.18253972 0.41557268 0.17073303 0.50771148  0.55679219 0.31027721 0.3067588  0.55057958
0.25170215 0.63365761 0.17459181 0.53832617 0.45272116 0.22341975  0.56160222 0.46860821 0.23877129 0.40857194 0.24563317 0.49431321  0.53342208 0.34433014 0.36197371 0.50981336
0.25170215 0.63365761 0.17459181 0.53832617 0.45272116 0.22341975  0.56160222 0.46860821 0.23877129 0.40857194 0.24563317 0.49431321  0.53342208 0.34433014 0.36197371 0.50981336
0.41849551 0.7656255  0.09780474 0.51026617 0.43507338 0.33527216  0.64136329 0.4264306  0.34843228 0.40002115 0.53011149 0.44317078  0.36020443 0.41212452 0.51545976 0.34140386
0.47390098 0.78983621 0.09101514 0.47149988 0.39310996 0.48125372  0.66714357 0.34680704 0.37954804 0.46461755 0.51750186 0.46945842  0.31924056 0.4065739  0.56646961 0.40475853
0.51122529 0.79950986 0.09455724 0.43195576 0.3493868  0.5994669  0.66683861 0.34610602 0.416032   0.46732754 0.53386627 0.462384  0.40329739 0.37544479 0.47961754 0.45658068
0.52801598 0.77829598 0.09084452 0.3890148  0.35596765 0.58298964  0.68654495 0.3870807  0.43965569 0.445569   0.55220238 0.45781893  0.46132665 0.40652703 0.54843868 0.47061736
0.52801598 0.77829598 0.09084452 0.3890148  0.35596765 0.58298964  0.68654495 0.3870807  0.43965569 0.445569   0.55220238 0.45781893  0.46132665 0.40652703 0.54843868 0.47061736
0.52801598 0.77829598 0.09084452 0.3890148  0.35596765 0.58298964  0.68654495 0.3870807  0.43965569 0.445569   0.55220238 0.45781893  0.46132665 0.40652703 0.54843868 0.47061736
0.52801598 0.77829598 0.09084452 0.3890148  0.35596765 0.58298964  0.68654495 0.3870807  0.43965569 0.445569   0.55220238 0.45781893  0.46132665 0.40652703 0.54843868 0.47061736
0.52801598 0.77829598 0.09084452 0.3890148  0.35596765 0.58298964  0.68654495 0.3870807  0.43965569 0.445569   0.55220238 0.45781893  0.46132665 0.40652703 0.54843868 0.47061736
0.52801598 0.77829598 0.09084452 0.3890148  0.35596765 0.58298964  0.68654495 0.3870807  0.43965569 0.445569   0.55220238 0.45781893  0.46132665 0.40652703 0.54843868 0.47061736
0.52801598 0.77829598 0.09084452 0.3890148  0.35596765 0.58298964  0.68654495 0.3870807  0.43965569 0.445569   0.55220238 0.45781893  0.46132665 0.40652703 0.54843868 0.47061736
0.51122529 0.79950986 0.09455724 0.43195576 0.3493868  0.5994669  0.66683861 0.34610602 0.416032   0.46732754 0.53386627 0.462384  0.40329739 0.37544479 0.47961754 0.45658068
0.51122529 0.79950986 0.09455724 0.43195576 0.3493868  0.5994669  0.66683861 0.34610602 0.416032   0.46732754 0.53386627 0.462384  0.40329739 0.37544479 0.47961754 0.45658068
0.51122529 0.79950986 0.09455724 0.43195576 0.3493868  0.5994669  0.66683861 0.34610602 0.416032   0.46732754 0.53386627 0.462384  0.40329739 0.37544479 0.47961754 0.45658068
0.51122529 0.79950986 0.09455724 0.43195576 0.3493868  0.5994669  0.66683861 0.34610602 0.416032   0.46732754 0.53386627 0.462384  0.40329739 0.37544479 0.47961754 0.45658068
0.51122529 0.79950986 0.09455724 0.43195576 0.3493868  0.5994669  0.66683861 0.34610602 0.416032   0.46732754 0.53386627 0.462384  0.40329739 0.37544479 0.47961754 0.45658068
0.51122529 0.79950986 0.09455724 0.43195576 0.3493868  0.5994669  0.66683861 0.34610602 0.416032   0.46732754 0.53386627 0.462384  0.40329739 0.37544479 0.47961754 0.45658068
0.51122529 0.79950986 0.09455724 0.43195576 0.3493868  0.5994669  0.66683861 0.34610602 0.416032   0.46732754 0.53386627 0.462384  0.40329739 0.37544479 0.47961754 0.45658068
0.51122529 0.79950986 0.09455724 0.43195576 0.3493868  0.5994669  0.66683861 0.34610602 0.416032   0.46732754 0.53386627 0.462384  0.40329739 0.37544479 0.47961754 0.45658068
0.5285742  0.78917237 0.10836181 0.41484499 0.3231666  0.63939141  0.63196879 0.3723932  0.39568727 0.46917039 0.45178965 0.46962024  0.44923705 0.35934097 0.43585082 0.45624961
0.5285742  0.78917237 0.10836181 0.41484499 0.3231666  0.63939141  0.63196879 0.3723932  0.39568727 0.46917039 0.45178965 0.46962024  0.44923705 0.35934097 0.43585082 0.45624961
0.54536489 0.76795849 0.10464908 0.37190402 0.32974744 0.62291415  0.65167513 0.41336788 0.41931096 0.44741184 0.47012577 0.46505517  0.50726631 0.39042321 0.50467196 0.47028629
0.54536489 0.76795849 0.10464908 0.37190402 0.32974744 0.62291415  0.65167513 0.41336788 0.41931096 0.44741184 0.47012577 0.46505517  0.50726631 0.39042321 0.50467196 0.47028629
0.54536489 0.76795849 0.10464908 0.37190402 0.32974744 0.62291415  0.65167513 0.41336788 0.41931096 0.44741184 0.47012577 0.46505517  0.50726631 0.39042321 0.50467196 0.47028629
0.54536489 0.76795849 0.10464908 0.37190402 0.32974744 0.62291415  0.65167513 0.41336788 0.41931096 0.44741184 0.47012577 0.46505517  0.50726631 0.39042321 0.50467196 0.47028629
0.54536489 0.76795849 0.10464908 0.37190402 0.32974744 0.62291415  0.65167513 0.41336788 0.41931096 0.44741184 0.47012577 0.46505517  0.50726631 0.39042321 0.50467196 0.47028629
0.54536489 0.76795849 0.10464908 0.37190402 0.32974744 0.62291415  0.65167513 0.41336788 0.41931096 0.44741184 0.47012577 0.46505517  0.50726631 0.39042321 0.50467196 0.47028629
0.54536489 0.76795849 0.10464908 0.37190402 0.32974744 0.62291415  0.65167513 0.41336788 0.41931096 0.44741184 0.47012577 0.46505517  0.50726631 0.39042321 0.50467196 0.47028629
0.54536489 0.76795849 0.10464908 0.37190402 0.32974744 0.62291415  0.65167513 0.41336788 0.41931096 0.44741184 0.47012577 0.46505517  0.50726631 0.39042321 0.50467196 0.47028629
0.51122529 0.79950986 0.09455724 0.43195576 0.3493868  0.5994669  0.66683861 0.34610602 0.416032   0.46732754 0.53386627 0.462384  0.40329739 0.37544479 0.47961754 0.45658068
0.51122529 0.79950986 0.09455724 0.43195576 0.3493868  0.5994669  0.66683861 0.34610602 0.416032   0.46732754 0.53386627 0.462384  0.40329739 0.37544479 0.47961754 0.45658068
0.52801598 0.77829598 0.09084452 0.3890148  0.35596765 0.58298964  0.68654495 0.3870807  0.43965569 0.445569   0.55220238 0.45781893  0.46132665 0.40652703 0.54843868 0.47061736
0.52801598 0.77829598 0.09084452 0.3890148  0.35596765 0.58298964  0.68654495 0.3870807  0.43965569 0.445569   0.55220238 0.45781893  0.46132665 0.40652703 0.54843868 0.47061736
0.54585538 0.76698681 0.08965354 0.34547207 0.35390861 0.59149901  0.72032369 0.43166193 0.43851868 0.41619343 0.58055577 0.44022078  0.54140279 0.43690875 0.55830019 0.48269548
0.57789458 0.72727716 0.09649408 0.30966165 0.33567023 0.61454526  0.67775677 0.38830763 0.44818616 0.42805024 0.43095733 0.47677619  0.60459373 0.4950823  0.57481262 0.48932679
0.57789458 0.72727716 0.09649408 0.30966165 0.33567023 0.61454526  0.67775677 0.38830763 0.44818616 0.42805024 0.43095733 0.47677619  0.60459373 0.4950823  0.57481262 0.48932679
0.57789458 0.72727716 0.09649408 0.30966165 0.33567023 0.61454526  0.67775677 0.38830763 0.44818616 0.42805024 0.43095733 0.47677619  0.60459373 0.4950823  0.57481262 0.48932679
0.57789458 0.72727716 0.09649408 0.30966165 0.33567023 0.61454526  0.67775677 0.38830763 0.44818616 0.42805024 0.43095733 0.47677619  0.60459373 0.4950823  0.57481262 0.48932679
0.60535763 0.66395529 0.07943465 0.28864698 0.36308881 0.5858511  0.64168925 0.25693179 0.50313486 0.42503677 0.34336963 0.50614352  0.64764039 0.54032922 0.62419339 0.47045667
0.60535763 0.66395529 0.07943465 0.28864698 0.36308881 0.5858511  0.64168925 0.25693179 0.50313486 0.42503677 0.34336963 0.50614352  0.64764039 0.54032922 0.62419339 0.47045667
0.60535763 0.66395529 0.07943465 0.28864698 0.36308881 0.5858511  0.64168925 0.25693179 0.50313486 0.42503677 0.34336963 0.50614352  0.64764039 0.54032922 0.62419339 0.47045667
0.60535763 0.66395529 0.07943465 0.28864698 0.36308881 0.5858511  0.64168925 0.25693179 0.50313486 0.42503677 0.34336963 0.50614352  0.64764039 0.54032922 0.62419339 0.47045667
0.60535763 0.66395529 0.07943465 0.28864698 0.36308881 0.5858511  0.64168925 0.25693179 0.50313486 0.42503677 0.34336963 0.50614352  0.64764039 0.54032922 0.62419339 0.47045667
0.63551692 0.61982933 0.0840632  0.27134204 0.35505792 0.61390457  0.57258013 0.20947257 0.51395381 0.42614016 0.24311797 0.51745001  0.70382938 0.49715421 0.54057099 0.4445141 
0.66895177 0.57785707 0.08768536 0.1969691  0.34996033 0.59999117  0.57040454 0.33211771 0.54006387 0.38561211 0.25751326 0.50674799  0.75238349 0.48995148 0.61061384 0.47478537
0.74259513 0.43134932 0.10147678 0.12277353 0.34690923 0.49611053  0.42778048 0.44379952 0.59194669 0.38730686 0.23314702 0.52190563  0.48136398 0.35534509 0.62720503 0.43155854
0.75804705 0.41798431 0.12461685 0.13059459 0.32283573 0.51303666  0.38301105 0.45408797 0.54138804 0.4060472  0.19084409 0.52695574  0.47544049 0.34758377 0.57118164 0.36327928
0.78439602 0.34920449 0.11509822 0.12285053 0.34576701 0.4533275  0.31428084 0.45325025 0.60155421 0.35564157 0.3029053  0.49730314  0.41435012 0.29059942 0.41129945 0.33353117
0.79785116 0.29562264 0.10153553 0.21128447 0.40225137 0.52705915  0.32471702 0.45912362 0.5412264  0.33410015 0.27406654 0.40608201  0.43795644 0.27299182 0.53223008 0.33823892
0.85574698 0.17438846 0.18174829 0.43044008 0.39074722 0.5368969  0.32507568 0.45046296 0.30161538 0.48309101 0.46367936 0.33572233  0.4902028  0.40605583 0.5855118  0.37500784
0.88504129 0.10296867 0.21476543 0.58189845 0.40215112 0.57277877  0.37917052 0.48285967 0.25054673 0.51859284 0.5397111  0.36195943  0.55102823 0.49477334 0.58854699 0.35142699
0.89729239 0.09091592 0.25432575 0.6422103  0.38738157 0.55231658  0.44561656 0.47579088 0.30937728 0.52142099 0.56180513 0.40614708  0.62344846 0.41183376 0.61611819 0.38114482
0.91791498 0.09342486 0.33814819 0.70183877 0.35886433 0.51005602  0.50545531 0.42483719 0.39120908 0.47564739 0.58256219 0.43219856  0.69810535 0.34947245 0.59874012 0.48923068
0.92419619 0.096865   0.36882664 0.71204548 0.35959726 0.48330058  0.54691975 0.42863102 0.45605825 0.50469805 0.55883004 0.4094287  0.68598356 0.29285064 0.62606135 0.51078154
0.93407581 0.08962827 0.39960212 0.75995276 0.3653     0.49653907  0.58905645 0.42791388 0.47257389 0.39859755 0.52237163 0.44178496  0.66401058 0.28550271 0.68059057 0.49716959
0.93407581 0.08962827 0.39960212 0.75995276 0.3653     0.49653907  0.58905645 0.42791388 0.47257389 0.39859755 0.52237163 0.44178496  0.66401058 0.28550271 0.68059057 0.49716959
0.93645976 0.07845785 0.39927241 0.79352971 0.37839026 0.51721998  0.62233293 0.45409474 0.49733745 0.38201303 0.49881996 0.47906286  0.64911776 0.30409996 0.65542884 0.46059439
0.93749176 0.07378074 0.40051179 0.81148555 0.38237012 0.52291996  0.64687186 0.46500485 0.52814054 0.36737098 0.48723441 0.51029776  0.64160666 0.29537015 0.63157835 0.46312492
0.93834269 0.07011275 0.40179759 0.82595676 0.38548885 0.52664185  0.66780508 0.4736557  0.55659312 0.35635498 0.47677415 0.53417941  0.6340184  0.28402055 0.61136053 0.47053045
0.93834269 0.07011275 0.40179759 0.82595676 0.38548885 0.52664185  0.66780508 0.4736557  0.55659312 0.35635498 0.47677415 0.53417941  0.6340184  0.28402055 0.61136053 0.47053045
0.93834269 0.07011275 0.40179759 0.82595676 0.38548885 0.52664185  0.66780508 0.4736557  0.55659312 0.35635498 0.47677415 0.53417941  0.6340184  0.28402055 0.61136053 0.47053045
0.93834269 0.07011275 0.40179759 0.82595676 0.38548885 0.52664185  0.66780508 0.4736557  0.55659312 0.35635498 0.47677415 0.53417941  0.6340184  0.28402055 0.61136053 0.47053045
0.93834269 0.07011275 0.40179759 0.82595676 0.38548885 0.52664185  0.66780508 0.4736557  0.55659312 0.35635498 0.47677415 0.53417941  0.6340184  0.28402055 0.61136053 0.47053045
0.93834269 0.07011275 0.40179759 0.82595676 0.38548885 0.52664185  0.66780508 0.4736557  0.55659312 0.35635498 0.47677415 0.53417941  0.6340184  0.28402055 0.61136053 0.47053045
0.93494715 0.0853805  0.40258959 0.77923028 0.36348862 0.49685051  0.61436877 0.43868749 0.50223631 0.38979184 0.52739917 0.48563271  0.66587542 0.26609285 0.64599157 0.51655983
0.93391516 0.09005761 0.40135022 0.76127444 0.35950875 0.49115053  0.58982984 0.42777739 0.47143323 0.40443389 0.53898473 0.45439781  0.67338652 0.27482266 0.66984206 0.5140293 
0.9315312  0.10122804 0.40167992 0.72769749 0.3464185  0.47046962  0.55655337 0.40159653 0.44666967 0.42101841 0.56253639 0.41711991  0.68827934 0.25622541 0.69500379 0.5506045 
0.92132804 0.11448525 0.37349877 0.67985881 0.32426936 0.4688076  0.49017749 0.37672676 0.37370767 0.40199459 0.61333151 0.44579511  0.71759172 0.27405425 0.67140124 0.54005229
0.90487259 0.13188444 0.32227207 0.59924966 0.34004372 0.49827647  0.40408073 0.39226531 0.25406663 0.37791787 0.57355283 0.37821132  0.63243446 0.35486948 0.74866483 0.40637222
0.83573534 0.25253078 0.19022108 0.29522703 0.3240382  0.46687713  0.30141541 0.44235498 0.37689893 0.45208573 0.42479086 0.45449989  0.51127269 0.31587924 0.57580611 0.19689473
0.79649193 0.34119151 0.14744437 0.15281633 0.32236126 0.44874345  0.30780036 0.43813223 0.55163293 0.36013155 0.32710813 0.51463293  0.47766208 0.31182198 0.41533923 0.25461197
0.78439602 0.34920449 0.11509822 0.12285053 0.34576701 0.4533275  0.31428084 0.45325025 0.60155421 0.35564157 0.3029053  0.49730314  0.41435012 0.29059942 0.41129945 0.33353117
0.71967093 0.52099502 0.1532082  0.13076093 0.26648521 0.55751601  0.47625283 0.66187709 0.4558594  0.43102097 0.23310094 0.53171735  0.44344248 0.44838812 0.66382713 0.45831389
0.61392737 0.70525158 0.1213932  0.23751204 0.29622314 0.65927076  0.64685717 0.60988884 0.42383282 0.38391055 0.43466685 0.44608585  0.67793819 0.40029594 0.53045078 0.51804505
0.58049253 0.74722384 0.11777105 0.31188498 0.30132074 0.67318416  0.64903275 0.48724369 0.39772276 0.4244386  0.42027156 0.45678787  0.62938408 0.40749867 0.46040794 0.48777378
0.56370184 0.76843772 0.12148377 0.35482595 0.2947399  0.68966142  0.62932641 0.44626902 0.37409907 0.44619714 0.40193544 0.46135294  0.57135481 0.37641643 0.39158679 0.4737371 
0.52826285 0.79148284 0.12973501 0.44155936 0.28650172 0.69434677  0.53662539 0.39424571 0.38866377 0.4869265  0.35700807 0.48543846  0.44436016 0.30729342 0.32176077 0.46668513
0.49361703 0.80114197 0.15679995 0.50010909 0.25640354 0.75144508  0.38507805 0.45620174 0.52511207 0.44155072 0.44311722 0.44227593  0.48410711 0.3182956  0.27868747 0.41343092
0.45675279 0.78975063 0.17367113 0.54263984 0.25444472 0.7488989  0.27464338 0.48903668 0.62294561 0.45363273 0.42513252 0.45497785  0.57122483 0.35661154 0.34555888 0.45810849
0.43806806 0.78100043 0.18322947 0.56220831 0.25324473 0.7451178  0.21593883 0.50867814 0.66822166 0.46195923 0.38972179 0.46711874  0.6444072  0.38203433 0.387558   0.50281926
0.42077982 0.79042591 0.16891652 0.57868462 0.2796124  0.70335716  0.25235995 0.47938356 0.68867285 0.4555569  0.46792939 0.45778789  0.60236558 0.3953406  0.44168353 0.49740989
0.43806806 0.78100043 0.18322947 0.56220831 0.25324473 0.7451178  0.21593883 0.50867814 0.66822166 0.46195923 0.38972179 0.46711874  0.6444072  0.38203433 0.387558   0.50281926
0.43806806 0.78100043 0.18322947 0.56220831 0.25324473 0.7451178  0.21593883 0.50867814 0.66822166 0.46195923 0.38972179 0.46711874  0.6444072  0.38203433 0.387558   0.50281926
0.43953547 0.78913453 0.19973263 0.54860699 0.30124395 0.75986897  0.20012764 0.5138092  0.64691535 0.45249224 0.41836397 0.50928753  0.63665691 0.36805982 0.39861814 0.5235215 
0.50988824 0.8810011  0.55447426 0.50121421 0.65555377 0.84527034  0.04901613 0.42925538 0.47019758 0.32099649 0.50686944 0.68951502  0.7102964  0.31910567 0.3984559  0.45556014
0.51722325 0.88536413 0.58732755 0.51686623 0.64237501 0.83243938  0.05864975 0.40222089 0.460809   0.23731685 0.51057579 0.69720623  0.71259218 0.28248045 0.46739834 0.4953831 
0.53153749 0.92966538 0.68706794 0.47431433 0.7366604  0.815796  0.08253475 0.39916767 0.52719104 0.3206087  0.41855207 0.52783271  0.70236742 0.36200513 0.37522012 0.42726991
0.55913502 0.93054121 0.71755712 0.46527078 0.71450915 0.81044095  0.16638655 0.38184452 0.51303518 0.29080546 0.4739329  0.5170129  0.75215905 0.3343239  0.39245097 0.38693091
0.64297219 0.89837697 0.74072554 0.34251451 0.69241922 0.8016751  0.32700578 0.46885244 0.41283367 0.22372384 0.60657722 0.52209902  0.89537    0.43663185 0.41440567 0.36955007
0.71154058 0.85505878 0.71341732 0.22279838 0.72011837 0.72593046  0.46430395 0.51297004 0.33475425 0.20614244 0.59229769 0.53902765  0.83758383 0.41500584 0.53762385 0.38682567
0.76200655 0.81434496 0.76540353 0.21738687 0.70541803 0.62701957  0.56355595 0.54153462 0.27696373 0.32864385 0.51597472 0.57595917  0.72071126 0.28230983 0.68879148 0.38467171
0.76200655 0.81434496 0.76540353 0.21738687 0.70541803 0.62701957  0.56355595 0.54153462 0.27696373 0.32864385 0.51597472 0.57595917  0.72071126 0.28230983 0.68879148 0.38467171
0.76274385 0.81591269 0.77032141 0.21301555 0.72106208 0.62863297  0.55812232 0.54327541 0.27330596 0.32596673 0.53126245 0.60449829  0.71265868 0.26270158 0.69729716 0.41516993
0.79316533 0.76420881 0.7896111  0.1838728  0.698514   0.60001092  0.50020122 0.6573705  0.2433306  0.36615976 0.49623433 0.62121785  0.53938579 0.17735435 0.75511413 0.4063851 
0.79316533 0.76420881 0.7896111  0.1838728  0.698514   0.60001092  0.50020122 0.6573705  0.2433306  0.36615976 0.49623433 0.62121785  0.53938579 0.17735435 0.75511413 0.4063851 
0.79316533 0.76420881 0.7896111  0.1838728  0.698514   0.60001092  0.50020122 0.6573705  0.2433306  0.36615976 0.49623433 0.62121785  0.53938579 0.17735435 0.75511413 0.4063851 
0.79316533 0.76420881 0.7896111  0.1838728  0.698514   0.60001092  0.50020122 0.6573705  0.2433306  0.36615976 0.49623433 0.62121785  0.53938579 0.17735435 0.75511413 0.4063851 
0.82291064 0.7016732  0.77926333 0.13746571 0.71650147 0.54390901  0.46888094 0.59385204 0.32892382 0.33688269 0.45665635 0.64834748  0.55901736 0.30603388 0.77394787 0.41472763
0.86221068 0.59432    0.75531511 0.13544566 0.71893194 0.44503089  0.37905003 0.54341663 0.44119003 0.25827566 0.55851535 0.55626361  0.48083613 0.2294775  0.53571476 0.33183328
0.85925092 0.51561226 0.62139377 0.17706342 0.5075816  0.42632733  0.36009126 0.45271374 0.3932798  0.13323971 0.49217775 0.58862619  0.48381156 0.3669962  0.61704472 0.31339882
0.85925292 0.43165524 0.50300519 0.23601719 0.33438009 0.37344664  0.36954837 0.37760532 0.46626118 0.14293468 0.43021675 0.53553999  0.53459061 0.34096233 0.59919381 0.26126372
0.83146039 0.39035092 0.35576087 0.23479435 0.26539883 0.38137379  0.3853364  0.42789692 0.49432393 0.22789336 0.42693549 0.54744143  0.56224243 0.29752159 0.59629615 0.25559726
0.79879658 0.38606257 0.22836561 0.179674   0.28156734 0.42913124  0.35635778 0.46912762 0.53681277 0.21539782 0.36654764 0.50809674  0.47218789 0.27589229 0.51528433 0.34213154
0.7711918  0.40885781 0.16875524 0.15030438 0.28453321 0.46774174  0.36587309 0.59925734 0.50442157 0.36307714 0.39209093 0.50553211  0.44027802 0.37551246 0.43387062 0.31437488
0.70496823 0.54738125 0.14077073 0.13356318 0.28313715 0.57210026  0.51175355 0.62041356 0.48265891 0.4077839  0.25459702 0.52464881  0.56164162 0.51154702 0.6267323  0.47917493
0.70496823 0.54738125 0.14077073 0.13356318 0.28313715 0.57210026  0.51175355 0.62041356 0.48265891 0.4077839  0.25459702 0.52464881  0.56164162 0.51154702 0.6267323  0.47917493
0.65939145 0.61739832 0.11789766 0.16476445 0.30831447 0.58913106  0.59311649 0.61900194 0.50625019 0.37158944 0.38155683 0.4828665  0.64249601 0.50678714 0.57000667 0.53846378
0.61392737 0.70525158 0.1213932  0.23751204 0.29622314 0.65927076  0.64685717 0.60988884 0.42383282 0.38391055 0.43466685 0.44608585  0.67793819 0.40029594 0.53045078 0.51804505
0.59787761 0.73134667 0.12022963 0.27059545 0.29584709 0.67845973  0.66056277 0.55335991 0.40061692 0.40211321 0.42785235 0.44404497  0.69609507 0.42322775 0.46911648 0.50576494
0.59787761 0.73134667 0.12022963 0.27059545 0.29584709 0.67845973  0.66056277 0.55335991 0.40061692 0.40211321 0.42785235 0.44404497  0.69609507 0.42322775 0.46911648 0.50576494
0.58108692 0.75256055 0.12394235 0.31353641 0.28926624 0.69493698  0.64085643 0.51238524 0.37699323 0.42387175 0.40951623 0.44861004  0.63806581 0.39214551 0.40029533 0.49172826
0.58108692 0.75256055 0.12394235 0.31353641 0.28926624 0.69493698  0.64085643 0.51238524 0.37699323 0.42387175 0.40951623 0.44861004  0.63806581 0.39214551 0.40029533 0.49172826
0.58108692 0.75256055 0.12394235 0.31353641 0.28926624 0.69493698  0.64085643 0.51238524 0.37699323 0.42387175 0.40951623 0.44861004  0.63806581 0.39214551 0.40029533 0.49172826
0.56370184 0.76843772 0.12148377 0.35482595 0.2947399  0.68966142  0.62932641 0.44626902 0.37409907 0.44619714 0.40193544 0.46135294  0.57135481 0.37641643 0.39158679 0.4737371 
0.56370184 0.76843772 0.12148377 0.35482595 0.2947399  0.68966142  0.62932641 0.44626902 0.37409907 0.44619714 0.40193544 0.46135294  0.57135481 0.37641643 0.39158679 0.4737371 
0.57893926 0.75093148 0.15414268 0.36454816 0.25489554 0.72505783  0.53716471 0.5152316  0.33986227 0.45396588 0.3506393  0.46014752  0.5852238  0.34564291 0.28430743 0.42847515
0.61186824 0.77411429 0.29242766 0.41096717 0.20608953 0.69671059  0.5350873  0.43876649 0.28590089 0.33762891 0.36312624 0.45211035  0.6163725  0.44593332 0.23679352 0.44749332
0.60333631 0.79068702 0.42327759 0.52648927 0.12433671 0.71345523  0.40687086 0.43291578 0.38827762 0.17024034 0.4868044  0.44380158  0.72020434 0.44191109 0.27964884 0.41809914
0.64989113 0.85182456 0.66382983 0.54097862 0.19468621 0.6697399  0.42531401 0.39973176 0.39989357 0.14308753 0.4351765  0.32580558  0.57608591 0.46039989 0.34427161 0.35245784
0.66895813 0.84822271 0.67327274 0.48418662 0.25298264 0.67129634  0.4684251  0.41230489 0.36515957 0.12226675 0.48039267 0.361487  0.61525414 0.48516666 0.41529626 0.36813393
0.68625015 0.83345796 0.70829803 0.46137509 0.30286506 0.67152757  0.41875508 0.45879875 0.32460897 0.1549806  0.47677589 0.4044838  0.49293775 0.4135833  0.45119123 0.36741814
0.71500034 0.8165839  0.72290878 0.46607957 0.29651743 0.61645078  0.50543906 0.42280483 0.20501413 0.2409912  0.44132012 0.45677215  0.48036914 0.39926527 0.52256777 0.34168529
0.75599609 0.79429154 0.76595587 0.40191631 0.364859   0.55434726  0.58806242 0.46748776 0.21352908 0.32004286 0.39640863 0.46225882  0.39364134 0.29702851 0.6246878  0.35058565
0.75599609 0.79429154 0.76595587 0.40191631 0.364859   0.55434726  0.58806242 0.46748776 0.21352908 0.32004286 0.39640863 0.46225882  0.39364134 0.29702851 0.6246878  0.35058565
0.76987661 0.76058858 0.75402319 0.39463359 0.29828931 0.53178075  0.5736523  0.53826318 0.2118896  0.30741799 0.37460889 0.46264371  0.31378912 0.27091671 0.6547574  0.3877998 
0.78502617 0.73075271 0.73175185 0.36976292 0.24263333 0.5028012  0.60505337 0.57714821 0.24120208 0.26011471 0.37872291 0.44194103  0.35230093 0.29857503 0.73517962 0.4192266 
0.80012774 0.70165813 0.72888621 0.3386185  0.23871186 0.48129905  0.59382235 0.63073646 0.27248027 0.25798001 0.38188021 0.42419126  0.35777873 0.28749159 0.78611272 0.39397134
0.77666035 0.71540155 0.67485237 0.3683536  0.19587584 0.50734112  0.59058949 0.54918001 0.23211327 0.22144038 0.39050221 0.39514131  0.43272456 0.38027624 0.72700922 0.33964205
0.75745633 0.72587899 0.64421419 0.41449124 0.15343847 0.51078219  0.62192304 0.49596311 0.22201684 0.251573   0.38992988 0.40407432  0.47120311 0.39604336 0.67074135 0.35016159
0.66460124 0.76960512 0.42486697 0.4495338  0.14534357 0.62198068  0.64398944 0.36225932 0.2489133  0.1959409  0.42754721 0.49023431  0.77382902 0.43829073 0.42817526 0.45116519
0.59050782 0.76951998 0.23637283 0.4414011  0.24215085 0.63744655  0.62808207 0.35802837 0.29491643 0.37645045 0.47138914 0.48164767  0.63861765 0.41471412 0.40521138 0.35798449
0.51097462 0.80090832 0.11542206 0.45803567 0.31286939 0.65258613  0.57304651 0.36495112 0.40911496 0.48052418 0.43521566 0.47610761  0.40231853 0.32059969 0.3758863  0.46127575
0.36470054 0.74251181 0.14786654 0.55285351 0.36865426 0.49321911  0.49779369 0.35530108 0.40665975 0.49689393 0.37238639 0.50712722  0.29857916 0.32066542 0.47863593 0.48155049
0.18021839 0.61229772 0.22588143 0.60281081 0.40810115 0.32421123  0.33133601 0.54884341 0.48858561 0.400486   0.33987828 0.47025129  0.57241865 0.42279468 0.51777813 0.49761262
0.03544839 0.41404176 0.32462587 0.44710978 0.36503751 0.43337561  0.45603541 0.49115319 0.43842582 0.38389341 0.37735876 0.45056284  0.56420009 0.3942791  0.4095445  0.46588946
0.00039479 0.36283831 0.35232302 0.39930133 0.34523319 0.50234819  0.48417291 0.45702496 0.47508945 0.39693445 0.45000532 0.44589633  0.47476172 0.42761975 0.50206904 0.41641874
0.00039479 0.36283831 0.35232302 0.39930133 0.34523319 0.50234819  0.48417291 0.45702496 0.47508945 0.39693445 0.45000532 0.44589633  0.47476172 0.42761975 0.50206904 0.41641874
0.00039479 0.36283831 0.35232302 0.39930133 0.34523319 0.50234819  0.48417291 0.45702496 0.47508945 0.39693445 0.45000532 0.44589633  0.47476172 0.42761975 0.50206904 0.41641874
0.00039479 0.36283831 0.35232302 0.39930133 0.34523319 0.50234819  0.48417291 0.45702496 0.47508945 0.39693445 0.45000532 0.44589633  0.47476172 0.42761975 0.50206904 0.41641874
0.00039479 0.36283831 0.35232302 0.39930133 0.34523319 0.50234819  0.48417291 0.45702496 0.47508945 0.39693445 0.45000532 0.44589633  0.47476172 0.42761975 0.50206904 0.41641874
0.00039479 0.36283831 0.35232302 0.39930133 0.34523319 0.50234819  0.48417291 0.45702496 0.47508945 0.39693445 0.45000532 0.44589633  0.47476172 0.42761975 0.50206904 0.41641874
0.00039479 0.36283831 0.35232302 0.39930133 0.34523319 0.50234819  0.48417291 0.45702496 0.47508945 0.39693445 0.45000532 0.44589633  0.47476172 0.42761975 0.50206904 0.41641874
0.00039479 0.36283831 0.35232302 0.39930133 0.34523319 0.50234819  0.48417291 0.45702496 0.47508945 0.39693445 0.45000532 0.44589633  0.47476172 0.42761975 0.50206904 0.41641874
0.00039479 0.36283831 0.35232302 0.39930133 0.34523319 0.50234819  0.48417291 0.45702496 0.47508945 0.39693445 0.45000532 0.44589633  0.47476172 0.42761975 0.50206904 0.41641874
0.00039479 0.36283831 0.35232302 0.39930133 0.34523319 0.50234819  0.48417291 0.45702496 0.47508945 0.39693445 0.45000532 0.44589633  0.47476172 0.42761975 0.50206904 0.41641874
0.00039479 0.36283831 0.35232302 0.39930133 0.34523319 0.50234819  0.48417291 0.45702496 0.47508945 0.39693445 0.45000532 0.44589633  0.47476172 0.42761975 0.50206904 0.41641874
0.00039479 0.36283831 0.35232302 0.39930133 0.34523319 0.50234819  0.48417291 0.45702496 0.47508945 0.39693445 0.45000532 0.44589633  0.47476172 0.42761975 0.50206904 0.41641874
0.05371103 0.43925915 0.31255864 0.46624827 0.36923053 0.42853677  0.43391409 0.49814131 0.46931023 0.39072865 0.39686305 0.45249311  0.53913226 0.42171966 0.4830536  0.45802826
0.19801787 0.61493805 0.23456178 0.59364926 0.37072712 0.43905772  0.2923316  0.48638013 0.52748192 0.48510104 0.22454865 0.52541301  0.60680551 0.40959436 0.5701369  0.63535461
0.40343091 0.8007634  0.15511196 0.5957954  0.3058326  0.66343265  0.28722977 0.45309638 0.70901758 0.45371406 0.550006   0.45055164  0.55642592 0.41144441 0.48545025 0.49774096
0.49224314 0.7977581  0.14807368 0.51037736 0.2732437  0.70531842  0.40135692 0.41715806 0.4650843  0.49542829 0.32421721 0.49443847  0.44822397 0.29139745 0.31834211 0.48140268
0.56324752 0.76386973 0.12513334 0.35707914 0.29132528 0.68642761  0.60707769 0.46780401 0.37813024 0.45324733 0.38116284 0.4662082  0.55798967 0.36176378 0.39043382 0.47965014
0.62834233 0.73754441 0.21576491 0.29657436 0.25629563 0.68836387  0.600824   0.51491371 0.32950693 0.32383103 0.40998937 0.48368829  0.68764145 0.46585644 0.38328404 0.53704698
0.7464533  0.63337565 0.44319219 0.31612448 0.16028363 0.56618393  0.49565454 0.66416394 0.16785016 0.21147663 0.48080859 0.63230076  0.44708298 0.29402381 0.69672997 0.5356954 
0.77657569 0.64905421 0.57748094 0.33842252 0.20670964 0.52532257  0.52757654 0.64515423 0.1334282  0.2327044  0.52793948 0.66502688  0.47261109 0.27054776 0.80218868 0.47186224
0.80152553 0.63806824 0.65015091 0.33562648 0.2878303  0.48348047  0.52676371 0.63505338 0.22636122 0.21391828 0.56013724 0.61126806  0.40166779 0.12421007 0.76105348 0.4794395 
0.83584701 0.57900462 0.66890989 0.31924191 0.29248074 0.41026598  0.50548158 0.53871601 0.34668022 0.1941085  0.52048722 0.59194984  0.36795367 0.17537933 0.71039304 0.5016929 
0.87737249 0.47871529 0.65130024 0.2841744  0.32780582 0.32773  0.42088029 0.45912788 0.45977714 0.1415559  0.55287809 0.59371118  0.34087934 0.20005671 0.59545698 0.46645011
0.91286692 0.39101781 0.63981106 0.30596343 0.34405033 0.28087725  0.40131497 0.3090523  0.51094511 0.20833678 0.54088051 0.66154726  0.39412025 0.25712958 0.62791226 0.52726574
0.9201747  0.36812604 0.65376347 0.36880683 0.35162955 0.26213233  0.48736637 0.3212888  0.6402497  0.26028745 0.56410741 0.71478315  0.44282826 0.13165797 0.58113413 0.64337623
0.91870729 0.35999195 0.63726031 0.38240814 0.30363033 0.24738116  0.50317755 0.31615775 0.66155601 0.26975444 0.53546523 0.67261436  0.45057856 0.14563248 0.570074   0.622674  
0.92553268 0.32488461 0.6205237  0.44035675 0.27964701 0.26412868  0.51270611 0.30904969 0.63073265 0.25961108 0.51014702 0.55093253  0.46189284 0.15252892 0.59329778 0.60791012
0.93414481 0.29111221 0.61448267 0.49827301 0.30952426 0.30189646  0.52672593 0.31195393 0.61560415 0.24275059 0.49969378 0.51893344  0.47127071 0.11881501 0.62901183 0.63535516
0.93414481 0.29111221 0.61448267 0.49827301 0.30952426 0.30189646  0.52672593 0.31195393 0.61560415 0.24275059 0.49969378 0.51893344  0.47127071 0.11881501 0.62901183 0.63535516
0.94300308 0.25691326 0.61412373 0.56253805 0.33379467 0.32314536  0.54864971 0.31665946 0.6069141  0.24396185 0.52492211 0.50125731  0.45878544 0.13517365 0.58230453 0.7199516 
0.94300308 0.25691326 0.61412373 0.56253805 0.33379467 0.32314536  0.54864971 0.31665946 0.6069141  0.24396185 0.52492211 0.50125731  0.45878544 0.13517365 0.58230453 0.7199516 
0.94495392 0.22302788 0.58434671 0.6249456  0.311418   0.35095257  0.58171504 0.3407046  0.60087676 0.23551088 0.51013431 0.4901422  0.47356043 0.14782789 0.61777891 0.72443856
0.94495392 0.22302788 0.58434671 0.6249456  0.311418   0.35095257  0.58171504 0.3407046  0.60087676 0.23551088 0.51013431 0.4901422  0.47356043 0.14782789 0.61777891 0.72443856
0.94495392 0.22302788 0.58434671 0.6249456  0.311418   0.35095257  0.58171504 0.3407046  0.60087676 0.23551088 0.51013431 0.4901422  0.47356043 0.14782789 0.61777891 0.72443856
0.94660058 0.21028972 0.57909913 0.66289387 0.30886421 0.37002008  0.62042515 0.36514467 0.62929809 0.22160348 0.47129492 0.49888098  0.46672019 0.18603339 0.58411151 0.65736514
0.94751659 0.20604972 0.58014239 0.67951431 0.31297064 0.37595377  0.64385096 0.37657679 0.65899426 0.20668461 0.4580663  0.53059653  0.45699302 0.18196608 0.55797752 0.65235819
0.96041768 0.15440789 0.57112387 0.77160984 0.36633533 0.44129092  0.66348768 0.39020217 0.6084752  0.20595897 0.44327552 0.44379501  0.45788688 0.21354976 0.61956175 0.70473476
0.96041768 0.15440789 0.57112387 0.77160984 0.36633533 0.44129092  0.66348768 0.39020217 0.6084752  0.20595897 0.44327552 0.44379501  0.45788688 0.21354976 0.61956175 0.70473476
0.95452594 0.14171685 0.53688677 0.77490641 0.37045542 0.45506591  0.64797553 0.40024946 0.59587042 0.23049398 0.4706488  0.48379559  0.49522516 0.19403933 0.63602504 0.68152969
0.94973061 0.12890654 0.50489021 0.77875082 0.35407003 0.46132452  0.6369872  0.40475786 0.57140539 0.24180155 0.50605832 0.53240251  0.52624928 0.20786109 0.62151703 0.68914994
0.94973061 0.12890654 0.50489021 0.77875082 0.35407003 0.46132452  0.6369872  0.40475786 0.57140539 0.24180155 0.50605832 0.53240251  0.52624928 0.20786109 0.62151703 0.68914994
0.95156832 0.1201459  0.50420439 0.80561131 0.36678532 0.48067512  0.66639047 0.43055773 0.59878918 0.22364457 0.475477   0.56787401  0.50105641 0.23365987 0.58861509 0.6427387 
0.95156832 0.1201459  0.50420439 0.80561131 0.36678532 0.48067512  0.66639047 0.43055773 0.59878918 0.22364457 0.475477   0.56787401  0.50105641 0.23365987 0.58861509 0.6427387 
0.95249289 0.11571605 0.50482751 0.82222169 0.37190976 0.48863752  0.68869417 0.44423789 0.62512376 0.20965144 0.45947133 0.60085737  0.4876256  0.24132195 0.55818693 0.62404692
0.95249289 0.11571605 0.50482751 0.82222169 0.37190976 0.48863752  0.68869417 0.44423789 0.62512376 0.20965144 0.45947133 0.60085737  0.4876256  0.24132195 0.55818693 0.62404692
0.9515447  0.11271656 0.5007983  0.82416068 0.36761223 0.48632434  0.69116875 0.44129722 0.63318605 0.2257194  0.45581413 0.58106672  0.51126029 0.25317032 0.54778573 0.58651155
0.9515447  0.11271656 0.5007983  0.82416068 0.36761223 0.48632434  0.69116875 0.44129722 0.63318605 0.2257194  0.45581413 0.58106672  0.51126029 0.25317032 0.54778573 0.58651155
0.9515447  0.11271656 0.5007983  0.82416068 0.36761223 0.48632434  0.69116875 0.44129722 0.63318605 0.2257194  0.45581413 0.58106672  0.51126029 0.25317032 0.54778573 0.58651155
0.9515447  0.11271656 0.5007983  0.82416068 0.36761223 0.48632434  0.69116875 0.44129722 0.63318605 0.2257194  0.45581413 0.58106672  0.51126029 0.25317032 0.54778573 0.58651155
0.9515447  0.11271656 0.5007983  0.82416068 0.36761223 0.48632434  0.69116875 0.44129722 0.63318605 0.2257194  0.45581413 0.58106672  0.51126029 0.25317032 0.54778573 0.58651155
0.9515447  0.11271656 0.5007983  0.82416068 0.36761223 0.48632434  0.69116875 0.44129722 0.63318605 0.2257194  0.45581413 0.58106672  0.51126029 0.25317032 0.54778573 0.58651155
0.9515447  0.11271656 0.5007983  0.82416068 0.36761223 0.48632434  0.69116875 0.44129722 0.63318605 0.2257194  0.45581413 0.58106672  0.51126029 0.25317032 0.54778573 0.58651155
0.9515447  0.11271656 0.5007983  0.82416068 0.36761223 0.48632434  0.69116875 0.44129722 0.63318605 0.2257194  0.45581413 0.58106672  0.51126029 0.25317032 0.54778573 0.58651155
0.9515447  0.11271656 0.5007983  0.82416068 0.36761223 0.48632434  0.69116875 0.44129722 0.63318605 0.2257194  0.45581413 0.58106672  0.51126029 0.25317032 0.54778573 0.58651155
0.9452635  0.10927642 0.47011986 0.81395397 0.36687931 0.51307978  0.64970431 0.43750339 0.56833689 0.19666874 0.47954627 0.60383658  0.52338208 0.30979213 0.52046451 0.5649607 
0.93414228 0.09498125 0.41047913 0.79132776 0.36335334 0.52493041  0.61060075 0.4361758  0.50782552 0.25825817 0.5230297  0.60566233  0.62140526 0.30920459 0.53853034 0.51915769
0.93329135 0.09864923 0.40919332 0.77685655 0.36023461 0.52120852  0.58966753 0.42752495 0.47937294 0.26927417 0.53348996 0.58178068  0.62899353 0.32055418 0.55874816 0.51175216
0.92829914 0.11341508 0.3980434  0.73291962 0.35316795 0.53473907  0.51998741 0.41293005 0.36869106 0.24339196 0.53530773 0.53125933  0.61597979 0.39851299 0.61374289 0.44552847
0.9073847  0.12589341 0.32350209 0.62580741 0.34916893 0.52941495  0.41075363 0.40681362 0.25865497 0.34178084 0.55627498 0.42007956  0.60753777 0.44948257 0.64752903 0.40252863
0.86791205 0.1319031  0.18673368 0.5384566  0.43142347 0.59243821  0.38380872 0.47113051 0.32790105 0.3543731  0.46751916 0.35786591  0.48932339 0.37432348 0.60104867 0.46944963
0.83749326 0.1787159  0.11945522 0.42597529 0.47257696 0.63006811  0.33320082 0.46225832 0.35463363 0.3505592  0.34369964 0.25246822  0.50536926 0.33598415 0.59043177 0.42029748
0.83749326 0.1787159  0.11945522 0.42597529 0.47257696 0.63006811  0.33320082 0.46225832 0.35463363 0.3505592  0.34369964 0.25246822  0.50536926 0.33598415 0.59043177 0.42029748
0.80211916 0.22961573 0.06556732 0.34187923 0.49976566 0.6021771  0.38706588 0.47329247 0.4946067  0.31147557 0.32498586 0.27899935  0.45295495 0.29743446 0.6652722  0.48543003
0.75226197 0.36265379 0.05926098 0.22658835 0.45206245 0.54179593  0.43388357 0.34660699 0.6216294  0.28468259 0.35500061 0.38655033  0.65426125 0.40566821 0.49868877 0.42535119
0.75226197 0.36265379 0.05926098 0.22658835 0.45206245 0.54179593  0.43388357 0.34660699 0.6216294  0.28468259 0.35500061 0.38655033  0.65426125 0.40566821 0.49868877 0.42535119
0.66210193 0.53009608 0.04737255 0.20582606 0.43113082 0.46012609  0.58588894 0.21335801 0.66576282 0.3314285  0.4455944  0.48120594  0.65883775 0.53185857 0.61481044 0.43323704
0.61826486 0.62371514 0.05840427 0.2636396  0.40217215 0.53749498  0.65540108 0.22000703 0.55764389 0.3955696  0.41098296 0.48814002  0.68255909 0.54229337 0.64717178 0.45742696
0.46802175 0.74774251 0.07806994 0.48057938 0.4344128  0.40533189  0.6587325  0.30106238 0.3687382  0.42623263 0.51043829 0.45416296  0.34223958 0.37577514 0.552792   0.32710017
0.40057693 0.77142888 0.10020019 0.54118359 0.44177577 0.30871409  0.62662653 0.42697874 0.32095166 0.39480668 0.53314665 0.43651431  0.27910843 0.39342201 0.47265322 0.30732375
0.40057693 0.77142888 0.10020019 0.54118359 0.44177577 0.30871409  0.62662653 0.42697874 0.32095166 0.39480668 0.53314665 0.43651431  0.27910843 0.39342201 0.47265322 0.30732375
0.27081415 0.69709257 0.15862654 0.62616291 0.45602721 0.20495573  0.43845974 0.51083424 0.33098911 0.39521777 0.29800069 0.4778586  0.47047846 0.38657241 0.44772058 0.42925975
0.27081415 0.69709257 0.15862654 0.62616291 0.45602721 0.20495573  0.43845974 0.51083424 0.33098911 0.39521777 0.29800069 0.4778586  0.47047846 0.38657241 0.44772058 0.42925975
0.14271564 0.57169118 0.24242553 0.58975416 0.42249455 0.26290726  0.35246839 0.58040757 0.41152947 0.35788686 0.26516661 0.45903735  0.72786281 0.39924714 0.35487387 0.52638528
0.10628198 0.51936369 0.26919051 0.54585476 0.40619473 0.30496913  0.38560293 0.55896134 0.40029415 0.36313951 0.26626736 0.46009462  0.71983574 0.38086872 0.3271927  0.5387862 
0.10628198 0.51936369 0.26919051 0.54585476 0.40619473 0.30496913  0.38560293 0.55896134 0.40029415 0.36313951 0.26626736 0.46009462  0.71983574 0.38086872 0.3271927  0.5387862 
0.05265734 0.44071691 0.3106915  0.47422633 0.37717297 0.39794484  0.43177961 0.51245536 0.4359589  0.38022092 0.34549293 0.45448025  0.61189625 0.40882803 0.41889068 0.49328565
0.01790387 0.3898545  0.33817562 0.42642862 0.35681041 0.46717525  0.46152885 0.47694295 0.46991849 0.39350101 0.41724602 0.4497633  0.51968443 0.43336993 0.49846349 0.44236435
0.00039479 0.36283831 0.35232302 0.39930133 0.34523319 0.50234819  0.48417291 0.45702496 0.47508945 0.39693445 0.45000532 0.44589633  0.47476172 0.42761975 0.50206904 0.41641874
0.00039479 0.36283831 0.35232302 0.39930133 0.34523319 0.50234819  0.48417291 0.45702496 0.47508945 0.39693445 0.45000532 0.44589633  0.47476172 0.42761975 0.50206904 0.41641874
0.00039479 0.36283831 0.35232302 0.39930133 0.34523319 0.50234819  0.48417291 0.45702496 0.47508945 0.39693445 0.45000532 0.44589633  0.47476172 0.42761975 0.50206904 0.41641874
0.00039479 0.36283831 0.35232302 0.39930133 0.34523319 0.50234819  0.48417291 0.45702496 0.47508945 0.39693445 0.45000532 0.44589633  0.47476172 0.42761975 0.50206904 0.41641874
0.00039479 0.36283831 0.35232302 0.39930133 0.34523319 0.50234819  0.48417291 0.45702496 0.47508945 0.39693445 0.45000532 0.44589633  0.47476172 0.42761975 0.50206904 0.41641874
0.00039479 0.36283831 0.35232302 0.39930133 0.34523319 0.50234819  0.48417291 0.45702496 0.47508945 0.39693445 0.45000532 0.44589633  0.47476172 0.42761975 0.50206904 0.41641874
0.00039479 0.36283831 0.35232302 0.39930133 0.34523319 0.50234819  0.48417291 0.45702496 0.47508945 0.39693445 0.45000532 0.44589633  0.47476172 0.42761975 0.50206904 0.41641874
0.00039479 0.36283831 0.35232302 0.39930133 0.34523319 0.50234819  0.48417291 0.45702496 0.47508945 0.39693445 0.45000532 0.44589633  0.47476172 0.42761975 0.50206904 0.41641874
0.00039479 0.36283831 0.35232302 0.39930133 0.34523319 0.50234819  0.48417291 0.45702496 0.47508945 0.39693445 0.45000532 0.44589633  0.47476172 0.42761975 0.50206904 0.41641874
0.00039479 0.36283831 0.35232302 0.39930133 0.34523319 0.50234819  0.48417291 0.45702496 0.47508945 0.39693445 0.45000532 0.44589633  0.47476172 0.42761975 0.50206904 0.41641874
0.00039479 0.36283831 0.35232302 0.39930133 0.34523319 0.50234819  0.48417291 0.45702496 0.47508945 0.39693445 0.45000532 0.44589633  0.47476172 0.42761975 0.50206904 0.41641874
0.00039479 0.36283831 0.35232302 0.39930133 0.34523319 0.50234819  0.48417291 0.45702496 0.47508945 0.39693445 0.45000532 0.44589633  0.47476172 0.42761975 0.50206904 0.41641874
0.00039479 0.36283831 0.35232302 0.39930133 0.34523319 0.50234819  0.48417291 0.45702496 0.47508945 0.39693445 0.45000532 0.44589633  0.47476172 0.42761975 0.50206904 0.41641874
0.00039479 0.36283831 0.35232302 0.39930133 0.34523319 0.50234819  0.48417291 0.45702496 0.47508945 0.39693445 0.45000532 0.44589633  0.47476172 0.42761975 0.50206904 0.41641874
0.00039479 0.36283831 0.35232302 0.39930133 0.34523319 0.50234819  0.48417291 0.45702496 0.47508945 0.39693445 0.45000532 0.44589633  0.47476172 0.42761975 0.50206904 0.41641874
0.00039479 0.36283831 0.35232302 0.39930133 0.34523319 0.50234819  0.48417291 0.45702496 0.47508945 0.39693445 0.45000532 0.44589633  0.47476172 0.42761975 0.50206904 0.41641874
0.00039479 0.36283831 0.35232302 0.39930133 0.34523319 0.50234819  0.48417291 0.45702496 0.47508945 0.39693445 0.45000532 0.44589633  0.47476172 0.42761975 0.50206904 0.41641874
0.00039479 0.36283831 0.35232302 0.39930133 0.34523319 0.50234819  0.48417291 0.45702496 0.47508945 0.39693445 0.45000532 0.44589633  0.47476172 0.42761975 0.50206904 0.41641874
0.00039479 0.36283831 0.35232302 0.39930133 0.34523319 0.50234819  0.48417291 0.45702496 0.47508945 0.39693445 0.45000532 0.44589633  0.47476172 0.42761975 0.50206904 0.41641874
