0.00039479 0.36283831 0.35232302 0.39930133 0.34523319 0.50234819  0.48417291 0.45702496 0.47508945 0.39693445 0.45000532 0.44589633  0.47476172 0.42761975 0.50206904 0.41641874
0.00039479 0.36283831 0.35232302 0.39930133 0.34523319 0.50234819  0.48417291 0.45702496 0.47508945 0.39693445 0.45000532 0.44589633  0.47476172 0.42761975 0.50206904 0.41641874
0.00039479 0.36283831 0.35232302 0.39930133 0.34523319 0.50234819  0.48417291 0.45702496 0.47508945 0.39693445 0.45000532 0.44589633  0.47476172 0.42761975 0.50206904 0.41641874
0.00039479 0.36283831 0.35232302 0.39930133 0.34523319 0.50234819  0.48417291 0.45702496 0.47508945 0.39693445 0.45000532 0.44589633  0.47476172 0.42761975 0.50206904 0.41641874
0.00039479 0.36283831 0.35232302 0.39930133 0.34523319 0.50234819  0.48417291 0.45702496 0.47508945 0.39693445 0.45000532 0.44589633  0.47476172 0.42761975 0.50206904 0.41641874
0.00039479 0.36283831 0.35232302 0.39930133 0.34523319 0.50234819  0.48417291 0.45702496 0.47508945 0.39693445 0.45000532 0.44589633  0.47476172 0.42761975 0.50206904 0.41641874
0.00039479 0.36283831 0.35232302 0.39930133 0.34523319 0.50234819  0.48417291 0.45702496 0.47508945 0.39693445 0.45000532 0.44589633  0.47476172 0.42761975 0.50206904 0.41641874
0.00039479 0.36283831 0.35232302 0.39930133 0.34523319 0.50234819  0.48417291 0.45702496 0.47508945 0.39693445 0.45000532 0.44589633  0.47476172 0.42761975 0.50206904 0.41641874
0.00039479 0.36283831 0.35232302 0.39930133 0.34523319 0.50234819  0.48417291 0.45702496 0.47508945 0.39693445 0.45000532 0.44589633  0.47476172 0.42761975 0.50206904 0.41641874
0.00039479 0.36283831 0.35232302 0.39930133 0.34523319 0.50234819  0.48417291 0.45702496 0.47508945 0.39693445 0.45000532 0.44589633  0.47476172 0.42761975 0.50206904 0.41641874
0.00039479 0.36283831 0.35232302 0.39930133 0.34523319 0.50234819  0.48417291 0.45702496 0.47508945 0.39693445 0.45000532 0.44589633  0.47476172 0.42761975 0.50206904 0.41641874
0.00039479 0.36283831 0.35232302 0.39930133 0.34523319 0.50234819  0.48417291 0.45702496 0.47508945 0.39693445 0.45000532 0.44589633  0.47476172 0.42761975 0.50206904 0.41641874
0.00039479 0.36283831 0.35232302 0.39930133 0.34523319 0.50234819  0.48417291 0.45702496 0.47508945 0.39693445 0.45000532 0.44589633  0.47476172 0.42761975 0.50206904 0.41641874
0.00039479 0.36283831 0.35232302 0.39930133 0.34523319 0.50234819  0.48417291 0.45702496 0.47508945 0.39693445 0.45000532 0.44589633  0.47476172 0.42761975 0.50206904 0.41641874
0.00039479 0.36283831 0.35232302 0.39930133 0.34523319 0.50234819  0.48417291 0.45702496 0.47508945 0.39693445 0.45000532 0.44589633  0.47476172 0.42761975 0.50206904 0.41641874
0.00039479 0.36283831 0.35232302 0.39930133 0.34523319 0.50234819  0.48417291 0.45702496 0.47508945 0.39693445 0.45000532 0.44589633  0.47476172 0.42761975 0.50206904 0.41641874
0.00039479 0.36283831 0.35232302 0.39930133 0.34523319 0.50234819  0.48417291 0.45702496 0.47508945 0.39693445 0.45000532 0.44589633  0.47476172 0.42761975 0.50206904 0.41641874
0.00039479 0.36283831 0.35232302 0.39930133 0.34523319 0.50234819  0.48417291 0.45702496 0.47508945 0.39693445 0.45000532 0.44589633  0.47476172 0.42761975 0.50206904 0.41641874
0.00039479 0.36283831 0.35232302 0.39930133 0.34523319 0.50234819  0.48417291 0.45702496 0.47508945 0.39693445 0.45000532 0.44589633  0.47476172 0.42761975 0.50206904 0.41641874
0.00039479 0.36283831 0.35232302 0.39930133 0.34523319 0.50234819  0.48417291 0.45702496 0.47508945 0.39693445 0.45000532 0.44589633  0.47476172 0.42761975 0.50206904 0.41641874
0.00039479 0.36283831 0.35232302 0.39930133 0.34523319 0.50234819  0.48417291 0.45702496 0.47508945 0.39693445 0.45000532 0.44589633  0.47476172 0.42761975 0.50206904 0.41641874
0.00039479 0.36283831 0.35232302 0.39930133 0.34523319 0.50234819  0.48417291 0.45702496 0.47508945 0.39693445 0.45000532 0.44589633  0.47476172 0.42761975 0.50206904 0.41641874
0.00039479 0.36283831 0.35232302 0.39930133 0.34523319 0.50234819  0.48417291 0.45702496 0.47508945 0.39693445 0.45000532 0.44589633  0.47476172 0.42761975 0.50206904 0.41641874
0.00039479 0.36283831 0.35232302 0.39930133 0.34523319 0.50234819  0.48417291 0.45702496 0.47508945 0.39693445 0.45000532 0.44589633  0.47476172 0.42761975 0.50206904 0.41641874
0.00039479 0.36283831 0.35232302 0.39930133 0.34523319 0.50234819  0.48417291 0.45702496 0.47508945 0.39693445 0.45000532 0.44589633  0.47476172 0.42761975 0.50206904 0.41641874
0.00039479 0.36283831 0.35232302 0.39930133 0.34523319 0.50234819  0.48417291 0.45702496 0.47508945 0.39693445 0.45000532 0.44589633  0.47476172 0.42761975 0.50206904 0.41641874
0.00039479 0.36283831 0.35232302 0.39930133 0.34523319 0.50234819  0.48417291 0.45702496 0.47508945 0.39693445 0.45000532 0.44589633  0.47476172 0.42761975 0.50206904 0.41641874
0.00039479 0.36283831 0.35232302 0.39930133 0.34523319 0.50234819  0.48417291 0.45702496 0.47508945 0.39693445 0.45000532 0.44589633  0.47476172 0.42761975 0.50206904 0.41641874
0.00039479 0.36283831 0.35232302 0.39930133 0.34523319 0.50234819  0.48417291 0.45702496 0.47508945 0.39693445 0.45000532 0.44589633  0.47476172 0.42761975 0.50206904 0.41641874
0.00039479 0.36283831 0.35232302 0.39930133 0.34523319 0.50234819  0.48417291 0.45702496 0.47508945 0.39693445 0.45000532 0.44589633  0.47476172 0.42761975 0.50206904 0.41641874
0.00039479 0.36283831 0.35232302 0.39930133 0.34523319 0.50234819  0.48417291 0.45702496 0.47508945 0.39693445 0.45000532 0.44589633  0.47476172 0.42761975 0.50206904 0.41641874
0.00039479 0.36283831 0.35232302 0.39930133 0.34523319 0.50234819  0.48417291 0.45702496 0.47508945 0.39693445 0.45000532 0.44589633  0.47476172 0.42761975 0.50206904 0.41641874
0.00039479 0.36283831 0.35232302 0.39930133 0.34523319 0.50234819  0.48417291 0.45702496 0.47508945 0.39693445 0.45000532 0.44589633  0.47476172 0.42761975 0.50206904 0.41641874
0.00039479 0.36283831 0.35232302 0.39930133 0.34523319 0.50234819  0.48417291 0.45702496 0.47508945 0.39693445 0.45000532 0.44589633  0.47476172 0.42761975 0.50206904 0.41641874
0.00039479 0.36283831 0.35232302 0.39930133 0.34523319 0.50234819  0.48417291 0.45702496 0.47508945 0.39693445 0.45000532 0.44589633  0.47476172 0.42761975 0.50206904 0.41641874
0.00039479 0.36283831 0.35232302 0.39930133 0.34523319 0.50234819  0.48417291 0.45702496 0.47508945 0.39693445 0.45000532 0.44589633  0.47476172 0.42761975 0.50206904 0.41641874
0.00039479 0.36283831 0.35232302 0.39930133 0.34523319 0.50234819  0.48417291 0.45702496 0.47508945 0.39693445 0.45000532 0.44589633  0.47476172 0.42761975 0.50206904 0.41641874
0.00039479 0.36283831 0.35232302 0.39930133 0.34523319 0.50234819  0.48417291 0.45702496 0.47508945 0.39693445 0.45000532 0.44589633  0.47476172 0.42761975 0.50206904 0.41641874
0.00039479 0.36283831 0.35232302 0.39930133 0.34523319 0.50234819  0.48417291 0.45702496 0.47508945 0.39693445 0.45000532 0.44589633  0.47476172 0.42761975 0.50206904 0.41641874
0.00039479 0.36283831 0.35232302 0.39930133 0.34523319 0.50234819  0.48417291 0.45702496 0.47508945 0.39693445 0.45000532 0.44589633  0.47476172 0.42761975 0.50206904 0.41641874
0.00039479 0.36283831 0.35232302 0.39930133 0.34523319 0.50234819  0.48417291 0.45702496 0.47508945 0.39693445 0.45000532 0.44589633  0.47476172 0.42761975 0.50206904 0.41641874
0.00039479 0.36283831 0.35232302 0.39930133 0.34523319 0.50234819  0.48417291 0.45702496 0.47508945 0.39693445 0.45000532 0.44589633  0.47476172 0.42761975 0.50206904 0.41641874
0.00039479 0.36283831 0.35232302 0.39930133 0.34523319 0.50234819  0.48417291 0.45702496 0.47508945 0.39693445 0.45000532 0.44589633  0.47476172 0.42761975 0.50206904 0.41641874
0.00039479 0.36283831 0.35232302 0.39930133 0.34523319 0.50234819  0.48417291 0.45702496 0.47508945 0.39693445 0.45000532 0.44589633  0.47476172 0.42761975 0.50206904 0.41641874
0.00039479 0.36283831 0.35232302 0.39930133 0.34523319 0.50234819  0.48417291 0.45702496 0.47508945 0.39693445 0.45000532 0.44589633  0.47476172 0.42761975 0.50206904 0.41641874
0.00039479 0.36283831 0.35232302 0.39930133 0.34523319 0.50234819  0.48417291 0.45702496 0.47508945 0.39693445 0.45000532 0.44589633  0.47476172 0.42761975 0.50206904 0.41641874
0.00039479 0.36283831 0.35232302 0.39930133 0.34523319 0.50234819  0.48417291 0.45702496 0.47508945 0.39693445 0.45000532 0.44589633  0.47476172 0.42761975 0.50206904 0.41641874
0.00039479 0.36283831 0.35232302 0.39930133 0.34523319 0.50234819  0.48417291 0.45702496 0.47508945 0.39693445 0.45000532 0.44589633  0.47476172 0.42761975 0.50206904 0.41641874
0.00039479 0.36283831 0.35232302 0.39930133 0.34523319 0.50234819  0.48417291 0.45702496 0.47508945 0.39693445 0.45000532 0.44589633  0.47476172 0.42761975 0.50206904 0.41641874
0.00039479 0.36283831 0.35232302 0.39930133 0.34523319 0.50234819  0.48417291 0.45702496 0.47508945 0.39693445 0.45000532 0.44589633  0.47476172 0.42761975 0.50206904 0.41641874
0.00039479 0.36283831 0.35232302 0.39930133 0.34523319 0.50234819  0.48417291 0.45702496 0.47508945 0.39693445 0.45000532 0.44589633  0.47476172 0.42761975 0.50206904 0.41641874
0.00039479 0.36283831 0.35232302 0.39930133 0.34523319 0.50234819  0.48417291 0.45702496 0.47508945 0.39693445 0.45000532 0.44589633  0.47476172 0.42761975 0.50206904 0.41641874
0.00039479 0.36283831 0.35232302 0.39930133 0.34523319 0.50234819  0.48417291 0.45702496 0.47508945 0.39693445 0.45000532 0.44589633  0.47476172 0.42761975 0.50206904 0.41641874
0.00039479 0.36283831 0.35232302 0.39930133 0.34523319 0.50234819  0.48417291 0.45702496 0.47508945 0.39693445 0.45000532 0.44589633  0.47476172 0.42761975 0.50206904 0.41641874
0.00039479 0.36283831 0.35232302 0.39930133 0.34523319 0.50234819  0.48417291 0.45702496 0.47508945 0.39693445 0.45000532 0.44589633  0.47476172 0.42761975 0.50206904 0.41641874
0.00039479 0.36283831 0.35232302 0.39930133 0.34523319 0.50234819  0.48417291 0.45702496 0.47508945 0.39693445 0.45000532 0.44589633  0.47476172 0.42761975 0.50206904 0.41641874
0.00039479 0.36283831 0.35232302 0.39930133 0.34523319 0.50234819  0.48417291 0.45702496 0.47508945 0.39693445 0.45000532 0.44589633  0.47476172 0.42761975 0.50206904 0.41641874
0.00039479 0.36283831 0.35232302 0.39930133 0.34523319 0.50234819  0.48417291 0.45702496 0.47508945 0.39693445 0.45000532 0.44589633  0.47476172 0.42761975 0.50206904 0.41641874
0.00039479 0.36283831 0.35232302 0.39930133 0.34523319 0.50234819  0.48417291 0.45702496 0.47508945 0.39693445 0.45000532 0.44589633  0.47476172 0.42761975 0.50206904 0.41641874
0.00039479 0.36283831 0.35232302 0.39930133 0.34523319 0.50234819  0.48417291 0.45702496 0.47508945 0.39693445 0.45000532 0.44589633  0.47476172 0.42761975 0.50206904 0.41641874
0.00039479 0.36283831 0.35232302 0.39930133 0.34523319 0.50234819  0.48417291 0.45702496 0.47508945 0.39693445 0.45000532 0.44589633  0.47476172 0.42761975 0.50206904 0.41641874
0.00039479 0.36283831 0.35232302 0.39930133 0.34523319 0.50234819  0.48417291 0.45702496 0.47508945 0.39693445 0.45000532 0.44589633  0.47476172 0.42761975 0.50206904 0.41641874
0.00039479 0.36283831 0.35232302 0.39930133 0.34523319 0.50234819  0.48417291 0.45702496 0.47508945 0.39693445 0.45000532 0.44589633  0.47476172 0.42761975 0.50206904 0.41641874
0.00039479 0.36283831 0.35232302 0.39930133 0.34523319 0.50234819  0.48417291 0.45702496 0.47508945 0.39693445 0.45000532 0.44589633  0.47476172 0.42761975 0.50206904 0.41641874
0.00039479 0.36283831 0.35232302 0.39930133 0.34523319 0.50234819  0.48417291 0.45702496 0.47508945 0.39693445 0.45000532 0.44589633  0.47476172 0.42761975 0.50206904 0.41641874
0.00039479 0.36283831 0.35232302 0.39930133 0.34523319 0.50234819  0.48417291 0.45702496 0.47508945 0.39693445 0.45000532 0.44589633  0.47476172 0.42761975 0.50206904 0.41641874
0.00039479 0.36283831 0.35232302 0.39930133 0.34523319 0.50234819  0.48417291 0.45702496 0.47508945 0.39693445 0.45000532 0.44589633  0.47476172 0.42761975 0.50206904 0.41641874
0.00039479 0.36283831 0.35232302 0.39930133 0.34523319 0.50234819  0.48417291 0.45702496 0.47508945 0.39693445 0.45000532 0.44589633  0.47476172 0.42761975 0.50206904 0.41641874
0.00039479 0.36283831 0.35232302 0.39930133 0.34523319 0.50234819  0.48417291 0.45702496 0.47508945 0.39693445 0.45000532 0.44589633  0.47476172 0.42761975 0.50206904 0.41641874
0.00039479 0.36283831 0.35232302 0.39930133 0.34523319 0.50234819  0.48417291 0.45702496 0.47508945 0.39693445 0.45000532 0.44589633  0.47476172 0.42761975 0.50206904 0.41641874
0.00039479 0.36283831 0.35232302 0.39930133 0.34523319 0.50234819  0.48417291 0.45702496 0.47508945 0.39693445 0.45000532 0.44589633  0.47476172 0.42761975 0.50206904 0.41641874
0.00039479 0.36283831 0.35232302 0.39930133 0.34523319 0.50234819  0.48417291 0.45702496 0.47508945 0.39693445 0.45000532 0.44589633  0.47476172 0.42761975 0.50206904 0.41641874
0.00039479 0.36283831 0.35232302 0.39930133 0.34523319 0.50234819  0.48417291 0.45702496 0.47508945 0.39693445 0.45000532 0.44589633  0.47476172 0.42761975 0.50206904 0.41641874
0.00039479 0.36283831 0.35232302 0.39930133 0.34523319 0.50234819  0.48417291 0.45702496 0.47508945 0.39693445 0.45000532 0.44589633  0.47476172 0.42761975 0.50206904 0.41641874
0.00039479 0.36283831 0.35232302 0.39930133 0.34523319 0.50234819  0.48417291 0.45702496 0.47508945 0.39693445 0.45000532 0.44589633  0.47476172 0.42761975 0.50206904 0.41641874
0.05351912 0.44207702 0.31230744 0.47261846 0.37274067 0.43085257  0.41273853 0.50456002 0.50740993 0.39804033 0.41570494 0.45497655  0.53250559 0.48310651 0.60073645 0.45310357
0.07183459 0.46786748 0.29919649 0.49286254 0.3802293  0.41391639  0.39860643 0.51143159 0.5157906  0.39697429 0.42370803 0.45378239  0.51956209 0.49466359 0.62585286 0.44027601
0.10790948 0.52006986 0.27295207 0.53758714 0.39565131 0.37686759  0.35640982 0.53644634 0.54757535 0.39453639 0.43258952 0.45227625  0.52979935 0.5365488  0.69603209 0.43060237
0.16300672 0.59019948 0.24054488 0.58613735 0.39727061 0.38450014  0.29995346 0.54214256 0.62033245 0.42011282 0.46580591 0.46157102  0.47168012 0.57822034 0.83674291 0.41397991
0.21637945 0.66535735 0.19937471 0.65145006 0.42373868 0.28500388  0.27575379 0.58428725 0.54019808 0.39410409 0.35781147 0.46538681  0.59882689 0.48992586 0.62089615 0.47465149
0.2351035  0.68804591 0.18770657 0.66166662 0.42648019 0.28100957  0.28147256 0.57711228 0.53205796 0.39176169 0.37550445 0.46196569  0.56598651 0.47233071 0.59600261 0.45269126
0.25392014 0.70935364 0.17754424 0.66809832 0.42500405 0.29488316  0.28080905 0.5685001  0.55707825 0.39045482 0.4299595  0.45188669  0.51597614 0.47937998 0.61112779 0.41424556
0.29153728 0.74650587 0.15785425 0.67267904 0.43905539 0.27032733  0.32504951 0.54512082 0.47752456 0.37651708 0.41777527 0.47522196  0.40029859 0.43279415 0.58487093 0.40695122
0.3096006  0.75888425 0.14743648 0.66666134 0.42476793 0.30648061  0.33841456 0.52775907 0.51323169 0.38782252 0.48224562 0.44034132  0.39502861 0.4379348  0.54581215 0.34446138
0.3096006  0.75888425 0.14743648 0.66666134 0.42476793 0.30648061  0.33841456 0.52775907 0.51323169 0.38782252 0.48224562 0.44034132  0.39502861 0.4379348  0.54581215 0.34446138
0.36293116 0.75797532 0.1108132  0.58854315 0.45606611 0.25316339  0.54866645 0.44616157 0.33150734 0.4248718  0.4315472  0.47136296  0.28209928 0.40150984 0.54688633 0.35300482
0.36293116 0.75797532 0.1108132  0.58854315 0.45606611 0.25316339  0.54866645 0.44616157 0.33150734 0.4248718  0.4315472  0.47136296  0.28209928 0.40150984 0.54688633 0.35300482
0.36293116 0.75797532 0.1108132  0.58854315 0.45606611 0.25316339  0.54866645 0.44616157 0.33150734 0.4248718  0.4315472  0.47136296  0.28209928 0.40150984 0.54688633 0.35300482
0.36293116 0.75797532 0.1108132  0.58854315 0.45606611 0.25316339  0.54866645 0.44616157 0.33150734 0.4248718  0.4315472  0.47136296  0.28209928 0.40150984 0.54688633 0.35300482
0.32539205 0.72242557 0.12454503 0.58656137 0.47532714 0.18079891  0.55850099 0.47628372 0.26619709 0.39639963 0.35782634 0.47006674  0.37563455 0.40452496 0.48794117 0.36248795
0.28812396 0.67769714 0.14611725 0.56517325 0.47472407 0.16806511  0.57589341 0.47807325 0.20893977 0.40117817 0.26664437 0.48737408  0.44010413 0.36631808 0.42227268 0.43345409
0.26943922 0.66894694 0.1556756  0.58474172 0.47352408 0.16428402  0.51718886 0.49771471 0.25421582 0.40950467 0.23123364 0.49951497  0.5132865  0.39174087 0.46427181 0.47816487
0.23289045 0.61650361 0.18167432 0.54265304 0.45967864 0.19074203  0.55385271 0.48490768 0.21930602 0.40064485 0.20963284 0.49628921  0.56171691 0.35551287 0.36182249 0.49315668
0.17871106 0.58909212 0.21784328 0.57138837 0.43685717 0.23196023  0.43928419 0.53147103 0.311988   0.3817367  0.21233608 0.48406472  0.67383466 0.3541317  0.31821644 0.5347183 
0.1240952  0.51606331 0.25573223 0.51882256 0.41750616 0.28471619  0.46272628 0.51339368 0.32362446 0.3947821  0.21612567 0.48794971  0.66333897 0.35871996 0.34475991 0.55606203
0.10674258 0.48905817 0.26953318 0.49177121 0.40576891 0.31620003  0.48939528 0.49276473 0.31701743 0.39707802 0.23717104 0.48466672  0.62544998 0.33642395 0.31599606 0.53746161
0.07188571 0.46453322 0.29749882 0.48826936 0.38051245 0.37772624  0.44097081 0.51374431 0.39780973 0.36673911 0.33290704 0.44984901  0.62287907 0.34614661 0.28878704 0.47751697
0.05376752 0.43799618 0.31115285 0.46461404 0.37170126 0.40285192  0.45997324 0.49916965 0.39495508 0.37092573 0.34201088 0.44971212  0.60190849 0.33932527 0.28622227 0.47709032
0.01779563 0.38669558 0.33863985 0.42004769 0.35385851 0.46460162  0.48109267 0.47190843 0.43452283 0.38595027 0.3992976  0.44733029  0.52908455 0.38078184 0.39373238 0.44873962
0.01779563 0.38669558 0.33863985 0.42004769 0.35385851 0.46460162  0.48109267 0.47190843 0.43452283 0.38595027 0.3992976  0.44733029  0.52908455 0.38078184 0.39373238 0.44873962
0.01779563 0.38669558 0.33863985 0.42004769 0.35385851 0.46460162  0.48109267 0.47190843 0.43452283 0.38595027 0.3992976  0.44733029  0.52908455 0.38078184 0.39373238 0.44873962
0.01779563 0.38669558 0.33863985 0.42004769 0.35385851 0.46460162  0.48109267 0.47190843 0.43452283 0.38595027 0.3992976  0.44733029  0.52908455 0.38078184 0.39373238 0.44873962
0.00039479 0.36283831 0.35232302 0.39930133 0.34523319 0.50234819  0.48417291 0.45702496 0.47508945 0.39693445 0.45000532 0.44589633  0.47476172 0.42761975 0.50206904 0.41641874
0.00039479 0.36283831 0.35232302 0.39930133 0.34523319 0.50234819  0.48417291 0.45702496 0.47508945 0.39693445 0.45000532 0.44589633  0.47476172 0.42761975 0.50206904 0.41641874
0.00039479 0.36283831 0.35232302 0.39930133 0.34523319 0.50234819  0.48417291 0.45702496 0.47508945 0.39693445 0.45000532 0.44589633  0.47476172 0.42761975 0.50206904 0.41641874
0.00039479 0.36283831 0.35232302 0.39930133 0.34523319 0.50234819  0.48417291 0.45702496 0.47508945 0.39693445 0.45000532 0.44589633  0.47476172 0.42761975 0.50206904 0.41641874
0.00039479 0.36283831 0.35232302 0.39930133 0.34523319 0.50234819  0.48417291 0.45702496 0.47508945 0.39693445 0.45000532 0.44589633  0.47476172 0.42761975 0.50206904 0.41641874
0.00039479 0.36283831 0.35232302 0.39930133 0.34523319 0.50234819  0.48417291 0.45702496 0.47508945 0.39693445 0.45000532 0.44589633  0.47476172 0.42761975 0.50206904 0.41641874
0.00039479 0.36283831 0.35232302 0.39930133 0.34523319 0.50234819  0.48417291 0.45702496 0.47508945 0.39693445 0.45000532 0.44589633  0.47476172 0.42761975 0.50206904 0.41641874
0.00039479 0.36283831 0.35232302 0.39930133 0.34523319 0.50234819  0.48417291 0.45702496 0.47508945 0.39693445 0.45000532 0.44589633  0.47476172 0.42761975 0.50206904 0.41641874
0.00039479 0.36283831 0.35232302 0.39930133 0.34523319 0.50234819  0.48417291 0.45702496 0.47508945 0.39693445 0.45000532 0.44589633  0.47476172 0.42761975 0.50206904 0.41641874
0.00039479 0.36283831 0.35232302 0.39930133 0.34523319 0.50234819  0.48417291 0.45702496 0.47508945 0.39693445 0.45000532 0.44589633  0.47476172 0.42761975 0.50206904 0.41641874
0.00039479 0.36283831 0.35232302 0.39930133 0.34523319 0.50234819  0.48417291 0.45702496 0.47508945 0.39693445 0.45000532 0.44589633  0.47476172 0.42761975 0.50206904 0.41641874
0.00039479 0.36283831 0.35232302 0.39930133 0.34523319 0.50234819  0.48417291 0.45702496 0.47508945 0.39693445 0.45000532 0.44589633  0.47476172 0.42761975 0.50206904 0.41641874
0.00039479 0.36283831 0.35232302 0.39930133 0.34523319 0.50234819  0.48417291 0.45702496 0.47508945 0.39693445 0.45000532 0.44589633  0.47476172 0.42761975 0.50206904 0.41641874
0.00039479 0.36283831 0.35232302 0.39930133 0.34523319 0.50234819  0.48417291 0.45702496 0.47508945 0.39693445 0.45000532 0.44589633  0.47476172 0.42761975 0.50206904 0.41641874
0.00039479 0.36283831 0.35232302 0.39930133 0.34523319 0.50234819  0.48417291 0.45702496 0.47508945 0.39693445 0.45000532 0.44589633  0.47476172 0.42761975 0.50206904 0.41641874
0.0177474  0.38984345 0.33852207 0.42635267 0.35697043 0.47086435  0.45750391 0.47765391 0.48169648 0.39463854 0.42895995 0.44917931  0.51265071 0.44991576 0.53083289 0.43501917
0.0177474  0.38984345 0.33852207 0.42635267 0.35697043 0.47086435  0.45750391 0.47765391 0.48169648 0.39463854 0.42895995 0.44917931  0.51265071 0.44991576 0.53083289 0.43501917
0.03525649 0.41685964 0.32437467 0.45347996 0.36854765 0.43569141  0.43485985 0.4975719  0.47652552 0.39120509 0.39620065 0.45304628  0.55757342 0.45566594 0.52722734 0.46096477
0.07194124 0.46693322 0.300077   0.49028098 0.37698367 0.42502978  0.39559918 0.51033    0.53529168 0.39765929 0.44652528 0.45023787  0.50762731 0.51149446 0.65510357 0.42628009
0.10790948 0.52006986 0.27295207 0.53758714 0.39565131 0.37686759  0.35640982 0.53644634 0.54757535 0.39453639 0.43258952 0.45227625  0.52979935 0.5365488  0.69603209 0.43060237
0.1626183  0.59220843 0.23829413 0.59233261 0.40391719 0.35559963  0.30966996 0.54641437 0.56323048 0.41655362 0.39938135 0.47019211  0.51754812 0.51795441 0.71978514 0.46226927
0.27229615 0.70958099 0.18738992 0.64820412 0.38372413 0.42617805  0.26611541 0.48323454 0.58062452 0.48000468 0.33552011 0.50598004  0.48613298 0.43899352 0.63985207 0.53529763
0.43571153 0.86827025 0.58286075 0.62210374 0.5771775  0.5385567  0.27791206 0.3586342  0.70103488 0.48414906 0.42914576 0.30675857  0.57590848 0.44835789 0.51384456 0.23922956
0.53760472 0.86495077 0.63197633 0.58857046 0.46404197 0.6992623  0.21954482 0.41966496 0.65152803 0.5393319  0.3163651  0.33570699  0.78398458 0.40298245 0.39404876 0.20281951
0.59373839 0.89597875 0.69154643 0.57665778 0.4513871  0.64774551  0.3648548  0.35369107 0.55146005 0.60083051 0.3218747  0.28819871  0.6427722  0.41191672 0.23740769 0.12300317
0.63808467 0.84794808 0.59437654 0.49979314 0.34995854 0.60181239  0.58990501 0.35779975 0.47581832 0.59426736 0.34964415 0.24702187  0.67280521 0.44430554 0.32634431 0.08862482
0.65037511 0.82010478 0.53488691 0.4925774  0.27051652 0.51442736  0.72111529 0.35644181 0.48842101 0.76822637 0.25893675 0.22921655  0.59378237 0.47527833 0.25610086 0.22125366
0.60989485 0.76962161 0.33643418 0.48488367 0.23697537 0.57064758  0.68117125 0.40195231 0.43610016 0.7122245  0.34510597 0.42307234  0.57815959 0.34134797 0.3564231  0.30701817
0.57914165 0.75576919 0.20505569 0.44466116 0.25303327 0.64654614  0.60544494 0.42000048 0.35462705 0.57697854 0.34588836 0.48193454  0.49320942 0.29055346 0.41300276 0.34640293
0.54586244 0.77974689 0.12267476 0.39836867 0.29679893 0.68115205  0.59554768 0.40168778 0.37523608 0.47557271 0.37358206 0.4789511  0.49127868 0.3460347  0.38172529 0.46165898
0.5285742  0.78917237 0.10836181 0.41484499 0.3231666  0.63939141  0.63196879 0.3723932  0.39568727 0.46917039 0.45178965 0.46962024  0.44923705 0.35934097 0.43585082 0.45624961
0.43772339 0.8010095  0.10330079 0.54851907 0.38557547 0.47862197  0.55101844 0.34054561 0.41764326 0.49745314 0.45582502 0.49652316  0.26898354 0.36415438 0.53476284 0.43496165
0.28795839 0.68346712 0.15279266 0.58554286 0.45613494 0.22380839  0.50273995 0.45789843 0.28324804 0.45484459 0.20939632 0.52395934  0.46874645 0.38553498 0.51889632 0.5174491 
0.19615277 0.58225421 0.20473    0.53639887 0.4528779  0.2051621  0.5173498  0.50973933 0.260235   0.39471672 0.20002408 0.49564209  0.66663234 0.36634944 0.34989284 0.54517772
0.12470105 0.51221484 0.25771811 0.5053838  0.41143647 0.30584758  0.48744747 0.49164405 0.31262969 0.39662632 0.24292249 0.48439169  0.60952802 0.33430347 0.31730161 0.53367516
0.10597701 0.48952627 0.26938625 0.49516724 0.40869497 0.30984188  0.48172871 0.49881902 0.32076981 0.39896872 0.22522951 0.48781281  0.6423684  0.35189862 0.34219515 0.55563539
0.03585866 0.41212524 0.32497922 0.44119937 0.36258431 0.43456132  0.47408025 0.48300288 0.40965789 0.37891942 0.36959995 0.44872305  0.56049334 0.35167352 0.32731793 0.46450854
0.01779563 0.38669558 0.33863985 0.42004769 0.35385851 0.46460162  0.48109267 0.47190843 0.43452283 0.38595027 0.3992976  0.44733029  0.52908455 0.38078184 0.39373238 0.44873962
0.01779563 0.38669558 0.33863985 0.42004769 0.35385851 0.46460162  0.48109267 0.47190843 0.43452283 0.38595027 0.3992976  0.44733029  0.52908455 0.38078184 0.39373238 0.44873962
0.00039479 0.36283831 0.35232302 0.39930133 0.34523319 0.50234819  0.48417291 0.45702496 0.47508945 0.39693445 0.45000532 0.44589633  0.47476172 0.42761975 0.50206904 0.41641874
0.00039479 0.36283831 0.35232302 0.39930133 0.34523319 0.50234819  0.48417291 0.45702496 0.47508945 0.39693445 0.45000532 0.44589633  0.47476172 0.42761975 0.50206904 0.41641874
0.00039479 0.36283831 0.35232302 0.39930133 0.34523319 0.50234819  0.48417291 0.45702496 0.47508945 0.39693445 0.45000532 0.44589633  0.47476172 0.42761975 0.50206904 0.41641874
0.00039479 0.36283831 0.35232302 0.39930133 0.34523319 0.50234819  0.48417291 0.45702496 0.47508945 0.39693445 0.45000532 0.44589633  0.47476172 0.42761975 0.50206904 0.41641874
0.00039479 0.36283831 0.35232302 0.39930133 0.34523319 0.50234819  0.48417291 0.45702496 0.47508945 0.39693445 0.45000532 0.44589633  0.47476172 0.42761975 0.50206904 0.41641874
0.00039479 0.36283831 0.35232302 0.39930133 0.34523319 0.50234819  0.48417291 0.45702496 0.47508945 0.39693445 0.45000532 0.44589633  0.47476172 0.42761975 0.50206904 0.41641874
0.00039479 0.36283831 0.35232302 0.39930133 0.34523319 0.50234819  0.48417291 0.45702496 0.47508945 0.39693445 0.45000532 0.44589633  0.47476172 0.42761975 0.50206904 0.41641874
0.00039479 0.36283831 0.35232302 0.39930133 0.34523319 0.50234819  0.48417291 0.45702496 0.47508945 0.39693445 0.45000532 0.44589633  0.47476172 0.42761975 0.50206904 0.41641874
0.00039479 0.36283831 0.35232302 0.39930133 0.34523319 0.50234819  0.48417291 0.45702496 0.47508945 0.39693445 0.45000532 0.44589633  0.47476172 0.42761975 0.50206904 0.41641874
0.00039479 0.36283831 0.35232302 0.39930133 0.34523319 0.50234819  0.48417291 0.45702496 0.47508945 0.39693445 0.45000532 0.44589633  0.47476172 0.42761975 0.50206904 0.41641874
0.00039479 0.36283831 0.35232302 0.39930133 0.34523319 0.50234819  0.48417291 0.45702496 0.47508945 0.39693445 0.45000532 0.44589633  0.47476172 0.42761975 0.50206904 0.41641874
0.00039479 0.36283831 0.35232302 0.39930133 0.34523319 0.50234819  0.48417291 0.45702496 0.47508945 0.39693445 0.45000532 0.44589633  0.47476172 0.42761975 0.50206904 0.41641874
0.00039479 0.36283831 0.35232302 0.39930133 0.34523319 0.50234819  0.48417291 0.45702496 0.47508945 0.39693445 0.45000532 0.44589633  0.47476172 0.42761975 0.50206904 0.41641874
0.00039479 0.36283831 0.35232302 0.39930133 0.34523319 0.50234819  0.48417291 0.45702496 0.47508945 0.39693445 0.45000532 0.44589633  0.47476172 0.42761975 0.50206904 0.41641874
0.00039479 0.36283831 0.35232302 0.39930133 0.34523319 0.50234819  0.48417291 0.45702496 0.47508945 0.39693445 0.45000532 0.44589633  0.47476172 0.42761975 0.50206904 0.41641874
0.14266281 0.57111811 0.24346926 0.58864857 0.41919893 0.2750046  0.34447917 0.58052413 0.43403321 0.36578813 0.27666781 0.46216179  0.71573849 0.41513062 0.40326657 0.53135164
0.30913033 0.75632575 0.16390663 0.6783825  0.39083563 0.41144953  0.2428697  0.49539152 0.61453616 0.46926347 0.38352375 0.49442087  0.47008713 0.47740784 0.69235099 0.47744809
0.47503902 0.80057932 0.16202534 0.53393759 0.25916625 0.73561862  0.3278752  0.45738239 0.5497796  0.46303252 0.39801436 0.4628533  0.48076861 0.31461737 0.30694521 0.43860789
0.67615325 0.84625698 0.62022699 0.3978153  0.48147272 0.59781877  0.65521174 0.38763743 0.38679202 0.65946331 0.30591758 0.29126787  0.7512675  0.4441621  0.32550122 0.1068827 
0.74908649 0.81963529 0.75335015 0.31850055 0.46118979 0.54119313  0.6681435  0.49846733 0.42350193 0.42914709 0.30288761 0.25852945  0.64454219 0.40062496 0.49411903 0.3047976 
0.76587718 0.79842141 0.74963742 0.27555959 0.46777063 0.52471587  0.68784984 0.539442   0.44712562 0.40738855 0.32122373 0.25396438  0.70257145 0.4317072  0.56294017 0.31883428
0.7925105  0.75811957 0.78380982 0.27511442 0.46531416 0.51358388  0.62057058 0.59883501 0.3408009  0.40929382 0.39828703 0.37640117  0.59896262 0.38917457 0.66017463 0.29741881
0.80023688 0.71972285 0.75290613 0.27500943 0.41810031 0.50937911  0.57536105 0.64032764 0.286003   0.41555232 0.3619994  0.36268777  0.5106843  0.33521395 0.70767511 0.21921865
0.80023688 0.71972285 0.75290613 0.27500943 0.41810031 0.50937911  0.57536105 0.64032764 0.286003   0.41555232 0.3619994  0.36268777  0.5106843  0.33521395 0.70767511 0.21921865
0.83382294 0.59493741 0.67046852 0.24386461 0.35826457 0.41894169  0.51391721 0.60590592 0.37138278 0.33078487 0.40413521 0.45686629  0.46782553 0.41831277 0.72664675 0.23124404
0.84858281 0.42655739 0.47074296 0.25953883 0.27008175 0.38175225  0.4013502  0.42594441 0.37653024 0.29938696 0.44902529 0.63744885  0.60073429 0.44155273 0.68894082 0.20241701
0.86464385 0.32521214 0.3804342  0.30670835 0.17770301 0.33091123  0.36520912 0.33642696 0.43618782 0.3052027  0.47505014 0.6233322  0.62842359 0.35874645 0.58187616 0.17599208
0.86464385 0.32521214 0.3804342  0.30670835 0.17770301 0.33091123  0.36520912 0.33642696 0.43618782 0.3052027  0.47505014 0.6233322  0.62842359 0.35874645 0.58187616 0.17599208
0.84816116 0.31535653 0.31030662 0.27329058 0.21423535 0.35446614  0.35553013 0.39123651 0.45523996 0.41675628 0.454792   0.60129309  0.58967856 0.35071529 0.54341919 0.11859954
0.84816116 0.31535653 0.31030662 0.27329058 0.21423535 0.35446614  0.35553013 0.39123651 0.45523996 0.41675628 0.454792   0.60129309  0.58967856 0.35071529 0.54341919 0.11859954
0.84816116 0.31535653 0.31030662 0.27329058 0.21423535 0.35446614  0.35553013 0.39123651 0.45523996 0.41675628 0.454792   0.60129309  0.58967856 0.35071529 0.54341919 0.11859954
0.82938227 0.31280596 0.23937491 0.23197024 0.25271122 0.38198885  0.34183284 0.43200877 0.47992294 0.45508943 0.42092935 0.57413053  0.52788946 0.32911448 0.52643301 0.13456247
0.83714347 0.28270155 0.23204808 0.27541529 0.27946974 0.41603473  0.33491945 0.42626216 0.43634186 0.44924493 0.42093636 0.51824978  0.54485559 0.30675016 0.58236488 0.15460197
0.84475486 0.25284396 0.22593564 0.32001198 0.30464967 0.44569561  0.32806436 0.42621248 0.3874106  0.4437643  0.43506883 0.46425745  0.55772581 0.28451978 0.62129471 0.18173271
0.83573534 0.25253078 0.19022108 0.29522703 0.3240382  0.46687713  0.30141541 0.44235498 0.37689893 0.45208573 0.42479086 0.45449989  0.51127269 0.31587924 0.57580611 0.19689473
0.83573534 0.25253078 0.19022108 0.29522703 0.3240382  0.46687713  0.30141541 0.44235498 0.37689893 0.45208573 0.42479086 0.45449989  0.51127269 0.31587924 0.57580611 0.19689473
0.83573534 0.25253078 0.19022108 0.29522703 0.3240382  0.46687713  0.30141541 0.44235498 0.37689893 0.45208573 0.42479086 0.45449989  0.51127269 0.31587924 0.57580611 0.19689473
0.83573534 0.25253078 0.19022108 0.29522703 0.3240382  0.46687713  0.30141541 0.44235498 0.37689893 0.45208573 0.42479086 0.45449989  0.51127269 0.31587924 0.57580611 0.19689473
0.81186452 0.28122951 0.1340051  0.24085807 0.37429971 0.51245021  0.29403187 0.43233594 0.45912058 0.34880641 0.34124761 0.40475984  0.50749843 0.26722729 0.51020093 0.30178221
0.81186452 0.28122951 0.1340051  0.24085807 0.37429971 0.51245021  0.29403187 0.43233594 0.45912058 0.34880641 0.34124761 0.40475984  0.50749843 0.26722729 0.51020093 0.30178221
0.79649193 0.34119151 0.14744437 0.15281633 0.32236126 0.44874345  0.30780036 0.43813223 0.55163293 0.36013155 0.32710813 0.51463293  0.47766208 0.31182198 0.41533923 0.25461197
0.74029831 0.42236503 0.08253112 0.13001876 0.3795643  0.48711557  0.42582677 0.38781866 0.64367133 0.33700756 0.31734034 0.49028625  0.57951604 0.35658439 0.49608563 0.425364  
0.62193927 0.64701075 0.08576938 0.2565003  0.36041886 0.59851183  0.62520555 0.41946914 0.49149537 0.37456263 0.44789164 0.44585582  0.67328062 0.34991173 0.56604492 0.45287277
0.62193927 0.64701075 0.08576938 0.2565003  0.36041886 0.59851183  0.62520555 0.41946914 0.49149537 0.37456263 0.44789164 0.44585582  0.67328062 0.34991173 0.56604492 0.45287277
0.43642597 0.78277834 0.09680112 0.52688362 0.41563498 0.40984799  0.5969234  0.35715855 0.38797479 0.4910129  0.44690531 0.49746933  0.27838607 0.4192562  0.64014308 0.41600621
0.30641828 0.71253953 0.13692244 0.6096366  0.46633219 0.19704225  0.47973493 0.48883628 0.32411826 0.43926771 0.27355387 0.50867284  0.43419669 0.42659107 0.60241786 0.46111577
0.30641828 0.71253953 0.13692244 0.6096366  0.46633219 0.19704225  0.47973493 0.48883628 0.32411826 0.43926771 0.27355387 0.50867284  0.43419669 0.42659107 0.60241786 0.46111577
0.16002641 0.56793569 0.22935439 0.56361237 0.43332638 0.24372047  0.42294287 0.53908165 0.34633526 0.39096762 0.21418671 0.48707799  0.6833834  0.39285809 0.39552148 0.55518416
0.0887729  0.4923475  0.28333791 0.51872747 0.39461751 0.34014207  0.40824699 0.53904336 0.40546511 0.36657295 0.29902666 0.45622765  0.67491303 0.37511854 0.33079824 0.51284059
0.01779563 0.38669558 0.33863985 0.42004769 0.35385851 0.46460162  0.48109267 0.47190843 0.43452283 0.38595027 0.3992976  0.44733029  0.52908455 0.38078184 0.39373238 0.44873962
0.00039479 0.36283831 0.35232302 0.39930133 0.34523319 0.50234819  0.48417291 0.45702496 0.47508945 0.39693445 0.45000532 0.44589633  0.47476172 0.42761975 0.50206904 0.41641874
0.00039479 0.36283831 0.35232302 0.39930133 0.34523319 0.50234819  0.48417291 0.45702496 0.47508945 0.39693445 0.45000532 0.44589633  0.47476172 0.42761975 0.50206904 0.41641874
0.00039479 0.36283831 0.35232302 0.39930133 0.34523319 0.50234819  0.48417291 0.45702496 0.47508945 0.39693445 0.45000532 0.44589633  0.47476172 0.42761975 0.50206904 0.41641874
0.00039479 0.36283831 0.35232302 0.39930133 0.34523319 0.50234819  0.48417291 0.45702496 0.47508945 0.39693445 0.45000532 0.44589633  0.47476172 0.42761975 0.50206904 0.41641874
0.00039479 0.36283831 0.35232302 0.39930133 0.34523319 0.50234819  0.48417291 0.45702496 0.47508945 0.39693445 0.45000532 0.44589633  0.47476172 0.42761975 0.50206904 0.41641874
0.00039479 0.36283831 0.35232302 0.39930133 0.34523319 0.50234819  0.48417291 0.45702496 0.47508945 0.39693445 0.45000532 0.44589633  0.47476172 0.42761975 0.50206904 0.41641874
0.00039479 0.36283831 0.35232302 0.39930133 0.34523319 0.50234819  0.48417291 0.45702496 0.47508945 0.39693445 0.45000532 0.44589633  0.47476172 0.42761975 0.50206904 0.41641874
0.00039479 0.36283831 0.35232302 0.39930133 0.34523319 0.50234819  0.48417291 0.45702496 0.47508945 0.39693445 0.45000532 0.44589633  0.47476172 0.42761975 0.50206904 0.41641874
0.00039479 0.36283831 0.35232302 0.39930133 0.34523319 0.50234819  0.48417291 0.45702496 0.47508945 0.39693445 0.45000532 0.44589633  0.47476172 0.42761975 0.50206904 0.41641874
0.00039479 0.36283831 0.35232302 0.39930133 0.34523319 0.50234819  0.48417291 0.45702496 0.47508945 0.39693445 0.45000532 0.44589633  0.47476172 0.42761975 0.50206904 0.41641874
0.00039479 0.36283831 0.35232302 0.39930133 0.34523319 0.50234819  0.48417291 0.45702496 0.47508945 0.39693445 0.45000532 0.44589633  0.47476172 0.42761975 0.50206904 0.41641874
0.00039479 0.36283831 0.35232302 0.39930133 0.34523319 0.50234819  0.48417291 0.45702496 0.47508945 0.39693445 0.45000532 0.44589633  0.47476172 0.42761975 0.50206904 0.41641874
0.00039479 0.36283831 0.35232302 0.39930133 0.34523319 0.50234819  0.48417291 0.45702496 0.47508945 0.39693445 0.45000532 0.44589633  0.47476172 0.42761975 0.50206904 0.41641874
0.00039479 0.36283831 0.35232302 0.39930133 0.34523319 0.50234819  0.48417291 0.45702496 0.47508945 0.39693445 0.45000532 0.44589633  0.47476172 0.42761975 0.50206904 0.41641874
0.00039479 0.36283831 0.35232302 0.39930133 0.34523319 0.50234819  0.48417291 0.45702496 0.47508945 0.39693445 0.45000532 0.44589633  0.47476172 0.42761975 0.50206904 0.41641874
0.00039479 0.36283831 0.35232302 0.39930133 0.34523319 0.50234819  0.48417291 0.45702496 0.47508945 0.39693445 0.45000532 0.44589633  0.47476172 0.42761975 0.50206904 0.41641874
0.00039479 0.36283831 0.35232302 0.39930133 0.34523319 0.50234819  0.48417291 0.45702496 0.47508945 0.39693445 0.45000532 0.44589633  0.47476172 0.42761975 0.50206904 0.41641874
0.00039479 0.36283831 0.35232302 0.39930133 0.34523319 0.50234819  0.48417291 0.45702496 0.47508945 0.39693445 0.45000532 0.44589633  0.47476172 0.42761975 0.50206904 0.41641874
0.00039479 0.36283831 0.35232302 0.39930133 0.34523319 0.50234819  0.48417291 0.45702496 0.47508945 0.39693445 0.45000532 0.44589633  0.47476172 0.42761975 0.50206904 0.41641874
0.00039479 0.36283831 0.35232302 0.39930133 0.34523319 0.50234819  0.48417291 0.45702496 0.47508945 0.39693445 0.45000532 0.44589633  0.47476172 0.42761975 0.50206904 0.41641874
0.00039479 0.36283831 0.35232302 0.39930133 0.34523319 0.50234819  0.48417291 0.45702496 0.47508945 0.39693445 0.45000532 0.44589633  0.47476172 0.42761975 0.50206904 0.41641874
0.00039479 0.36283831 0.35232302 0.39930133 0.34523319 0.50234819  0.48417291 0.45702496 0.47508945 0.39693445 0.45000532 0.44589633  0.47476172 0.42761975 0.50206904 0.41641874
0.00039479 0.36283831 0.35232302 0.39930133 0.34523319 0.50234819  0.48417291 0.45702496 0.47508945 0.39693445 0.45000532 0.44589633  0.47476172 0.42761975 0.50206904 0.41641874
0.00039479 0.36283831 0.35232302 0.39930133 0.34523319 0.50234819  0.48417291 0.45702496 0.47508945 0.39693445 0.45000532 0.44589633  0.47476172 0.42761975 0.50206904 0.41641874
0.00039479 0.36283831 0.35232302 0.39930133 0.34523319 0.50234819  0.48417291 0.45702496 0.47508945 0.39693445 0.45000532 0.44589633  0.47476172 0.42761975 0.50206904 0.41641874
0.00039479 0.36283831 0.35232302 0.39930133 0.34523319 0.50234819  0.48417291 0.45702496 0.47508945 0.39693445 0.45000532 0.44589633  0.47476172 0.42761975 0.50206904 0.41641874
0.00039479 0.36283831 0.35232302 0.39930133 0.34523319 0.50234819  0.48417291 0.45702496 0.47508945 0.39693445 0.45000532 0.44589633  0.47476172 0.42761975 0.50206904 0.41641874
0.00039479 0.36283831 0.35232302 0.39930133 0.34523319 0.50234819  0.48417291 0.45702496 0.47508945 0.39693445 0.45000532 0.44589633  0.47476172 0.42761975 0.50206904 0.41641874
0.00039479 0.36283831 0.35232302 0.39930133 0.34523319 0.50234819  0.48417291 0.45702496 0.47508945 0.39693445 0.45000532 0.44589633  0.47476172 0.42761975 0.50206904 0.41641874
0.00039479 0.36283831 0.35232302 0.39930133 0.34523319 0.50234819  0.48417291 0.45702496 0.47508945 0.39693445 0.45000532 0.44589633  0.47476172 0.42761975 0.50206904 0.41641874
0.00039479 0.36283831 0.35232302 0.39930133 0.34523319 0.50234819  0.48417291 0.45702496 0.47508945 0.39693445 0.45000532 0.44589633  0.47476172 0.42761975 0.50206904 0.41641874
0.00039479 0.36283831 0.35232302 0.39930133 0.34523319 0.50234819  0.48417291 0.45702496 0.47508945 0.39693445 0.45000532 0.44589633  0.47476172 0.42761975 0.50206904 0.41641874
0.00039479 0.36283831 0.35232302 0.39930133 0.34523319 0.50234819  0.48417291 0.45702496 0.47508945 0.39693445 0.45000532 0.44589633  0.47476172 0.42761975 0.50206904 0.41641874
0.00039479 0.36283831 0.35232302 0.39930133 0.34523319 0.50234819  0.48417291 0.45702496 0.47508945 0.39693445 0.45000532 0.44589633  0.47476172 0.42761975 0.50206904 0.41641874
0.00039479 0.36283831 0.35232302 0.39930133 0.34523319 0.50234819  0.48417291 0.45702496 0.47508945 0.39693445 0.45000532 0.44589633  0.47476172 0.42761975 0.50206904 0.41641874
0.00039479 0.36283831 0.35232302 0.39930133 0.34523319 0.50234819  0.48417291 0.45702496 0.47508945 0.39693445 0.45000532 0.44589633  0.47476172 0.42761975 0.50206904 0.41641874
0.00039479 0.36283831 0.35232302 0.39930133 0.34523319 0.50234819  0.48417291 0.45702496 0.47508945 0.39693445 0.45000532 0.44589633  0.47476172 0.42761975 0.50206904 0.41641874
0.00039479 0.36283831 0.35232302 0.39930133 0.34523319 0.50234819  0.48417291 0.45702496 0.47508945 0.39693445 0.45000532 0.44589633  0.47476172 0.42761975 0.50206904 0.41641874
0.00039479 0.36283831 0.35232302 0.39930133 0.34523319 0.50234819  0.48417291 0.45702496 0.47508945 0.39693445 0.45000532 0.44589633  0.47476172 0.42761975 0.50206904 0.41641874
0.00039479 0.36283831 0.35232302 0.39930133 0.34523319 0.50234819  0.48417291 0.45702496 0.47508945 0.39693445 0.45000532 0.44589633  0.47476172 0.42761975 0.50206904 0.41641874
0.00039479 0.36283831 0.35232302 0.39930133 0.34523319 0.50234819  0.48417291 0.45702496 0.47508945 0.39693445 0.45000532 0.44589633  0.47476172 0.42761975 0.50206904 0.41641874
0.00039479 0.36283831 0.35232302 0.39930133 0.34523319 0.50234819  0.48417291 0.45702496 0.47508945 0.39693445 0.45000532 0.44589633  0.47476172 0.42761975 0.50206904 0.41641874
0.00039479 0.36283831 0.35232302 0.39930133 0.34523319 0.50234819  0.48417291 0.45702496 0.47508945 0.39693445 0.45000532 0.44589633  0.47476172 0.42761975 0.50206904 0.41641874
0.00039479 0.36283831 0.35232302 0.39930133 0.34523319 0.50234819  0.48417291 0.45702496 0.47508945 0.39693445 0.45000532 0.44589633  0.47476172 0.42761975 0.50206904 0.41641874
0.10967844 0.51183257 0.27733622 0.50796962 0.38114644 0.42675866  0.40623046 0.49375308 0.53874208 0.38748532 0.51799257 0.43297889  0.42709373 0.49281217 0.61636017 0.35211203
0.18127761 0.6166864  0.22204779 0.60331857 0.4193776  0.30471033  0.34346455 0.55550694 0.49685802 0.36484072 0.4188427  0.43936458  0.56581096 0.46392712 0.50780928 0.40683498
0.3100495  0.73719653 0.15164181 0.61202816 0.42775479 0.30547044  0.42181516 0.55429233 0.4787887  0.31537973 0.58428405 0.38336139  0.48027156 0.45449183 0.42656622 0.2786029 
0.36455625 0.72704232 0.13800295 0.51176369 0.42446533 0.34050931  0.53527341 0.58831346 0.47833585 0.26606704 0.68570802 0.3450046  0.60093686 0.51184878 0.45041687 0.26515078
0.41707489 0.70981922 0.10953116 0.42513097 0.45178843 0.28395365  0.68627718 0.57590214 0.37704053 0.26668831 0.66461398 0.35989235  0.56130759 0.51315458 0.51230075 0.27014627
0.51331135 0.6084745  0.09546815 0.3148238  0.44121328 0.30880711  0.62793093 0.60973972 0.53113812 0.16233753 0.85879333 0.30443386  0.62413317 0.48978397 0.24770082 0.28450333
0.51331135 0.6084745  0.09546815 0.3148238  0.44121328 0.30880711  0.62793093 0.60973972 0.53113812 0.16233753 0.85879333 0.30443386  0.62413317 0.48978397 0.24770082 0.28450333
0.54788872 0.60255129 0.08928845 0.29167887 0.43231823 0.32351617  0.59350032 0.65056757 0.59201944 0.17736957 0.87120114 0.32286095  0.54134568 0.47054476 0.39663786 0.31225477
0.53044701 0.6093892  0.10240173 0.32666836 0.4162975  0.35031429  0.51543471 0.67229928 0.64377244 0.16438956 0.88351314 0.31128358  0.548548   0.45832702 0.36496146 0.30179535
0.61325245 0.54560264 0.13057516 0.25612643 0.34188211 0.42594446  0.4073892  0.81239785 0.64805767 0.26286862 0.78190439 0.36330305  0.30274235 0.28925432 0.49144974 0.3727619 
0.61819548 0.57063567 0.15088792 0.23457268 0.29965878 0.48944818  0.4099738  0.85320236 0.60278782 0.29177368 0.63713053 0.39509012  0.3687291  0.3350701  0.54170759 0.39948641
0.6005959  0.58237162 0.15794817 0.27776336 0.28936158 0.5026429  0.35105151 0.84576028 0.61621551 0.30312747 0.62055654 0.40157749  0.32181058 0.29632882 0.48174307 0.40451255
0.62727927 0.56613998 0.16636821 0.30917253 0.25632144 0.54859025  0.34759436 0.81107085 0.64818112 0.39827932 0.68314435 0.45538985  0.3348012  0.30992309 0.4675968  0.53602418
0.62985618 0.58889406 0.18559597 0.31474806 0.21989362 0.62304975  0.33181073 0.85687937 0.58114419 0.4285919  0.59986577 0.45983323  0.37702123 0.24700594 0.43305283 0.54263187
0.60619924 0.65551173 0.20835789 0.34054904 0.1935397  0.71726647  0.28509425 0.80857631 0.46650626 0.43802062 0.39139979 0.44315846  0.34135882 0.18660989 0.41285528 0.38074424
0.62340336 0.65269051 0.19440624 0.31698881 0.20761715 0.68696627  0.35857597 0.76835198 0.38181097 0.47041639 0.31760263 0.47474362  0.30881418 0.16338997 0.42425218 0.42353904
0.65553536 0.61648045 0.17432894 0.26329967 0.2316197  0.64328989  0.42894449 0.6769788  0.36007017 0.49341037 0.23776882 0.51564016  0.31886313 0.24988507 0.51620772 0.44096084
0.70495961 0.55317457 0.15812301 0.15281277 0.25642507 0.59021487  0.49689032 0.67839102 0.40927365 0.45493122 0.22802996 0.52682988  0.44362088 0.39877724 0.68340869 0.45951221
0.73361402 0.48758572 0.15019776 0.11857388 0.27341336 0.52138606  0.44497704 0.6755567  0.49110043 0.40767756 0.28246491 0.52661558  0.4023992  0.45332337 0.5979695  0.45562136
0.74604309 0.4546199  0.1385713  0.12191446 0.29290462 0.51609495  0.41959231 0.59118539 0.50704165 0.41003092 0.23952618 0.53374076  0.42563589 0.41950164 0.60893498 0.4272104 
0.75891415 0.41991942 0.12888689 0.12108583 0.31124141 0.50238778  0.3869043  0.51443159 0.53831179 0.40473197 0.2174821  0.53571639  0.43978326 0.38963289 0.57943811 0.39585846
0.75891415 0.41991942 0.12888689 0.12108583 0.31124141 0.50238778  0.3869043  0.51443159 0.53831179 0.40473197 0.2174821  0.53571639  0.43978326 0.38963289 0.57943811 0.39585846
0.78439602 0.34920449 0.11509822 0.12285053 0.34576701 0.4533275  0.31428084 0.45325025 0.60155421 0.35564157 0.3029053  0.49730314  0.41435012 0.29059942 0.41129945 0.33353117
0.78831797 0.33250714 0.11260093 0.1604825  0.36718322 0.48174496  0.33919227 0.47432619 0.60966704 0.34561473 0.27584232 0.4913978  0.39715953 0.3293924  0.40758079 0.32253251
0.79552512 0.30434275 0.10981826 0.20758914 0.39082206 0.50739634  0.34147942 0.47633159 0.57589471 0.36058601 0.28989731 0.43993666  0.39141319 0.35621937 0.40416626 0.39024083
0.79552512 0.30434275 0.10981826 0.20758914 0.39082206 0.50739634  0.34147942 0.47633159 0.57589471 0.36058601 0.28989731 0.43993666  0.39141319 0.35621937 0.40416626 0.39024083
0.79552512 0.30434275 0.10981826 0.20758914 0.39082206 0.50739634  0.34147942 0.47633159 0.57589471 0.36058601 0.28989731 0.43993666  0.39141319 0.35621937 0.40416626 0.39024083
0.79552512 0.30434275 0.10981826 0.20758914 0.39082206 0.50739634  0.34147942 0.47633159 0.57589471 0.36058601 0.28989731 0.43993666  0.39141319 0.35621937 0.40416626 0.39024083
0.79552512 0.30434275 0.10981826 0.20758914 0.39082206 0.50739634  0.34147942 0.47633159 0.57589471 0.36058601 0.28989731 0.43993666  0.39141319 0.35621937 0.40416626 0.39024083
0.78439602 0.34920449 0.11509822 0.12285053 0.34576701 0.4533275  0.31428084 0.45325025 0.60155421 0.35564157 0.3029053  0.49730314  0.41435012 0.29059942 0.41129945 0.33353117
0.78439602 0.34920449 0.11509822 0.12285053 0.34576701 0.4533275  0.31428084 0.45325025 0.60155421 0.35564157 0.3029053  0.49730314  0.41435012 0.29059942 0.41129945 0.33353117
0.77199013 0.38457501 0.12160642 0.11840755 0.32976388 0.47690671  0.35173526 0.46776758 0.57662908 0.38270379 0.24020806 0.52185397  0.43439721 0.35251902 0.50532402 0.36058675
0.75891415 0.41991942 0.12888689 0.12108583 0.31124141 0.50238778  0.3869043  0.51443159 0.53831179 0.40473197 0.2174821  0.53571639  0.43978326 0.38963289 0.57943811 0.39585846
0.758139   0.44660692 0.17091744 0.15188026 0.26949887 0.5115109  0.41311183 0.57606738 0.45712038 0.4145209  0.263729   0.55107054  0.48894785 0.4407242  0.61297475 0.3482912 
0.8275587  0.59835171 0.64076842 0.19689977 0.43497406 0.44397681  0.54563436 0.56741069 0.42679579 0.60356837 0.2618384  0.41827079  0.61299991 0.57618404 0.69512649 0.12102735
0.83335234 0.61136388 0.67519587 0.19888381 0.43704747 0.44471255  0.5344799  0.54388594 0.41981445 0.53515037 0.260944   0.41855652  0.58172567 0.59108508 0.69052157 0.17819007
0.84467248 0.62781509 0.73559435 0.2099027  0.44406959 0.43639895  0.53634367 0.50716769 0.40160843 0.39628921 0.25489959 0.41913656  0.54756713 0.53817083 0.78678799 0.23452355
0.80293271 0.63959019 0.61667384 0.23489892 0.36470745 0.51951811  0.51296259 0.50710512 0.28371837 0.23365746 0.29300933 0.53735504  0.54895558 0.44541747 0.84913772 0.3418491 
0.74402764 0.62226772 0.39248942 0.2189438  0.31349962 0.56537698  0.5490795  0.51514483 0.36932983 0.22708377 0.29079306 0.55847658  0.70129718 0.41376915 0.80027291 0.4339286 
0.68766252 0.60091997 0.18499571 0.20428047 0.24168944 0.61709334  0.53360765 0.69145096 0.35613968 0.42617016 0.34125069 0.50777196  0.60788071 0.40888134 0.59007449 0.39449167
0.66053264 0.63928901 0.15808252 0.19866991 0.25716787 0.64508043  0.55077092 0.7535735  0.36705347 0.427047   0.36169683 0.46820001  0.52475878 0.30859013 0.54761941 0.46387003
0.66053264 0.63928901 0.15808252 0.19866991 0.25716787 0.64508043  0.55077092 0.7535735  0.36705347 0.427047   0.36169683 0.46820001  0.52475878 0.30859013 0.54761941 0.46387003
0.62904831 0.692664   0.15022193 0.25207601 0.26587745 0.68134806  0.59337294 0.63627992 0.34688242 0.43780951 0.37201738 0.45874611  0.63509784 0.3932781  0.43381524 0.44956188
0.62904831 0.692664   0.15022193 0.25207601 0.26587745 0.68134806  0.59337294 0.63627992 0.34688242 0.43780951 0.37201738 0.45874611  0.63509784 0.3932781  0.43381524 0.44956188
0.62964615 0.67993392 0.12824543 0.21117154 0.29032701 0.64523296  0.62443677 0.6825204  0.42065696 0.40086651 0.42113481 0.45573688  0.62286445 0.37810761 0.55117293 0.53012125
0.65937042 0.62020572 0.11584846 0.16811665 0.30623614 0.60495166  0.60605688 0.56587439 0.48967665 0.40551366 0.30896402 0.5072982  0.65992569 0.53145363 0.64986738 0.54662447
0.65937042 0.62020572 0.11584846 0.16811665 0.30623614 0.60495166  0.60605688 0.56587439 0.48967665 0.40551366 0.30896402 0.5072982  0.65992569 0.53145363 0.64986738 0.54662447
0.65937042 0.62020572 0.11584846 0.16811665 0.30623614 0.60495166  0.60605688 0.56587439 0.48967665 0.40551366 0.30896402 0.5072982  0.65992569 0.53145363 0.64986738 0.54662447
0.65937042 0.62020572 0.11584846 0.16811665 0.30623614 0.60495166  0.60605688 0.56587439 0.48967665 0.40551366 0.30896402 0.5072982  0.65992569 0.53145363 0.64986738 0.54662447
0.65937042 0.62020572 0.11584846 0.16811665 0.30623614 0.60495166  0.60605688 0.56587439 0.48967665 0.40551366 0.30896402 0.5072982  0.65992569 0.53145363 0.64986738 0.54662447
0.68951631 0.56074627 0.11763066 0.12574211 0.30721065 0.55517413  0.55652297 0.61012512 0.53321756 0.38904356 0.29689995 0.51959869  0.56756511 0.51930834 0.68275568 0.54745419
0.68951631 0.56074627 0.11763066 0.12574211 0.30721065 0.55517413  0.55652297 0.61012512 0.53321756 0.38904356 0.29689995 0.51959869  0.56756511 0.51930834 0.68275568 0.54745419
0.68951631 0.56074627 0.11763066 0.12574211 0.30721065 0.55517413  0.55652297 0.61012512 0.53321756 0.38904356 0.29689995 0.51959869  0.56756511 0.51930834 0.68275568 0.54745419
0.70194538 0.52778045 0.10600419 0.12908269 0.32670192 0.54988302  0.53113824 0.52575381 0.54915878 0.39139691 0.25396122 0.52672387  0.59080181 0.48548661 0.69372116 0.51904323
0.71481644 0.49307996 0.09631979 0.12825407 0.3450387  0.53617585  0.49845024 0.449      0.58042891 0.38609797 0.23191715 0.52869951  0.60494917 0.45561787 0.66422429 0.48769129
0.72875953 0.45967067 0.09330936 0.11606702 0.35196685 0.5000459  0.46717444 0.46267961 0.61566995 0.36275456 0.28128111 0.52359774  0.56390589 0.46055312 0.59836666 0.48499876
0.72875953 0.45967067 0.09330936 0.11606702 0.35196685 0.5000459  0.46717444 0.46267961 0.61566995 0.36275456 0.28128111 0.52359774  0.56390589 0.46055312 0.59836666 0.48499876
0.74183551 0.42432626 0.08602888 0.11338874 0.37048932 0.47456484  0.4320054  0.4160156  0.65398724 0.34072638 0.30400707 0.50973532  0.55851984 0.42343925 0.52425258 0.44972705
0.75728743 0.41096125 0.10916896 0.1212098  0.34641582 0.49149097  0.38723597 0.42630405 0.60342859 0.35946672 0.26170413 0.51478543  0.55259635 0.41567793 0.46822919 0.38144778
0.75728743 0.41096125 0.10916896 0.1212098  0.34641582 0.49149097  0.38723597 0.42630405 0.60342859 0.35946672 0.26170413 0.51478543  0.55259635 0.41567793 0.46822919 0.38144778
0.75728743 0.41096125 0.10916896 0.1212098  0.34641582 0.49149097  0.38723597 0.42630405 0.60342859 0.35946672 0.26170413 0.51478543  0.55259635 0.41567793 0.46822919 0.38144778
0.75728743 0.41096125 0.10916896 0.1212098  0.34641582 0.49149097  0.38723597 0.42630405 0.60342859 0.35946672 0.26170413 0.51478543  0.55259635 0.41567793 0.46822919 0.38144778
0.76969332 0.37559072 0.10266076 0.12565278 0.36241895 0.46791175  0.34978155 0.41178672 0.62835372 0.33240449 0.32440138 0.4902346  0.53254926 0.35375832 0.37420462 0.3543922 
0.76969332 0.37559072 0.10266076 0.12565278 0.36241895 0.46791175  0.34978155 0.41178672 0.62835372 0.33240449 0.32440138 0.4902346  0.53254926 0.35375832 0.37420462 0.3543922 
0.78439602 0.34920449 0.11509822 0.12285053 0.34576701 0.4533275  0.31428084 0.45325025 0.60155421 0.35564157 0.3029053  0.49730314  0.41435012 0.29059942 0.41129945 0.33353117
0.78439602 0.34920449 0.11509822 0.12285053 0.34576701 0.4533275  0.31428084 0.45325025 0.60155421 0.35564157 0.3029053  0.49730314  0.41435012 0.29059942 0.41129945 0.33353117
0.78439602 0.34920449 0.11509822 0.12285053 0.34576701 0.4533275  0.31428084 0.45325025 0.60155421 0.35564157 0.3029053  0.49730314  0.41435012 0.29059942 0.41129945 0.33353117
0.78439602 0.34920449 0.11509822 0.12285053 0.34576701 0.4533275  0.31428084 0.45325025 0.60155421 0.35564157 0.3029053  0.49730314  0.41435012 0.29059942 0.41129945 0.33353117
0.78439602 0.34920449 0.11509822 0.12285053 0.34576701 0.4533275  0.31428084 0.45325025 0.60155421 0.35564157 0.3029053  0.49730314  0.41435012 0.29059942 0.41129945 0.33353117
0.7542414  0.38895574 0.07952069 0.11783172 0.38649245 0.45098562  0.39455098 0.40149828 0.67891237 0.31366416 0.36670431 0.48518449  0.53847275 0.36151965 0.43022801 0.42267147
0.7542414  0.38895574 0.07952069 0.11783172 0.38649245 0.45098562  0.39455098 0.40149828 0.67891237 0.31366416 0.36670431 0.48518449  0.53847275 0.36151965 0.43022801 0.42267147
0.7542414  0.38895574 0.07952069 0.11783172 0.38649245 0.45098562  0.39455098 0.40149828 0.67891237 0.31366416 0.36670431 0.48518449  0.53847275 0.36151965 0.43022801 0.42267147
0.72308805 0.44155329 0.06597144 0.16449491 0.40147422 0.48210208  0.44586779 0.26810205 0.68513306 0.28926804 0.3973714  0.46812044  0.68572867 0.44546413 0.35703599 0.40856723
0.69673908 0.51033311 0.07549007 0.17223897 0.37854294 0.54181124  0.514598   0.26893977 0.6249669  0.33967367 0.28531019 0.49777304  0.74681904 0.50244848 0.51691819 0.43831534
0.62188556 0.63058586 0.07119431 0.22721562 0.38305694 0.52359713  0.66708021 0.36090726 0.56491857 0.37501358 0.4607362  0.48305572  0.64116551 0.55318329 0.69754061 0.49811802
0.54211544 0.7369376  0.07761986 0.34865006 0.38728298 0.51281424  0.71940567 0.35696535 0.46025768 0.42070145 0.54064221 0.46609744  0.49446461 0.52694955 0.65700241 0.45121875
0.50958575 0.77761893 0.08577486 0.41089243 0.38136019 0.52118313  0.69332403 0.3820256  0.43138248 0.44006305 0.57981065 0.45437642  0.39713719 0.42229046 0.58686176 0.43217825
0.47390098 0.78983621 0.09101514 0.47149988 0.39310996 0.48125372  0.66714357 0.34680704 0.37954804 0.46461755 0.51750186 0.46945842  0.31924056 0.4065739  0.56646961 0.40475853
0.36298743 0.75548837 0.11181414 0.58296878 0.45452841 0.25442116  0.5585332  0.44258046 0.31797435 0.42105101 0.41991624 0.47218167  0.3046746  0.3964515  0.52956854 0.35745519
0.32523492 0.73384725 0.1267601  0.6160683  0.46485605 0.21091584  0.47907142 0.4802241  0.34913855 0.43796083 0.32800892 0.49859384  0.38418633 0.43364035 0.61754303 0.42267007
0.2339001  0.66315948 0.181092   0.62425139 0.45066802 0.20806147  0.39128382 0.55093523 0.38048746 0.37681797 0.28788642 0.47090353  0.62155366 0.42523434 0.44824328 0.46254682
0.17965647 0.61750167 0.21982275 0.61735098 0.42636042 0.25929215  0.32621544 0.59146297 0.4649422  0.34783064 0.33598751 0.44393366  0.69988218 0.45449233 0.43662351 0.45453982
0.16123435 0.59264548 0.23205319 0.59968846 0.42211742 0.26511493  0.34335479 0.58569298 0.43706045 0.34821168 0.30516717 0.44867234  0.72476046 0.42610438 0.38225639 0.4813633 
0.05305711 0.43957166 0.31101253 0.47051371 0.37471271 0.40140838  0.44031666 0.50870415 0.42642705 0.37566067 0.35066315 0.45160235  0.60838869 0.3907296  0.38140058 0.47992183
0.00039479 0.36283831 0.35232302 0.39930133 0.34523319 0.50234819  0.48417291 0.45702496 0.47508945 0.39693445 0.45000532 0.44589633  0.47476172 0.42761975 0.50206904 0.41641874
0.00039479 0.36283831 0.35232302 0.39930133 0.34523319 0.50234819  0.48417291 0.45702496 0.47508945 0.39693445 0.45000532 0.44589633  0.47476172 0.42761975 0.50206904 0.41641874
0.00039479 0.36283831 0.35232302 0.39930133 0.34523319 0.50234819  0.48417291 0.45702496 0.47508945 0.39693445 0.45000532 0.44589633  0.47476172 0.42761975 0.50206904 0.41641874
0.00039479 0.36283831 0.35232302 0.39930133 0.34523319 0.50234819  0.48417291 0.45702496 0.47508945 0.39693445 0.45000532 0.44589633  0.47476172 0.42761975 0.50206904 0.41641874
0.00039479 0.36283831 0.35232302 0.39930133 0.34523319 0.50234819  0.48417291 0.45702496 0.47508945 0.39693445 0.45000532 0.44589633  0.47476172 0.42761975 0.50206904 0.41641874
0.00039479 0.36283831 0.35232302 0.39930133 0.34523319 0.50234819  0.48417291 0.45702496 0.47508945 0.39693445 0.45000532 0.44589633  0.47476172 0.42761975 0.50206904 0.41641874
