0.00039479 0.36283831 0.35232302 0.39930133 0.34523319 0.50234819  0.48417291 0.45702496 0.47508945 0.39693445 0.45000532 0.44589633  0.47476172 0.42761975 0.50206904 0.41641874
0.00039479 0.36283831 0.35232302 0.39930133 0.34523319 0.50234819  0.48417291 0.45702496 0.47508945 0.39693445 0.45000532 0.44589633  0.47476172 0.42761975 0.50206904 0.41641874
0.00039479 0.36283831 0.35232302 0.39930133 0.34523319 0.50234819  0.48417291 0.45702496 0.47508945 0.39693445 0.45000532 0.44589633  0.47476172 0.42761975 0.50206904 0.41641874
0.00039479 0.36283831 0.35232302 0.39930133 0.34523319 0.50234819  0.48417291 0.45702496 0.47508945 0.39693445 0.45000532 0.44589633  0.47476172 0.42761975 0.50206904 0.41641874
0.00039479 0.36283831 0.35232302 0.39930133 0.34523319 0.50234819  0.48417291 0.45702496 0.47508945 0.39693445 0.45000532 0.44589633  0.47476172 0.42761975 0.50206904 0.41641874
0.00039479 0.36283831 0.35232302 0.39930133 0.34523319 0.50234819  0.48417291 0.45702496 0.47508945 0.39693445 0.45000532 0.44589633  0.47476172 0.42761975 0.50206904 0.41641874
0.00039479 0.36283831 0.35232302 0.39930133 0.34523319 0.50234819  0.48417291 0.45702496 0.47508945 0.39693445 0.45000532 0.44589633  0.47476172 0.42761975 0.50206904 0.41641874
0.00039479 0.36283831 0.35232302 0.39930133 0.34523319 0.50234819  0.48417291 0.45702496 0.47508945 0.39693445 0.45000532 0.44589633  0.47476172 0.42761975 0.50206904 0.41641874
0.00039479 0.36283831 0.35232302 0.39930133 0.34523319 0.50234819  0.48417291 0.45702496 0.47508945 0.39693445 0.45000532 0.44589633  0.47476172 0.42761975 0.50206904 0.41641874
0.00039479 0.36283831 0.35232302 0.39930133 0.34523319 0.50234819  0.48417291 0.45702496 0.47508945 0.39693445 0.45000532 0.44589633  0.47476172 0.42761975 0.50206904 0.41641874
0.00039479 0.36283831 0.35232302 0.39930133 0.34523319 0.50234819  0.48417291 0.45702496 0.47508945 0.39693445 0.45000532 0.44589633  0.47476172 0.42761975 0.50206904 0.41641874
0.00039479 0.36283831 0.35232302 0.39930133 0.34523319 0.50234819  0.48417291 0.45702496 0.47508945 0.39693445 0.45000532 0.44589633  0.47476172 0.42761975 0.50206904 0.41641874
0.00039479 0.36283831 0.35232302 0.39930133 0.34523319 0.50234819  0.48417291 0.45702496 0.47508945 0.39693445 0.45000532 0.44589633  0.47476172 0.42761975 0.50206904 0.41641874
0.00039479 0.36283831 0.35232302 0.39930133 0.34523319 0.50234819  0.48417291 0.45702496 0.47508945 0.39693445 0.45000532 0.44589633  0.47476172 0.42761975 0.50206904 0.41641874
0.00039479 0.36283831 0.35232302 0.39930133 0.34523319 0.50234819  0.48417291 0.45702496 0.47508945 0.39693445 0.45000532 0.44589633  0.47476172 0.42761975 0.50206904 0.41641874
0.00039479 0.36283831 0.35232302 0.39930133 0.34523319 0.50234819  0.48417291 0.45702496 0.47508945 0.39693445 0.45000532 0.44589633  0.47476172 0.42761975 0.50206904 0.41641874
0.00039479 0.36283831 0.35232302 0.39930133 0.34523319 0.50234819  0.48417291 0.45702496 0.47508945 0.39693445 0.45000532 0.44589633  0.47476172 0.42761975 0.50206904 0.41641874
0.00039479 0.36283831 0.35232302 0.39930133 0.34523319 0.50234819  0.48417291 0.45702496 0.47508945 0.39693445 0.45000532 0.44589633  0.47476172 0.42761975 0.50206904 0.41641874
0.00039479 0.36283831 0.35232302 0.39930133 0.34523319 0.50234819  0.48417291 0.45702496 0.47508945 0.39693445 0.45000532 0.44589633  0.47476172 0.42761975 0.50206904 0.41641874
0.00039479 0.36283831 0.35232302 0.39930133 0.34523319 0.50234819  0.48417291 0.45702496 0.47508945 0.39693445 0.45000532 0.44589633  0.47476172 0.42761975 0.50206904 0.41641874
0.00039479 0.36283831 0.35232302 0.39930133 0.34523319 0.50234819  0.48417291 0.45702496 0.47508945 0.39693445 0.45000532 0.44589633  0.47476172 0.42761975 0.50206904 0.41641874
0.00039479 0.36283831 0.35232302 0.39930133 0.34523319 0.50234819  0.48417291 0.45702496 0.47508945 0.39693445 0.45000532 0.44589633  0.47476172 0.42761975 0.50206904 0.41641874
0.00039479 0.36283831 0.35232302 0.39930133 0.34523319 0.50234819  0.48417291 0.45702496 0.47508945 0.39693445 0.45000532 0.44589633  0.47476172 0.42761975 0.50206904 0.41641874
0.00039479 0.36283831 0.35232302 0.39930133 0.34523319 0.50234819  0.48417291 0.45702496 0.47508945 0.39693445 0.45000532 0.44589633  0.47476172 0.42761975 0.50206904 0.41641874
0.00039479 0.36283831 0.35232302 0.39930133 0.34523319 0.50234819  0.48417291 0.45702496 0.47508945 0.39693445 0.45000532 0.44589633  0.47476172 0.42761975 0.50206904 0.41641874
0.00039479 0.36283831 0.35232302 0.39930133 0.34523319 0.50234819  0.48417291 0.45702496 0.47508945 0.39693445 0.45000532 0.44589633  0.47476172 0.42761975 0.50206904 0.41641874
0.00039479 0.36283831 0.35232302 0.39930133 0.34523319 0.50234819  0.48417291 0.45702496 0.47508945 0.39693445 0.45000532 0.44589633  0.47476172 0.42761975 0.50206904 0.41641874
0.00039479 0.36283831 0.35232302 0.39930133 0.34523319 0.50234819  0.48417291 0.45702496 0.47508945 0.39693445 0.45000532 0.44589633  0.47476172 0.42761975 0.50206904 0.41641874
0.00039479 0.36283831 0.35232302 0.39930133 0.34523319 0.50234819  0.48417291 0.45702496 0.47508945 0.39693445 0.45000532 0.44589633  0.47476172 0.42761975 0.50206904 0.41641874
0.00039479 0.36283831 0.35232302 0.39930133 0.34523319 0.50234819  0.48417291 0.45702496 0.47508945 0.39693445 0.45000532 0.44589633  0.47476172 0.42761975 0.50206904 0.41641874
0.00039479 0.36283831 0.35232302 0.39930133 0.34523319 0.50234819  0.48417291 0.45702496 0.47508945 0.39693445 0.45000532 0.44589633  0.47476172 0.42761975 0.50206904 0.41641874
0.00039479 0.36283831 0.35232302 0.39930133 0.34523319 0.50234819  0.48417291 0.45702496 0.47508945 0.39693445 0.45000532 0.44589633  0.47476172 0.42761975 0.50206904 0.41641874
0.00039479 0.36283831 0.35232302 0.39930133 0.34523319 0.50234819  0.48417291 0.45702496 0.47508945 0.39693445 0.45000532 0.44589633  0.47476172 0.42761975 0.50206904 0.41641874
0.00039479 0.36283831 0.35232302 0.39930133 0.34523319 0.50234819  0.48417291 0.45702496 0.47508945 0.39693445 0.45000532 0.44589633  0.47476172 0.42761975 0.50206904 0.41641874
0.00039479 0.36283831 0.35232302 0.39930133 0.34523319 0.50234819  0.48417291 0.45702496 0.47508945 0.39693445 0.45000532 0.44589633  0.47476172 0.42761975 0.50206904 0.41641874
0.00039479 0.36283831 0.35232302 0.39930133 0.34523319 0.50234819  0.48417291 0.45702496 0.47508945 0.39693445 0.45000532 0.44589633  0.47476172 0.42761975 0.50206904 0.41641874
0.00039479 0.36283831 0.35232302 0.39930133 0.34523319 0.50234819  0.48417291 0.45702496 0.47508945 0.39693445 0.45000532 0.44589633  0.47476172 0.42761975 0.50206904 0.41641874
0.00039479 0.36283831 0.35232302 0.39930133 0.34523319 0.50234819  0.48417291 0.45702496 0.47508945 0.39693445 0.45000532 0.44589633  0.47476172 0.42761975 0.50206904 0.41641874
0.00039479 0.36283831 0.35232302 0.39930133 0.34523319 0.50234819  0.48417291 0.45702496 0.47508945 0.39693445 0.45000532 0.44589633  0.47476172 0.42761975 0.50206904 0.41641874
0.00039479 0.36283831 0.35232302 0.39930133 0.34523319 0.50234819  0.48417291 0.45702496 0.47508945 0.39693445 0.45000532 0.44589633  0.47476172 0.42761975 0.50206904 0.41641874
0.00039479 0.36283831 0.35232302 0.39930133 0.34523319 0.50234819  0.48417291 0.45702496 0.47508945 0.39693445 0.45000532 0.44589633  0.47476172 0.42761975 0.50206904 0.41641874
0.00039479 0.36283831 0.35232302 0.39930133 0.34523319 0.50234819  0.48417291 0.45702496 0.47508945 0.39693445 0.45000532 0.44589633  0.47476172 0.42761975 0.50206904 0.41641874
0.00039479 0.36283831 0.35232302 0.39930133 0.34523319 0.50234819  0.48417291 0.45702496 0.47508945 0.39693445 0.45000532 0.44589633  0.47476172 0.42761975 0.50206904 0.41641874
0.00039479 0.36283831 0.35232302 0.39930133 0.34523319 0.50234819  0.48417291 0.45702496 0.47508945 0.39693445 0.45000532 0.44589633  0.47476172 0.42761975 0.50206904 0.41641874
0.00039479 0.36283831 0.35232302 0.39930133 0.34523319 0.50234819  0.48417291 0.45702496 0.47508945 0.39693445 0.45000532 0.44589633  0.47476172 0.42761975 0.50206904 0.41641874
0.00039479 0.36283831 0.35232302 0.39930133 0.34523319 0.50234819  0.48417291 0.45702496 0.47508945 0.39693445 0.45000532 0.44589633  0.47476172 0.42761975 0.50206904 0.41641874
0.00039479 0.36283831 0.35232302 0.39930133 0.34523319 0.50234819  0.48417291 0.45702496 0.47508945 0.39693445 0.45000532 0.44589633  0.47476172 0.42761975 0.50206904 0.41641874
0.00039479 0.36283831 0.35232302 0.39930133 0.34523319 0.50234819  0.48417291 0.45702496 0.47508945 0.39693445 0.45000532 0.44589633  0.47476172 0.42761975 0.50206904 0.41641874
0.00039479 0.36283831 0.35232302 0.39930133 0.34523319 0.50234819  0.48417291 0.45702496 0.47508945 0.39693445 0.45000532 0.44589633  0.47476172 0.42761975 0.50206904 0.41641874
0.00039479 0.36283831 0.35232302 0.39930133 0.34523319 0.50234819  0.48417291 0.45702496 0.47508945 0.39693445 0.45000532 0.44589633  0.47476172 0.42761975 0.50206904 0.41641874
0.00039479 0.36283831 0.35232302 0.39930133 0.34523319 0.50234819  0.48417291 0.45702496 0.47508945 0.39693445 0.45000532 0.44589633  0.47476172 0.42761975 0.50206904 0.41641874
0.00039479 0.36283831 0.35232302 0.39930133 0.34523319 0.50234819  0.48417291 0.45702496 0.47508945 0.39693445 0.45000532 0.44589633  0.47476172 0.42761975 0.50206904 0.41641874
0.00039479 0.36283831 0.35232302 0.39930133 0.34523319 0.50234819  0.48417291 0.45702496 0.47508945 0.39693445 0.45000532 0.44589633  0.47476172 0.42761975 0.50206904 0.41641874
0.00039479 0.36283831 0.35232302 0.39930133 0.34523319 0.50234819  0.48417291 0.45702496 0.47508945 0.39693445 0.45000532 0.44589633  0.47476172 0.42761975 0.50206904 0.41641874
0.00039479 0.36283831 0.35232302 0.39930133 0.34523319 0.50234819  0.48417291 0.45702496 0.47508945 0.39693445 0.45000532 0.44589633  0.47476172 0.42761975 0.50206904 0.41641874
0.00039479 0.36283831 0.35232302 0.39930133 0.34523319 0.50234819  0.48417291 0.45702496 0.47508945 0.39693445 0.45000532 0.44589633  0.47476172 0.42761975 0.50206904 0.41641874
0.00039479 0.36283831 0.35232302 0.39930133 0.34523319 0.50234819  0.48417291 0.45702496 0.47508945 0.39693445 0.45000532 0.44589633  0.47476172 0.42761975 0.50206904 0.41641874
0.05443216 0.43991703 0.3142244  0.46315369 0.36540645 0.46020273  0.41824324 0.49041202 0.54046264 0.40109273 0.47928458 0.4463709  0.4627046  0.50574427 0.65870912 0.40033448
0.07208492 0.46726321 0.30021042 0.49021577 0.37658545 0.42897671  0.39318598 0.50965678 0.54436564 0.39903587 0.45734573 0.44960344  0.49782015 0.51924153 0.67452123 0.41748432
0.089594   0.4942794  0.28606302 0.51734306 0.38816267 0.39380377  0.37054192 0.52957476 0.53919468 0.39560243 0.42458643 0.45347041  0.54274286 0.52499171 0.67091569 0.44342993
0.23766232 0.65053313 0.22242979 0.57967458 0.34660384 0.56699528  0.27875787 0.4406664  0.72878087 0.50012162 0.53067604 0.48326704  0.34846271 0.56933303 0.9024781  0.43911138
0.29300216 0.70828344 0.19516819 0.59838174 0.34203131 0.57977292  0.27170279 0.45133906 0.73380129 0.48302525 0.55622778 0.46981204  0.39815223 0.53211575 0.78959026 0.44293423
0.38275437 0.77195179 0.17537313 0.61440538 0.31075487 0.60988981  0.2170341  0.50956402 0.65821376 0.47361325 0.38980811 0.48158731  0.56728091 0.42626474 0.52271581 0.50972515
0.52884152 0.77395563 0.15806754 0.41527683 0.24887085 0.76523002  0.4303868  0.5668992  0.52686922 0.38984976 0.47905139 0.41193488  0.63089425 0.36440641 0.29725751 0.44350019
0.64860093 0.80064723 0.57940347 0.50473605 0.15489073 0.64951717  0.42676328 0.53056147 0.47769864 0.34120066 0.39846203 0.3078131  0.50941966 0.46643297 0.24453091 0.36532763
0.74670576 0.81968993 0.83748214 0.37633734 0.45746312 0.54989843  0.56938879 0.54488413 0.43280991 0.53681197 0.40480397 0.25794499  0.53707357 0.42784055 0.45142037 0.23112565
0.85587328 0.64633493 0.81432014 0.19783591 0.49432745 0.3746215  0.55737877 0.61308921 0.51274363 0.48406621 0.34880837 0.31644684  0.43080741 0.48462967 0.59841871 0.30791526
0.87127809 0.62115454 0.81728681 0.16737628 0.5456703  0.36769037  0.53715827 0.54794095 0.52855438 0.49947348 0.31195465 0.39349592  0.45731978 0.53894763 0.66912256 0.33194326
0.88381752 0.58332294 0.83049265 0.23935081 0.50439149 0.30814102  0.61787525 0.55664141 0.64824554 0.62549889 0.38180254 0.3722342  0.48970218 0.50345047 0.57114315 0.46593306
0.88381752 0.58332294 0.83049265 0.23935081 0.50439149 0.30814102  0.61787525 0.55664141 0.64824554 0.62549889 0.38180254 0.3722342  0.48970218 0.50345047 0.57114315 0.46593306
0.88381752 0.58332294 0.83049265 0.23935081 0.50439149 0.30814102  0.61787525 0.55664141 0.64824554 0.62549889 0.38180254 0.3722342  0.48970218 0.50345047 0.57114315 0.46593306
0.8870491  0.57095701 0.8343384  0.27487772 0.50901047 0.30886034  0.65767234 0.56571512 0.69656442 0.63664848 0.39361859 0.40666428  0.51566929 0.45187035 0.55322576 0.51081292
0.88370616 0.55401009 0.79781745 0.31164976 0.38729233 0.28606792  0.67887945 0.56233532 0.70854111 0.58644074 0.37134532 0.37892299  0.46988362 0.44362826 0.56899481 0.55938315
0.87972104 0.54192192 0.77027226 0.31628288 0.36709145 0.28155057  0.6866493  0.57201908 0.71735855 0.64162226 0.38109607 0.38603415  0.50633794 0.45991728 0.54167084 0.54287264
0.88312937 0.49173055 0.72632679 0.39188845 0.29238409 0.27342371  0.71076329 0.56222701 0.70760913 0.67186647 0.39405106 0.30041831  0.52193794 0.49954975 0.50172484 0.62465049
0.87684392 0.49370662 0.6988981  0.3754776  0.23782826 0.28030303  0.65589723 0.54166562 0.61780289 0.57349097 0.40951649 0.32739712  0.46295056 0.53321348 0.56708847 0.61560704
0.86409701 0.46280237 0.61516182 0.38890898 0.15960694 0.27877501  0.65512798 0.56803947 0.5954233  0.58966072 0.43627948 0.3825676  0.44344455 0.54055347 0.56921524 0.64322003
0.8459997  0.45240518 0.5281584  0.35690438 0.13754441 0.33012108  0.57054848 0.58661958 0.4583992  0.57925412 0.47304973 0.44218454  0.43598987 0.66277817 0.54920856 0.54334816
0.8395076  0.43258698 0.48255735 0.37523388 0.11260089 0.35061359  0.55402583 0.57739492 0.40380124 0.51356882 0.52365899 0.54435368  0.47761658 0.61993165 0.58728084 0.55320672
0.79259931 0.44066527 0.31675197 0.26527976 0.13641839 0.40062492  0.49065037 0.64463822 0.41223137 0.56544931 0.50436412 0.62866207  0.45355996 0.62719044 0.55435627 0.46330338
0.72583461 0.52132319 0.20448096 0.22485835 0.22193455 0.52140686  0.48191856 0.5496209  0.38841464 0.48847215 0.37905555 0.58046329  0.54285885 0.63248842 0.46480892 0.36970482
0.68742699 0.56734695 0.12989972 0.17478224 0.29877488 0.57223795  0.52307977 0.51679959 0.49772889 0.395203   0.31428153 0.51009313  0.6309374  0.60117024 0.4470705  0.46217425
0.64124129 0.63533514 0.1134828  0.22208918 0.30933939 0.60791902  0.57941865 0.45185686 0.48942281 0.42156461 0.28888438 0.51470986  0.61987491 0.57291408 0.50013036 0.51910937
0.60817361 0.67099029 0.09282601 0.26554046 0.34145573 0.58203231  0.63670887 0.35293812 0.5129434  0.4027658  0.38449304 0.49782259  0.62900899 0.61120622 0.52317494 0.50736424
0.59346228 0.70316984 0.09774082 0.2875923  0.33139558 0.61473117  0.65734636 0.36945205 0.46635765 0.42667605 0.37942206 0.49293512  0.6291874  0.56159534 0.5427565  0.50856255
0.60817361 0.67099029 0.09282601 0.26554046 0.34145573 0.58203231  0.63670887 0.35293812 0.5129434  0.4027658  0.38449304 0.49782259  0.62900899 0.61120622 0.52317494 0.50736424
0.60817361 0.67099029 0.09282601 0.26554046 0.34145573 0.58203231  0.63670887 0.35293812 0.5129434  0.4027658  0.38449304 0.49782259  0.62900899 0.61120622 0.52317494 0.50736424
0.65462616 0.59104946 0.09295508 0.18407195 0.34906859 0.51538731  0.60271902 0.48022397 0.56863227 0.37461981 0.43866108 0.49780678  0.59092123 0.62503539 0.54686061 0.53078459
0.67197507 0.58071197 0.10675964 0.16696117 0.32284838 0.55531182  0.5678492  0.50651115 0.54828754 0.37646266 0.35658447 0.50504302  0.63686089 0.60893157 0.50309388 0.53045351
0.7034594  0.52733697 0.11462023 0.11355507 0.3141388  0.51904418  0.52524718 0.62380473 0.56845859 0.36570015 0.34626392 0.51449692  0.52652183 0.5242436  0.61689806 0.54476166
0.73056798 0.46558022 0.1205495  0.1151958  0.31348999 0.48088071  0.45229205 0.65075093 0.56658421 0.361875   0.38746508 0.49701463  0.3882756  0.39916509 0.55996832 0.49684504
0.77154846 0.3378491  0.09920363 0.20510473 0.39427864 0.48289278  0.384107   0.52313393 0.56290616 0.36537247 0.43901583 0.38475568  0.38631642 0.38409789 0.43008603 0.57999561
0.80780452 0.26615875 0.11781854 0.25341446 0.37846783 0.46984442  0.32746935 0.45298828 0.53350328 0.44087973 0.45223714 0.4283227  0.41638256 0.35913208 0.34623877 0.56556961
0.80780452 0.26615875 0.11781854 0.25341446 0.37846783 0.46984442  0.32746935 0.45298828 0.53350328 0.44087973 0.45223714 0.4283227  0.41638256 0.35913208 0.34623877 0.56556961
0.82012926 0.25151286 0.14547211 0.2795187  0.34863142 0.44904794  0.32165063 0.45877689 0.48618117 0.49054422 0.49743901 0.45735955  0.4001808  0.39888215 0.35186431 0.52920978
0.81541592 0.23630117 0.1117061  0.29801115 0.40364776 0.4995053  0.32061426 0.4529386  0.48457202 0.43539909 0.46636961 0.37433037  0.42925279 0.33690171 0.38516859 0.59270035
0.80704084 0.26166068 0.10460479 0.26086305 0.41487633 0.52418868  0.30709775 0.44900139 0.47935747 0.38098552 0.36790664 0.34293864  0.41649985 0.32028446 0.42395794 0.51043613
0.79158892 0.2750257  0.08146472 0.25304199 0.43894983 0.50726255  0.35186718 0.43871295 0.52991612 0.36224518 0.41020957 0.33788853  0.42242334 0.32804579 0.47998133 0.57871539
0.76927482 0.33126951 0.0751397  0.21124755 0.43042184 0.49218592  0.39422298 0.3972991  0.6056469  0.34448875 0.41757318 0.38481232  0.52775226 0.41343507 0.40395667 0.57244569
0.72308805 0.44155329 0.06597144 0.16449491 0.40147422 0.48210208  0.44586779 0.26810205 0.68513306 0.28926804 0.3973714  0.46812044  0.68572867 0.44546413 0.35703599 0.40856723
0.61023686 0.57139129 0.03868074 0.30207664 0.46162096 0.41223299  0.5948436  0.08565776 0.63137955 0.3664506  0.45880737 0.48846546  0.54609418 0.55482473 0.58319067 0.36452666
0.5599585  0.58861121 0.04617004 0.32816033 0.48324067 0.31067666  0.64051219 0.17670453 0.53810045 0.35053646 0.42798391 0.49042417  0.53137518 0.61032725 0.68109067 0.33716793
0.4328668  0.73032079 0.08617592 0.47929326 0.46005479 0.27864111  0.67785172 0.36477934 0.33753617 0.39346686 0.48219882 0.45934612  0.34327823 0.50644066 0.59289688 0.30925998
0.21406982 0.59771693 0.19148437 0.5401647  0.46155727 0.18670588  0.5401082  0.49256722 0.22979692 0.41228139 0.18275964 0.50533665  0.57278136 0.37463873 0.41370062 0.5333154 
0.21406982 0.59771693 0.19148437 0.5401647  0.46155727 0.18670588  0.5401082  0.49256722 0.22979692 0.41228139 0.18275964 0.50533665  0.57278136 0.37463873 0.41370062 0.5333154 
0.12440017 0.54590072 0.25553648 0.56951008 0.41500592 0.27984344  0.36660049 0.573536   0.4031488  0.35895289 0.25716352 0.46023151  0.74080632 0.38769006 0.32975746 0.53921284
0.12440017 0.54590072 0.25553648 0.56951008 0.41500592 0.27984344  0.36660049 0.573536   0.4031488  0.35895289 0.25716352 0.46023151  0.74080632 0.38769006 0.32975746 0.53921284
0.05305711 0.43957166 0.31101253 0.47051371 0.37471271 0.40140838  0.44031666 0.50870415 0.42642705 0.37566067 0.35066315 0.45160235  0.60838869 0.3907296  0.38140058 0.47992183
0.07070987 0.46691784 0.29699855 0.49757579 0.38589171 0.37018237  0.4152594  0.52794891 0.43033005 0.3736038  0.32872431 0.45483489  0.64350424 0.40422686 0.3972127  0.49707167
0.07070987 0.46691784 0.29699855 0.49757579 0.38589171 0.37018237  0.4152594  0.52794891 0.43033005 0.3736038  0.32872431 0.45483489  0.64350424 0.40422686 0.3972127  0.49707167
0.07070987 0.46691784 0.29699855 0.49757579 0.38589171 0.37018237  0.4152594  0.52794891 0.43033005 0.3736038  0.32872431 0.45483489  0.64350424 0.40422686 0.3972127  0.49707167
0.08821896 0.49393403 0.28285114 0.52470308 0.39746893 0.33500943  0.39261534 0.5478669  0.42515909 0.37017036 0.29596501 0.45870186  0.68842695 0.40997704 0.39360715 0.52301728
0.12440017 0.54590072 0.25553648 0.56951008 0.41500592 0.27984344  0.36660049 0.573536   0.4031488  0.35895289 0.25716352 0.46023151  0.74080632 0.38769006 0.32975746 0.53921284
0.1426864  0.55672941 0.24389069 0.56080783 0.41972745 0.26656316  0.41983231 0.54188171 0.32998279 0.36835268 0.23004536 0.46810697  0.6503501  0.34569588 0.2911438  0.51971224
0.15989052 0.55390819 0.22993903 0.53724759 0.4338049  0.23626297  0.49331404 0.50165737 0.24528749 0.40074845 0.15624821 0.49969213  0.61780546 0.32247596 0.3025407  0.56250704
0.27111616 0.68251872 0.1611416  0.59137249 0.45219491 0.22232555  0.50368108 0.48585844 0.28403845 0.39416083 0.32213469 0.47004854  0.39888272 0.3538929  0.40376585 0.40987808
0.30762565 0.68857173 0.1426407  0.54285193 0.45668801 0.23525165  0.60250392 0.44612455 0.24639729 0.39855753 0.36631928 0.46735463  0.38535106 0.35434458 0.38946688 0.39983339
0.35985504 0.69474933 0.12194486 0.52613407 0.4454088  0.29073787  0.58497229 0.34636093 0.34171975 0.43704366 0.37251833 0.49797003  0.30906706 0.42560682 0.50869119 0.39731264
0.42735578 0.65960681 0.09650519 0.43478897 0.45410394 0.34448518  0.68218681 0.26249494 0.34777649 0.40376547 0.43522911 0.46751354  0.40242815 0.41883893 0.50293443 0.3520816 
0.56874862 0.55326559 0.06580602 0.29834432 0.46606641 0.46061439  0.71069    0.30473559 0.48343926 0.30106403 0.42857294 0.41026546  0.73508831 0.54902223 0.63094733 0.37889268
0.68407737 0.3722282  0.01787942 0.43167669 0.59653559 0.52919263  0.6486923  0.30390823 0.61878502 0.21196286 0.43872516 0.32552534  0.58658101 0.58510292 0.568951   0.33904987
0.7880215  0.24961919 0.05310933 0.39535134 0.54801054 0.66330451  0.51980918 0.50660432 0.64202378 0.23251091 0.21213977 0.38598311  0.4567414  0.52086049 0.50941746 0.35117425
0.822429   0.14984574 0.05700213 0.52934919 0.59907101 0.72842172  0.52924175 0.59051853 0.58099675 0.22829481 0.17551973 0.37639135  0.25391926 0.54744073 0.46089374 0.41547478
0.822429   0.14984574 0.05700213 0.52934919 0.59907101 0.72842172  0.52924175 0.59051853 0.58099675 0.22829481 0.17551973 0.37639135  0.25391926 0.54744073 0.46089374 0.41547478
0.82406407 0.14218836 0.05748551 0.55512622 0.60858943 0.74277532  0.55940305 0.61119534 0.61086871 0.2078226  0.15047369 0.41356889  0.22460115 0.58245887 0.41695871 0.38897447
0.85027503 0.09229341 0.08739718 0.63367233 0.58637761 0.75569899  0.56142661 0.65160186 0.59028817 0.26439199 0.18308206 0.48728864  0.21653778 0.60991204 0.29698424 0.36638423
0.85027503 0.09229341 0.08739718 0.63367233 0.58637761 0.75569899  0.56142661 0.65160186 0.59028817 0.26439199 0.18308206 0.48728864  0.21653778 0.60991204 0.29698424 0.36638423
0.85027503 0.09229341 0.08739718 0.63367233 0.58637761 0.75569899  0.56142661 0.65160186 0.59028817 0.26439199 0.18308206 0.48728864  0.21653778 0.60991204 0.29698424 0.36638423
0.85027503 0.09229341 0.08739718 0.63367233 0.58637761 0.75569899  0.56142661 0.65160186 0.59028817 0.26439199 0.18308206 0.48728864  0.21653778 0.60991204 0.29698424 0.36638423
0.84189995 0.11765292 0.08029588 0.59652423 0.59760618 0.78038236  0.5479101  0.64766465 0.58507362 0.20997842 0.08461909 0.45589691  0.20378484 0.5932948  0.33577359 0.28412001
0.83890577 0.13161646 0.08131728 0.55426216 0.57807461 0.75112013  0.50395348 0.61073132 0.54865556 0.23850655 0.12982159 0.40490998  0.24995464 0.53564678 0.39054928 0.34578686
0.81938531 0.16418397 0.05869158 0.48446086 0.57495422 0.69382246  0.47664827 0.54483518 0.52724966 0.26668092 0.24256108 0.3107434  0.32151773 0.47303136 0.53890828 0.50764043
0.80443405 0.22056917 0.0690688  0.37431447 0.51523684 0.61223418  0.4362794  0.50025353 0.56403458 0.30539632 0.2849769  0.33083763  0.37450565 0.42035921 0.52601926 0.47518516
0.75145141 0.38415148 0.07729574 0.19600961 0.42163138 0.54266807  0.4742664  0.44871152 0.64535335 0.31500262 0.24809831 0.4684896  0.54796945 0.46698895 0.58553266 0.42339665
0.74575746 0.40762891 0.0835316  0.15102071 0.39190553 0.5029823  0.45691683 0.43709155 0.66210007 0.33069954 0.27694409 0.50382998  0.54132925 0.46223223 0.52053391 0.43872839
0.69760618 0.51226822 0.07976011 0.16273021 0.36694862 0.53116236  0.51849126 0.32928339 0.62189065 0.33835845 0.31194821 0.50653369  0.7111618  0.54449761 0.52517465 0.47089451
0.68473512 0.54696871 0.08944452 0.16355883 0.34861183 0.54486953  0.55117926 0.4060372  0.59062051 0.34365739 0.33399228 0.50455806  0.69701444 0.57436635 0.55467152 0.50224646
0.67079203 0.580378   0.09245495 0.17574588 0.34168368 0.58099948  0.58245506 0.39235759 0.55537948 0.3670008  0.28462831 0.50965982  0.73805772 0.5694311  0.62052914 0.50493899
0.68473512 0.54696871 0.08944452 0.16355883 0.34861183 0.54486953  0.55117926 0.4060372  0.59062051 0.34365739 0.33399228 0.50455806  0.69701444 0.57436635 0.55467152 0.50224646
0.7004539  0.52165105 0.09629675 0.13721834 0.3427157  0.53083174  0.52875887 0.47866877 0.58744466 0.36061335 0.32046024 0.51420908  0.6419407  0.55217803 0.57539367 0.51432266
0.71588846 0.49437115 0.10299376 0.11689564 0.33363006 0.51375307  0.49986245 0.53943342 0.58439982 0.3680535  0.30332519 0.5216221  0.54975853 0.49042187 0.62786353 0.5163507 
0.74183551 0.42432626 0.08602888 0.11338874 0.37048932 0.47456484  0.4320054  0.4160156  0.65398724 0.34072638 0.30400707 0.50973532  0.55851984 0.42343925 0.52425258 0.44972705
0.7689441  0.36256951 0.09195815 0.11502946 0.36984051 0.43640136  0.35905026 0.4429618  0.65211285 0.33690123 0.34520823 0.49225303  0.42027361 0.29836074 0.46732284 0.40181043
0.7689441  0.36256951 0.09195815 0.11502946 0.36984051 0.43640136  0.35905026 0.4429618  0.65211285 0.33690123 0.34520823 0.49225303  0.42027361 0.29836074 0.46732284 0.40181043
0.77677037 0.33304767 0.09035983 0.16133866 0.39013106 0.45195029  0.35643512 0.43675722 0.61261971 0.35275454 0.38202211 0.443342  0.41529945 0.32344919 0.44446603 0.48387634
0.82441793 0.19138148 0.08854481 0.38692897 0.49277691 0.6263378  0.34244536 0.4759507  0.4271425  0.34941727 0.3120049  0.24581217  0.42291558 0.34146984 0.54116991 0.50414523
0.85001912 0.13002612 0.11936666 0.4968938  0.47633393 0.61758977  0.37229053 0.5081781  0.37056018 0.44012044 0.43609867 0.28966167  0.42141788 0.40992188 0.54950952 0.53412241
0.86410981 0.10437353 0.14585127 0.55741379 0.47479035 0.61888261  0.41799587 0.53872587 0.36156486 0.47131441 0.43427528 0.33502991  0.41712515 0.44810106 0.59507594 0.41215984
0.87971166 0.07945082 0.17932596 0.64462534 0.47024392 0.64346379  0.48083383 0.57627576 0.37851958 0.4569405  0.42121052 0.44204408  0.42336183 0.5472241  0.51203032 0.29392483
0.89649602 0.05227244 0.21618893 0.73330306 0.45912084 0.65130526  0.5413457  0.58735384 0.40370065 0.45548479 0.4382417  0.52690217  0.49281782 0.53983456 0.46375921 0.24124428
0.90160422 0.03706948 0.22753496 0.7785754  0.46606093 0.63754099  0.61213894 0.60142674 0.51548945 0.48164382 0.43806699 0.57694287  0.50804762 0.45721325 0.41104799 0.31500545
0.91519071 0.0220269  0.26743256 0.87061026 0.46777038 0.66292426  0.71128101 0.6332521  0.62572693 0.39077038 0.37769194 0.7195578  0.47284313 0.53928617 0.25238408 0.2727711 
0.93670296 0.03241706 0.36529799 0.91625087 0.42731542 0.59065691  0.8039641  0.6182346  0.744082   0.41908483 0.34651076 0.67884756  0.45903641 0.46051938 0.31023225 0.3271442 
0.93670296 0.03241706 0.36529799 0.91625087 0.42731542 0.59065691  0.8039641  0.6182346  0.744082   0.41908483 0.34651076 0.67884756  0.45903641 0.46051938 0.31023225 0.3271442 
0.93724723 0.02985936 0.36595358 0.92669229 0.43020083 0.59469383  0.81950081 0.62624953 0.76482727 0.40820417 0.33573231 0.70117035  0.44971141 0.46028432 0.28922548 0.32039944
0.93724723 0.02985936 0.36595358 0.92669229 0.43020083 0.59469383  0.81950081 0.62624953 0.76482727 0.40820417 0.33573231 0.70117035  0.44971141 0.46028432 0.28922548 0.32039944
0.93724723 0.02985936 0.36595358 0.92669229 0.43020083 0.59469383  0.81950081 0.62624953 0.76482727 0.40820417 0.33573231 0.70117035  0.44971141 0.46028432 0.28922548 0.32039944
0.94494946 0.03247212 0.39922881 0.94954674 0.41912227 0.58486499  0.8399645  0.60510248 0.77005393 0.3169038  0.33125102 0.72507057  0.44458797 0.42484389 0.34216037 0.35397962
0.94494946 0.03247212 0.39922881 0.94954674 0.41912227 0.58486499  0.8399645  0.60510248 0.77005393 0.3169038  0.33125102 0.72507057  0.44458797 0.42484389 0.34216037 0.35397962
0.94494946 0.03247212 0.39922881 0.94954674 0.41912227 0.58486499  0.8399645  0.60510248 0.77005393 0.3169038  0.33125102 0.72507057  0.44458797 0.42484389 0.34216037 0.35397962
0.94494946 0.03247212 0.39922881 0.94954674 0.41912227 0.58486499  0.8399645  0.60510248 0.77005393 0.3169038  0.33125102 0.72507057  0.44458797 0.42484389 0.34216037 0.35397962
0.95234817 0.04001433 0.4356703  0.96409297 0.41099838 0.57279263  0.85350358 0.57876106 0.78056358 0.25820306 0.32404545 0.71796836  0.46005471 0.39171769 0.3841285  0.37326526
0.9457234  0.02882975 0.39872918 0.96148148 0.42593719 0.59417972  0.85544061 0.61778793 0.78785122 0.30524135 0.31038349 0.74561734  0.42396432 0.44645383 0.31712018 0.32545776
0.9457234  0.02882975 0.39872918 0.96148148 0.42593719 0.59417972  0.85544061 0.61778793 0.78785122 0.30524135 0.31038349 0.74561734  0.42396432 0.44645383 0.31712018 0.32545776
0.9457234  0.02882975 0.39872918 0.96148148 0.42593719 0.59417972  0.85544061 0.61778793 0.78785122 0.30524135 0.31038349 0.74561734  0.42396432 0.44645383 0.31712018 0.32545776
0.9457234  0.02882975 0.39872918 0.96148148 0.42593719 0.59417972  0.85544061 0.61778793 0.78785122 0.30524135 0.31038349 0.74561734  0.42396432 0.44645383 0.31712018 0.32545776
0.93838839 0.02446672 0.36587589 0.94582946 0.43911596 0.60701068  0.84580699 0.64482242 0.7972398  0.38892099 0.30667714 0.73792613  0.42166853 0.48307905 0.24817774 0.2856348 
0.93838839 0.02446672 0.36587589 0.94582946 0.43911596 0.60701068  0.84580699 0.64482242 0.7972398  0.38892099 0.30667714 0.73792613  0.42166853 0.48307905 0.24817774 0.2856348 
0.93838839 0.02446672 0.36587589 0.94582946 0.43911596 0.60701068  0.84580699 0.64482242 0.7972398  0.38892099 0.30667714 0.73792613  0.42166853 0.48307905 0.24817774 0.2856348 
0.93838839 0.02446672 0.36587589 0.94582946 0.43911596 0.60701068  0.84580699 0.64482242 0.7972398  0.38892099 0.30667714 0.73792613  0.42166853 0.48307905 0.24817774 0.2856348 
0.93838839 0.02446672 0.36587589 0.94582946 0.43911596 0.60701068  0.84580699 0.64482242 0.7972398  0.38892099 0.30667714 0.73792613  0.42166853 0.48307905 0.24817774 0.2856348 
0.93838839 0.02446672 0.36587589 0.94582946 0.43911596 0.60701068  0.84580699 0.64482242 0.7972398  0.38892099 0.30667714 0.73792613  0.42166853 0.48307905 0.24817774 0.2856348 
0.91638076 0.01064743 0.26602879 0.90000562 0.48143575 0.66581834  0.76889741 0.66558503 0.68444472 0.38777979 0.33977215 0.75783702  0.45289834 0.48464521 0.28231119 0.20477287
0.90085785 0.03176289 0.2170268  0.80503571 0.48788006 0.69300531  0.63498531 0.65098885 0.5129464  0.39183885 0.3509076  0.65183431  0.40812868 0.61021064 0.3307584  0.14551296
0.88387069 0.06022545 0.17739503 0.70195587 0.49969731 0.68742631  0.53959404 0.62300946 0.43229145 0.39757405 0.34229129 0.50702236  0.37619164 0.58384859 0.44805088 0.17625409
0.84713001 0.10057953 0.08933254 0.60568637 0.56654964 0.72826871  0.52321488 0.615423   0.54663709 0.30146721 0.25541275 0.41940577  0.32972908 0.49236413 0.4034461  0.38858262
0.83186391 0.15843177 0.08253399 0.46589673 0.53628042 0.68913907  0.39709582 0.52476963 0.43857196 0.31362152 0.25226907 0.25389814  0.40059795 0.38283187 0.56826011 0.43478311
0.80137857 0.22948301 0.0637749  0.36465983 0.51642453 0.63101263  0.44219325 0.51868036 0.56239608 0.26405659 0.24370313 0.3492202  0.41724193 0.33867777 0.65055483 0.35328815
0.70694228 0.36163906 0.01268111 0.45989941 0.59371797 0.63115814  0.63157751 0.27455924 0.60097118 0.23152164 0.40678654 0.31362228  0.63575898 0.51025599 0.70401786 0.35765917
0.65214764 0.45634382 0.01977343 0.36187015 0.5344845  0.44319645  0.55411976 0.13354273 0.61919277 0.2996443  0.49948037 0.37473438  0.53149653 0.45236571 0.67143103 0.35445895
0.45477879 0.60744224 0.07166253 0.43978744 0.50156716 0.24206256  0.62623554 0.15087971 0.39587326 0.38553549 0.34174671 0.49542777  0.42535053 0.49343088 0.55841367 0.28586141
0.31564617 0.55232455 0.14127251 0.42808113 0.49375139 0.18583411  0.70274506 0.30392297 0.18230918 0.38338685 0.2080857  0.49820939  0.51783841 0.39850927 0.44209311 0.39002545
0.23408659 0.60061843 0.18421587 0.50132089 0.45455081 0.21021058  0.64182307 0.4446862  0.14356658 0.39701989 0.23736512 0.4868995  0.45216124 0.28819355 0.2656326  0.44953835
0.14355037 0.5229741  0.24644129 0.4935869  0.41436966 0.30365141  0.54467914 0.44998359 0.25076917 0.41181624 0.23968257 0.49066789  0.47174686 0.2996688  0.3125306  0.49611039
0.05336775 0.43914143 0.31083182 0.46832666 0.37416152 0.39938838  0.45143619 0.50292086 0.40448693 0.37548598 0.33684065 0.45259001  0.60541605 0.3574237  0.32371238 0.49045415
0.01779563 0.38669558 0.33863985 0.42004769 0.35385851 0.46460162  0.48109267 0.47190843 0.43452283 0.38595027 0.3992976  0.44733029  0.52908455 0.38078184 0.39373238 0.44873962
0.00039479 0.36283831 0.35232302 0.39930133 0.34523319 0.50234819  0.48417291 0.45702496 0.47508945 0.39693445 0.45000532 0.44589633  0.47476172 0.42761975 0.50206904 0.41641874
0.00039479 0.36283831 0.35232302 0.39930133 0.34523319 0.50234819  0.48417291 0.45702496 0.47508945 0.39693445 0.45000532 0.44589633  0.47476172 0.42761975 0.50206904 0.41641874
0.00039479 0.36283831 0.35232302 0.39930133 0.34523319 0.50234819  0.48417291 0.45702496 0.47508945 0.39693445 0.45000532 0.44589633  0.47476172 0.42761975 0.50206904 0.41641874
0.00039479 0.36283831 0.35232302 0.39930133 0.34523319 0.50234819  0.48417291 0.45702496 0.47508945 0.39693445 0.45000532 0.44589633  0.47476172 0.42761975 0.50206904 0.41641874
0.00039479 0.36283831 0.35232302 0.39930133 0.34523319 0.50234819  0.48417291 0.45702496 0.47508945 0.39693445 0.45000532 0.44589633  0.47476172 0.42761975 0.50206904 0.41641874
0.00039479 0.36283831 0.35232302 0.39930133 0.34523319 0.50234819  0.48417291 0.45702496 0.47508945 0.39693445 0.45000532 0.44589633  0.47476172 0.42761975 0.50206904 0.41641874
0.00039479 0.36283831 0.35232302 0.39930133 0.34523319 0.50234819  0.48417291 0.45702496 0.47508945 0.39693445 0.45000532 0.44589633  0.47476172 0.42761975 0.50206904 0.41641874
0.00039479 0.36283831 0.35232302 0.39930133 0.34523319 0.50234819  0.48417291 0.45702496 0.47508945 0.39693445 0.45000532 0.44589633  0.47476172 0.42761975 0.50206904 0.41641874
0.00039479 0.36283831 0.35232302 0.39930133 0.34523319 0.50234819  0.48417291 0.45702496 0.47508945 0.39693445 0.45000532 0.44589633  0.47476172 0.42761975 0.50206904 0.41641874
0.00039479 0.36283831 0.35232302 0.39930133 0.34523319 0.50234819  0.48417291 0.45702496 0.47508945 0.39693445 0.45000532 0.44589633  0.47476172 0.42761975 0.50206904 0.41641874
0.00039479 0.36283831 0.35232302 0.39930133 0.34523319 0.50234819  0.48417291 0.45702496 0.47508945 0.39693445 0.45000532 0.44589633  0.47476172 0.42761975 0.50206904 0.41641874
0.00039479 0.36283831 0.35232302 0.39930133 0.34523319 0.50234819  0.48417291 0.45702496 0.47508945 0.39693445 0.45000532 0.44589633  0.47476172 0.42761975 0.50206904 0.41641874
0.00039479 0.36283831 0.35232302 0.39930133 0.34523319 0.50234819  0.48417291 0.45702496 0.47508945 0.39693445 0.45000532 0.44589633  0.47476172 0.42761975 0.50206904 0.41641874
0.00039479 0.36283831 0.35232302 0.39930133 0.34523319 0.50234819  0.48417291 0.45702496 0.47508945 0.39693445 0.45000532 0.44589633  0.47476172 0.42761975 0.50206904 0.41641874
0.00039479 0.36283831 0.35232302 0.39930133 0.34523319 0.50234819  0.48417291 0.45702496 0.47508945 0.39693445 0.45000532 0.44589633  0.47476172 0.42761975 0.50206904 0.41641874
0.00039479 0.36283831 0.35232302 0.39930133 0.34523319 0.50234819  0.48417291 0.45702496 0.47508945 0.39693445 0.45000532 0.44589633  0.47476172 0.42761975 0.50206904 0.41641874
0.00039479 0.36283831 0.35232302 0.39930133 0.34523319 0.50234819  0.48417291 0.45702496 0.47508945 0.39693445 0.45000532 0.44589633  0.47476172 0.42761975 0.50206904 0.41641874
0.00039479 0.36283831 0.35232302 0.39930133 0.34523319 0.50234819  0.48417291 0.45702496 0.47508945 0.39693445 0.45000532 0.44589633  0.47476172 0.42761975 0.50206904 0.41641874
0.00039479 0.36283831 0.35232302 0.39930133 0.34523319 0.50234819  0.48417291 0.45702496 0.47508945 0.39693445 0.45000532 0.44589633  0.47476172 0.42761975 0.50206904 0.41641874
0.00039479 0.36283831 0.35232302 0.39930133 0.34523319 0.50234819  0.48417291 0.45702496 0.47508945 0.39693445 0.45000532 0.44589633  0.47476172 0.42761975 0.50206904 0.41641874
0.00039479 0.36283831 0.35232302 0.39930133 0.34523319 0.50234819  0.48417291 0.45702496 0.47508945 0.39693445 0.45000532 0.44589633  0.47476172 0.42761975 0.50206904 0.41641874
0.00039479 0.36283831 0.35232302 0.39930133 0.34523319 0.50234819  0.48417291 0.45702496 0.47508945 0.39693445 0.45000532 0.44589633  0.47476172 0.42761975 0.50206904 0.41641874
0.00039479 0.36283831 0.35232302 0.39930133 0.34523319 0.50234819  0.48417291 0.45702496 0.47508945 0.39693445 0.45000532 0.44589633  0.47476172 0.42761975 0.50206904 0.41641874
0.00039479 0.36283831 0.35232302 0.39930133 0.34523319 0.50234819  0.48417291 0.45702496 0.47508945 0.39693445 0.45000532 0.44589633  0.47476172 0.42761975 0.50206904 0.41641874
0.00039479 0.36283831 0.35232302 0.39930133 0.34523319 0.50234819  0.48417291 0.45702496 0.47508945 0.39693445 0.45000532 0.44589633  0.47476172 0.42761975 0.50206904 0.41641874
0.00039479 0.36283831 0.35232302 0.39930133 0.34523319 0.50234819  0.48417291 0.45702496 0.47508945 0.39693445 0.45000532 0.44589633  0.47476172 0.42761975 0.50206904 0.41641874
0.00039479 0.36283831 0.35232302 0.39930133 0.34523319 0.50234819  0.48417291 0.45702496 0.47508945 0.39693445 0.45000532 0.44589633  0.47476172 0.42761975 0.50206904 0.41641874
0.00039479 0.36283831 0.35232302 0.39930133 0.34523319 0.50234819  0.48417291 0.45702496 0.47508945 0.39693445 0.45000532 0.44589633  0.47476172 0.42761975 0.50206904 0.41641874
0.00039479 0.36283831 0.35232302 0.39930133 0.34523319 0.50234819  0.48417291 0.45702496 0.47508945 0.39693445 0.45000532 0.44589633  0.47476172 0.42761975 0.50206904 0.41641874
0.00039479 0.36283831 0.35232302 0.39930133 0.34523319 0.50234819  0.48417291 0.45702496 0.47508945 0.39693445 0.45000532 0.44589633  0.47476172 0.42761975 0.50206904 0.41641874
