0.00039479 0.36283831 0.35232302 0.39930133 0.34523319 0.50234819  0.48417291 0.45702496 0.47508945 0.39693445 0.45000532 0.44589633  0.47476172 0.42761975 0.50206904 0.41641874
0.00039479 0.36283831 0.35232302 0.39930133 0.34523319 0.50234819  0.48417291 0.45702496 0.47508945 0.39693445 0.45000532 0.44589633  0.47476172 0.42761975 0.50206904 0.41641874
0.00039479 0.36283831 0.35232302 0.39930133 0.34523319 0.50234819  0.48417291 0.45702496 0.47508945 0.39693445 0.45000532 0.44589633  0.47476172 0.42761975 0.50206904 0.41641874
0.00039479 0.36283831 0.35232302 0.39930133 0.34523319 0.50234819  0.48417291 0.45702496 0.47508945 0.39693445 0.45000532 0.44589633  0.47476172 0.42761975 0.50206904 0.41641874
0.00039479 0.36283831 0.35232302 0.39930133 0.34523319 0.50234819  0.48417291 0.45702496 0.47508945 0.39693445 0.45000532 0.44589633  0.47476172 0.42761975 0.50206904 0.41641874
0.00039479 0.36283831 0.35232302 0.39930133 0.34523319 0.50234819  0.48417291 0.45702496 0.47508945 0.39693445 0.45000532 0.44589633  0.47476172 0.42761975 0.50206904 0.41641874
0.00039479 0.36283831 0.35232302 0.39930133 0.34523319 0.50234819  0.48417291 0.45702496 0.47508945 0.39693445 0.45000532 0.44589633  0.47476172 0.42761975 0.50206904 0.41641874
0.00039479 0.36283831 0.35232302 0.39930133 0.34523319 0.50234819  0.48417291 0.45702496 0.47508945 0.39693445 0.45000532 0.44589633  0.47476172 0.42761975 0.50206904 0.41641874
0.00039479 0.36283831 0.35232302 0.39930133 0.34523319 0.50234819  0.48417291 0.45702496 0.47508945 0.39693445 0.45000532 0.44589633  0.47476172 0.42761975 0.50206904 0.41641874
0.00039479 0.36283831 0.35232302 0.39930133 0.34523319 0.50234819  0.48417291 0.45702496 0.47508945 0.39693445 0.45000532 0.44589633  0.47476172 0.42761975 0.50206904 0.41641874
0.00039479 0.36283831 0.35232302 0.39930133 0.34523319 0.50234819  0.48417291 0.45702496 0.47508945 0.39693445 0.45000532 0.44589633  0.47476172 0.42761975 0.50206904 0.41641874
0.00039479 0.36283831 0.35232302 0.39930133 0.34523319 0.50234819  0.48417291 0.45702496 0.47508945 0.39693445 0.45000532 0.44589633  0.47476172 0.42761975 0.50206904 0.41641874
0.00039479 0.36283831 0.35232302 0.39930133 0.34523319 0.50234819  0.48417291 0.45702496 0.47508945 0.39693445 0.45000532 0.44589633  0.47476172 0.42761975 0.50206904 0.41641874
0.00039479 0.36283831 0.35232302 0.39930133 0.34523319 0.50234819  0.48417291 0.45702496 0.47508945 0.39693445 0.45000532 0.44589633  0.47476172 0.42761975 0.50206904 0.41641874
0.00039479 0.36283831 0.35232302 0.39930133 0.34523319 0.50234819  0.48417291 0.45702496 0.47508945 0.39693445 0.45000532 0.44589633  0.47476172 0.42761975 0.50206904 0.41641874
0.00039479 0.36283831 0.35232302 0.39930133 0.34523319 0.50234819  0.48417291 0.45702496 0.47508945 0.39693445 0.45000532 0.44589633  0.47476172 0.42761975 0.50206904 0.41641874
0.00039479 0.36283831 0.35232302 0.39930133 0.34523319 0.50234819  0.48417291 0.45702496 0.47508945 0.39693445 0.45000532 0.44589633  0.47476172 0.42761975 0.50206904 0.41641874
0.00039479 0.36283831 0.35232302 0.39930133 0.34523319 0.50234819  0.48417291 0.45702496 0.47508945 0.39693445 0.45000532 0.44589633  0.47476172 0.42761975 0.50206904 0.41641874
0.00039479 0.36283831 0.35232302 0.39930133 0.34523319 0.50234819  0.48417291 0.45702496 0.47508945 0.39693445 0.45000532 0.44589633  0.47476172 0.42761975 0.50206904 0.41641874
0.00039479 0.36283831 0.35232302 0.39930133 0.34523319 0.50234819  0.48417291 0.45702496 0.47508945 0.39693445 0.45000532 0.44589633  0.47476172 0.42761975 0.50206904 0.41641874
0.00039479 0.36283831 0.35232302 0.39930133 0.34523319 0.50234819  0.48417291 0.45702496 0.47508945 0.39693445 0.45000532 0.44589633  0.47476172 0.42761975 0.50206904 0.41641874
0.00039479 0.36283831 0.35232302 0.39930133 0.34523319 0.50234819  0.48417291 0.45702496 0.47508945 0.39693445 0.45000532 0.44589633  0.47476172 0.42761975 0.50206904 0.41641874
0.00039479 0.36283831 0.35232302 0.39930133 0.34523319 0.50234819  0.48417291 0.45702496 0.47508945 0.39693445 0.45000532 0.44589633  0.47476172 0.42761975 0.50206904 0.41641874
0.00039479 0.36283831 0.35232302 0.39930133 0.34523319 0.50234819  0.48417291 0.45702496 0.47508945 0.39693445 0.45000532 0.44589633  0.47476172 0.42761975 0.50206904 0.41641874
0.00039479 0.36283831 0.35232302 0.39930133 0.34523319 0.50234819  0.48417291 0.45702496 0.47508945 0.39693445 0.45000532 0.44589633  0.47476172 0.42761975 0.50206904 0.41641874
0.00039479 0.36283831 0.35232302 0.39930133 0.34523319 0.50234819  0.48417291 0.45702496 0.47508945 0.39693445 0.45000532 0.44589633  0.47476172 0.42761975 0.50206904 0.41641874
0.00039479 0.36283831 0.35232302 0.39930133 0.34523319 0.50234819  0.48417291 0.45702496 0.47508945 0.39693445 0.45000532 0.44589633  0.47476172 0.42761975 0.50206904 0.41641874
0.00039479 0.36283831 0.35232302 0.39930133 0.34523319 0.50234819  0.48417291 0.45702496 0.47508945 0.39693445 0.45000532 0.44589633  0.47476172 0.42761975 0.50206904 0.41641874
0.00039479 0.36283831 0.35232302 0.39930133 0.34523319 0.50234819  0.48417291 0.45702496 0.47508945 0.39693445 0.45000532 0.44589633  0.47476172 0.42761975 0.50206904 0.41641874
0.00039479 0.36283831 0.35232302 0.39930133 0.34523319 0.50234819  0.48417291 0.45702496 0.47508945 0.39693445 0.45000532 0.44589633  0.47476172 0.42761975 0.50206904 0.41641874
0.00039479 0.36283831 0.35232302 0.39930133 0.34523319 0.50234819  0.48417291 0.45702496 0.47508945 0.39693445 0.45000532 0.44589633  0.47476172 0.42761975 0.50206904 0.41641874
0.00039479 0.36283831 0.35232302 0.39930133 0.34523319 0.50234819  0.48417291 0.45702496 0.47508945 0.39693445 0.45000532 0.44589633  0.47476172 0.42761975 0.50206904 0.41641874
0.00039479 0.36283831 0.35232302 0.39930133 0.34523319 0.50234819  0.48417291 0.45702496 0.47508945 0.39693445 0.45000532 0.44589633  0.47476172 0.42761975 0.50206904 0.41641874
0.00039479 0.36283831 0.35232302 0.39930133 0.34523319 0.50234819  0.48417291 0.45702496 0.47508945 0.39693445 0.45000532 0.44589633  0.47476172 0.42761975 0.50206904 0.41641874
0.00039479 0.36283831 0.35232302 0.39930133 0.34523319 0.50234819  0.48417291 0.45702496 0.47508945 0.39693445 0.45000532 0.44589633  0.47476172 0.42761975 0.50206904 0.41641874
0.00039479 0.36283831 0.35232302 0.39930133 0.34523319 0.50234819  0.48417291 0.45702496 0.47508945 0.39693445 0.45000532 0.44589633  0.47476172 0.42761975 0.50206904 0.41641874
0.00039479 0.36283831 0.35232302 0.39930133 0.34523319 0.50234819  0.48417291 0.45702496 0.47508945 0.39693445 0.45000532 0.44589633  0.47476172 0.42761975 0.50206904 0.41641874
0.00039479 0.36283831 0.35232302 0.39930133 0.34523319 0.50234819  0.48417291 0.45702496 0.47508945 0.39693445 0.45000532 0.44589633  0.47476172 0.42761975 0.50206904 0.41641874
0.00039479 0.36283831 0.35232302 0.39930133 0.34523319 0.50234819  0.48417291 0.45702496 0.47508945 0.39693445 0.45000532 0.44589633  0.47476172 0.42761975 0.50206904 0.41641874
0.00039479 0.36283831 0.35232302 0.39930133 0.34523319 0.50234819  0.48417291 0.45702496 0.47508945 0.39693445 0.45000532 0.44589633  0.47476172 0.42761975 0.50206904 0.41641874
0.00039479 0.36283831 0.35232302 0.39930133 0.34523319 0.50234819  0.48417291 0.45702496 0.47508945 0.39693445 0.45000532 0.44589633  0.47476172 0.42761975 0.50206904 0.41641874
0.00039479 0.36283831 0.35232302 0.39930133 0.34523319 0.50234819  0.48417291 0.45702496 0.47508945 0.39693445 0.45000532 0.44589633  0.47476172 0.42761975 0.50206904 0.41641874
0.00039479 0.36283831 0.35232302 0.39930133 0.34523319 0.50234819  0.48417291 0.45702496 0.47508945 0.39693445 0.45000532 0.44589633  0.47476172 0.42761975 0.50206904 0.41641874
0.00039479 0.36283831 0.35232302 0.39930133 0.34523319 0.50234819  0.48417291 0.45702496 0.47508945 0.39693445 0.45000532 0.44589633  0.47476172 0.42761975 0.50206904 0.41641874
0.00039479 0.36283831 0.35232302 0.39930133 0.34523319 0.50234819  0.48417291 0.45702496 0.47508945 0.39693445 0.45000532 0.44589633  0.47476172 0.42761975 0.50206904 0.41641874
0.00039479 0.36283831 0.35232302 0.39930133 0.34523319 0.50234819  0.48417291 0.45702496 0.47508945 0.39693445 0.45000532 0.44589633  0.47476172 0.42761975 0.50206904 0.41641874
0.00039479 0.36283831 0.35232302 0.39930133 0.34523319 0.50234819  0.48417291 0.45702496 0.47508945 0.39693445 0.45000532 0.44589633  0.47476172 0.42761975 0.50206904 0.41641874
0.00039479 0.36283831 0.35232302 0.39930133 0.34523319 0.50234819  0.48417291 0.45702496 0.47508945 0.39693445 0.45000532 0.44589633  0.47476172 0.42761975 0.50206904 0.41641874
0.00039479 0.36283831 0.35232302 0.39930133 0.34523319 0.50234819  0.48417291 0.45702496 0.47508945 0.39693445 0.45000532 0.44589633  0.47476172 0.42761975 0.50206904 0.41641874
0.00039479 0.36283831 0.35232302 0.39930133 0.34523319 0.50234819  0.48417291 0.45702496 0.47508945 0.39693445 0.45000532 0.44589633  0.47476172 0.42761975 0.50206904 0.41641874
0.00039479 0.36283831 0.35232302 0.39930133 0.34523319 0.50234819  0.48417291 0.45702496 0.47508945 0.39693445 0.45000532 0.44589633  0.47476172 0.42761975 0.50206904 0.41641874
0.05442837 0.44193891 0.31258778 0.46915722 0.3694164  0.44115765  0.4179919  0.4978325  0.5127315  0.39752621 0.43846693 0.45119604  0.50578001 0.47537891 0.59395503 0.42613403
0.09094285 0.49078927 0.28751726 0.50526532 0.38022141 0.40997756  0.39425057 0.51574959 0.52010359 0.38702369 0.4454962  0.44536046  0.5227296  0.47742819 0.57808389 0.40938252
0.16295075 0.589632   0.23482337 0.58489239 0.4104846  0.30999669  0.35641443 0.55900574 0.47488945 0.35971023 0.38647922 0.4422585  0.60393742 0.43705584 0.4557236  0.41612851
0.16295075 0.589632   0.23482337 0.58489239 0.4104846  0.30999669  0.35641443 0.55900574 0.47488945 0.35971023 0.38647922 0.4422585  0.60393742 0.43705584 0.4557236  0.41612851
0.18137287 0.61448819 0.22259293 0.60255492 0.4147276  0.30417391  0.33927508 0.56477573 0.5027712  0.35932919 0.41729956 0.43751981  0.57905914 0.46544379 0.51009072 0.38930502
0.21871712 0.6559678  0.20508733 0.61892508 0.40398036 0.35194552  0.31788656 0.54046247 0.56545691 0.39125701 0.47734792 0.44382702  0.46441818 0.47618566 0.61281863 0.36633066
0.21871712 0.6559678  0.20508733 0.61892508 0.40398036 0.35194552  0.31788656 0.54046247 0.56545691 0.39125701 0.47734792 0.44382702  0.46441818 0.47618566 0.61281863 0.36633066
0.23505122 0.68981724 0.18448225 0.66316525 0.43656593 0.25139071  0.28929851 0.59671048 0.52922757 0.35229296 0.41794994 0.43459076  0.61186048 0.50053926 0.5503742  0.39540535
0.23505122 0.68981724 0.18448225 0.66316525 0.43656593 0.25139071  0.28929851 0.59671048 0.52922757 0.35229296 0.41794994 0.43459076  0.61186048 0.50053926 0.5503742  0.39540535
0.23505122 0.68981724 0.18448225 0.66316525 0.43656593 0.25139071  0.28929851 0.59671048 0.52922757 0.35229296 0.41794994 0.43459076  0.61186048 0.50053926 0.5503742  0.39540535
0.21765037 0.66595998 0.19816541 0.64241888 0.42794061 0.28913728  0.29237876 0.58182701 0.56979419 0.36327713 0.46865766 0.4331568  0.55753766 0.54737717 0.65871085 0.36308448
0.23617798 0.68613186 0.19082214 0.65235735 0.4186695  0.32303531  0.27165375 0.56612594 0.60745961 0.39651183 0.47425097 0.44954301  0.49290705 0.55106976 0.74631359 0.37855581
0.23617798 0.68613186 0.19082214 0.65235735 0.4186695  0.32303531  0.27165375 0.56612594 0.60745961 0.39651183 0.47425097 0.44954301  0.49290705 0.55106976 0.74631359 0.37855581
0.19973222 0.63737815 0.21655618 0.61598371 0.40491142 0.36666433  0.28518295 0.54969716 0.63064993 0.41081225 0.49267189 0.45248109  0.4630849  0.57292136 0.81077243 0.388116  
0.20034253 0.62602738 0.22749961 0.59337019 0.37840533 0.4578981  0.28484105 0.4937141  0.67438497 0.46414587 0.49842364 0.47593639  0.3771297  0.57906373 0.90649259 0.41481844
0.23766232 0.65053313 0.22242979 0.57967458 0.34660384 0.56699528  0.27875787 0.4406664  0.72878087 0.50012162 0.53067604 0.48326704  0.34846271 0.56933303 0.9024781  0.43911138
0.23766232 0.65053313 0.22242979 0.57967458 0.34660384 0.56699528  0.27875787 0.4406664  0.72878087 0.50012162 0.53067604 0.48326704  0.34846271 0.56933303 0.9024781  0.43911138
0.25573191 0.72133574 0.41600985 0.40844862 0.82946811 0.75212854  0.15691775 0.43885915 0.59195132 0.50033025 0.74585478 0.7983306  0.3922678  0.39474913 0.85947828 0.56235501
0.24333139 0.70909286 0.46593573 0.38316296 0.83864949 0.78470496  0.15684622 0.40357985 0.5725417  0.43544294 0.77528947 0.83806202  0.33210514 0.3860397  0.85955524 0.65601196
0.24333139 0.70909286 0.46593573 0.38316296 0.83864949 0.78470496  0.15684622 0.40357985 0.5725417  0.43544294 0.77528947 0.83806202  0.33210514 0.3860397  0.85955524 0.65601196
0.24333139 0.70909286 0.46593573 0.38316296 0.83864949 0.78470496  0.15684622 0.40357985 0.5725417  0.43544294 0.77528947 0.83806202  0.33210514 0.3860397  0.85955524 0.65601196
0.25567287 0.72922139 0.53322284 0.39588721 0.83679404 0.76262522  0.18543289 0.37247507 0.61318355 0.36535998 0.7202317  0.76272987  0.31676045 0.34671346 0.91406606 0.65558547
0.25567287 0.72922139 0.53322284 0.39588721 0.83679404 0.76262522  0.18543289 0.37247507 0.61318355 0.36535998 0.7202317  0.76272987  0.31676045 0.34671346 0.91406606 0.65558547
0.26638496 0.73981543 0.58123431 0.40693385 0.82081375 0.74099869  0.20592411 0.34526492 0.63917954 0.39196475 0.68145189 0.66923635  0.39655558 0.44472116 0.83946446 0.56940786
0.26651032 0.739095   0.57937909 0.40974938 0.8067574  0.73533382  0.21193675 0.34431379 0.64655369 0.39181274 0.66434971 0.64217837  0.39719006 0.45569722 0.83628091 0.55113057
0.23241282 0.72055588 0.51425776 0.39229654 0.85629611 0.69139022  0.20775761 0.40240678 0.65193621 0.52533319 0.56683096 0.56296287  0.34199627 0.49900834 0.82895355 0.45368553
0.21067685 0.64573576 0.34015584 0.47518548 0.54768381 0.63896429  0.26623832 0.41835929 0.66490713 0.54605159 0.51451731 0.49932437  0.35310175 0.54529666 0.82938411 0.38546327
0.17040654 0.60869459 0.31938167 0.50457616 0.53248662 0.52094249  0.28323945 0.47295057 0.61894865 0.51499975 0.48704819 0.49745769  0.39459261 0.55559687 0.82736955 0.38158451
0.15004067 0.5801374  0.30794003 0.51369546 0.48108417 0.47851575  0.31197473 0.4867955  0.58281961 0.45218422 0.47318718 0.47180534  0.43444472 0.54798079 0.74911427 0.39125112
0.12672612 0.54137758 0.26278974 0.54401884 0.39417517 0.39074118  0.35574632 0.52783416 0.57259564 0.39322951 0.48704457 0.44219725  0.47978899 0.54359807 0.71115727 0.39215667
0.12672612 0.54137758 0.26278974 0.54401884 0.39417517 0.39074118  0.35574632 0.52783416 0.57259564 0.39322951 0.48704457 0.44219725  0.47978899 0.54359807 0.71115727 0.39215667
0.12672612 0.54137758 0.26278974 0.54401884 0.39417517 0.39074118  0.35574632 0.52783416 0.57259564 0.39322951 0.48704457 0.44219725  0.47978899 0.54359807 0.71115727 0.39215667
0.16385581 0.58329248 0.24274715 0.55971748 0.39299643 0.40408195  0.34763437 0.52798774 0.60309513 0.38428037 0.54606829 0.42724416  0.47185489 0.54371169 0.68506446 0.36762884
0.20090258 0.61798454 0.23252094 0.57045709 0.36633619 0.49750435  0.31246045 0.47247039 0.66979277 0.462855   0.52982428 0.46807474  0.36268424 0.5411984  0.8272917  0.4223844 
0.27256154 0.7039711  0.17970498 0.62706754 0.39752579 0.3847278  0.3414926  0.48296078 0.51649239 0.44624606 0.39471167 0.47976599  0.39937479 0.41090975 0.57283128 0.46355538
0.34693941 0.76820485 0.15641813 0.62883511 0.36220433 0.50663109  0.31998291 0.43822569 0.59555111 0.47837433 0.45722908 0.48102024  0.37218026 0.40608355 0.57469514 0.47170516
0.34693941 0.76820485 0.15641813 0.62883511 0.36220433 0.50663109  0.31998291 0.43822569 0.59555111 0.47837433 0.45722908 0.48102024  0.37218026 0.40608355 0.57469514 0.47170516
0.38400688 0.80027911 0.13478638 0.62448861 0.36843661 0.49682347  0.37217067 0.42391857 0.55194968 0.46277827 0.50391654 0.46454851  0.29741123 0.38791748 0.53465163 0.40166528
0.38400688 0.80027911 0.13478638 0.62448861 0.36843661 0.49682347  0.37217067 0.42391857 0.55194968 0.46277827 0.50391654 0.46454851  0.29741123 0.38791748 0.53465163 0.40166528
0.38476636 0.80404214 0.12808002 0.61669648 0.37872055 0.46591697  0.40990156 0.44454303 0.53931046 0.41345667 0.59628828 0.4278566  0.29084421 0.37917439 0.46403317 0.33191377
0.38476636 0.80404214 0.12808002 0.61669648 0.37872055 0.46591697  0.40990156 0.44454303 0.53931046 0.41345667 0.59628828 0.4278566  0.29084421 0.37917439 0.46403317 0.33191377
0.43885676 0.81091145 0.11022171 0.55356882 0.36822373 0.52207397  0.52361247 0.36451141 0.4566987  0.46510891 0.53171883 0.46128503  0.26187575 0.35660974 0.47181541 0.39877901
0.43885676 0.81091145 0.11022171 0.55356882 0.36822373 0.52207397  0.52361247 0.36451141 0.4566987  0.46510891 0.53171883 0.46128503  0.26187575 0.35660974 0.47181541 0.39877901
0.43885676 0.81091145 0.11022171 0.55356882 0.36822373 0.52207397  0.52361247 0.36451141 0.4566987  0.46510891 0.53171883 0.46128503  0.26187575 0.35660974 0.47181541 0.39877901
0.51146511 0.79993663 0.10042651 0.43160372 0.33703057 0.62117098  0.64169506 0.38324518 0.42832268 0.44930576 0.54564566 0.45127321  0.43645501 0.36708524 0.42951453 0.47368495
0.51146511 0.79993663 0.10042651 0.43160372 0.33703057 0.62117098  0.64169506 0.38324518 0.42832268 0.44930576 0.54564566 0.45127321  0.43645501 0.36708524 0.42951453 0.47368495
0.54644978 0.77232352 0.09582484 0.34712351 0.34185412 0.61325183  0.71214736 0.45680348 0.41778916 0.41562658 0.56980044 0.43204295  0.55008453 0.4215556  0.49818758 0.48664996
0.59298577 0.68857403 0.08176435 0.25777545 0.36642242 0.54067267  0.70053343 0.43425969 0.52700607 0.36459097 0.54855857 0.4546075  0.62774535 0.58131736 0.58584247 0.50902916
0.60903553 0.66247894 0.08292792 0.22469204 0.36679848 0.5214837  0.68682783 0.49078861 0.55022197 0.34638831 0.55537307 0.45664838  0.60958847 0.55838555 0.64717677 0.52130927
0.62372582 0.63310679 0.0759639  0.2059924  0.3747803  0.50460544  0.67913073 0.42114713 0.58023418 0.35640227 0.48785125 0.48596755  0.62683974 0.63266291 0.70745592 0.52827165
0.7034594  0.52733697 0.11462023 0.11355507 0.3141388  0.51904418  0.52524718 0.62380473 0.56845859 0.36570015 0.34626392 0.51449692  0.52652183 0.5242436  0.61689806 0.54476166
0.7034594  0.52733697 0.11462023 0.11355507 0.3141388  0.51904418  0.52524718 0.62380473 0.56845859 0.36570015 0.34626392 0.51449692  0.52652183 0.5242436  0.61689806 0.54476166
0.7034594  0.52733697 0.11462023 0.11355507 0.3141388  0.51904418  0.52524718 0.62380473 0.56845859 0.36570015 0.34626392 0.51449692  0.52652183 0.5242436  0.61689806 0.54476166
0.7034594  0.52733697 0.11462023 0.11355507 0.3141388  0.51904418  0.52524718 0.62380473 0.56845859 0.36570015 0.34626392 0.51449692  0.52652183 0.5242436  0.61689806 0.54476166
0.7034594  0.52733697 0.11462023 0.11355507 0.3141388  0.51904418  0.52524718 0.62380473 0.56845859 0.36570015 0.34626392 0.51449692  0.52652183 0.5242436  0.61689806 0.54476166
0.71653538 0.49199256 0.10733975 0.11087678 0.33266127 0.49356312  0.49007813 0.57714072 0.60677589 0.34367197 0.36898987 0.5006345  0.52113578 0.48712973 0.54278397 0.50948995
0.7542414  0.38895574 0.07952069 0.11783172 0.38649245 0.45098562  0.39455098 0.40149828 0.67891237 0.31366416 0.36670431 0.48518449  0.53847275 0.36151965 0.43022801 0.42267147
0.7542414  0.38895574 0.07952069 0.11783172 0.38649245 0.45098562  0.39455098 0.40149828 0.67891237 0.31366416 0.36670431 0.48518449  0.53847275 0.36151965 0.43022801 0.42267147
0.7689441  0.36256951 0.09195815 0.11502946 0.36984051 0.43640136  0.35905026 0.4429618  0.65211285 0.33690123 0.34520823 0.49225303  0.42027361 0.29836074 0.46732284 0.40181043
0.7689441  0.36256951 0.09195815 0.11502946 0.36984051 0.43640136  0.35905026 0.4429618  0.65211285 0.33690123 0.34520823 0.49225303  0.42027361 0.29836074 0.46732284 0.40181043
0.7689441  0.36256951 0.09195815 0.11502946 0.36984051 0.43640136  0.35905026 0.4429618  0.65211285 0.33690123 0.34520823 0.49225303  0.42027361 0.29836074 0.46732284 0.40181043
0.7689441  0.36256951 0.09195815 0.11502946 0.36984051 0.43640136  0.35905026 0.4429618  0.65211285 0.33690123 0.34520823 0.49225303  0.42027361 0.29836074 0.46732284 0.40181043
0.78540787 0.35067998 0.11509994 0.11997572 0.34516959 0.45345519  0.31319004 0.45482236 0.60082227 0.35481971 0.29652311 0.51571679  0.38143208 0.31263527 0.38606773 0.39081295
0.78540787 0.35067998 0.11509994 0.11997572 0.34516959 0.45345519  0.31319004 0.45482236 0.60082227 0.35481971 0.29652311 0.51571679  0.38143208 0.31263527 0.38606773 0.39081295
0.78540787 0.35067998 0.11509994 0.11997572 0.34516959 0.45345519  0.31319004 0.45482236 0.60082227 0.35481971 0.29652311 0.51571679  0.38143208 0.31263527 0.38606773 0.39081295
0.78540787 0.35067998 0.11509994 0.11997572 0.34516959 0.45345519  0.31319004 0.45482236 0.60082227 0.35481971 0.29652311 0.51571679  0.38143208 0.31263527 0.38606773 0.39081295
0.78540787 0.35067998 0.11509994 0.11997572 0.34516959 0.45345519  0.31319004 0.45482236 0.60082227 0.35481971 0.29652311 0.51571679  0.38143208 0.31263527 0.38606773 0.39081295
0.79323415 0.32115815 0.11350162 0.16628492 0.36546013 0.46900412  0.31057489 0.44861778 0.56132913 0.37067302 0.33333699 0.46680577  0.37645792 0.33772372 0.36321091 0.47287886
0.80555888 0.30651225 0.14115519 0.19238916 0.33562372 0.44820763  0.30475618 0.45440639 0.51400702 0.42033751 0.37853886 0.49584261  0.36025615 0.37747379 0.36883645 0.43651903
0.81393396 0.28115274 0.1482565  0.22953725 0.32439515 0.42352426  0.31827269 0.4583436  0.51922157 0.47475108 0.47700183 0.52723434  0.37300909 0.39409103 0.33004711 0.51878325
0.81393396 0.28115274 0.1482565  0.22953725 0.32439515 0.42352426  0.31827269 0.4583436  0.51922157 0.47475108 0.47700183 0.52723434  0.37300909 0.39409103 0.33004711 0.51878325
0.81393396 0.28115274 0.1482565  0.22953725 0.32439515 0.42352426  0.31827269 0.4583436  0.51922157 0.47475108 0.47700183 0.52723434  0.37300909 0.39409103 0.33004711 0.51878325
0.82154536 0.25129515 0.14214406 0.27413394 0.34957508 0.45318514  0.3114176  0.45829391 0.4702903  0.46927044 0.49113429 0.47324201  0.38587932 0.37186065 0.36897693 0.54591399
0.82154536 0.25129515 0.14214406 0.27413394 0.34957508 0.45318514  0.3114176  0.45829391 0.4702903  0.46927044 0.49113429 0.47324201  0.38587932 0.37186065 0.36897693 0.54591399
0.82154536 0.25129515 0.14214406 0.27413394 0.34957508 0.45318514  0.3114176  0.45829391 0.4702903  0.46927044 0.49113429 0.47324201  0.38587932 0.37186065 0.36897693 0.54591399
0.8205335  0.24981966 0.14214234 0.27700875 0.3501725  0.45305744  0.3125084  0.45672181 0.47102224 0.4700923  0.49751648 0.45482836  0.41879735 0.3498248  0.39420866 0.48863221
0.82774065 0.22165527 0.13935967 0.32411539 0.37381135 0.47870882  0.31479554 0.45872721 0.43724991 0.48506358 0.51157147 0.40336721  0.41305102 0.37665177 0.39079413 0.55634052
0.83550186 0.19155086 0.13203284 0.36756044 0.40056987 0.5127547  0.30788215 0.45298061 0.39366882 0.47921908 0.51157849 0.34748647  0.43001715 0.35428745 0.44672601 0.57638002
0.83550186 0.19155086 0.13203284 0.36756044 0.40056987 0.5127547  0.30788215 0.45298061 0.39366882 0.47921908 0.51157849 0.34748647  0.43001715 0.35428745 0.44672601 0.57638002
0.83550186 0.19155086 0.13203284 0.36756044 0.40056987 0.5127547  0.30788215 0.45298061 0.39366882 0.47921908 0.51157849 0.34748647  0.43001715 0.35428745 0.44672601 0.57638002
0.83550186 0.19155086 0.13203284 0.36756044 0.40056987 0.5127547  0.30788215 0.45298061 0.39366882 0.47921908 0.51157849 0.34748647  0.43001715 0.35428745 0.44672601 0.57638002
0.83550186 0.19155086 0.13203284 0.36756044 0.40056987 0.5127547  0.30788215 0.45298061 0.39366882 0.47921908 0.51157849 0.34748647  0.43001715 0.35428745 0.44672601 0.57638002
0.83550186 0.19155086 0.13203284 0.36756044 0.40056987 0.5127547  0.30788215 0.45298061 0.39366882 0.47921908 0.51157849 0.34748647  0.43001715 0.35428745 0.44672601 0.57638002
0.81480204 0.23155627 0.09727796 0.3043081  0.44163485 0.55823456  0.30018436 0.44325479 0.43577639 0.37514102 0.36791366 0.28705789  0.43346598 0.29792015 0.47988982 0.53047563
0.81480204 0.23155627 0.09727796 0.3043081  0.44163485 0.55823456  0.30018436 0.44325479 0.43577639 0.37514102 0.36791366 0.28705789  0.43346598 0.29792015 0.47988982 0.53047563
0.82049598 0.20807883 0.0910421  0.349297   0.47136069 0.59792033  0.31753393 0.45487476 0.41902966 0.35944411 0.33906788 0.25171751  0.44010618 0.30267686 0.54488857 0.51514389
0.81328883 0.23624322 0.09382477 0.30219036 0.44772185 0.57226895  0.31524678 0.45286936 0.45280199 0.34447283 0.32501289 0.30317865  0.44585251 0.27584989 0.54830309 0.44743558
0.80759489 0.25972065 0.10006063 0.25720146 0.417996   0.53258318  0.29789721 0.44124938 0.46954872 0.36016975 0.35385867 0.33851903  0.43921231 0.27109318 0.48330434 0.46276732
0.76961399 0.32899374 0.06608142 0.20587346 0.4384309  0.51469238  0.38078249 0.39570199 0.58640002 0.30233902 0.3808438  0.3753114  0.56830911 0.31692495 0.52508971 0.46984171
0.69961793 0.45428365 0.04734209 0.23660331 0.44767226 0.51051726  0.50665131 0.21938125 0.62676214 0.30036462 0.42622205 0.40801061  0.70169646 0.43147083 0.53295102 0.42588988
0.59239745 0.58270046 0.03987173 0.34561936 0.46367999 0.40372362  0.56106487 0.04107653 0.63251656 0.39582617 0.43045399 0.50606361  0.46601804 0.524443   0.57332916 0.35244854
0.49385462 0.64793582 0.06059174 0.41730901 0.48470138 0.29874483  0.65250264 0.23545804 0.424612   0.36384918 0.46104584 0.45644832  0.47620753 0.45747188 0.59777091 0.27746305
0.37448847 0.69061472 0.10047069 0.5331802  0.49358798 0.2020373  0.61279577 0.38135231 0.28282247 0.37881587 0.38795819 0.45643328  0.43946042 0.39767846 0.5128958  0.30854675
0.26960444 0.68153895 0.1559115  0.60840039 0.47088176 0.17642451  0.44722812 0.53619165 0.35961886 0.39663322 0.29507872 0.48441117  0.58928351 0.46489265 0.55342879 0.46514503
0.1240952  0.51606331 0.25573223 0.51882256 0.41750616 0.28471619  0.46272628 0.51339368 0.32362446 0.3947821  0.21612567 0.48794971  0.66333897 0.35871996 0.34475991 0.55606203
0.01779563 0.38669558 0.33863985 0.42004769 0.35385851 0.46460162  0.48109267 0.47190843 0.43452283 0.38595027 0.3992976  0.44733029  0.52908455 0.38078184 0.39373238 0.44873962
0.01779563 0.38669558 0.33863985 0.42004769 0.35385851 0.46460162  0.48109267 0.47190843 0.43452283 0.38595027 0.3992976  0.44733029  0.52908455 0.38078184 0.39373238 0.44873962
0.00039479 0.36283831 0.35232302 0.39930133 0.34523319 0.50234819  0.48417291 0.45702496 0.47508945 0.39693445 0.45000532 0.44589633  0.47476172 0.42761975 0.50206904 0.41641874
0.00039479 0.36283831 0.35232302 0.39930133 0.34523319 0.50234819  0.48417291 0.45702496 0.47508945 0.39693445 0.45000532 0.44589633  0.47476172 0.42761975 0.50206904 0.41641874
0.00039479 0.36283831 0.35232302 0.39930133 0.34523319 0.50234819  0.48417291 0.45702496 0.47508945 0.39693445 0.45000532 0.44589633  0.47476172 0.42761975 0.50206904 0.41641874
0.00039479 0.36283831 0.35232302 0.39930133 0.34523319 0.50234819  0.48417291 0.45702496 0.47508945 0.39693445 0.45000532 0.44589633  0.47476172 0.42761975 0.50206904 0.41641874
0.00039479 0.36283831 0.35232302 0.39930133 0.34523319 0.50234819  0.48417291 0.45702496 0.47508945 0.39693445 0.45000532 0.44589633  0.47476172 0.42761975 0.50206904 0.41641874
0.00039479 0.36283831 0.35232302 0.39930133 0.34523319 0.50234819  0.48417291 0.45702496 0.47508945 0.39693445 0.45000532 0.44589633  0.47476172 0.42761975 0.50206904 0.41641874
0.00039479 0.36283831 0.35232302 0.39930133 0.34523319 0.50234819  0.48417291 0.45702496 0.47508945 0.39693445 0.45000532 0.44589633  0.47476172 0.42761975 0.50206904 0.41641874
0.00039479 0.36283831 0.35232302 0.39930133 0.34523319 0.50234819  0.48417291 0.45702496 0.47508945 0.39693445 0.45000532 0.44589633  0.47476172 0.42761975 0.50206904 0.41641874
0.00039479 0.36283831 0.35232302 0.39930133 0.34523319 0.50234819  0.48417291 0.45702496 0.47508945 0.39693445 0.45000532 0.44589633  0.47476172 0.42761975 0.50206904 0.41641874
0.00039479 0.36283831 0.35232302 0.39930133 0.34523319 0.50234819  0.48417291 0.45702496 0.47508945 0.39693445 0.45000532 0.44589633  0.47476172 0.42761975 0.50206904 0.41641874
0.0177474  0.38984345 0.33852207 0.42635267 0.35697043 0.47086435  0.45750391 0.47765391 0.48169648 0.39463854 0.42895995 0.44917931  0.51265071 0.44991576 0.53083289 0.43501917
0.0177474  0.38984345 0.33852207 0.42635267 0.35697043 0.47086435  0.45750391 0.47765391 0.48169648 0.39463854 0.42895995 0.44917931  0.51265071 0.44991576 0.53083289 0.43501917
0.10743976 0.51486474 0.2732248  0.53025994 0.39261214 0.35927287  0.38380433 0.54121476 0.48137488 0.36837453 0.3854511  0.44350229  0.61397391 0.45602534 0.48270547 0.44652352
0.16179072 0.59132544 0.23402646 0.59278806 0.41631207 0.29752195  0.33809818 0.57266543 0.49533316 0.35798207 0.38279208 0.44120984  0.63455931 0.4883364  0.5255896  0.42551669
0.21625817 0.65412082 0.19506601 0.62889281 0.43857058 0.22907568  0.36531516 0.56668024 0.40015686 0.35616439 0.31687244 0.45061495  0.59648246 0.42405524 0.42312625 0.42221165
0.3834513  0.78670074 0.1170113  0.5923351  0.41018714 0.37609241  0.49783219 0.44413497 0.42558293 0.40051251 0.54432845 0.43499739  0.30283962 0.36216036 0.42080557 0.33542434
0.51146511 0.79993663 0.10042651 0.43160372 0.33703057 0.62117098  0.64169506 0.38324518 0.42832268 0.44930576 0.54564566 0.45127321  0.43645501 0.36708524 0.42951453 0.47368495
0.5805287  0.74168416 0.10642507 0.28770622 0.32206729 0.63853522  0.69543258 0.52707274 0.42096165 0.40027037 0.50992896 0.43680873  0.65015541 0.43933157 0.5128832  0.50609601
0.59521899 0.71231201 0.09946105 0.26900658 0.33004911 0.62165695  0.68773549 0.45743126 0.45097386 0.41028433 0.44240714 0.4661279  0.66740669 0.51360893 0.57316234 0.51305839
0.71588846 0.49437115 0.10299376 0.11689564 0.33363006 0.51375307  0.49986245 0.53943342 0.58439982 0.3680535  0.30332519 0.5216221  0.54975853 0.49042187 0.62786353 0.5163507 
0.7689441  0.36256951 0.09195815 0.11502946 0.36984051 0.43640136  0.35905026 0.4429618  0.65211285 0.33690123 0.34520823 0.49225303  0.42027361 0.29836074 0.46732284 0.40181043
0.7689441  0.36256951 0.09195815 0.11502946 0.36984051 0.43640136  0.35905026 0.4429618  0.65211285 0.33690123 0.34520823 0.49225303  0.42027361 0.29836074 0.46732284 0.40181043
0.7689441  0.36256951 0.09195815 0.11502946 0.36984051 0.43640136  0.35905026 0.4429618  0.65211285 0.33690123 0.34520823 0.49225303  0.42027361 0.29836074 0.46732284 0.40181043
0.78439602 0.34920449 0.11509822 0.12285053 0.34576701 0.4533275  0.31428084 0.45325025 0.60155421 0.35564157 0.3029053  0.49730314  0.41435012 0.29059942 0.41129945 0.33353117
0.78439602 0.34920449 0.11509822 0.12285053 0.34576701 0.4533275  0.31428084 0.45325025 0.60155421 0.35564157 0.3029053  0.49730314  0.41435012 0.29059942 0.41129945 0.33353117
0.7927711  0.32384498 0.12219952 0.15999862 0.33453844 0.42864412  0.32779735 0.45718746 0.60676875 0.41005514 0.40136827 0.52869487  0.42710306 0.30721666 0.3725101  0.41579538
0.7927711  0.32384498 0.12219952 0.15999862 0.33453844 0.42864412  0.32779735 0.45718746 0.60676875 0.41005514 0.40136827 0.52869487  0.42710306 0.30721666 0.3725101  0.41579538
0.7927711  0.32384498 0.12219952 0.15999862 0.33453844 0.42864412  0.32779735 0.45718746 0.60676875 0.41005514 0.40136827 0.52869487  0.42710306 0.30721666 0.3725101  0.41579538
0.79215722 0.31910008 0.10777139 0.16629558 0.37252552 0.48737338  0.30736745 0.44750364 0.55797312 0.34979707 0.30291232 0.44142239  0.43131625 0.2682351  0.46723133 0.35357067
0.7767053  0.33246509 0.08463132 0.15847451 0.39659903 0.47044724  0.35213687 0.4372152  0.60853177 0.33105673 0.34521525 0.43637228  0.43723974 0.27599642 0.52325471 0.42184993
0.7767053  0.33246509 0.08463132 0.15847451 0.39659903 0.47044724  0.35213687 0.4372152  0.60853177 0.33105673 0.34521525 0.43637228  0.43723974 0.27599642 0.52325471 0.42184993
0.7620026  0.35885132 0.07219385 0.16127677 0.41325097 0.4850315  0.38763759 0.39575167 0.63533128 0.30781966 0.36671133 0.42930374  0.55543889 0.33915533 0.48615988 0.44271097
0.66210193 0.53009608 0.04737255 0.20582606 0.43113082 0.46012609  0.58588894 0.21335801 0.66576282 0.3314285  0.4455944  0.48120594  0.65883775 0.53185857 0.61481044 0.43323704
0.62628662 0.54529619 0.03984432 0.26899323 0.46199702 0.39304402  0.581138   0.14218669 0.65459545 0.34824794 0.46562188 0.49050634  0.5279373  0.53189292 0.64452497 0.37680677
0.42008767 0.6343857  0.07664123 0.50329296 0.5194004  0.18145214  0.58813127 0.23607748 0.34299085 0.40386712 0.29259187 0.4978082  0.41589631 0.46122397 0.64899843 0.29495565
0.30657541 0.70111784 0.13470736 0.58012967 0.47680328 0.16692532  0.55916449 0.4848959  0.2411768  0.39770651 0.30337129 0.48014574  0.42564492 0.39747569 0.472816   0.40093366
0.12395152 0.51573332 0.25559881 0.51888776 0.41790437 0.28076926  0.46513947 0.51406691 0.31455051 0.39340552 0.20530521 0.48858413  0.67314613 0.35097288 0.32534225 0.5648578 
0.03570449 0.41256652 0.32481348 0.44346236 0.36297546 0.43289222  0.46698566 0.4880752  0.41982002 0.37795658 0.37170853 0.44831936  0.5704997  0.36843359 0.35263673 0.4613214 
0.00039479 0.36283831 0.35232302 0.39930133 0.34523319 0.50234819  0.48417291 0.45702496 0.47508945 0.39693445 0.45000532 0.44589633  0.47476172 0.42761975 0.50206904 0.41641874
0.00039479 0.36283831 0.35232302 0.39930133 0.34523319 0.50234819  0.48417291 0.45702496 0.47508945 0.39693445 0.45000532 0.44589633  0.47476172 0.42761975 0.50206904 0.41641874
0.00039479 0.36283831 0.35232302 0.39930133 0.34523319 0.50234819  0.48417291 0.45702496 0.47508945 0.39693445 0.45000532 0.44589633  0.47476172 0.42761975 0.50206904 0.41641874
0.00039479 0.36283831 0.35232302 0.39930133 0.34523319 0.50234819  0.48417291 0.45702496 0.47508945 0.39693445 0.45000532 0.44589633  0.47476172 0.42761975 0.50206904 0.41641874
0.00039479 0.36283831 0.35232302 0.39930133 0.34523319 0.50234819  0.48417291 0.45702496 0.47508945 0.39693445 0.45000532 0.44589633  0.47476172 0.42761975 0.50206904 0.41641874
0.00039479 0.36283831 0.35232302 0.39930133 0.34523319 0.50234819  0.48417291 0.45702496 0.47508945 0.39693445 0.45000532 0.44589633  0.47476172 0.42761975 0.50206904 0.41641874
0.00039479 0.36283831 0.35232302 0.39930133 0.34523319 0.50234819  0.48417291 0.45702496 0.47508945 0.39693445 0.45000532 0.44589633  0.47476172 0.42761975 0.50206904 0.41641874
0.00039479 0.36283831 0.35232302 0.39930133 0.34523319 0.50234819  0.48417291 0.45702496 0.47508945 0.39693445 0.45000532 0.44589633  0.47476172 0.42761975 0.50206904 0.41641874
0.00039479 0.36283831 0.35232302 0.39930133 0.34523319 0.50234819  0.48417291 0.45702496 0.47508945 0.39693445 0.45000532 0.44589633  0.47476172 0.42761975 0.50206904 0.41641874
0.00039479 0.36283831 0.35232302 0.39930133 0.34523319 0.50234819  0.48417291 0.45702496 0.47508945 0.39693445 0.45000532 0.44589633  0.47476172 0.42761975 0.50206904 0.41641874
0.00039479 0.36283831 0.35232302 0.39930133 0.34523319 0.50234819  0.48417291 0.45702496 0.47508945 0.39693445 0.45000532 0.44589633  0.47476172 0.42761975 0.50206904 0.41641874
0.00039479 0.36283831 0.35232302 0.39930133 0.34523319 0.50234819  0.48417291 0.45702496 0.47508945 0.39693445 0.45000532 0.44589633  0.47476172 0.42761975 0.50206904 0.41641874
0.0177474  0.38984345 0.33852207 0.42635267 0.35697043 0.47086435  0.45750391 0.47765391 0.48169648 0.39463854 0.42895995 0.44917931  0.51265071 0.44991576 0.53083289 0.43501917
0.21678858 0.66459986 0.19654947 0.64402676 0.43237291 0.25622955  0.31141983 0.58972236 0.49834317 0.34545772 0.39844565 0.43266049  0.63692831 0.47309869 0.47686509 0.40326655
0.21678858 0.66459986 0.19654947 0.64402676 0.43237291 0.25622955  0.31141983 0.58972236 0.49834317 0.34545772 0.39844565 0.43266049  0.63692831 0.47309869 0.47686509 0.40326655
0.25452413 0.70266629 0.17849277 0.64628663 0.42512449 0.29070171  0.32802908 0.56812632 0.51784788 0.33835279 0.48426618 0.41414938  0.57518326 0.44879581 0.42331398 0.35635185
0.3623185  0.70141275 0.11793806 0.482447   0.4686787  0.22673596  0.70763792 0.46113596 0.2248623  0.35196628 0.46812644 0.42598174  0.42205473 0.41279619 0.41748126 0.31519157
0.38015791 0.69010357 0.11674707 0.43890427 0.46661966 0.23524533  0.74141666 0.50571719 0.22372529 0.32259071 0.49647983 0.40838359  0.50213087 0.44317792 0.42734277 0.32726969
0.45774676 0.58084735 0.09244101 0.34551507 0.49718364 0.16418242  0.6947979  0.47919135 0.3816049  0.222967   0.64847344 0.37547052  0.50722305 0.47992635 0.29063527 0.28163971
0.45774676 0.58084735 0.09244101 0.34551507 0.49718364 0.16418242  0.6947979  0.47919135 0.3816049  0.222967   0.64847344 0.37547052  0.50722305 0.47992635 0.29063527 0.28163971
0.4906351  0.48091876 0.07013597 0.39372612 0.55670349 0.15655691  0.61780038 0.38787053 0.3888689  0.1851252  0.70325908 0.29890299  0.51419354 0.36590763 0.20604366 0.25036293
0.50802019 0.4650416  0.07259455 0.35243658 0.55122984 0.16183248  0.6293304  0.45398675 0.39176306 0.16279981 0.71083986 0.28616009  0.58090454 0.38163671 0.2147522  0.26835408
0.53934334 0.44107238 0.05944052 0.33811068 0.55239049 0.21294803  0.61041978 0.36385932 0.43591502 0.16235721 0.7118738  0.28276834  0.62400861 0.3324493  0.17728867 0.25332616
0.56213852 0.38061191 0.04668073 0.35720048 0.58707632 0.22359087  0.5928236  0.31110819 0.43134142 0.15114589 0.66723185 0.24912975  0.66078471 0.38915363 0.27163585 0.2829065 
0.56213852 0.38061191 0.04668073 0.35720048 0.58707632 0.22359087  0.5928236  0.31110819 0.43134142 0.15114589 0.66723185 0.24912975  0.66078471 0.38915363 0.27163585 0.2829065 
0.56213852 0.38061191 0.04668073 0.35720048 0.58707632 0.22359087  0.5928236  0.31110819 0.43134142 0.15114589 0.66723185 0.24912975  0.66078471 0.38915363 0.27163585 0.2829065 
0.56213852 0.38061191 0.04668073 0.35720048 0.58707632 0.22359087  0.5928236  0.31110819 0.43134142 0.15114589 0.66723185 0.24912975  0.66078471 0.38915363 0.27163585 0.2829065 
0.58275867 0.33394431 0.04959994 0.37757248 0.6058022  0.2462849  0.59255059 0.40624133 0.41369081 0.15472696 0.63412874 0.2422017  0.6076621  0.37905004 0.33386142 0.27905549
0.5636909  0.32105339 0.05498756 0.39110354 0.61732983 0.20656067  0.57179336 0.42424351 0.39957896 0.16331029 0.57763214 0.25647298  0.61399145 0.3908161  0.37983679 0.29955959
0.5636909  0.32105339 0.05498756 0.39110354 0.61732983 0.20656067  0.57179336 0.42424351 0.39957896 0.16331029 0.57763214 0.25647298  0.61399145 0.3908161  0.37983679 0.29955959
0.5636909  0.32105339 0.05498756 0.39110354 0.61732983 0.20656067  0.57179336 0.42424351 0.39957896 0.16331029 0.57763214 0.25647298  0.61399145 0.3908161  0.37983679 0.29955959
0.5636909  0.32105339 0.05498756 0.39110354 0.61732983 0.20656067  0.57179336 0.42424351 0.39957896 0.16331029 0.57763214 0.25647298  0.61399145 0.3908161  0.37983679 0.29955959
0.5636909  0.32105339 0.05498756 0.39110354 0.61732983 0.20656067  0.57179336 0.42424351 0.39957896 0.16331029 0.57763214 0.25647298  0.61399145 0.3908161  0.37983679 0.29955959
0.5636909  0.32105339 0.05498756 0.39110354 0.61732983 0.20656067  0.57179336 0.42424351 0.39957896 0.16331029 0.57763214 0.25647298  0.61399145 0.3908161  0.37983679 0.29955959
0.56703989 0.35926196 0.04274771 0.40391297 0.61169833 0.2603227  0.61497098 0.33360976 0.41686667 0.137771   0.64766078 0.23255068  0.66273583 0.40123836 0.31313927 0.26697929
0.56213852 0.38061191 0.04668073 0.35720048 0.58707632 0.22359087  0.5928236  0.31110819 0.43134142 0.15114589 0.66723185 0.24912975  0.66078471 0.38915363 0.27163585 0.2829065 
0.54710454 0.41096797 0.05211369 0.38155573 0.579149   0.24699391  0.60350639 0.35811272 0.39233394 0.15651271 0.71188082 0.2268876  0.64097475 0.31008498 0.23322054 0.27336566
0.54710454 0.41096797 0.05211369 0.38155573 0.579149   0.24699391  0.60350639 0.35811272 0.39233394 0.15651271 0.71188082 0.2268876  0.64097475 0.31008498 0.23322054 0.27336566
0.49179484 0.49766463 0.06889332 0.39001605 0.5537328  0.22537018  0.65585895 0.37244977 0.3258775  0.21240682 0.61346619 0.29349957  0.64536293 0.29326885 0.31115686 0.24383398
0.40511251 0.60766703 0.09826139 0.43042475 0.5105811  0.17232823  0.66935396 0.3751117  0.30454043 0.29905982 0.47551348 0.4103486  0.51142063 0.37183748 0.36537365 0.26705496
0.30644277 0.67464355 0.1411978  0.53293445 0.4767098  0.18572331  0.58631277 0.50839197 0.29505101 0.36881082 0.3820142  0.45377365  0.53807712 0.45781985 0.51301025 0.38482361
0.27015845 0.6776293  0.15781639 0.59569359 0.46521261 0.19513694  0.46868594 0.52059135 0.35375474 0.38849111 0.33002948 0.4724019  0.56434098 0.44450136 0.49504485 0.43456053
0.08984418 0.48768988 0.28568376 0.50188195 0.38618001 0.36737378  0.43902301 0.51262362 0.39342199 0.36628741 0.33865848 0.44957398  0.60695711 0.34402613 0.29009259 0.47373052
0.0177474  0.38984345 0.33852207 0.42635267 0.35697043 0.47086435  0.45750391 0.47765391 0.48169648 0.39463854 0.42895995 0.44917931  0.51265071 0.44991576 0.53083289 0.43501917
0.0177474  0.38984345 0.33852207 0.42635267 0.35697043 0.47086435  0.45750391 0.47765391 0.48169648 0.39463854 0.42895995 0.44917931  0.51265071 0.44991576 0.53083289 0.43501917
0.00039479 0.36283831 0.35232302 0.39930133 0.34523319 0.50234819  0.48417291 0.45702496 0.47508945 0.39693445 0.45000532 0.44589633  0.47476172 0.42761975 0.50206904 0.41641874
0.00039479 0.36283831 0.35232302 0.39930133 0.34523319 0.50234819  0.48417291 0.45702496 0.47508945 0.39693445 0.45000532 0.44589633  0.47476172 0.42761975 0.50206904 0.41641874
0.00039479 0.36283831 0.35232302 0.39930133 0.34523319 0.50234819  0.48417291 0.45702496 0.47508945 0.39693445 0.45000532 0.44589633  0.47476172 0.42761975 0.50206904 0.41641874
0.00039479 0.36283831 0.35232302 0.39930133 0.34523319 0.50234819  0.48417291 0.45702496 0.47508945 0.39693445 0.45000532 0.44589633  0.47476172 0.42761975 0.50206904 0.41641874
0.00039479 0.36283831 0.35232302 0.39930133 0.34523319 0.50234819  0.48417291 0.45702496 0.47508945 0.39693445 0.45000532 0.44589633  0.47476172 0.42761975 0.50206904 0.41641874
0.00039479 0.36283831 0.35232302 0.39930133 0.34523319 0.50234819  0.48417291 0.45702496 0.47508945 0.39693445 0.45000532 0.44589633  0.47476172 0.42761975 0.50206904 0.41641874
0.00039479 0.36283831 0.35232302 0.39930133 0.34523319 0.50234819  0.48417291 0.45702496 0.47508945 0.39693445 0.45000532 0.44589633  0.47476172 0.42761975 0.50206904 0.41641874
0.00039479 0.36283831 0.35232302 0.39930133 0.34523319 0.50234819  0.48417291 0.45702496 0.47508945 0.39693445 0.45000532 0.44589633  0.47476172 0.42761975 0.50206904 0.41641874
0.00039479 0.36283831 0.35232302 0.39930133 0.34523319 0.50234819  0.48417291 0.45702496 0.47508945 0.39693445 0.45000532 0.44589633  0.47476172 0.42761975 0.50206904 0.41641874
0.00039479 0.36283831 0.35232302 0.39930133 0.34523319 0.50234819  0.48417291 0.45702496 0.47508945 0.39693445 0.45000532 0.44589633  0.47476172 0.42761975 0.50206904 0.41641874
0.00039479 0.36283831 0.35232302 0.39930133 0.34523319 0.50234819  0.48417291 0.45702496 0.47508945 0.39693445 0.45000532 0.44589633  0.47476172 0.42761975 0.50206904 0.41641874
0.00039479 0.36283831 0.35232302 0.39930133 0.34523319 0.50234819  0.48417291 0.45702496 0.47508945 0.39693445 0.45000532 0.44589633  0.47476172 0.42761975 0.50206904 0.41641874
0.00039479 0.36283831 0.35232302 0.39930133 0.34523319 0.50234819  0.48417291 0.45702496 0.47508945 0.39693445 0.45000532 0.44589633  0.47476172 0.42761975 0.50206904 0.41641874
0.00039479 0.36283831 0.35232302 0.39930133 0.34523319 0.50234819  0.48417291 0.45702496 0.47508945 0.39693445 0.45000532 0.44589633  0.47476172 0.42761975 0.50206904 0.41641874
0.00039479 0.36283831 0.35232302 0.39930133 0.34523319 0.50234819  0.48417291 0.45702496 0.47508945 0.39693445 0.45000532 0.44589633  0.47476172 0.42761975 0.50206904 0.41641874
0.00039479 0.36283831 0.35232302 0.39930133 0.34523319 0.50234819  0.48417291 0.45702496 0.47508945 0.39693445 0.45000532 0.44589633  0.47476172 0.42761975 0.50206904 0.41641874
0.00039479 0.36283831 0.35232302 0.39930133 0.34523319 0.50234819  0.48417291 0.45702496 0.47508945 0.39693445 0.45000532 0.44589633  0.47476172 0.42761975 0.50206904 0.41641874
0.00039479 0.36283831 0.35232302 0.39930133 0.34523319 0.50234819  0.48417291 0.45702496 0.47508945 0.39693445 0.45000532 0.44589633  0.47476172 0.42761975 0.50206904 0.41641874
0.00039479 0.36283831 0.35232302 0.39930133 0.34523319 0.50234819  0.48417291 0.45702496 0.47508945 0.39693445 0.45000532 0.44589633  0.47476172 0.42761975 0.50206904 0.41641874
0.00039479 0.36283831 0.35232302 0.39930133 0.34523319 0.50234819  0.48417291 0.45702496 0.47508945 0.39693445 0.45000532 0.44589633  0.47476172 0.42761975 0.50206904 0.41641874
0.00039479 0.36283831 0.35232302 0.39930133 0.34523319 0.50234819  0.48417291 0.45702496 0.47508945 0.39693445 0.45000532 0.44589633  0.47476172 0.42761975 0.50206904 0.41641874
0.00039479 0.36283831 0.35232302 0.39930133 0.34523319 0.50234819  0.48417291 0.45702496 0.47508945 0.39693445 0.45000532 0.44589633  0.47476172 0.42761975 0.50206904 0.41641874
0.00039479 0.36283831 0.35232302 0.39930133 0.34523319 0.50234819  0.48417291 0.45702496 0.47508945 0.39693445 0.45000532 0.44589633  0.47476172 0.42761975 0.50206904 0.41641874
0.00039479 0.36283831 0.35232302 0.39930133 0.34523319 0.50234819  0.48417291 0.45702496 0.47508945 0.39693445 0.45000532 0.44589633  0.47476172 0.42761975 0.50206904 0.41641874
0.00039479 0.36283831 0.35232302 0.39930133 0.34523319 0.50234819  0.48417291 0.45702496 0.47508945 0.39693445 0.45000532 0.44589633  0.47476172 0.42761975 0.50206904 0.41641874
0.00039479 0.36283831 0.35232302 0.39930133 0.34523319 0.50234819  0.48417291 0.45702496 0.47508945 0.39693445 0.45000532 0.44589633  0.47476172 0.42761975 0.50206904 0.41641874
0.00039479 0.36283831 0.35232302 0.39930133 0.34523319 0.50234819  0.48417291 0.45702496 0.47508945 0.39693445 0.45000532 0.44589633  0.47476172 0.42761975 0.50206904 0.41641874
0.00039479 0.36283831 0.35232302 0.39930133 0.34523319 0.50234819  0.48417291 0.45702496 0.47508945 0.39693445 0.45000532 0.44589633  0.47476172 0.42761975 0.50206904 0.41641874
