0.01779563 0.38669558 0.33863985 0.42004769 0.35385851 0.46460162  0.48109267 0.47190843 0.43452283 0.38595027 0.3992976  0.44733029  0.52908455 0.38078184 0.39373238 0.44873962
0.01779563 0.38669558 0.33863985 0.42004769 0.35385851 0.46460162  0.48109267 0.47190843 0.43452283 0.38595027 0.3992976  0.44733029  0.52908455 0.38078184 0.39373238 0.44873962
0.01779563 0.38669558 0.33863985 0.42004769 0.35385851 0.46460162  0.48109267 0.47190843 0.43452283 0.38595027 0.3992976  0.44733029  0.52908455 0.38078184 0.39373238 0.44873962
0.01779563 0.38669558 0.33863985 0.42004769 0.35385851 0.46460162  0.48109267 0.47190843 0.43452283 0.38595027 0.3992976  0.44733029  0.52908455 0.38078184 0.39373238 0.44873962
0.01779563 0.38669558 0.33863985 0.42004769 0.35385851 0.46460162  0.48109267 0.47190843 0.43452283 0.38595027 0.3992976  0.44733029  0.52908455 0.38078184 0.39373238 0.44873962
0.01779563 0.38669558 0.33863985 0.42004769 0.35385851 0.46460162  0.48109267 0.47190843 0.43452283 0.38595027 0.3992976  0.44733029  0.52908455 0.38078184 0.39373238 0.44873962
0.01779563 0.38669558 0.33863985 0.42004769 0.35385851 0.46460162  0.48109267 0.47190843 0.43452283 0.38595027 0.3992976  0.44733029  0.52908455 0.38078184 0.39373238 0.44873962
0.01779563 0.38669558 0.33863985 0.42004769 0.35385851 0.46460162  0.48109267 0.47190843 0.43452283 0.38595027 0.3992976  0.44733029  0.52908455 0.38078184 0.39373238 0.44873962
0.01779563 0.38669558 0.33863985 0.42004769 0.35385851 0.46460162  0.48109267 0.47190843 0.43452283 0.38595027 0.3992976  0.44733029  0.52908455 0.38078184 0.39373238 0.44873962
0.00039479 0.36283831 0.35232302 0.39930133 0.34523319 0.50234819  0.48417291 0.45702496 0.47508945 0.39693445 0.45000532 0.44589633  0.47476172 0.42761975 0.50206904 0.41641874
0.00039479 0.36283831 0.35232302 0.39930133 0.34523319 0.50234819  0.48417291 0.45702496 0.47508945 0.39693445 0.45000532 0.44589633  0.47476172 0.42761975 0.50206904 0.41641874
0.00039479 0.36283831 0.35232302 0.39930133 0.34523319 0.50234819  0.48417291 0.45702496 0.47508945 0.39693445 0.45000532 0.44589633  0.47476172 0.42761975 0.50206904 0.41641874
0.00039479 0.36283831 0.35232302 0.39930133 0.34523319 0.50234819  0.48417291 0.45702496 0.47508945 0.39693445 0.45000532 0.44589633  0.47476172 0.42761975 0.50206904 0.41641874
0.00039479 0.36283831 0.35232302 0.39930133 0.34523319 0.50234819  0.48417291 0.45702496 0.47508945 0.39693445 0.45000532 0.44589633  0.47476172 0.42761975 0.50206904 0.41641874
0.00039479 0.36283831 0.35232302 0.39930133 0.34523319 0.50234819  0.48417291 0.45702496 0.47508945 0.39693445 0.45000532 0.44589633  0.47476172 0.42761975 0.50206904 0.41641874
0.00039479 0.36283831 0.35232302 0.39930133 0.34523319 0.50234819  0.48417291 0.45702496 0.47508945 0.39693445 0.45000532 0.44589633  0.47476172 0.42761975 0.50206904 0.41641874
0.00039479 0.36283831 0.35232302 0.39930133 0.34523319 0.50234819  0.48417291 0.45702496 0.47508945 0.39693445 0.45000532 0.44589633  0.47476172 0.42761975 0.50206904 0.41641874
0.00039479 0.36283831 0.35232302 0.39930133 0.34523319 0.50234819  0.48417291 0.45702496 0.47508945 0.39693445 0.45000532 0.44589633  0.47476172 0.42761975 0.50206904 0.41641874
0.00039479 0.36283831 0.35232302 0.39930133 0.34523319 0.50234819  0.48417291 0.45702496 0.47508945 0.39693445 0.45000532 0.44589633  0.47476172 0.42761975 0.50206904 0.41641874
0.00039479 0.36283831 0.35232302 0.39930133 0.34523319 0.50234819  0.48417291 0.45702496 0.47508945 0.39693445 0.45000532 0.44589633  0.47476172 0.42761975 0.50206904 0.41641874
0.00039479 0.36283831 0.35232302 0.39930133 0.34523319 0.50234819  0.48417291 0.45702496 0.47508945 0.39693445 0.45000532 0.44589633  0.47476172 0.42761975 0.50206904 0.41641874
0.00039479 0.36283831 0.35232302 0.39930133 0.34523319 0.50234819  0.48417291 0.45702496 0.47508945 0.39693445 0.45000532 0.44589633  0.47476172 0.42761975 0.50206904 0.41641874
0.00039479 0.36283831 0.35232302 0.39930133 0.34523319 0.50234819  0.48417291 0.45702496 0.47508945 0.39693445 0.45000532 0.44589633  0.47476172 0.42761975 0.50206904 0.41641874
0.00039479 0.36283831 0.35232302 0.39930133 0.34523319 0.50234819  0.48417291 0.45702496 0.47508945 0.39693445 0.45000532 0.44589633  0.47476172 0.42761975 0.50206904 0.41641874
0.00039479 0.36283831 0.35232302 0.39930133 0.34523319 0.50234819  0.48417291 0.45702496 0.47508945 0.39693445 0.45000532 0.44589633  0.47476172 0.42761975 0.50206904 0.41641874
0.00039479 0.36283831 0.35232302 0.39930133 0.34523319 0.50234819  0.48417291 0.45702496 0.47508945 0.39693445 0.45000532 0.44589633  0.47476172 0.42761975 0.50206904 0.41641874
0.00039479 0.36283831 0.35232302 0.39930133 0.34523319 0.50234819  0.48417291 0.45702496 0.47508945 0.39693445 0.45000532 0.44589633  0.47476172 0.42761975 0.50206904 0.41641874
0.00039479 0.36283831 0.35232302 0.39930133 0.34523319 0.50234819  0.48417291 0.45702496 0.47508945 0.39693445 0.45000532 0.44589633  0.47476172 0.42761975 0.50206904 0.41641874
0.00039479 0.36283831 0.35232302 0.39930133 0.34523319 0.50234819  0.48417291 0.45702496 0.47508945 0.39693445 0.45000532 0.44589633  0.47476172 0.42761975 0.50206904 0.41641874
0.00039479 0.36283831 0.35232302 0.39930133 0.34523319 0.50234819  0.48417291 0.45702496 0.47508945 0.39693445 0.45000532 0.44589633  0.47476172 0.42761975 0.50206904 0.41641874
0.00039479 0.36283831 0.35232302 0.39930133 0.34523319 0.50234819  0.48417291 0.45702496 0.47508945 0.39693445 0.45000532 0.44589633  0.47476172 0.42761975 0.50206904 0.41641874
0.00039479 0.36283831 0.35232302 0.39930133 0.34523319 0.50234819  0.48417291 0.45702496 0.47508945 0.39693445 0.45000532 0.44589633  0.47476172 0.42761975 0.50206904 0.41641874
0.00039479 0.36283831 0.35232302 0.39930133 0.34523319 0.50234819  0.48417291 0.45702496 0.47508945 0.39693445 0.45000532 0.44589633  0.47476172 0.42761975 0.50206904 0.41641874
0.00039479 0.36283831 0.35232302 0.39930133 0.34523319 0.50234819  0.48417291 0.45702496 0.47508945 0.39693445 0.45000532 0.44589633  0.47476172 0.42761975 0.50206904 0.41641874
0.00039479 0.36283831 0.35232302 0.39930133 0.34523319 0.50234819  0.48417291 0.45702496 0.47508945 0.39693445 0.45000532 0.44589633  0.47476172 0.42761975 0.50206904 0.41641874
0.00039479 0.36283831 0.35232302 0.39930133 0.34523319 0.50234819  0.48417291 0.45702496 0.47508945 0.39693445 0.45000532 0.44589633  0.47476172 0.42761975 0.50206904 0.41641874
0.00039479 0.36283831 0.35232302 0.39930133 0.34523319 0.50234819  0.48417291 0.45702496 0.47508945 0.39693445 0.45000532 0.44589633  0.47476172 0.42761975 0.50206904 0.41641874
0.00039479 0.36283831 0.35232302 0.39930133 0.34523319 0.50234819  0.48417291 0.45702496 0.47508945 0.39693445 0.45000532 0.44589633  0.47476172 0.42761975 0.50206904 0.41641874
0.00039479 0.36283831 0.35232302 0.39930133 0.34523319 0.50234819  0.48417291 0.45702496 0.47508945 0.39693445 0.45000532 0.44589633  0.47476172 0.42761975 0.50206904 0.41641874
0.00039479 0.36283831 0.35232302 0.39930133 0.34523319 0.50234819  0.48417291 0.45702496 0.47508945 0.39693445 0.45000532 0.44589633  0.47476172 0.42761975 0.50206904 0.41641874
0.00039479 0.36283831 0.35232302 0.39930133 0.34523319 0.50234819  0.48417291 0.45702496 0.47508945 0.39693445 0.45000532 0.44589633  0.47476172 0.42761975 0.50206904 0.41641874
0.00039479 0.36283831 0.35232302 0.39930133 0.34523319 0.50234819  0.48417291 0.45702496 0.47508945 0.39693445 0.45000532 0.44589633  0.47476172 0.42761975 0.50206904 0.41641874
0.00039479 0.36283831 0.35232302 0.39930133 0.34523319 0.50234819  0.48417291 0.45702496 0.47508945 0.39693445 0.45000532 0.44589633  0.47476172 0.42761975 0.50206904 0.41641874
0.00039479 0.36283831 0.35232302 0.39930133 0.34523319 0.50234819  0.48417291 0.45702496 0.47508945 0.39693445 0.45000532 0.44589633  0.47476172 0.42761975 0.50206904 0.41641874
0.00039479 0.36283831 0.35232302 0.39930133 0.34523319 0.50234819  0.48417291 0.45702496 0.47508945 0.39693445 0.45000532 0.44589633  0.47476172 0.42761975 0.50206904 0.41641874
0.00039479 0.36283831 0.35232302 0.39930133 0.34523319 0.50234819  0.48417291 0.45702496 0.47508945 0.39693445 0.45000532 0.44589633  0.47476172 0.42761975 0.50206904 0.41641874
0.00039479 0.36283831 0.35232302 0.39930133 0.34523319 0.50234819  0.48417291 0.45702496 0.47508945 0.39693445 0.45000532 0.44589633  0.47476172 0.42761975 0.50206904 0.41641874
0.00039479 0.36283831 0.35232302 0.39930133 0.34523319 0.50234819  0.48417291 0.45702496 0.47508945 0.39693445 0.45000532 0.44589633  0.47476172 0.42761975 0.50206904 0.41641874
0.00039479 0.36283831 0.35232302 0.39930133 0.34523319 0.50234819  0.48417291 0.45702496 0.47508945 0.39693445 0.45000532 0.44589633  0.47476172 0.42761975 0.50206904 0.41641874
0.00039479 0.36283831 0.35232302 0.39930133 0.34523319 0.50234819  0.48417291 0.45702496 0.47508945 0.39693445 0.45000532 0.44589633  0.47476172 0.42761975 0.50206904 0.41641874
0.00039479 0.36283831 0.35232302 0.39930133 0.34523319 0.50234819  0.48417291 0.45702496 0.47508945 0.39693445 0.45000532 0.44589633  0.47476172 0.42761975 0.50206904 0.41641874
0.00039479 0.36283831 0.35232302 0.39930133 0.34523319 0.50234819  0.48417291 0.45702496 0.47508945 0.39693445 0.45000532 0.44589633  0.47476172 0.42761975 0.50206904 0.41641874
0.00039479 0.36283831 0.35232302 0.39930133 0.34523319 0.50234819  0.48417291 0.45702496 0.47508945 0.39693445 0.45000532 0.44589633  0.47476172 0.42761975 0.50206904 0.41641874
0.0536628  0.44240702 0.31244086 0.47255325 0.37234245 0.4347995  0.41032534 0.5038868  0.51648388 0.39941691 0.4265254  0.45434213  0.52269843 0.49085358 0.62015411 0.44430781
0.16296061 0.56557064 0.262621   0.54858063 0.35174769 0.52161781  0.30239916 0.45110702 0.61599696 0.51004372 0.34054618 0.52040305  0.46671523 0.50944592 0.81110007 0.56185547
0.27446527 0.68540067 0.20707586 0.58542276 0.33739018 0.59169255  0.27112498 0.45107705 0.7422888  0.48933197 0.54705963 0.47373919  0.40974523 0.5416191  0.81295345 0.4650762 
0.34508698 0.74347794 0.19281375 0.63983402 0.32981627 0.56099535  0.21854512 0.4706193  0.66039971 0.4914295  0.50402875 0.4724301  0.40080351 0.49441103 0.66757769 0.36527652
0.45111239 0.79647766 0.26426672 0.60688993 0.23411126 0.71213121  0.19493013 0.44137961 0.62136285 0.38256478 0.44515286 0.47956623  0.59771907 0.44993424 0.34021095 0.50960338
0.51065623 0.79712897 0.44174762 0.6720842  0.15303156 0.71163536  0.16914089 0.37505826 0.50820784 0.21170329 0.41509733 0.53187487  0.73460125 0.42373955 0.4137366  0.47072366
0.53331335 0.83547892 0.56953983 0.6740331  0.19290701 0.67934486  0.21137237 0.3428165  0.54735191 0.16261537 0.35780922 0.44756096  0.69986811 0.39749926 0.46329897 0.45073227
0.60346123 0.81671966 0.68796524 0.64893976 0.15896863 0.64860451  0.29195595 0.41473093 0.46516934 0.2016748  0.47372413 0.44509954  0.68159748 0.47008932 0.49972806 0.40137896
0.66866661 0.84421135 0.72709989 0.57751105 0.17929158 0.62052104  0.47750612 0.41069669 0.4217809  0.20968506 0.45344294 0.34352956  0.56030546 0.40083159 0.44197367 0.34301642
0.7005555  0.80064157 0.76289275 0.53476699 0.20474273 0.60665015  0.40377383 0.52992284 0.37049922 0.2404111  0.447057   0.40241791  0.37928228 0.30150985 0.51085078 0.35493382
0.71815509 0.78890562 0.75583249 0.49157631 0.21503994 0.59345543  0.46269611 0.53736491 0.35707153 0.22905731 0.463631   0.39593055  0.4262008  0.34025113 0.5708153  0.34990767
0.73358965 0.76162572 0.76252951 0.47125362 0.2059543  0.57637677  0.43379969 0.59812957 0.35402669 0.23649746 0.44649594 0.40334357  0.33401863 0.27849497 0.62328517 0.35193571
0.78387181 0.70747884 0.74686708 0.36023974 0.22893193 0.51391242  0.51786605 0.67390147 0.34911327 0.20951628 0.45933457 0.41239675  0.36668868 0.29886314 0.78511702 0.38871191
0.80107593 0.70465761 0.73291542 0.33667951 0.24300939 0.48361223  0.59134777 0.63367713 0.26441797 0.24191205 0.38553741 0.44398191  0.33414404 0.27564322 0.79651392 0.43150671
0.79549471 0.68074167 0.68556093 0.36010279 0.17928263 0.46919928  0.60878833 0.62965963 0.27438283 0.24411715 0.39009024 0.45874966  0.36750211 0.26521842 0.79977811 0.43858462
0.8135516  0.66311422 0.71340183 0.33809378 0.20193831 0.43273111  0.57588316 0.64222569 0.32096532 0.22803563 0.4062592  0.39671135  0.30085105 0.29455299 0.71959617 0.40811194
0.8432969  0.60057862 0.70305406 0.29168669 0.21992577 0.37662921  0.54456289 0.57870723 0.40655855 0.19875856 0.36668122 0.42384098  0.32048262 0.42323251 0.73842991 0.41645447
0.83602884 0.56917912 0.64272812 0.31456289 0.16213693 0.36121952  0.56382021 0.5831328  0.40833657 0.20342663 0.40611839 0.4917514  0.36641205 0.39166851 0.75782066 0.46703426
0.84977094 0.53680749 0.63173489 0.29780223 0.16582122 0.34202808  0.55859769 0.51055064 0.44641107 0.22950856 0.33493936 0.50127992  0.40729802 0.47779425 0.80769861 0.43646127
0.88067737 0.42819761 0.59920353 0.35241008 0.14211956 0.25935981  0.51040868 0.45485008 0.52330545 0.23975564 0.52360881 0.49972236  0.40744168 0.39594753 0.59474155 0.47681238
0.88067737 0.42819761 0.59920353 0.35241008 0.14211956 0.25935981  0.51040868 0.45485008 0.52330545 0.23975564 0.52360881 0.49972236  0.40744168 0.39594753 0.59474155 0.47681238
0.89354843 0.39349713 0.58951913 0.35158146 0.16045634 0.24565263  0.47772068 0.37809627 0.55457558 0.2344567  0.50156473 0.501698  0.42158904 0.36607878 0.56524468 0.44546043
0.9059775  0.36053131 0.57789266 0.35492203 0.17994761 0.24036152  0.45233595 0.29372497 0.5705168  0.23681005 0.458626   0.50882318  0.44482574 0.33225705 0.57621016 0.41704947
0.90118217 0.347721   0.5458961  0.35876644 0.16356222 0.24662013  0.44134762 0.29823337 0.54605177 0.24811762 0.49403552 0.5574301  0.47584986 0.34607881 0.56170215 0.42466973
0.90118217 0.347721   0.5458961  0.35876644 0.16356222 0.24662013  0.44134762 0.29823337 0.54605177 0.24811762 0.49403552 0.5574301  0.47584986 0.34607881 0.56170215 0.42466973
0.91308464 0.30767332 0.55440444 0.43239214 0.186813   0.24270481  0.48498678 0.29519158 0.58754434 0.30477201 0.54226025 0.52732487  0.4936166  0.29727576 0.50998461 0.57796628
0.91308464 0.30767332 0.55440444 0.43239214 0.186813   0.24270481  0.48498678 0.29519158 0.58754434 0.30477201 0.54226025 0.52732487  0.4936166  0.29727576 0.50998461 0.57796628
0.90635351 0.27281326 0.4799617  0.44409875 0.18809889 0.31406802  0.39818279 0.29786904 0.40159564 0.28462116 0.57846477 0.48440776  0.53232203 0.42184772 0.52312996 0.49580501
0.90635351 0.27281326 0.4799617  0.44409875 0.18809889 0.31406802  0.39818279 0.29786904 0.40159564 0.28462116 0.57846477 0.48440776  0.53232203 0.42184772 0.52312996 0.49580501
0.89425024 0.25348538 0.41425219 0.43674637 0.21401833 0.3521734  0.35810093 0.31058516 0.34599663 0.30157094 0.62356506 0.55210629  0.61779836 0.3931228  0.55455491 0.42461567
0.85709196 0.25811237 0.28092784 0.33518246 0.22745618 0.36786162  0.32628884 0.403678   0.3902765  0.52617139 0.60354824 0.59546634  0.57198673 0.50156302 0.36383083 0.29637563
0.78439602 0.34920449 0.11509822 0.12285053 0.34576701 0.4533275  0.31428084 0.45325025 0.60155421 0.35564157 0.3029053  0.49730314  0.41435012 0.29059942 0.41129945 0.33353117
0.76969332 0.37559072 0.10266076 0.12565278 0.36241895 0.46791175  0.34978155 0.41178672 0.62835372 0.33240449 0.32440138 0.4902346  0.53254926 0.35375832 0.37420462 0.3543922 
0.71068217 0.47692382 0.07247964 0.16005193 0.38547109 0.5056813  0.48332221 0.28261938 0.66020794 0.31633026 0.33467416 0.49267127  0.70577576 0.50738373 0.45106056 0.43562281
0.58037019 0.62794957 0.04967395 0.34769589 0.43651765 0.4541913  0.61030631 0.09134709 0.56943857 0.41023733 0.4177453  0.50689295  0.49345097 0.56085636 0.58848361 0.38576169
0.41520839 0.75601426 0.09557862 0.55711359 0.43513116 0.33553373  0.54727768 0.31870163 0.40466362 0.47164238 0.39868465 0.51085523  0.24848115 0.45781526 0.61581462 0.37874733
0.28812396 0.67769714 0.14611725 0.56517325 0.47472407 0.16806511  0.57589341 0.47807325 0.20893977 0.40117817 0.26664437 0.48737408  0.44010413 0.36631808 0.42227268 0.43345409
0.28812396 0.67769714 0.14611725 0.56517325 0.47472407 0.16806511  0.57589341 0.47807325 0.20893977 0.40117817 0.26664437 0.48737408  0.44010413 0.36631808 0.42227268 0.43345409
0.14160429 0.5430795  0.24158482 0.54594985 0.42908338 0.24954325  0.44008222 0.53331167 0.31845351 0.39134866 0.18336637 0.49181668  0.70826168 0.36447014 0.34115437 0.58200764
0.14160429 0.5430795  0.24158482 0.54594985 0.42908338 0.24954325  0.44008222 0.53331167 0.31845351 0.39134866 0.18336637 0.49181668  0.70826168 0.36447014 0.34115437 0.58200764
0.01779563 0.38669558 0.33863985 0.42004769 0.35385851 0.46460162  0.48109267 0.47190843 0.43452283 0.38595027 0.3992976  0.44733029  0.52908455 0.38078184 0.39373238 0.44873962
0.01779563 0.38669558 0.33863985 0.42004769 0.35385851 0.46460162  0.48109267 0.47190843 0.43452283 0.38595027 0.3992976  0.44733029  0.52908455 0.38078184 0.39373238 0.44873962
0.01779563 0.38669558 0.33863985 0.42004769 0.35385851 0.46460162  0.48109267 0.47190843 0.43452283 0.38595027 0.3992976  0.44733029  0.52908455 0.38078184 0.39373238 0.44873962
0.01779563 0.38669558 0.33863985 0.42004769 0.35385851 0.46460162  0.48109267 0.47190843 0.43452283 0.38595027 0.3992976  0.44733029  0.52908455 0.38078184 0.39373238 0.44873962
0.00039479 0.36283831 0.35232302 0.39930133 0.34523319 0.50234819  0.48417291 0.45702496 0.47508945 0.39693445 0.45000532 0.44589633  0.47476172 0.42761975 0.50206904 0.41641874
0.00039479 0.36283831 0.35232302 0.39930133 0.34523319 0.50234819  0.48417291 0.45702496 0.47508945 0.39693445 0.45000532 0.44589633  0.47476172 0.42761975 0.50206904 0.41641874
0.00039479 0.36283831 0.35232302 0.39930133 0.34523319 0.50234819  0.48417291 0.45702496 0.47508945 0.39693445 0.45000532 0.44589633  0.47476172 0.42761975 0.50206904 0.41641874
0.00039479 0.36283831 0.35232302 0.39930133 0.34523319 0.50234819  0.48417291 0.45702496 0.47508945 0.39693445 0.45000532 0.44589633  0.47476172 0.42761975 0.50206904 0.41641874
0.00039479 0.36283831 0.35232302 0.39930133 0.34523319 0.50234819  0.48417291 0.45702496 0.47508945 0.39693445 0.45000532 0.44589633  0.47476172 0.42761975 0.50206904 0.41641874
0.00039479 0.36283831 0.35232302 0.39930133 0.34523319 0.50234819  0.48417291 0.45702496 0.47508945 0.39693445 0.45000532 0.44589633  0.47476172 0.42761975 0.50206904 0.41641874
0.00039479 0.36283831 0.35232302 0.39930133 0.34523319 0.50234819  0.48417291 0.45702496 0.47508945 0.39693445 0.45000532 0.44589633  0.47476172 0.42761975 0.50206904 0.41641874
0.07091997 0.46593429 0.29862427 0.49336482 0.38136599 0.393106  0.40965829 0.51944349 0.4668433  0.38705615 0.36499722 0.45641052  0.58682842 0.4362686  0.49239979 0.48542445
0.17942973 0.62032927 0.21894842 0.62384907 0.42876678 0.25692863  0.31361816 0.59421834 0.47465091 0.36125043 0.32139782 0.45373928  0.68833577 0.45784531 0.4789263  0.48600364
0.17942973 0.62032927 0.21894842 0.62384907 0.42876678 0.25692863  0.31361816 0.59421834 0.47465091 0.36125043 0.32139782 0.45373928  0.68833577 0.45784531 0.4789263  0.48600364
0.25348622 0.71136997 0.17563316 0.67688859 0.43151247 0.26742085  0.27495577 0.58244661 0.53373258 0.38449213 0.38678118 0.45763486  0.56439986 0.47958742 0.59795822 0.42736216
0.27230287 0.73267769 0.16547083 0.68332028 0.43003633 0.28129444  0.27429226 0.57383444 0.55875287 0.38318526 0.44123623 0.44755586  0.5143895  0.4866367  0.6130834  0.38891645
0.27230287 0.73267769 0.16547083 0.68332028 0.43003633 0.28129444  0.27429226 0.57383444 0.55875287 0.38318526 0.44123623 0.44755586  0.5143895  0.4866367  0.6130834  0.38891645
0.29082203 0.74719787 0.16258789 0.68412143 0.4126472  0.34081881  0.25984336 0.53401816 0.58778509 0.42852519 0.41939891 0.47200023  0.46984945 0.48043082 0.66770791 0.42820069
0.29082203 0.74719787 0.16258789 0.68412143 0.4126472  0.34081881  0.25984336 0.53401816 0.58778509 0.42852519 0.41939891 0.47200023  0.46984945 0.48043082 0.66770791 0.42820069
0.29082203 0.74719787 0.16258789 0.68412143 0.4126472  0.34081881  0.25984336 0.53401816 0.58778509 0.42852519 0.41939891 0.47200023  0.46984945 0.48043082 0.66770791 0.42820069
0.32814182 0.77170362 0.15751807 0.67042581 0.3808457  0.44991599  0.25376018 0.48097045 0.64218099 0.46450094 0.4516513  0.47933088  0.44118245 0.47070012 0.66369342 0.45249362
0.32814182 0.77170362 0.15751807 0.67042581 0.3808457  0.44991599  0.25376018 0.48097045 0.64218099 0.46450094 0.4516513  0.47933088  0.44118245 0.47070012 0.66369342 0.45249362
0.36610368 0.79359113 0.15060289 0.63922827 0.35098746 0.54604688  0.28099153 0.45721214 0.68450359 0.45312166 0.55212056 0.45454268  0.45472048 0.44356838 0.56928905 0.44537256
0.36610368 0.79359113 0.15060289 0.63922827 0.35098746 0.54604688  0.28099153 0.45721214 0.68450359 0.45312166 0.55212056 0.45454268  0.45472048 0.44356838 0.56928905 0.44537256
0.42863574 0.92086303 0.44614313 0.52514915 0.63258614 0.61443948  0.26952218 0.38827005 0.7461645  0.46217214 0.47730276 0.25272822  0.46731301 0.56641075 0.39112682 0.3725588 
0.59285076 0.93363325 0.69230563 0.54981374 0.48639612 0.65290272  0.42788574 0.27547459 0.52286884 0.32043714 0.4211463  0.27776897  0.53259436 0.36776886 0.32378648 0.22657987
0.64524319 0.90916535 0.69096755 0.46560001 0.47219434 0.67103641  0.50027639 0.30611866 0.41669181 0.32530018 0.29362592 0.29899223  0.62606552 0.35882685 0.30127817 0.28112171
0.70388109 0.88135118 0.70472501 0.35677925 0.47123927 0.61198875  0.67336401 0.35527642 0.3973995  0.31218624 0.28774169 0.26364139  0.68435467 0.43472943 0.38666598 0.35253041
0.70802671 0.84623436 0.68606449 0.37918553 0.43775588 0.56180476  0.72364259 0.40305356 0.42155525 0.547824   0.31931397 0.24593741  0.75604031 0.46346651 0.40017861 0.2282511 
0.71744684 0.81109851 0.67773175 0.42929479 0.319517   0.49996582  0.7648498  0.41986454 0.43400333 0.64846644 0.34005798 0.23230351  0.75408488 0.49474175 0.38788861 0.22851958
0.73356344 0.73149717 0.57659244 0.39474118 0.20059658 0.49777495  0.73557508 0.5400545  0.38959508 0.57967044 0.37156347 0.30863571  0.74536682 0.51634593 0.47013886 0.24600151
0.71383999 0.73860086 0.51249738 0.35409071 0.23855689 0.53064379  0.72785472 0.56060731 0.42640755 0.58870668 0.33356718 0.28670108  0.74610185 0.50972207 0.42254519 0.2630757 
0.67937121 0.66935987 0.31201371 0.37207231 0.17303903 0.58860011  0.66836631 0.59861283 0.30222981 0.53701113 0.46217564 0.51803157  0.79903952 0.39014829 0.54566252 0.2732553 
0.6437386  0.66329185 0.14325791 0.23337637 0.27385927 0.6644698  0.58567584 0.56663844 0.37689462 0.44782348 0.30449555 0.48806528  0.65234912 0.46755547 0.49409438 0.45652426
0.6437386  0.66329185 0.14325791 0.23337637 0.27385927 0.6644698  0.58567584 0.56663844 0.37689462 0.44782348 0.30449555 0.48806528  0.65234912 0.46755547 0.49409438 0.45652426
0.6437386  0.66329185 0.14325791 0.23337637 0.27385927 0.6644698  0.58567584 0.56663844 0.37689462 0.44782348 0.30449555 0.48806528  0.65234912 0.46755547 0.49409438 0.45652426
0.6125679  0.70197452 0.11326561 0.2518958  0.3038289  0.66158146  0.65286567 0.48371843 0.43062913 0.41212718 0.36033053 0.47336414  0.71334635 0.49750511 0.52939562 0.51272732
0.6125679  0.70197452 0.11326561 0.2518958  0.3038289  0.66158146  0.65286567 0.48371843 0.43062913 0.41212718 0.36033053 0.47336414  0.71334635 0.49750511 0.52939562 0.51272732
0.6125679  0.70197452 0.11326561 0.2518958  0.3038289  0.66158146  0.65286567 0.48371843 0.43062913 0.41212718 0.36033053 0.47336414  0.71334635 0.49750511 0.52939562 0.51272732
0.6125679  0.70197452 0.11326561 0.2518958  0.3038289  0.66158146  0.65286567 0.48371843 0.43062913 0.41212718 0.36033053 0.47336414  0.71334635 0.49750511 0.52939562 0.51272732
0.6125679  0.70197452 0.11326561 0.2518958  0.3038289  0.66158146  0.65286567 0.48371843 0.43062913 0.41212718 0.36033053 0.47336414  0.71334635 0.49750511 0.52939562 0.51272732
0.59787761 0.73134667 0.12022963 0.27059545 0.29584709 0.67845973  0.66056277 0.55335991 0.40061692 0.40211321 0.42785235 0.44404497  0.69609507 0.42322775 0.46911648 0.50576494
0.58108692 0.75256055 0.12394235 0.31353641 0.28926624 0.69493698  0.64085643 0.51238524 0.37699323 0.42387175 0.40951623 0.44861004  0.63806581 0.39214551 0.40029533 0.49172826
0.58108692 0.75256055 0.12394235 0.31353641 0.28926624 0.69493698  0.64085643 0.51238524 0.37699323 0.42387175 0.40951623 0.44861004  0.63806581 0.39214551 0.40029533 0.49172826
0.56370184 0.76843772 0.12148377 0.35482595 0.2947399  0.68966142  0.62932641 0.44626902 0.37409907 0.44619714 0.40193544 0.46135294  0.57135481 0.37641643 0.39158679 0.4737371 
0.51146511 0.79993663 0.10042651 0.43160372 0.33703057 0.62117098  0.64169506 0.38324518 0.42832268 0.44930576 0.54564566 0.45127321  0.43645501 0.36708524 0.42951453 0.47368495
0.476184   0.81808372 0.11473078 0.51013595 0.32306887 0.63945974  0.52985071 0.36039565 0.48121269 0.46570131 0.52960427 0.45729399  0.36358119 0.32448577 0.38797662 0.45114741
0.45897988 0.82090494 0.12868243 0.53369618 0.30899141 0.66975993  0.45636899 0.40061998 0.56590799 0.43330554 0.60340142 0.42570883  0.39612583 0.34770569 0.37657972 0.40835261
0.45897988 0.82090494 0.12868243 0.53369618 0.30899141 0.66975993  0.45636899 0.40061998 0.56590799 0.43330554 0.60340142 0.42570883  0.39612583 0.34770569 0.37657972 0.40835261
0.45897988 0.82090494 0.12868243 0.53369618 0.30899141 0.66975993  0.45636899 0.40061998 0.56590799 0.43330554 0.60340142 0.42570883  0.39612583 0.34770569 0.37657972 0.40835261
0.45897988 0.82090494 0.12868243 0.53369618 0.30899141 0.66975993  0.45636899 0.40061998 0.56590799 0.43330554 0.60340142 0.42570883  0.39612583 0.34770569 0.37657972 0.40835261
0.45897988 0.82090494 0.12868243 0.53369618 0.30899141 0.66975993  0.45636899 0.40061998 0.56590799 0.43330554 0.60340142 0.42570883  0.39612583 0.34770569 0.37657972 0.40835261
0.44054965 0.82022789 0.12361278 0.55557381 0.33438396 0.60795342  0.46314807 0.39556488 0.55763478 0.4277996  0.63100969 0.42226633  0.33193637 0.36346912 0.41500279 0.3699135 
0.42197165 0.81966524 0.12883817 0.58940231 0.33714667 0.59212695  0.40594522 0.39674552 0.58230231 0.4492814  0.58590683 0.4428437  0.32859787 0.35979088 0.44326054 0.39509047
0.40307756 0.81066863 0.13036572 0.6070688  0.35547728 0.53572029  0.3994711  0.40250164 0.55409156 0.45207736 0.54193417 0.45336063  0.30873049 0.37515656 0.49168954 0.38170743
0.36549583 0.79542322 0.14048465 0.6481925  0.3740396  0.47635993  0.32774923 0.43131397 0.58312683 0.4653174  0.48102973 0.47293506  0.34439689 0.41693988 0.57910438 0.41248892
0.36549583 0.79542322 0.14048465 0.6481925  0.3740396  0.47635993  0.32774923 0.43131397 0.58312683 0.4653174  0.48102973 0.47293506  0.34439689 0.41693988 0.57910438 0.41248892
0.36549583 0.79542322 0.14048465 0.6481925  0.3740396  0.47635993  0.32774923 0.43131397 0.58312683 0.4653174  0.48102973 0.47293506  0.34439689 0.41693988 0.57910438 0.41248892
0.34642805 0.7825323  0.14587228 0.66172356 0.38556723 0.43663571  0.306992   0.44931615 0.56901498 0.47390073 0.42453314 0.48720633  0.35072624 0.42870594 0.62507975 0.43299302
0.32741656 0.76715444 0.15226084 0.66968024 0.39555716 0.39816925  0.29610152 0.46373722 0.54137015 0.47866325 0.35640559 0.50229632  0.37963091 0.43541367 0.65373732 0.45794749
0.32741656 0.76715444 0.15226084 0.66968024 0.39555716 0.39816925  0.29610152 0.46373722 0.54137015 0.47866325 0.35640559 0.50229632  0.37963091 0.43541367 0.65373732 0.45794749
0.32741656 0.76715444 0.15226084 0.66968024 0.39555716 0.39816925  0.29610152 0.46373722 0.54137015 0.47866325 0.35640559 0.50229632  0.37963091 0.43541367 0.65373732 0.45794749
0.32741656 0.76715444 0.15226084 0.66968024 0.39555716 0.39816925  0.29610152 0.46373722 0.54137015 0.47866325 0.35640559 0.50229632  0.37963091 0.43541367 0.65373732 0.45794749
0.34610129 0.77590464 0.14270249 0.65011178 0.39675715 0.40195034  0.35480607 0.44409576 0.4960941  0.47033676 0.39181632 0.49015543  0.30644853 0.40999088 0.6117382  0.41323671
0.38418056 0.80417342 0.13092631 0.62862403 0.37523959 0.48014103  0.38645378 0.41167251 0.53785078 0.45699091 0.51644047 0.46079417  0.27121451 0.3915171  0.53710526 0.36777814
0.38418056 0.80417342 0.13092631 0.62862403 0.37523959 0.48014103  0.38645378 0.41167251 0.53785078 0.45699091 0.51644047 0.46079417  0.27121451 0.3915171  0.53710526 0.36777814
0.38418056 0.80417342 0.13092631 0.62862403 0.37523959 0.48014103  0.38645378 0.41167251 0.53785078 0.45699091 0.51644047 0.46079417  0.27121451 0.3915171  0.53710526 0.36777814
0.36516906 0.78879555 0.13731487 0.63658072 0.38522952 0.44167457  0.3755633  0.42609358 0.51020595 0.46175343 0.44831291 0.47588415  0.30011918 0.39822482 0.56576283 0.39273261
0.38418056 0.80417342 0.13092631 0.62862403 0.37523959 0.48014103  0.38645378 0.41167251 0.53785078 0.45699091 0.51644047 0.46079417  0.27121451 0.3915171  0.53710526 0.36777814
0.38418056 0.80417342 0.13092631 0.62862403 0.37523959 0.48014103  0.38645378 0.41167251 0.53785078 0.45699091 0.51644047 0.46079417  0.27121451 0.3915171  0.53710526 0.36777814
0.40138467 0.80135219 0.11697465 0.6050638  0.38931705 0.44984083  0.4599355  0.37144817 0.45315548 0.48938667 0.44264331 0.49237933  0.23866987 0.36829718 0.54850216 0.41057294
0.40138467 0.80135219 0.11697465 0.6050638  0.38931705 0.44984083  0.4599355  0.37144817 0.45315548 0.48938667 0.44264331 0.49237933  0.23866987 0.36829718 0.54850216 0.41057294
0.38307638 0.79222431 0.11565592 0.61080273 0.41112862 0.37921011  0.47690916 0.41007481 0.42640442 0.44864839 0.47851847 0.46995869  0.2384322  0.37132015 0.52385907 0.36132553
0.36305515 0.74658784 0.12034109 0.5688135  0.43506006 0.31508532  0.56081322 0.39594154 0.31476955 0.4698626  0.361352   0.50385439  0.27459376 0.35908801 0.53364973 0.42925985
0.36305515 0.74658784 0.12034109 0.5688135  0.43506006 0.31508532  0.56081322 0.39594154 0.31476955 0.4698626  0.361352   0.50385439  0.27459376 0.35908801 0.53364973 0.42925985
0.34453598 0.73206766 0.12322403 0.56801236 0.4524492  0.25556095  0.57526212 0.43575782 0.28573732 0.42452267 0.38318933 0.47941001  0.31913381 0.3652939  0.47902522 0.38997562
0.34453598 0.73206766 0.12322403 0.56801236 0.4524492  0.25556095  0.57526212 0.43575782 0.28573732 0.42452267 0.38318933 0.47941001  0.31913381 0.3652939  0.47902522 0.38997562
0.27052512 0.69595673 0.1614456  0.62966968 0.44823224 0.22498017  0.41839823 0.50374534 0.34363424 0.42975935 0.24913895 0.50432381  0.45585822 0.38321573 0.52019814 0.48317678
0.25220965 0.67016627 0.17455655 0.6094256  0.44074361 0.24191635  0.43253033 0.49687377 0.33525357 0.43082538 0.24113586 0.50551798  0.46880173 0.37165864 0.49508174 0.49600435
0.19687719 0.60181414 0.20620366 0.56660265 0.44073943 0.22742982  0.47691148 0.50147052 0.26803178 0.40524128 0.19344548 0.49820128  0.55989725 0.33232138 0.35115627 0.5326856 
0.15986692 0.56829688 0.2295176  0.56508834 0.43327639 0.24470441  0.4179609  0.54029979 0.34933791 0.39818389 0.20287066 0.49374695  0.68319385 0.3919107  0.41466348 0.57414644
0.10633078 0.48887271 0.2711454  0.49089106 0.40377103 0.33671244  0.4737144  0.48964038 0.36635702 0.41379764 0.27232287 0.48875401  0.57588541 0.39168744 0.45679991 0.53519241
0.07086404 0.46647655 0.29716428 0.4953128  0.38550056 0.37185147  0.422354   0.52287659 0.42016792 0.37456664 0.32661574 0.45523858  0.63349788 0.38746679 0.3718939  0.50025881
0.03544839 0.41404176 0.32462587 0.44710978 0.36503751 0.43337561  0.45603541 0.49115319 0.43842582 0.38389341 0.37735876 0.45056284  0.56420009 0.3942791  0.4095445  0.46588946
0.01779563 0.38669558 0.33863985 0.42004769 0.35385851 0.46460162  0.48109267 0.47190843 0.43452283 0.38595027 0.3992976  0.44733029  0.52908455 0.38078184 0.39373238 0.44873962
0.00039479 0.36283831 0.35232302 0.39930133 0.34523319 0.50234819  0.48417291 0.45702496 0.47508945 0.39693445 0.45000532 0.44589633  0.47476172 0.42761975 0.50206904 0.41641874
0.00039479 0.36283831 0.35232302 0.39930133 0.34523319 0.50234819  0.48417291 0.45702496 0.47508945 0.39693445 0.45000532 0.44589633  0.47476172 0.42761975 0.50206904 0.41641874
0.00039479 0.36283831 0.35232302 0.39930133 0.34523319 0.50234819  0.48417291 0.45702496 0.47508945 0.39693445 0.45000532 0.44589633  0.47476172 0.42761975 0.50206904 0.41641874
0.00039479 0.36283831 0.35232302 0.39930133 0.34523319 0.50234819  0.48417291 0.45702496 0.47508945 0.39693445 0.45000532 0.44589633  0.47476172 0.42761975 0.50206904 0.41641874
0.00039479 0.36283831 0.35232302 0.39930133 0.34523319 0.50234819  0.48417291 0.45702496 0.47508945 0.39693445 0.45000532 0.44589633  0.47476172 0.42761975 0.50206904 0.41641874
0.00039479 0.36283831 0.35232302 0.39930133 0.34523319 0.50234819  0.48417291 0.45702496 0.47508945 0.39693445 0.45000532 0.44589633  0.47476172 0.42761975 0.50206904 0.41641874
0.00039479 0.36283831 0.35232302 0.39930133 0.34523319 0.50234819  0.48417291 0.45702496 0.47508945 0.39693445 0.45000532 0.44589633  0.47476172 0.42761975 0.50206904 0.41641874
0.00039479 0.36283831 0.35232302 0.39930133 0.34523319 0.50234819  0.48417291 0.45702496 0.47508945 0.39693445 0.45000532 0.44589633  0.47476172 0.42761975 0.50206904 0.41641874
0.00039479 0.36283831 0.35232302 0.39930133 0.34523319 0.50234819  0.48417291 0.45702496 0.47508945 0.39693445 0.45000532 0.44589633  0.47476172 0.42761975 0.50206904 0.41641874
0.00039479 0.36283831 0.35232302 0.39930133 0.34523319 0.50234819  0.48417291 0.45702496 0.47508945 0.39693445 0.45000532 0.44589633  0.47476172 0.42761975 0.50206904 0.41641874
0.00039479 0.36283831 0.35232302 0.39930133 0.34523319 0.50234819  0.48417291 0.45702496 0.47508945 0.39693445 0.45000532 0.44589633  0.47476172 0.42761975 0.50206904 0.41641874
0.00039479 0.36283831 0.35232302 0.39930133 0.34523319 0.50234819  0.48417291 0.45702496 0.47508945 0.39693445 0.45000532 0.44589633  0.47476172 0.42761975 0.50206904 0.41641874
0.00039479 0.36283831 0.35232302 0.39930133 0.34523319 0.50234819  0.48417291 0.45702496 0.47508945 0.39693445 0.45000532 0.44589633  0.47476172 0.42761975 0.50206904 0.41641874
0.00039479 0.36283831 0.35232302 0.39930133 0.34523319 0.50234819  0.48417291 0.45702496 0.47508945 0.39693445 0.45000532 0.44589633  0.47476172 0.42761975 0.50206904 0.41641874
0.00039479 0.36283831 0.35232302 0.39930133 0.34523319 0.50234819  0.48417291 0.45702496 0.47508945 0.39693445 0.45000532 0.44589633  0.47476172 0.42761975 0.50206904 0.41641874
0.00039479 0.36283831 0.35232302 0.39930133 0.34523319 0.50234819  0.48417291 0.45702496 0.47508945 0.39693445 0.45000532 0.44589633  0.47476172 0.42761975 0.50206904 0.41641874
0.01865742 0.3880557  0.34025579 0.41843982 0.3494262  0.49750935  0.46205159 0.46401308 0.50597385 0.40376969 0.46950961 0.4478266  0.44969389 0.45506031 0.57557814 0.40855754
0.05442837 0.44193891 0.31258778 0.46915722 0.3694164  0.44115765  0.4179919  0.4978325  0.5127315  0.39752621 0.43846693 0.45119604  0.50578001 0.47537891 0.59395503 0.42613403
0.27189156 0.71016183 0.1862994  0.65428828 0.38806877 0.40339873  0.26067255 0.49823371 0.56163411 0.47095138 0.29824837 0.50923855  0.54497577 0.44197062 0.6228587  0.54271728
0.27189156 0.71016183 0.1862994  0.65428828 0.38806877 0.40339873  0.26067255 0.49823371 0.56163411 0.47095138 0.29824837 0.50923855  0.54497577 0.44197062 0.6228587  0.54271728
0.49183839 0.78946928 0.10313017 0.46603398 0.34843315 0.58035789  0.57041982 0.38081927 0.47775091 0.47840459 0.49052554 0.48488367  0.41106963 0.36410751 0.51673191 0.50082047
0.56265312 0.75853302 0.11896204 0.35542771 0.30337977 0.66467479  0.61525401 0.44266246 0.39885977 0.45381417 0.39191818 0.47438603  0.54930794 0.37711694 0.45054643 0.47569566
0.61392737 0.70525158 0.1213932  0.23751204 0.29622314 0.65927076  0.64685717 0.60988884 0.42383282 0.38391055 0.43466685 0.44608585  0.67793819 0.40029594 0.53045078 0.51804505
0.61392737 0.70525158 0.1213932  0.23751204 0.29622314 0.65927076  0.64685717 0.60988884 0.42383282 0.38391055 0.43466685 0.44608585  0.67793819 0.40029594 0.53045078 0.51804505
0.70017013 0.70833084 0.37762066 0.16953336 0.40204585 0.63051295  0.54553682 0.70709201 0.36977107 0.51644727 0.33527305 0.35260289  0.59650143 0.49808681 0.38330627 0.33788807
0.79650196 0.74504195 0.77147469 0.25104662 0.43535336 0.48569092  0.6239015  0.6422084  0.41957585 0.43189646 0.28165627 0.26072038  0.46272907 0.32312556 0.66333996 0.32148433
0.83932325 0.64716193 0.75384644 0.20196124 0.47186329 0.40410795  0.55741217 0.53202593 0.54348637 0.38059121 0.26480424 0.27398758  0.47697459 0.41469121 0.60805961 0.29455514
0.88043406 0.54743132 0.74669033 0.18626905 0.52902703 0.31789936  0.4736972  0.46423439 0.6758846  0.38947937 0.33834345 0.20880359  0.4434737  0.3299519  0.38409751 0.22989363
0.89566107 0.52687436 0.75350803 0.14764371 0.62113299 0.34002457  0.418438   0.39486656 0.62767528 0.3336193  0.35414343 0.39163024  0.45112648 0.35189494 0.50434161 0.30437332
0.89712848 0.53500846 0.77001119 0.1340424  0.66913221 0.35477574  0.40262681 0.39999761 0.60636898 0.32415231 0.3827856  0.43379903  0.44337619 0.33792043 0.51540174 0.32507555
0.88927597 0.52590298 0.72870694 0.12752965 0.69735963 0.40087381  0.35447145 0.39406902 0.51646046 0.25546656 0.4332146  0.53526869  0.49948059 0.29065049 0.56261702 0.28966792
0.88927597 0.52590298 0.72870694 0.12752965 0.69735963 0.40087381  0.35447145 0.39406902 0.51646046 0.25546656 0.4332146  0.53526869  0.49948059 0.29065049 0.56261702 0.28966792
0.88927597 0.52590298 0.72870694 0.12752965 0.69735963 0.40087381  0.35447145 0.39406902 0.51646046 0.25546656 0.4332146  0.53526869  0.49948059 0.29065049 0.56261702 0.28966792
0.8917398  0.4702298  0.64318156 0.16374236 0.5567524  0.38207554  0.33625138 0.29189909 0.52171389 0.2261267  0.30689143 0.39824602  0.52316364 0.38540551 0.51171476 0.16208517
0.88648292 0.45140195 0.60450038 0.1951147  0.46977693 0.38229252  0.32872373 0.2808508  0.48734037 0.14162969 0.33468966 0.45089176  0.49407704 0.36163896 0.56270416 0.18808792
0.8650484  0.37749381 0.44059726 0.26225996 0.27681241 0.36588542  0.34118558 0.29588628 0.45927374 0.12701477 0.41441984 0.58200595  0.56407294 0.31703889 0.60499873 0.26561097
0.85231911 0.33985803 0.35278063 0.28060411 0.20753943 0.35170771  0.37102783 0.33063835 0.48350994 0.25553821 0.42984827 0.59429535  0.64462536 0.31899638 0.57625062 0.21235191
0.83179125 0.33935709 0.28101612 0.23606424 0.26124498 0.37788201  0.37082425 0.37284424 0.52836612 0.26304457 0.37222826 0.54568268  0.56185374 0.21961298 0.63171804 0.2300309 
0.83814432 0.27908192 0.23186228 0.29932103 0.33257196 0.46277029  0.33040682 0.38319045 0.4253421  0.26004087 0.37608977 0.42605203  0.54523697 0.20637775 0.68109114 0.29236317
0.83814432 0.27908192 0.23186228 0.29932103 0.33257196 0.46277029  0.33040682 0.38319045 0.4253421  0.26004087 0.37608977 0.42605203  0.54523697 0.20637775 0.68109114 0.29236317
0.82831198 0.24582673 0.15863448 0.31583528 0.37849663 0.52440544  0.32938151 0.45906794 0.40974628 0.38904636 0.36001792 0.40888397  0.52942558 0.2882139  0.61168399 0.21732735
0.82831198 0.24582673 0.15863448 0.31583528 0.37849663 0.52440544  0.32938151 0.45906794 0.40974628 0.38904636 0.36001792 0.40888397  0.52942558 0.2882139  0.61168399 0.21732735
0.83400592 0.22234929 0.15239862 0.36082417 0.40822248 0.56409121  0.34673108 0.47068791 0.39299956 0.37334944 0.33117215 0.37354358  0.53606577 0.29297062 0.67668275 0.2019956 
0.84903935 0.16466307 0.14801763 0.45424001 0.45215187 0.60529152  0.34640308 0.46648874 0.31973409 0.40417403 0.38204102 0.27317142  0.52534528 0.34488604 0.65041141 0.35176983
0.84903935 0.16466307 0.14801763 0.45424001 0.45215187 0.60529152  0.34640308 0.46648874 0.31973409 0.40417403 0.38204102 0.27317142  0.52534528 0.34488604 0.65041141 0.35176983
0.84903935 0.16466307 0.14801763 0.45424001 0.45215187 0.60529152  0.34640308 0.46648874 0.31973409 0.40417403 0.38204102 0.27317142  0.52534528 0.34488604 0.65041141 0.35176983
0.84903935 0.16466307 0.14801763 0.45424001 0.45215187 0.60529152  0.34640308 0.46648874 0.31973409 0.40417403 0.38204102 0.27317142  0.52534528 0.34488604 0.65041141 0.35176983
0.84903935 0.16466307 0.14801763 0.45424001 0.45215187 0.60529152  0.34640308 0.46648874 0.31973409 0.40417403 0.38204102 0.27317142  0.52534528 0.34488604 0.65041141 0.35176983
0.84903935 0.16466307 0.14801763 0.45424001 0.45215187 0.60529152  0.34640308 0.46648874 0.31973409 0.40417403 0.38204102 0.27317142  0.52534528 0.34488604 0.65041141 0.35176983
0.84903935 0.16466307 0.14801763 0.45424001 0.45215187 0.60529152  0.34640308 0.46648874 0.31973409 0.40417403 0.38204102 0.27317142  0.52534528 0.34488604 0.65041141 0.35176983
0.84903935 0.16466307 0.14801763 0.45424001 0.45215187 0.60529152  0.34640308 0.46648874 0.31973409 0.40417403 0.38204102 0.27317142  0.52534528 0.34488604 0.65041141 0.35176983
0.85158395 0.1530633  0.14593983 0.48649528 0.47103338 0.63136096  0.37890616 0.49280609 0.34563831 0.38175317 0.34187625 0.29783647  0.50107652 0.37416333 0.63599819 0.29833492
0.85158395 0.1530633  0.14593983 0.48649528 0.47103338 0.63136096  0.37890616 0.49280609 0.34563831 0.38175317 0.34187625 0.29783647  0.50107652 0.37416333 0.63599819 0.29833492
0.85158395 0.1530633  0.14593983 0.48649528 0.47103338 0.63136096  0.37890616 0.49280609 0.34563831 0.38175317 0.34187625 0.29783647  0.50107652 0.37416333 0.63599819 0.29833492
0.85158395 0.1530633  0.14593983 0.48649528 0.47103338 0.63136096  0.37890616 0.49280609 0.34563831 0.38175317 0.34187625 0.29783647  0.50107652 0.37416333 0.63599819 0.29833492
0.84903935 0.16466307 0.14801763 0.45424001 0.45215187 0.60529152  0.34640308 0.46648874 0.31973409 0.40417403 0.38204102 0.27317142  0.52534528 0.34488604 0.65041141 0.35176983
0.84903935 0.16466307 0.14801763 0.45424001 0.45215187 0.60529152  0.34640308 0.46648874 0.31973409 0.40417403 0.38204102 0.27317142  0.52534528 0.34488604 0.65041141 0.35176983
0.84903935 0.16466307 0.14801763 0.45424001 0.45215187 0.60529152  0.34640308 0.46648874 0.31973409 0.40417403 0.38204102 0.27317142  0.52534528 0.34488604 0.65041141 0.35176983
0.84903935 0.16466307 0.14801763 0.45424001 0.45215187 0.60529152  0.34640308 0.46648874 0.31973409 0.40417403 0.38204102 0.27317142  0.52534528 0.34488604 0.65041141 0.35176983
0.83400592 0.22234929 0.15239862 0.36082417 0.40822248 0.56409121  0.34673108 0.47068791 0.39299956 0.37334944 0.33117215 0.37354358  0.53606577 0.29297062 0.67668275 0.2019956 
0.80425313 0.31108709 0.14011754 0.19626138 0.34911978 0.48278933  0.30088696 0.43238562 0.50805184 0.35428705 0.32711515 0.45875218  0.49462821 0.28945766 0.4712711  0.27465147
0.80425313 0.31108709 0.14011754 0.19626138 0.34911978 0.48278933  0.30088696 0.43238562 0.50805184 0.35428705 0.32711515 0.45875218  0.49462821 0.28945766 0.4712711  0.27465147
0.79649193 0.34119151 0.14744437 0.15281633 0.32236126 0.44874345  0.30780036 0.43813223 0.55163293 0.36013155 0.32710813 0.51463293  0.47766208 0.31182198 0.41533923 0.25461197
0.78439602 0.34920449 0.11509822 0.12285053 0.34576701 0.4533275  0.31428084 0.45325025 0.60155421 0.35564157 0.3029053  0.49730314  0.41435012 0.29059942 0.41129945 0.33353117
0.64481386 0.66460666 0.15123029 0.22501041 0.263064   0.65911823  0.57319132 0.68094194 0.37022933 0.41009104 0.37522886 0.45854899  0.57983252 0.33077845 0.52689727 0.45179382
0.61392737 0.70525158 0.1213932  0.23751204 0.29622314 0.65927076  0.64685717 0.60988884 0.42383282 0.38391055 0.43466685 0.44608585  0.67793819 0.40029594 0.53045078 0.51804505
0.56370184 0.76843772 0.12148377 0.35482595 0.2947399  0.68966142  0.62932641 0.44626902 0.37409907 0.44619714 0.40193544 0.46135294  0.57135481 0.37641643 0.39158679 0.4737371 
0.51097462 0.80090832 0.11542206 0.45803567 0.31286939 0.65258613  0.57304651 0.36495112 0.40911496 0.48052418 0.43521566 0.47610761  0.40231853 0.32059969 0.3758863  0.46127575
0.45775079 0.8100048  0.14771238 0.5504139  0.28553392 0.69385797  0.36429632 0.4280878  0.57023079 0.45663019 0.47622195 0.45352245  0.43872699 0.32792364 0.36107074 0.43319851
0.44040188 0.82034229 0.13390782 0.56752468 0.31175412 0.65393346  0.39916614 0.40180063 0.59057552 0.45478735 0.55829857 0.44628621  0.39278733 0.34402745 0.40483746 0.43352958
0.40343091 0.8007634  0.15511196 0.5957954  0.3058326  0.66343265  0.28722977 0.45309638 0.70901758 0.45371406 0.550006   0.45055164  0.55642592 0.41144441 0.48545025 0.49774096
0.38453683 0.7917668  0.15663951 0.61346188 0.32416321 0.60702599  0.28075565 0.4588525  0.68080684 0.45651001 0.50603334 0.46106857  0.53655855 0.42681009 0.53387925 0.48435792
0.38453683 0.7917668  0.15663951 0.61346188 0.32416321 0.60702599  0.28075565 0.4588525  0.68080684 0.45651001 0.50603334 0.46106857  0.53655855 0.42681009 0.53387925 0.48435792
0.38453683 0.7917668  0.15663951 0.61346188 0.32416321 0.60702599  0.28075565 0.4588525  0.68080684 0.45651001 0.50603334 0.46106857  0.53655855 0.42681009 0.53387925 0.48435792
0.38453683 0.7917668  0.15663951 0.61346188 0.32416321 0.60702599  0.28075565 0.4588525  0.68080684 0.45651001 0.50603334 0.46106857  0.53655855 0.42681009 0.53387925 0.48435792
0.38603007 0.77690614 0.16879512 0.57504903 0.29720728 0.70117922  0.29031001 0.43821292 0.7495842  0.46469823 0.60071372 0.44911768  0.50210309 0.45828232 0.59378691 0.46542009
0.42077982 0.79042591 0.16891652 0.57868462 0.2796124  0.70335716  0.25235995 0.47938356 0.68867285 0.4555569  0.46792939 0.45778789  0.60236558 0.3953406  0.44168353 0.49740989
0.42077982 0.79042591 0.16891652 0.57868462 0.2796124  0.70335716  0.25235995 0.47938356 0.68867285 0.4555569  0.46792939 0.45778789  0.60236558 0.3953406  0.44168353 0.49740989
0.45819578 0.8566348  0.34973297 0.48033563 0.53985066 0.81002534  0.13390273 0.47719957 0.60864499 0.38602477 0.42305955 0.51773908  0.60604628 0.37617615 0.39484715 0.50010546
0.51126714 0.9258946  0.6047887  0.4488588  0.69086061 0.80957598  0.10597336 0.43389327 0.61448511 0.38823184 0.32704663 0.40651296  0.61579378 0.41490904 0.28757636 0.43142599
0.52873458 0.90976618 0.64352522 0.51969019 0.55838595 0.76383816  0.14074422 0.38365739 0.59046965 0.31098504 0.29057877 0.33707544  0.67639764 0.43024526 0.34561843 0.35385173
0.59061379 0.8878397  0.72977291 0.51968415 0.44878075 0.70760199  0.29260957 0.41917374 0.62386033 0.2988813  0.33835791 0.27652776  0.80888361 0.43481108 0.36934109 0.30845133
0.66676419 0.87391484 0.79879478 0.43666891 0.44110613 0.6246442  0.51764237 0.47325537 0.65633272 0.43404164 0.4054182  0.15056697  0.83195705 0.51718866 0.38385499 0.26460926
0.72008549 0.85893725 0.77625155 0.34578615 0.47877979 0.56263394  0.67706891 0.46693774 0.57432684 0.47086696 0.37496634 0.14172538  0.79847742 0.52031215 0.42583424 0.26716533
0.75333936 0.83002093 0.76346347 0.28914251 0.4932333  0.51314478  0.73684503 0.48324233 0.51284744 0.48506007 0.30798369 0.17535142  0.7477759  0.47416042 0.49856545 0.32224023
0.75333936 0.83002093 0.76346347 0.28914251 0.4932333  0.51314478  0.73684503 0.48324233 0.51284744 0.48506007 0.30798369 0.17535142  0.7477759  0.47416042 0.49856545 0.32224023
0.78449271 0.77742337 0.77701271 0.24247932 0.47825153 0.48202832  0.68552822 0.61663855 0.50662674 0.50945618 0.2773166  0.19241547  0.60051999 0.39021593 0.57175746 0.33634447
0.78596012 0.78555747 0.79351587 0.228878   0.52625075 0.49677949  0.66971703 0.6217696  0.48532043 0.49998919 0.30595877 0.23458425  0.59276969 0.37624142 0.5828176  0.35704671
0.83040813 0.69663563 0.79560557 0.17966866 0.52758628 0.42609333  0.60289604 0.59971467 0.54411415 0.4939492  0.24488471 0.26878242  0.49420211 0.44176204 0.63874617 0.34452819
0.8241966  0.68999878 0.76413315 0.1690197  0.54938563 0.45042372  0.57832634 0.6023835  0.50111992 0.48636398 0.26261172 0.29648037  0.54234016 0.43254756 0.65370782 0.29654392
0.83938295 0.66497102 0.76712889 0.13870782 0.60525837 0.4471171  0.5548227  0.53569434 0.51714404 0.50390206 0.23082476 0.37808926  0.57234561 0.49006055 0.71786698 0.3212821 
0.85332604 0.63156172 0.76411846 0.12652077 0.61218651 0.41098715  0.52354691 0.54937395 0.55238507 0.48055866 0.28018872 0.37298749  0.53130233 0.49499581 0.65200936 0.31858956
0.86640203 0.59621731 0.75683798 0.12384249 0.63070898 0.38550609  0.48837786 0.50270994 0.59070236 0.45853047 0.30291468 0.35912507  0.52591628 0.45788194 0.57789527 0.28331785
0.86083422 0.58184138 0.71415303 0.15533182 0.54735585 0.41033559  0.45990636 0.47352574 0.50118256 0.29178615 0.31042983 0.41330432  0.50958928 0.45226764 0.65225087 0.25362137
0.87370529 0.5471409  0.70446863 0.15450319 0.56569264 0.39662841  0.42721835 0.39677193 0.5324527  0.2864872  0.28838575 0.41527995  0.52373664 0.42239889 0.622754   0.22226943
0.89707282 0.47067046 0.6698308  0.17588806 0.5531878  0.35300691  0.38019039 0.29275224 0.59462535 0.27124532 0.27950209 0.35568551  0.53467654 0.34063207 0.52863478 0.14610066
0.88648292 0.45140195 0.60450038 0.1951147  0.46977693 0.38229252  0.32872373 0.2808508  0.48734037 0.14162969 0.33468966 0.45089176  0.49407704 0.36163896 0.56270416 0.18808792
0.87632924 0.35091535 0.44909874 0.30539581 0.17565633 0.31787198  0.36956681 0.30285492 0.44181127 0.21224969 0.44678246 0.58361734  0.55981108 0.39315792 0.56080795 0.25635988
0.87043749 0.33822431 0.41486164 0.30869238 0.17977642 0.33164697  0.35405466 0.31290221 0.42920649 0.2367847  0.47415574 0.62361793  0.59714935 0.37364748 0.57727124 0.23315481
0.87804889 0.30836673 0.4087492  0.35328907 0.20495635 0.36130785  0.34719957 0.31285253 0.38027523 0.23130406 0.48828821 0.56962559  0.61001958 0.35141711 0.61620107 0.26028555
0.89363636 0.24874047 0.39982405 0.44304332 0.25200542 0.41090265  0.33767103 0.30090135 0.297201   0.24131287 0.52510911 0.46483382  0.62201155 0.35414124 0.64927613 0.36239096
0.89363636 0.24874047 0.39982405 0.44304332 0.25200542 0.41090265  0.33767103 0.30090135 0.297201   0.24131287 0.52510911 0.46483382  0.62201155 0.35414124 0.64927613 0.36239096
0.89504987 0.20756391 0.36261394 0.48816593 0.27357086 0.43581829  0.35111264 0.3264315  0.27041001 0.32470215 0.54005849 0.41308695  0.64753946 0.36606718 0.65046653 0.37293654
0.89080356 0.18072139 0.32140662 0.51711267 0.32154644 0.48327407  0.37321465 0.37670813 0.26559881 0.33920121 0.50393564 0.38215998  0.61304132 0.33349552 0.72245542 0.33943975
0.89649751 0.15724395 0.31517076 0.56210156 0.35127229 0.52295985  0.39056422 0.3883281  0.24885208 0.3235043  0.47508986 0.34681959  0.61968152 0.33825224 0.78745418 0.32410801
0.8890988  0.14970174 0.27872927 0.54755534 0.35939618 0.53503221  0.37702514 0.41466953 0.23834244 0.38220503 0.48229543 0.35392181  0.60421478 0.37137844 0.74548605 0.30482237
0.8890988  0.14970174 0.27872927 0.54755534 0.35939618 0.53503221  0.37702514 0.41466953 0.23834244 0.38220503 0.48229543 0.35392181  0.60421478 0.37137844 0.74548605 0.30482237
0.8890988  0.14970174 0.27872927 0.54755534 0.35939618 0.53503221  0.37702514 0.41466953 0.23834244 0.38220503 0.48229543 0.35392181  0.60421478 0.37137844 0.74548605 0.30482237
0.8890988  0.14970174 0.27872927 0.54755534 0.35939618 0.53503221  0.37702514 0.41466953 0.23834244 0.38220503 0.48229543 0.35392181  0.60421478 0.37137844 0.74548605 0.30482237
0.8890988  0.14970174 0.27872927 0.54755534 0.35939618 0.53503221  0.37702514 0.41466953 0.23834244 0.38220503 0.48229543 0.35392181  0.60421478 0.37137844 0.74548605 0.30482237
0.8890988  0.14970174 0.27872927 0.54755534 0.35939618 0.53503221  0.37702514 0.41466953 0.23834244 0.38220503 0.48229543 0.35392181  0.60421478 0.37137844 0.74548605 0.30482237
0.87771862 0.15469338 0.24423906 0.52078122 0.38974816 0.55048255  0.37686693 0.42910036 0.27353507 0.36183745 0.44122721 0.31965704  0.55789242 0.31665142 0.770468   0.34007093
0.8686991  0.1543802  0.20852449 0.49599627 0.40913669 0.57166407  0.35021798 0.44524286 0.2630234  0.37015888 0.43094923 0.30989947  0.5114393  0.34801088 0.7249794  0.35523296
0.84183219 0.19282745 0.1508003  0.40713337 0.42851303 0.57964014  0.34411593 0.46448333 0.35350642 0.38920276 0.36798603 0.32463256  0.53109162 0.31805907 0.65382594 0.28406151
0.8234106  0.26717668 0.1625675  0.26912279 0.35387462 0.48767361  0.30723413 0.43656636 0.42422104 0.40242124 0.37958899 0.42546304  0.52747446 0.27612917 0.57018057 0.23325456
0.81186452 0.28122951 0.1340051  0.24085807 0.37429971 0.51245021  0.29403187 0.43233594 0.45912058 0.34880641 0.34124761 0.40475984  0.50749843 0.26722729 0.51020093 0.30178221
0.81186452 0.28122951 0.1340051  0.24085807 0.37429971 0.51245021  0.29403187 0.43233594 0.45912058 0.34880641 0.34124761 0.40475984  0.50749843 0.26722729 0.51020093 0.30178221
0.80425313 0.31108709 0.14011754 0.19626138 0.34911978 0.48278933  0.30088696 0.43238562 0.50805184 0.35428705 0.32711515 0.45875218  0.49462821 0.28945766 0.4712711  0.27465147
0.79649193 0.34119151 0.14744437 0.15281633 0.32236126 0.44874345  0.30780036 0.43813223 0.55163293 0.36013155 0.32710813 0.51463293  0.47766208 0.31182198 0.41533923 0.25461197
0.74003145 0.43431767 0.09881896 0.16418032 0.36138693 0.51807949  0.40347774 0.32547554 0.59628854 0.33879194 0.28856945 0.48568535  0.62866628 0.37101139 0.4193401  0.34500853
0.63427845 0.60315971 0.07091382 0.25473495 0.38180165 0.55295496  0.59529565 0.23670691 0.5576209  0.40153517 0.32814006 0.51016004  0.64363087 0.48752866 0.65603083 0.45138483
0.55547903 0.71497411 0.07378509 0.36800013 0.38338623 0.55429549  0.65047743 0.25570487 0.49460439 0.44255553 0.46461468 0.48718626  0.50437332 0.45177395 0.59781946 0.45174724
0.41768418 0.75883525 0.09664555 0.50675073 0.44467377 0.31657728  0.66020944 0.40902561 0.30891136 0.43355535 0.45975577 0.46956131  0.31039157 0.43266513 0.61589982 0.3665363 
0.26970184 0.65284095 0.15834769 0.54751073 0.47048107 0.1738879  0.59303276 0.47230327 0.18105801 0.40155921 0.23582404 0.49211276  0.4649824  0.33793013 0.36790557 0.46027757
0.26970184 0.65284095 0.15834769 0.54751073 0.47048107 0.1738879  0.59303276 0.47230327 0.18105801 0.40155921 0.23582404 0.49211276  0.4649824  0.33793013 0.36790557 0.46027757
0.07162961 0.46600845 0.29731121 0.49191678 0.3825745  0.37820962  0.43002056 0.5168223  0.41641554 0.37267594 0.33855727 0.45209249  0.61657947 0.37199211 0.34569481 0.48208503
0.07162961 0.46600845 0.29731121 0.49191678 0.3825745  0.37820962  0.43002056 0.5168223  0.41641554 0.37267594 0.33855727 0.45209249  0.61657947 0.37199211 0.34569481 0.48208503
0.00039479 0.36283831 0.35232302 0.39930133 0.34523319 0.50234819  0.48417291 0.45702496 0.47508945 0.39693445 0.45000532 0.44589633  0.47476172 0.42761975 0.50206904 0.41641874
0.00039479 0.36283831 0.35232302 0.39930133 0.34523319 0.50234819  0.48417291 0.45702496 0.47508945 0.39693445 0.45000532 0.44589633  0.47476172 0.42761975 0.50206904 0.41641874
0.00039479 0.36283831 0.35232302 0.39930133 0.34523319 0.50234819  0.48417291 0.45702496 0.47508945 0.39693445 0.45000532 0.44589633  0.47476172 0.42761975 0.50206904 0.41641874
0.00039479 0.36283831 0.35232302 0.39930133 0.34523319 0.50234819  0.48417291 0.45702496 0.47508945 0.39693445 0.45000532 0.44589633  0.47476172 0.42761975 0.50206904 0.41641874
0.00039479 0.36283831 0.35232302 0.39930133 0.34523319 0.50234819  0.48417291 0.45702496 0.47508945 0.39693445 0.45000532 0.44589633  0.47476172 0.42761975 0.50206904 0.41641874
0.00039479 0.36283831 0.35232302 0.39930133 0.34523319 0.50234819  0.48417291 0.45702496 0.47508945 0.39693445 0.45000532 0.44589633  0.47476172 0.42761975 0.50206904 0.41641874
0.00039479 0.36283831 0.35232302 0.39930133 0.34523319 0.50234819  0.48417291 0.45702496 0.47508945 0.39693445 0.45000532 0.44589633  0.47476172 0.42761975 0.50206904 0.41641874
0.00039479 0.36283831 0.35232302 0.39930133 0.34523319 0.50234819  0.48417291 0.45702496 0.47508945 0.39693445 0.45000532 0.44589633  0.47476172 0.42761975 0.50206904 0.41641874
0.00039479 0.36283831 0.35232302 0.39930133 0.34523319 0.50234819  0.48417291 0.45702496 0.47508945 0.39693445 0.45000532 0.44589633  0.47476172 0.42761975 0.50206904 0.41641874
0.00039479 0.36283831 0.35232302 0.39930133 0.34523319 0.50234819  0.48417291 0.45702496 0.47508945 0.39693445 0.45000532 0.44589633  0.47476172 0.42761975 0.50206904 0.41641874
0.00039479 0.36283831 0.35232302 0.39930133 0.34523319 0.50234819  0.48417291 0.45702496 0.47508945 0.39693445 0.45000532 0.44589633  0.47476172 0.42761975 0.50206904 0.41641874
0.00039479 0.36283831 0.35232302 0.39930133 0.34523319 0.50234819  0.48417291 0.45702496 0.47508945 0.39693445 0.45000532 0.44589633  0.47476172 0.42761975 0.50206904 0.41641874
0.00039479 0.36283831 0.35232302 0.39930133 0.34523319 0.50234819  0.48417291 0.45702496 0.47508945 0.39693445 0.45000532 0.44589633  0.47476172 0.42761975 0.50206904 0.41641874
0.03631018 0.41540188 0.32624181 0.4455019  0.36060521 0.46628334  0.43699433 0.48325785 0.50987685 0.40171282 0.44757077 0.45105915  0.48480944 0.46855757 0.59139026 0.42570739
0.12516337 0.53888201 0.26360638 0.55151706 0.39199969 0.36573771  0.3568636  0.53408162 0.48354678 0.41120313 0.31895404 0.47742203  0.58872216 0.42435013 0.52940019 0.53381455
0.25395147 0.67241368 0.20825514 0.60644342 0.36262666 0.47453391  0.29039238 0.48032061 0.55593321 0.47889664 0.29421738 0.5102808  0.580889   0.38819061 0.52193077 0.61394985
0.42002425 0.80227565 0.1300751  0.58508815 0.3443939  0.56427291  0.40092599 0.39038862 0.53491549 0.50042316 0.42359698 0.4974458  0.39590908 0.36259086 0.50364921 0.50710586
0.56250892 0.7519979  0.12916774 0.34736492 0.29202895 0.67911051  0.58365358 0.51356588 0.40166076 0.44535356 0.36441338 0.46918742  0.63472731 0.38846727 0.42855308 0.51690523
0.64508072 0.65265402 0.13494245 0.19084885 0.28124137 0.6281543  0.59554035 0.74328506 0.41761212 0.40830666 0.40399976 0.4631499  0.53068227 0.31635145 0.6036428  0.53214929
0.65978342 0.62626779 0.14737991 0.18804659 0.26458943 0.61357004  0.56003964 0.78474859 0.39081261 0.43154374 0.38250368 0.47021844  0.41248313 0.25319255 0.64073763 0.51128825
0.75683467 0.41327712 0.13174664 0.14237879 0.3194484  0.48391293  0.35466594 0.59964554 0.54027186 0.35092655 0.39247119 0.46600833  0.38295148 0.2461908  0.38051718 0.35792073
0.78439602 0.34920449 0.11509822 0.12285053 0.34576701 0.4533275  0.31428084 0.45325025 0.60155421 0.35564157 0.3029053  0.49730314  0.41435012 0.29059942 0.41129945 0.33353117
0.78439602 0.34920449 0.11509822 0.12285053 0.34576701 0.4533275  0.31428084 0.45325025 0.60155421 0.35564157 0.3029053  0.49730314  0.41435012 0.29059942 0.41129945 0.33353117
0.7959421  0.33515166 0.14366063 0.15111524 0.32534192 0.4285509  0.32748309 0.45748067 0.56665466 0.4092564  0.34124668 0.51800634  0.43432614 0.29950131 0.47127909 0.26500352
0.80826684 0.32050576 0.1713142  0.17721948 0.2955055  0.40775442  0.32166438 0.46326928 0.51933255 0.45892089 0.38644855 0.54704318  0.41812438 0.33925137 0.47690463 0.22864369
0.82036275 0.31249278 0.20366035 0.20718529 0.27209976 0.40317037  0.31518389 0.44815126 0.46941127 0.46341087 0.41065137 0.56437297  0.48143634 0.36047393 0.48094441 0.14972449
0.82036275 0.31249278 0.20366035 0.20718529 0.27209976 0.40317037  0.31518389 0.44815126 0.46941127 0.46341087 0.41065137 0.56437297  0.48143634 0.36047393 0.48094441 0.14972449
0.82036275 0.31249278 0.20366035 0.20718529 0.27209976 0.40317037  0.31518389 0.44815126 0.46941127 0.46341087 0.41065137 0.56437297  0.48143634 0.36047393 0.48094441 0.14972449
0.80803801 0.32713868 0.17600677 0.18108105 0.30193617 0.42396685  0.32100261 0.44236265 0.51673338 0.41374638 0.36544951 0.53533612  0.4976381  0.32072387 0.47531887 0.18608432
0.79649193 0.34119151 0.14744437 0.15281633 0.32236126 0.44874345  0.30780036 0.43813223 0.55163293 0.36013155 0.32710813 0.51463293  0.47766208 0.31182198 0.41533923 0.25461197
0.74497106 0.45332872 0.13189733 0.13327288 0.30431326 0.53851772  0.4181801  0.50075198 0.50307075 0.42807538 0.16811814 0.54081816  0.48082654 0.38469764 0.64529573 0.39855099
0.67381488 0.5999788  0.12722149 0.18022637 0.29811892 0.60321672  0.56307036 0.48701734 0.48887961 0.38338778 0.28526411 0.50758476  0.70889753 0.59549151 0.55354028 0.46507069
0.59787761 0.73134667 0.12022963 0.27059545 0.29584709 0.67845973  0.66056277 0.55335991 0.40061692 0.40211321 0.42785235 0.44404497  0.69609507 0.42322775 0.46911648 0.50576494
0.52906469 0.78820068 0.09336626 0.38841304 0.34732777 0.60797626  0.70061735 0.39068725 0.41489499 0.43795197 0.56221965 0.44478585  0.48337353 0.40582652 0.48947905 0.4686588 
0.49362571 0.81124581 0.1016175  0.47514645 0.3390896  0.61266162  0.60791633 0.33866394 0.42945969 0.47868133 0.51729227 0.46887136  0.35637887 0.33670351 0.41965302 0.46160683
0.49362571 0.81124581 0.1016175  0.47514645 0.3390896  0.61266162  0.60791633 0.33866394 0.42945969 0.47868133 0.51729227 0.46887136  0.35637887 0.33670351 0.41965302 0.46160683
0.45897988 0.82090494 0.12868243 0.53369618 0.30899141 0.66975993  0.45636899 0.40061998 0.56590799 0.43330554 0.60340142 0.42570883  0.39612583 0.34770569 0.37657972 0.40835261
0.45897988 0.82090494 0.12868243 0.53369618 0.30899141 0.66975993  0.45636899 0.40061998 0.56590799 0.43330554 0.60340142 0.42570883  0.39612583 0.34770569 0.37657972 0.40835261
0.45897988 0.82090494 0.12868243 0.53369618 0.30899141 0.66975993  0.45636899 0.40061998 0.56590799 0.43330554 0.60340142 0.42570883  0.39612583 0.34770569 0.37657972 0.40835261
0.45897988 0.82090494 0.12868243 0.53369618 0.30899141 0.66975993  0.45636899 0.40061998 0.56590799 0.43330554 0.60340142 0.42570883  0.39612583 0.34770569 0.37657972 0.40835261
0.45897988 0.82090494 0.12868243 0.53369618 0.30899141 0.66975993  0.45636899 0.40061998 0.56590799 0.43330554 0.60340142 0.42570883  0.39612583 0.34770569 0.37657972 0.40835261
0.49362571 0.81124581 0.1016175  0.47514645 0.3390896  0.61266162  0.60791633 0.33866394 0.42945969 0.47868133 0.51729227 0.46887136  0.35637887 0.33670351 0.41965302 0.46160683
0.58058938 0.74077215 0.10591668 0.28707176 0.32221476 0.63669908  0.69698389 0.52406533 0.42106811 0.39571088 0.50605994 0.43471412  0.65405345 0.43653402 0.52324201 0.50035556
0.59787761 0.73134667 0.12022963 0.27059545 0.29584709 0.67845973  0.66056277 0.55335991 0.40061692 0.40211321 0.42785235 0.44404497  0.69609507 0.42322775 0.46911648 0.50576494
0.61392737 0.70525158 0.1213932  0.23751204 0.29622314 0.65927076  0.64685717 0.60988884 0.42383282 0.38391055 0.43466685 0.44608585  0.67793819 0.40029594 0.53045078 0.51804505
0.64508072 0.65265402 0.13494245 0.19084885 0.28124137 0.6281543  0.59554035 0.74328506 0.41761212 0.40830666 0.40399976 0.4631499  0.53068227 0.31635145 0.6036428  0.53214929
0.67482602 0.59011841 0.12459468 0.14444176 0.29922884 0.57205239  0.56422007 0.6797666  0.50320535 0.37902959 0.36442177 0.49027952  0.55031384 0.44503098 0.62247654 0.54049181
0.7181621  0.50095074 0.12705769 0.11075282 0.29748686 0.50445993  0.48974647 0.66526826 0.54165908 0.38893722 0.32476784 0.52156546  0.40832269 0.46108469 0.65399289 0.52390062
0.73056798 0.46558022 0.1205495  0.1151958  0.31348999 0.48088071  0.45229205 0.65075093 0.56658421 0.361875   0.38746508 0.49701463  0.3882756  0.39916509 0.55996832 0.49684504
0.77196695 0.38217031 0.12672469 0.11950995 0.32627574 0.45861861  0.33966557 0.53762155 0.58561298 0.35328821 0.34584403 0.49017796  0.39111342 0.32442115 0.40033398 0.36194213
0.77196695 0.38217031 0.12672469 0.11950995 0.32627574 0.45861861  0.33966557 0.53762155 0.58561298 0.35328821 0.34584403 0.49017796  0.39111342 0.32442115 0.40033398 0.36194213
0.78439602 0.34920449 0.11509822 0.12285053 0.34576701 0.4533275  0.31428084 0.45325025 0.60155421 0.35564157 0.3029053  0.49730314  0.41435012 0.29059942 0.41129945 0.33353117
0.78439602 0.34920449 0.11509822 0.12285053 0.34576701 0.4533275  0.31428084 0.45325025 0.60155421 0.35564157 0.3029053  0.49730314  0.41435012 0.29059942 0.41129945 0.33353117
0.78439602 0.34920449 0.11509822 0.12285053 0.34576701 0.4533275  0.31428084 0.45325025 0.60155421 0.35564157 0.3029053  0.49730314  0.41435012 0.29059942 0.41129945 0.33353117
0.78439602 0.34920449 0.11509822 0.12285053 0.34576701 0.4533275  0.31428084 0.45325025 0.60155421 0.35564157 0.3029053  0.49730314  0.41435012 0.29059942 0.41129945 0.33353117
0.78439602 0.34920449 0.11509822 0.12285053 0.34576701 0.4533275  0.31428084 0.45325025 0.60155421 0.35564157 0.3029053  0.49730314  0.41435012 0.29059942 0.41129945 0.33353117
0.78439602 0.34920449 0.11509822 0.12285053 0.34576701 0.4533275  0.31428084 0.45325025 0.60155421 0.35564157 0.3029053  0.49730314  0.41435012 0.29059942 0.41129945 0.33353117
0.78439602 0.34920449 0.11509822 0.12285053 0.34576701 0.4533275  0.31428084 0.45325025 0.60155421 0.35564157 0.3029053  0.49730314  0.41435012 0.29059942 0.41129945 0.33353117
0.75728743 0.41096125 0.10916896 0.1212098  0.34641582 0.49149097  0.38723597 0.42630405 0.60342859 0.35946672 0.26170413 0.51478543  0.55259635 0.41567793 0.46822919 0.38144778
0.72940644 0.45729208 0.09765535 0.11004816 0.35099806 0.47985595  0.45739013 0.50038691 0.63804602 0.33837302 0.3469458  0.50261014  0.53528315 0.45726098 0.5132871  0.47813801
0.68802483 0.55461687 0.10792322 0.13387776 0.32322444 0.53612285  0.5541436  0.56304007 0.57150344 0.35826    0.36339897 0.5070839  0.61870401 0.58599976 0.56442819 0.54273362
0.65836296 0.61334382 0.10408142 0.1724053  0.32219242 0.58629059  0.60783979 0.47672889 0.53943825 0.36464744 0.32756704 0.50253464  0.71482103 0.60325283 0.60956367 0.53334995
0.54585538 0.76698681 0.08965354 0.34547207 0.35390861 0.59149901  0.72032369 0.43166193 0.43851868 0.41619343 0.58055577 0.44022078  0.54140279 0.43690875 0.55830019 0.48269548
0.51122529 0.79950986 0.09455724 0.43195576 0.3493868  0.5994669  0.66683861 0.34610602 0.416032   0.46732754 0.53386627 0.462384  0.40329739 0.37544479 0.47961754 0.45658068
0.47390098 0.78983621 0.09101514 0.47149988 0.39310996 0.48125372  0.66714357 0.34680704 0.37954804 0.46461755 0.51750186 0.46945842  0.31924056 0.4065739  0.56646961 0.40475853
0.3448718  0.7559164  0.14308388 0.62615726 0.39958313 0.39371969  0.39100398 0.41412288 0.44576641 0.50378258 0.28464998 0.52968921  0.39076729 0.39337841 0.60403368 0.51868389
0.29107316 0.73878106 0.1673626  0.66415867 0.40259571 0.36666945  0.28126409 0.52462815 0.57687665 0.42124874 0.42144045 0.46780795  0.51353046 0.46161548 0.60660736 0.44614229
0.23517075 0.68557951 0.18874411 0.65664451 0.42402384 0.28435703  0.28908787 0.57557504 0.52535191 0.38555817 0.37877809 0.45882902  0.57734337 0.46803034 0.57284182 0.44018972
0.1805155  0.61101856 0.22679009 0.60163813 0.40546211 0.32934706  0.32315252 0.55706205 0.51078123 0.39171505 0.36302407 0.46312186  0.59013932 0.45148736 0.54697378 0.46302783
0.07161988 0.46513009 0.29873227 0.48966294 0.37834748 0.39682737  0.41980708 0.51430809 0.45460742 0.38273495 0.36927397 0.45348218  0.58054741 0.40937141 0.44195795 0.47061005
0.00039479 0.36283831 0.35232302 0.39930133 0.34523319 0.50234819  0.48417291 0.45702496 0.47508945 0.39693445 0.45000532 0.44589633  0.47476172 0.42761975 0.50206904 0.41641874
0.00039479 0.36283831 0.35232302 0.39930133 0.34523319 0.50234819  0.48417291 0.45702496 0.47508945 0.39693445 0.45000532 0.44589633  0.47476172 0.42761975 0.50206904 0.41641874
0.00039479 0.36283831 0.35232302 0.39930133 0.34523319 0.50234819  0.48417291 0.45702496 0.47508945 0.39693445 0.45000532 0.44589633  0.47476172 0.42761975 0.50206904 0.41641874
0.00039479 0.36283831 0.35232302 0.39930133 0.34523319 0.50234819  0.48417291 0.45702496 0.47508945 0.39693445 0.45000532 0.44589633  0.47476172 0.42761975 0.50206904 0.41641874
0.00203591 0.37146031 0.37088164 0.38123103 0.40747001 0.51485049  0.47247818 0.45911461 0.46940066 0.42247919 0.46422742 0.46203393  0.49427917 0.43104367 0.49046796 0.39902862
0.00764941 0.40303661 0.43625003 0.32910448 0.59711907 0.56638664  0.41696507 0.46354472 0.42697397 0.45382741 0.53491596 0.56118475  0.52319497 0.40782562 0.48417092 0.38674134
0.00841419 0.40841025 0.44811876 0.31575825 0.64948033 0.58033754  0.40210419 0.46618445 0.41197813 0.46322077 0.56743453 0.60966464  0.5414122  0.38941285 0.48872693 0.3960962 
0.01283213 0.42907978 0.49046591 0.28646188 0.74447824 0.60401333  0.37537505 0.46977194 0.3822344  0.44882987 0.59129343 0.64636946  0.52083804 0.37486883 0.50581611 0.39638425
0.01354666 0.43327153 0.5003966  0.27470189 0.78783927 0.61396047  0.36285165 0.47426517 0.36803295 0.45422317 0.62196153 0.69409938  0.53009914 0.35490942 0.51624082 0.41344987
0.01766046 0.44905338 0.53124793 0.26487992 0.80356681 0.61362225  0.36122228 0.47315162 0.3793744  0.46148505 0.58876653 0.63716284  0.50449137 0.37930874 0.50191649 0.38566973
0.01766046 0.44905338 0.53124793 0.26487992 0.80356681 0.61362225  0.36122228 0.47315162 0.3793744  0.46148505 0.58876653 0.63716284  0.50449137 0.37930874 0.50191649 0.38566973
0.01766046 0.44905338 0.53124793 0.26487992 0.80356681 0.61362225  0.36122228 0.47315162 0.3793744  0.46148505 0.58876653 0.63716284  0.50449137 0.37930874 0.50191649 0.38566973
0.01738767 0.44999779 0.53425409 0.26004195 0.8277401  0.62303588  0.35115037 0.4743577  0.36633308 0.46171171 0.61831139 0.68384384  0.50364419 0.36071095 0.50706536 0.41603891
0.01726568 0.45041494 0.53555994 0.25785831 0.83850684 0.62721479  0.34664458 0.47488085 0.36043567 0.46166255 0.63164902 0.70550699  0.50292666 0.352234   0.50985287 0.4310619 
0.02305932 0.46342712 0.56998738 0.25984234 0.84058025 0.62795053  0.33549013 0.4513561  0.35345433 0.39324455 0.63075462 0.70579272  0.47165242 0.36713503 0.50524795 0.48822462
0.02511681 0.47111114 0.58698497 0.245275   0.8836719  0.62756441  0.33884615 0.45406971 0.37369223 0.44278767 0.61722284 0.6710359  0.4975031  0.38665125 0.47139896 0.45808347
0.02511681 0.47111114 0.58698497 0.245275   0.8836719  0.62756441  0.33884615 0.45406971 0.37369223 0.44278767 0.61722284 0.6710359  0.4975031  0.38665125 0.47139896 0.45808347
0.02511681 0.47111114 0.58698497 0.245275   0.8836719  0.62756441  0.33884615 0.45406971 0.37369223 0.44278767 0.61722284 0.6710359  0.4975031  0.38665125 0.47139896 0.45808347
0.02511681 0.47111114 0.58698497 0.245275   0.8836719  0.62756441  0.33884615 0.45406971 0.37369223 0.44278767 0.61722284 0.6710359  0.4975031  0.38665125 0.47139896 0.45808347
0.02511681 0.47111114 0.58698497 0.245275   0.8836719  0.62756441  0.33884615 0.45406971 0.37369223 0.44278767 0.61722284 0.6710359  0.4975031  0.38665125 0.47139896 0.45808347
0.02511681 0.47111114 0.58698497 0.245275   0.8836719  0.62756441  0.33884615 0.45406971 0.37369223 0.44278767 0.61722284 0.6710359  0.4975031  0.38665125 0.47139896 0.45808347
0.02511681 0.47111114 0.58698497 0.245275   0.8836719  0.62756441  0.33884615 0.45406971 0.37369223 0.44278767 0.61722284 0.6710359  0.4975031  0.38665125 0.47139896 0.45808347
0.02511681 0.47111114 0.58698497 0.245275   0.8836719  0.62756441  0.33884615 0.45406971 0.37369223 0.44278767 0.61722284 0.6710359  0.4975031  0.38665125 0.47139896 0.45808347
0.01932317 0.45809896 0.55255753 0.24329097 0.8815985  0.62682867  0.35000061 0.47759446 0.38067357 0.51120567 0.61811724 0.67075017  0.52877733 0.37175022 0.47600388 0.40092075
0.0195926  0.45745782 0.55010074 0.24749705 0.86071481 0.618901  0.35856566 0.47681636 0.39223815 0.51118018 0.59233694 0.629464  0.52970755 0.38784889 0.47125105 0.37380588
0.01766046 0.44905338 0.53124793 0.26487992 0.80356681 0.61362225  0.36122228 0.47315162 0.3793744  0.46148505 0.58876653 0.63716284  0.50449137 0.37930874 0.50191649 0.38566973
0.01354666 0.43327153 0.5003966  0.27470189 0.78783927 0.61396047  0.36285165 0.47426517 0.36803295 0.45422317 0.62196153 0.69409938  0.53009914 0.35490942 0.51624082 0.41344987
0.01207924 0.42513744 0.48389344 0.28830321 0.73984005 0.5992093  0.37866284 0.46913411 0.38933926 0.46369016 0.59331935 0.65193059  0.53784943 0.36888393 0.50518068 0.39274764
0.00841419 0.40841025 0.44811876 0.31575825 0.64948033 0.58033754  0.40210419 0.46618445 0.41197813 0.46322077 0.56743453 0.60966464  0.5414122  0.38941285 0.48872693 0.3960962 
0.00203591 0.37146031 0.37088164 0.38123103 0.40747001 0.51485049  0.47247818 0.45911461 0.46940066 0.42247919 0.46422742 0.46203393  0.49427917 0.43104367 0.49046796 0.39902862
0.00039479 0.36283831 0.35232302 0.39930133 0.34523319 0.50234819  0.48417291 0.45702496 0.47508945 0.39693445 0.45000532 0.44589633  0.47476172 0.42761975 0.50206904 0.41641874
0.00039479 0.36283831 0.35232302 0.39930133 0.34523319 0.50234819  0.48417291 0.45702496 0.47508945 0.39693445 0.45000532 0.44589633  0.47476172 0.42761975 0.50206904 0.41641874
0.00039479 0.36283831 0.35232302 0.39930133 0.34523319 0.50234819  0.48417291 0.45702496 0.47508945 0.39693445 0.45000532 0.44589633  0.47476172 0.42761975 0.50206904 0.41641874
0.00039479 0.36283831 0.35232302 0.39930133 0.34523319 0.50234819  0.48417291 0.45702496 0.47508945 0.39693445 0.45000532 0.44589633  0.47476172 0.42761975 0.50206904 0.41641874
0.00039479 0.36283831 0.35232302 0.39930133 0.34523319 0.50234819  0.48417291 0.45702496 0.47508945 0.39693445 0.45000532 0.44589633  0.47476172 0.42761975 0.50206904 0.41641874
0.00039479 0.36283831 0.35232302 0.39930133 0.34523319 0.50234819  0.48417291 0.45702496 0.47508945 0.39693445 0.45000532 0.44589633  0.47476172 0.42761975 0.50206904 0.41641874
0.00039479 0.36283831 0.35232302 0.39930133 0.34523319 0.50234819  0.48417291 0.45702496 0.47508945 0.39693445 0.45000532 0.44589633  0.47476172 0.42761975 0.50206904 0.41641874
0.00039479 0.36283831 0.35232302 0.39930133 0.34523319 0.50234819  0.48417291 0.45702496 0.47508945 0.39693445 0.45000532 0.44589633  0.47476172 0.42761975 0.50206904 0.41641874
0.00039479 0.36283831 0.35232302 0.39930133 0.34523319 0.50234819  0.48417291 0.45702496 0.47508945 0.39693445 0.45000532 0.44589633  0.47476172 0.42761975 0.50206904 0.41641874
0.00039479 0.36283831 0.35232302 0.39930133 0.34523319 0.50234819  0.48417291 0.45702496 0.47508945 0.39693445 0.45000532 0.44589633  0.47476172 0.42761975 0.50206904 0.41641874
0.00039479 0.36283831 0.35232302 0.39930133 0.34523319 0.50234819  0.48417291 0.45702496 0.47508945 0.39693445 0.45000532 0.44589633  0.47476172 0.42761975 0.50206904 0.41641874
0.00039479 0.36283831 0.35232302 0.39930133 0.34523319 0.50234819  0.48417291 0.45702496 0.47508945 0.39693445 0.45000532 0.44589633  0.47476172 0.42761975 0.50206904 0.41641874
0.00039479 0.36283831 0.35232302 0.39930133 0.34523319 0.50234819  0.48417291 0.45702496 0.47508945 0.39693445 0.45000532 0.44589633  0.47476172 0.42761975 0.50206904 0.41641874
0.00039479 0.36283831 0.35232302 0.39930133 0.34523319 0.50234819  0.48417291 0.45702496 0.47508945 0.39693445 0.45000532 0.44589633  0.47476172 0.42761975 0.50206904 0.41641874
0.00039479 0.36283831 0.35232302 0.39930133 0.34523319 0.50234819  0.48417291 0.45702496 0.47508945 0.39693445 0.45000532 0.44589633  0.47476172 0.42761975 0.50206904 0.41641874
0.00039479 0.36283831 0.35232302 0.39930133 0.34523319 0.50234819  0.48417291 0.45702496 0.47508945 0.39693445 0.45000532 0.44589633  0.47476172 0.42761975 0.50206904 0.41641874
0.00039479 0.36283831 0.35232302 0.39930133 0.34523319 0.50234819  0.48417291 0.45702496 0.47508945 0.39693445 0.45000532 0.44589633  0.47476172 0.42761975 0.50206904 0.41641874
0.00039479 0.36283831 0.35232302 0.39930133 0.34523319 0.50234819  0.48417291 0.45702496 0.47508945 0.39693445 0.45000532 0.44589633  0.47476172 0.42761975 0.50206904 0.41641874
0.00039479 0.36283831 0.35232302 0.39930133 0.34523319 0.50234819  0.48417291 0.45702496 0.47508945 0.39693445 0.45000532 0.44589633  0.47476172 0.42761975 0.50206904 0.41641874
0.00039479 0.36283831 0.35232302 0.39930133 0.34523319 0.50234819  0.48417291 0.45702496 0.47508945 0.39693445 0.45000532 0.44589633  0.47476172 0.42761975 0.50206904 0.41641874
0.00039479 0.36283831 0.35232302 0.39930133 0.34523319 0.50234819  0.48417291 0.45702496 0.47508945 0.39693445 0.45000532 0.44589633  0.47476172 0.42761975 0.50206904 0.41641874
0.00039479 0.36283831 0.35232302 0.39930133 0.34523319 0.50234819  0.48417291 0.45702496 0.47508945 0.39693445 0.45000532 0.44589633  0.47476172 0.42761975 0.50206904 0.41641874
0.00039479 0.36283831 0.35232302 0.39930133 0.34523319 0.50234819  0.48417291 0.45702496 0.47508945 0.39693445 0.45000532 0.44589633  0.47476172 0.42761975 0.50206904 0.41641874
0.00039479 0.36283831 0.35232302 0.39930133 0.34523319 0.50234819  0.48417291 0.45702496 0.47508945 0.39693445 0.45000532 0.44589633  0.47476172 0.42761975 0.50206904 0.41641874
0.00039479 0.36283831 0.35232302 0.39930133 0.34523319 0.50234819  0.48417291 0.45702496 0.47508945 0.39693445 0.45000532 0.44589633  0.47476172 0.42761975 0.50206904 0.41641874
0.00039479 0.36283831 0.35232302 0.39930133 0.34523319 0.50234819  0.48417291 0.45702496 0.47508945 0.39693445 0.45000532 0.44589633  0.47476172 0.42761975 0.50206904 0.41641874
0.00039479 0.36283831 0.35232302 0.39930133 0.34523319 0.50234819  0.48417291 0.45702496 0.47508945 0.39693445 0.45000532 0.44589633  0.47476172 0.42761975 0.50206904 0.41641874
0.00039479 0.36283831 0.35232302 0.39930133 0.34523319 0.50234819  0.48417291 0.45702496 0.47508945 0.39693445 0.45000532 0.44589633  0.47476172 0.42761975 0.50206904 0.41641874
0.00039479 0.36283831 0.35232302 0.39930133 0.34523319 0.50234819  0.48417291 0.45702496 0.47508945 0.39693445 0.45000532 0.44589633  0.47476172 0.42761975 0.50206904 0.41641874
0.00039479 0.36283831 0.35232302 0.39930133 0.34523319 0.50234819  0.48417291 0.45702496 0.47508945 0.39693445 0.45000532 0.44589633  0.47476172 0.42761975 0.50206904 0.41641874
0.00039479 0.36283831 0.35232302 0.39930133 0.34523319 0.50234819  0.48417291 0.45702496 0.47508945 0.39693445 0.45000532 0.44589633  0.47476172 0.42761975 0.50206904 0.41641874
0.00039479 0.36283831 0.35232302 0.39930133 0.34523319 0.50234819  0.48417291 0.45702496 0.47508945 0.39693445 0.45000532 0.44589633  0.47476172 0.42761975 0.50206904 0.41641874
