0.00039479 0.36283831 0.35232302 0.39930133 0.34523319 0.50234819  0.48417291 0.45702496 0.47508945 0.39693445 0.45000532 0.44589633  0.47476172 0.42761975 0.50206904 0.41641874
0.00039479 0.36283831 0.35232302 0.39930133 0.34523319 0.50234819  0.48417291 0.45702496 0.47508945 0.39693445 0.45000532 0.44589633  0.47476172 0.42761975 0.50206904 0.41641874
0.00039479 0.36283831 0.35232302 0.39930133 0.34523319 0.50234819  0.48417291 0.45702496 0.47508945 0.39693445 0.45000532 0.44589633  0.47476172 0.42761975 0.50206904 0.41641874
0.00039479 0.36283831 0.35232302 0.39930133 0.34523319 0.50234819  0.48417291 0.45702496 0.47508945 0.39693445 0.45000532 0.44589633  0.47476172 0.42761975 0.50206904 0.41641874
0.00039479 0.36283831 0.35232302 0.39930133 0.34523319 0.50234819  0.48417291 0.45702496 0.47508945 0.39693445 0.45000532 0.44589633  0.47476172 0.42761975 0.50206904 0.41641874
0.00039479 0.36283831 0.35232302 0.39930133 0.34523319 0.50234819  0.48417291 0.45702496 0.47508945 0.39693445 0.45000532 0.44589633  0.47476172 0.42761975 0.50206904 0.41641874
0.00039479 0.36283831 0.35232302 0.39930133 0.34523319 0.50234819  0.48417291 0.45702496 0.47508945 0.39693445 0.45000532 0.44589633  0.47476172 0.42761975 0.50206904 0.41641874
0.00039479 0.36283831 0.35232302 0.39930133 0.34523319 0.50234819  0.48417291 0.45702496 0.47508945 0.39693445 0.45000532 0.44589633  0.47476172 0.42761975 0.50206904 0.41641874
0.00039479 0.36283831 0.35232302 0.39930133 0.34523319 0.50234819  0.48417291 0.45702496 0.47508945 0.39693445 0.45000532 0.44589633  0.47476172 0.42761975 0.50206904 0.41641874
0.00039479 0.36283831 0.35232302 0.39930133 0.34523319 0.50234819  0.48417291 0.45702496 0.47508945 0.39693445 0.45000532 0.44589633  0.47476172 0.42761975 0.50206904 0.41641874
0.00039479 0.36283831 0.35232302 0.39930133 0.34523319 0.50234819  0.48417291 0.45702496 0.47508945 0.39693445 0.45000532 0.44589633  0.47476172 0.42761975 0.50206904 0.41641874
0.00039479 0.36283831 0.35232302 0.39930133 0.34523319 0.50234819  0.48417291 0.45702496 0.47508945 0.39693445 0.45000532 0.44589633  0.47476172 0.42761975 0.50206904 0.41641874
0.00039479 0.36283831 0.35232302 0.39930133 0.34523319 0.50234819  0.48417291 0.45702496 0.47508945 0.39693445 0.45000532 0.44589633  0.47476172 0.42761975 0.50206904 0.41641874
0.00039479 0.36283831 0.35232302 0.39930133 0.34523319 0.50234819  0.48417291 0.45702496 0.47508945 0.39693445 0.45000532 0.44589633  0.47476172 0.42761975 0.50206904 0.41641874
0.00039479 0.36283831 0.35232302 0.39930133 0.34523319 0.50234819  0.48417291 0.45702496 0.47508945 0.39693445 0.45000532 0.44589633  0.47476172 0.42761975 0.50206904 0.41641874
0.00039479 0.36283831 0.35232302 0.39930133 0.34523319 0.50234819  0.48417291 0.45702496 0.47508945 0.39693445 0.45000532 0.44589633  0.47476172 0.42761975 0.50206904 0.41641874
0.00039479 0.36283831 0.35232302 0.39930133 0.34523319 0.50234819  0.48417291 0.45702496 0.47508945 0.39693445 0.45000532 0.44589633  0.47476172 0.42761975 0.50206904 0.41641874
0.00039479 0.36283831 0.35232302 0.39930133 0.34523319 0.50234819  0.48417291 0.45702496 0.47508945 0.39693445 0.45000532 0.44589633  0.47476172 0.42761975 0.50206904 0.41641874
0.00039479 0.36283831 0.35232302 0.39930133 0.34523319 0.50234819  0.48417291 0.45702496 0.47508945 0.39693445 0.45000532 0.44589633  0.47476172 0.42761975 0.50206904 0.41641874
0.00039479 0.36283831 0.35232302 0.39930133 0.34523319 0.50234819  0.48417291 0.45702496 0.47508945 0.39693445 0.45000532 0.44589633  0.47476172 0.42761975 0.50206904 0.41641874
0.00039479 0.36283831 0.35232302 0.39930133 0.34523319 0.50234819  0.48417291 0.45702496 0.47508945 0.39693445 0.45000532 0.44589633  0.47476172 0.42761975 0.50206904 0.41641874
0.00039479 0.36283831 0.35232302 0.39930133 0.34523319 0.50234819  0.48417291 0.45702496 0.47508945 0.39693445 0.45000532 0.44589633  0.47476172 0.42761975 0.50206904 0.41641874
0.00039479 0.36283831 0.35232302 0.39930133 0.34523319 0.50234819  0.48417291 0.45702496 0.47508945 0.39693445 0.45000532 0.44589633  0.47476172 0.42761975 0.50206904 0.41641874
0.00039479 0.36283831 0.35232302 0.39930133 0.34523319 0.50234819  0.48417291 0.45702496 0.47508945 0.39693445 0.45000532 0.44589633  0.47476172 0.42761975 0.50206904 0.41641874
0.00039479 0.36283831 0.35232302 0.39930133 0.34523319 0.50234819  0.48417291 0.45702496 0.47508945 0.39693445 0.45000532 0.44589633  0.47476172 0.42761975 0.50206904 0.41641874
0.00039479 0.36283831 0.35232302 0.39930133 0.34523319 0.50234819  0.48417291 0.45702496 0.47508945 0.39693445 0.45000532 0.44589633  0.47476172 0.42761975 0.50206904 0.41641874
0.00039479 0.36283831 0.35232302 0.39930133 0.34523319 0.50234819  0.48417291 0.45702496 0.47508945 0.39693445 0.45000532 0.44589633  0.47476172 0.42761975 0.50206904 0.41641874
0.00039479 0.36283831 0.35232302 0.39930133 0.34523319 0.50234819  0.48417291 0.45702496 0.47508945 0.39693445 0.45000532 0.44589633  0.47476172 0.42761975 0.50206904 0.41641874
0.00039479 0.36283831 0.35232302 0.39930133 0.34523319 0.50234819  0.48417291 0.45702496 0.47508945 0.39693445 0.45000532 0.44589633  0.47476172 0.42761975 0.50206904 0.41641874
0.00039479 0.36283831 0.35232302 0.39930133 0.34523319 0.50234819  0.48417291 0.45702496 0.47508945 0.39693445 0.45000532 0.44589633  0.47476172 0.42761975 0.50206904 0.41641874
0.00039479 0.36283831 0.35232302 0.39930133 0.34523319 0.50234819  0.48417291 0.45702496 0.47508945 0.39693445 0.45000532 0.44589633  0.47476172 0.42761975 0.50206904 0.41641874
0.00039479 0.36283831 0.35232302 0.39930133 0.34523319 0.50234819  0.48417291 0.45702496 0.47508945 0.39693445 0.45000532 0.44589633  0.47476172 0.42761975 0.50206904 0.41641874
0.00039479 0.36283831 0.35232302 0.39930133 0.34523319 0.50234819  0.48417291 0.45702496 0.47508945 0.39693445 0.45000532 0.44589633  0.47476172 0.42761975 0.50206904 0.41641874
0.00039479 0.36283831 0.35232302 0.39930133 0.34523319 0.50234819  0.48417291 0.45702496 0.47508945 0.39693445 0.45000532 0.44589633  0.47476172 0.42761975 0.50206904 0.41641874
0.00039479 0.36283831 0.35232302 0.39930133 0.34523319 0.50234819  0.48417291 0.45702496 0.47508945 0.39693445 0.45000532 0.44589633  0.47476172 0.42761975 0.50206904 0.41641874
0.00039479 0.36283831 0.35232302 0.39930133 0.34523319 0.50234819  0.48417291 0.45702496 0.47508945 0.39693445 0.45000532 0.44589633  0.47476172 0.42761975 0.50206904 0.41641874
0.00039479 0.36283831 0.35232302 0.39930133 0.34523319 0.50234819  0.48417291 0.45702496 0.47508945 0.39693445 0.45000532 0.44589633  0.47476172 0.42761975 0.50206904 0.41641874
0.00039479 0.36283831 0.35232302 0.39930133 0.34523319 0.50234819  0.48417291 0.45702496 0.47508945 0.39693445 0.45000532 0.44589633  0.47476172 0.42761975 0.50206904 0.41641874
0.00039479 0.36283831 0.35232302 0.39930133 0.34523319 0.50234819  0.48417291 0.45702496 0.47508945 0.39693445 0.45000532 0.44589633  0.47476172 0.42761975 0.50206904 0.41641874
0.00039479 0.36283831 0.35232302 0.39930133 0.34523319 0.50234819  0.48417291 0.45702496 0.47508945 0.39693445 0.45000532 0.44589633  0.47476172 0.42761975 0.50206904 0.41641874
0.00039479 0.36283831 0.35232302 0.39930133 0.34523319 0.50234819  0.48417291 0.45702496 0.47508945 0.39693445 0.45000532 0.44589633  0.47476172 0.42761975 0.50206904 0.41641874
0.00039479 0.36283831 0.35232302 0.39930133 0.34523319 0.50234819  0.48417291 0.45702496 0.47508945 0.39693445 0.45000532 0.44589633  0.47476172 0.42761975 0.50206904 0.41641874
0.00039479 0.36283831 0.35232302 0.39930133 0.34523319 0.50234819  0.48417291 0.45702496 0.47508945 0.39693445 0.45000532 0.44589633  0.47476172 0.42761975 0.50206904 0.41641874
0.00039479 0.36283831 0.35232302 0.39930133 0.34523319 0.50234819  0.48417291 0.45702496 0.47508945 0.39693445 0.45000532 0.44589633  0.47476172 0.42761975 0.50206904 0.41641874
0.00039479 0.36283831 0.35232302 0.39930133 0.34523319 0.50234819  0.48417291 0.45702496 0.47508945 0.39693445 0.45000532 0.44589633  0.47476172 0.42761975 0.50206904 0.41641874
0.00039479 0.36283831 0.35232302 0.39930133 0.34523319 0.50234819  0.48417291 0.45702496 0.47508945 0.39693445 0.45000532 0.44589633  0.47476172 0.42761975 0.50206904 0.41641874
0.00039479 0.36283831 0.35232302 0.39930133 0.34523319 0.50234819  0.48417291 0.45702496 0.47508945 0.39693445 0.45000532 0.44589633  0.47476172 0.42761975 0.50206904 0.41641874
0.00039479 0.36283831 0.35232302 0.39930133 0.34523319 0.50234819  0.48417291 0.45702496 0.47508945 0.39693445 0.45000532 0.44589633  0.47476172 0.42761975 0.50206904 0.41641874
0.00039479 0.36283831 0.35232302 0.39930133 0.34523319 0.50234819  0.48417291 0.45702496 0.47508945 0.39693445 0.45000532 0.44589633  0.47476172 0.42761975 0.50206904 0.41641874
0.00039479 0.36283831 0.35232302 0.39930133 0.34523319 0.50234819  0.48417291 0.45702496 0.47508945 0.39693445 0.45000532 0.44589633  0.47476172 0.42761975 0.50206904 0.41641874
0.00039479 0.36283831 0.35232302 0.39930133 0.34523319 0.50234819  0.48417291 0.45702496 0.47508945 0.39693445 0.45000532 0.44589633  0.47476172 0.42761975 0.50206904 0.41641874
0.00039479 0.36283831 0.35232302 0.39930133 0.34523319 0.50234819  0.48417291 0.45702496 0.47508945 0.39693445 0.45000532 0.44589633  0.47476172 0.42761975 0.50206904 0.41641874
0.00039479 0.36283831 0.35232302 0.39930133 0.34523319 0.50234819  0.48417291 0.45702496 0.47508945 0.39693445 0.45000532 0.44589633  0.47476172 0.42761975 0.50206904 0.41641874
0.00039479 0.36283831 0.35232302 0.39930133 0.34523319 0.50234819  0.48417291 0.45702496 0.47508945 0.39693445 0.45000532 0.44589633  0.47476172 0.42761975 0.50206904 0.41641874
0.00039479 0.36283831 0.35232302 0.39930133 0.34523319 0.50234819  0.48417291 0.45702496 0.47508945 0.39693445 0.45000532 0.44589633  0.47476172 0.42761975 0.50206904 0.41641874
0.00039479 0.36283831 0.35232302 0.39930133 0.34523319 0.50234819  0.48417291 0.45702496 0.47508945 0.39693445 0.45000532 0.44589633  0.47476172 0.42761975 0.50206904 0.41641874
0.00039479 0.36283831 0.35232302 0.39930133 0.34523319 0.50234819  0.48417291 0.45702496 0.47508945 0.39693445 0.45000532 0.44589633  0.47476172 0.42761975 0.50206904 0.41641874
0.00039479 0.36283831 0.35232302 0.39930133 0.34523319 0.50234819  0.48417291 0.45702496 0.47508945 0.39693445 0.45000532 0.44589633  0.47476172 0.42761975 0.50206904 0.41641874
0.00039479 0.36283831 0.35232302 0.39930133 0.34523319 0.50234819  0.48417291 0.45702496 0.47508945 0.39693445 0.45000532 0.44589633  0.47476172 0.42761975 0.50206904 0.41641874
0.00039479 0.36283831 0.35232302 0.39930133 0.34523319 0.50234819  0.48417291 0.45702496 0.47508945 0.39693445 0.45000532 0.44589633  0.47476172 0.42761975 0.50206904 0.41641874
0.00039479 0.36283831 0.35232302 0.39930133 0.34523319 0.50234819  0.48417291 0.45702496 0.47508945 0.39693445 0.45000532 0.44589633  0.47476172 0.42761975 0.50206904 0.41641874
0.00039479 0.36283831 0.35232302 0.39930133 0.34523319 0.50234819  0.48417291 0.45702496 0.47508945 0.39693445 0.45000532 0.44589633  0.47476172 0.42761975 0.50206904 0.41641874
0.00039479 0.36283831 0.35232302 0.39930133 0.34523319 0.50234819  0.48417291 0.45702496 0.47508945 0.39693445 0.45000532 0.44589633  0.47476172 0.42761975 0.50206904 0.41641874
0.00039479 0.36283831 0.35232302 0.39930133 0.34523319 0.50234819  0.48417291 0.45702496 0.47508945 0.39693445 0.45000532 0.44589633  0.47476172 0.42761975 0.50206904 0.41641874
0.00039479 0.36283831 0.35232302 0.39930133 0.34523319 0.50234819  0.48417291 0.45702496 0.47508945 0.39693445 0.45000532 0.44589633  0.47476172 0.42761975 0.50206904 0.41641874
0.00039479 0.36283831 0.35232302 0.39930133 0.34523319 0.50234819  0.48417291 0.45702496 0.47508945 0.39693445 0.45000532 0.44589633  0.47476172 0.42761975 0.50206904 0.41641874
0.00039479 0.36283831 0.35232302 0.39930133 0.34523319 0.50234819  0.48417291 0.45702496 0.47508945 0.39693445 0.45000532 0.44589633  0.47476172 0.42761975 0.50206904 0.41641874
0.00039479 0.36283831 0.35232302 0.39930133 0.34523319 0.50234819  0.48417291 0.45702496 0.47508945 0.39693445 0.45000532 0.44589633  0.47476172 0.42761975 0.50206904 0.41641874
0.00039479 0.36283831 0.35232302 0.39930133 0.34523319 0.50234819  0.48417291 0.45702496 0.47508945 0.39693445 0.45000532 0.44589633  0.47476172 0.42761975 0.50206904 0.41641874
0.00039479 0.36283831 0.35232302 0.39930133 0.34523319 0.50234819  0.48417291 0.45702496 0.47508945 0.39693445 0.45000532 0.44589633  0.47476172 0.42761975 0.50206904 0.41641874
0.00039479 0.36283831 0.35232302 0.39930133 0.34523319 0.50234819  0.48417291 0.45702496 0.47508945 0.39693445 0.45000532 0.44589633  0.47476172 0.42761975 0.50206904 0.41641874
0.00039479 0.36283831 0.35232302 0.39930133 0.34523319 0.50234819  0.48417291 0.45702496 0.47508945 0.39693445 0.45000532 0.44589633  0.47476172 0.42761975 0.50206904 0.41641874
0.00039479 0.36283831 0.35232302 0.39930133 0.34523319 0.50234819  0.48417291 0.45702496 0.47508945 0.39693445 0.45000532 0.44589633  0.47476172 0.42761975 0.50206904 0.41641874
0.05431704 0.43980119 0.31345815 0.46496441 0.36786084 0.44459887  0.42177256 0.49905121 0.51678817 0.38698026 0.45658303 0.44208787  0.51916208 0.4878947  0.58394097 0.40292538
0.21678858 0.66459986 0.19654947 0.64402676 0.43237291 0.25622955  0.31141983 0.58972236 0.49834317 0.34545772 0.39844565 0.43266049  0.63692831 0.47309869 0.47686509 0.40326655
0.23551263 0.68728843 0.18488133 0.65424332 0.43511442 0.25223525  0.3171386  0.58254739 0.49020305 0.34311532 0.41613863 0.42923937  0.60408793 0.45550354 0.45197155 0.38130632
0.27248359 0.70686731 0.16367719 0.6259726  0.44103594 0.24273607  0.42907497 0.53125163 0.37176099 0.34418861 0.4244312  0.42497393  0.44044934 0.38808658 0.37135876 0.31709494
0.32610289 0.68885611 0.13827827 0.51396392 0.46459117 0.21856969  0.62326572 0.51578136 0.28191276 0.32433304 0.47379605 0.40948656  0.48350404 0.44272383 0.43474193 0.29735124
0.35834099 0.65567883 0.11889366 0.46604844 0.48659594 0.16486646  0.68606465 0.4285525  0.23622495 0.35136199 0.35534992 0.46331388  0.47076937 0.49857256 0.48455414 0.34968688
0.37305231 0.62349928 0.11397885 0.4439966  0.49665609 0.13216759  0.66542716 0.41203856 0.28281069 0.32745174 0.36042091 0.46820135  0.47059097 0.54818344 0.46497257 0.34848856
0.45760436 0.57767744 0.09103723 0.34807944 0.48798946 0.16585944  0.69188072 0.36823467 0.38868361 0.27140087 0.49524058 0.44545934  0.49164108 0.639304   0.39462266 0.31937796
0.46543063 0.5481556  0.08943891 0.39438863 0.50828001 0.18140836  0.68926557 0.36203009 0.34919047 0.28725418 0.53205446 0.39654831  0.48666692 0.66439245 0.37176585 0.40144387
0.50048395 0.55215911 0.07365896 0.37058616 0.51905387 0.16009227  0.68685059 0.40999289 0.40369856 0.27233088 0.56989487 0.39391351  0.51962835 0.72291526 0.5140961  0.40761935
0.53027492 0.50091142 0.06960934 0.3337396  0.52958334 0.14178861  0.66092619 0.46159178 0.43151785 0.22294327 0.6401729  0.35661978  0.56629226 0.67672473 0.42878007 0.39855493
0.58411577 0.49030814 0.06868477 0.26143447 0.49186648 0.23458557  0.66671202 0.50319372 0.49918527 0.1970311  0.71645377 0.3407102  0.60551873 0.62206671 0.39626966 0.43814736
0.58514425 0.49436264 0.08250102 0.25379362 0.47798853 0.23742604  0.65198872 0.64546677 0.46599721 0.20397309 0.77044355 0.32104205  0.53319371 0.52560102 0.35671266 0.44326119
0.64278637 0.4821091  0.08124226 0.17254428 0.43247116 0.27502192  0.56303432 0.65512603 0.58670143 0.2122724  0.71720562 0.3833324  0.44015851 0.3895717  0.40710491 0.38186205
0.65660464 0.50661417 0.09274111 0.2131718  0.38533099 0.33534398  0.59727097 0.66591097 0.58263092 0.33405408 0.77110531 0.45303092  0.41375744 0.43709693 0.49705416 0.53868221
0.71184689 0.50496338 0.14112301 0.16660056 0.27827648 0.49665481  0.51096008 0.73884695 0.51686142 0.43333683 0.49075263 0.52363802  0.40382435 0.40342457 0.55492439 0.59920246
0.71184689 0.50496338 0.14112301 0.16660056 0.27827648 0.49665481  0.51096008 0.73884695 0.51686142 0.43333683 0.49075263 0.52363802  0.40382435 0.40342457 0.55492439 0.59920246
0.71184689 0.50496338 0.14112301 0.16660056 0.27827648 0.49665481  0.51096008 0.73884695 0.51686142 0.43333683 0.49075263 0.52363802  0.40382435 0.40342457 0.55492439 0.59920246
0.75129099 0.42797951 0.1501861  0.17734573 0.27591314 0.45368896  0.47205953 0.59062277 0.51549274 0.49536863 0.42549394 0.58911922  0.42811056 0.48363027 0.63179456 0.54139405
0.77961397 0.37991402 0.16364177 0.18433817 0.27017643 0.45690792  0.3946021  0.52415741 0.49620422 0.50881003 0.36114694 0.59614497  0.43633443 0.4460002  0.5462743  0.44176284
0.80509584 0.30919908 0.14985309 0.18610286 0.30470202 0.40784764  0.32197863 0.46297607 0.55944664 0.45971962 0.44657014 0.55773172  0.41090129 0.34696673 0.37813564 0.37943556
0.80509584 0.30919908 0.14985309 0.18610286 0.30470202 0.40784764  0.32197863 0.46297607 0.55944664 0.45971962 0.44657014 0.55773172  0.41090129 0.34696673 0.37813564 0.37943556
0.85245654 0.19195786 0.19527746 0.4154659  0.35388579 0.49103619  0.37303216 0.4874273  0.39801698 0.51746893 0.49825845 0.46600049  0.47377317 0.45874192 0.50992873 0.34416799
0.85245654 0.19195786 0.19527746 0.4154659  0.35388579 0.49103619  0.37303216 0.4874273  0.39801698 0.51746893 0.49825845 0.46600049  0.47377317 0.45874192 0.50992873 0.34416799
0.88421612 0.11379278 0.22880511 0.56250245 0.38048934 0.5165827  0.40327744 0.46352088 0.34600719 0.5727688  0.57069302 0.3973443  0.57181801 0.40879711 0.51818283 0.43858484
0.89323564 0.11410596 0.26451968 0.5872874  0.36110081 0.49540119  0.42992639 0.44737839 0.35651886 0.56444737 0.58097099 0.40710186  0.61827113 0.37743765 0.56367143 0.42342282
0.89323564 0.11410596 0.26451968 0.5872874  0.36110081 0.49540119  0.42992639 0.44737839 0.35651886 0.56444737 0.58097099 0.40710186  0.61827113 0.37743765 0.56367143 0.42342282
0.9076498  0.08383022 0.29511085 0.6797335  0.39107473 0.50609689  0.5333353  0.4827475  0.45521216 0.59127273 0.54948383 0.40218302  0.63406757 0.28132045 0.61457869 0.47392631
0.91987691 0.07528789 0.32993677 0.7373025  0.39128752 0.52785633  0.57559019 0.48951403 0.48295078 0.53263755 0.51083715 0.45261415  0.62905362 0.37487451 0.55184901 0.4213873 
0.91987691 0.07528789 0.32993677 0.7373025  0.39128752 0.52785633  0.57559019 0.48951403 0.48295078 0.53263755 0.51083715 0.45261415  0.62905362 0.37487451 0.55184901 0.4213873 
0.92608844 0.08192474 0.36140918 0.74795146 0.36948817 0.50352595  0.60015989 0.4868452  0.525945   0.54022277 0.49311014 0.4249162  0.58091557 0.38408899 0.53688736 0.46937157
0.92608844 0.08192474 0.36140918 0.74795146 0.36948817 0.50352595  0.60015989 0.4868452  0.525945   0.54022277 0.49311014 0.4249162  0.58091557 0.38408899 0.53688736 0.46937157
0.92608844 0.08192474 0.36140918 0.74795146 0.36948817 0.50352595  0.60015989 0.4868452  0.525945   0.54022277 0.49311014 0.4249162  0.58091557 0.38408899 0.53688736 0.46937157
0.92555361 0.08435988 0.36177976 0.74040348 0.36480331 0.497112  0.59045346 0.47862097 0.51444705 0.54856314 0.50814384 0.41349802  0.59811002 0.36446861 0.55471834 0.48604525
0.92555361 0.08435988 0.36177976 0.74040348 0.36480331 0.497112  0.59045346 0.47862097 0.51444705 0.54856314 0.50814384 0.41349802  0.59811002 0.36446861 0.55471834 0.48604525
0.91611051 0.09008896 0.32646159 0.69422761 0.38198367 0.52072307  0.52608666 0.47221609 0.42313395 0.52982834 0.5140548  0.40676588  0.62028096 0.40683425 0.58759739 0.39318113
0.9094897  0.11221457 0.31843274 0.63465585 0.36014194 0.51411786  0.44732927 0.44273594 0.31624401 0.51144812 0.54280872 0.36329503  0.62180881 0.45144845 0.63087134 0.3753854 
0.9032085  0.10877443 0.28775429 0.62444914 0.35940901 0.5408733  0.40586483 0.43894211 0.25139484 0.48239746 0.56654086 0.38606489  0.6339306  0.50807027 0.60355012 0.35383455
0.88993205 0.15548389 0.28458602 0.54058855 0.34601557 0.52882485  0.37020094 0.41250333 0.26065505 0.44135877 0.48764896 0.37125223  0.61922654 0.4793683  0.60083604 0.28749754
0.80994707 0.28760966 0.13388168 0.24125027 0.37884562 0.5224751  0.31823653 0.4440056  0.49130512 0.33859013 0.29826937 0.4234118  0.5012684  0.29421438 0.53626986 0.25931973
0.78439602 0.34920449 0.11509822 0.12285053 0.34576701 0.4533275  0.31428084 0.45325025 0.60155421 0.35564157 0.3029053  0.49730314  0.41435012 0.29059942 0.41129945 0.33353117
0.78439602 0.34920449 0.11509822 0.12285053 0.34576701 0.4533275  0.31428084 0.45325025 0.60155421 0.35564157 0.3029053  0.49730314  0.41435012 0.29059942 0.41129945 0.33353117
0.67151528 0.58527765 0.10406677 0.17747503 0.3225379  0.59661968  0.57419613 0.46963618 0.50574889 0.3983512  0.26242228 0.51218538  0.64605396 0.45806406 0.69258058 0.50816535
0.65908621 0.61824347 0.11569324 0.17413446 0.30304664 0.60191079  0.59958086 0.55400749 0.48980767 0.39599785 0.30536101 0.5050602  0.62281726 0.49188579 0.6816151  0.53657631
0.54586244 0.77974689 0.12267476 0.39836867 0.29679893 0.68115205  0.59554768 0.40168778 0.37523608 0.47557271 0.37358206 0.4789511  0.49127868 0.3460347  0.38172529 0.46165898
0.5285742  0.78917237 0.10836181 0.41484499 0.3231666  0.63939141  0.63196879 0.3723932  0.39568727 0.46917039 0.45178965 0.46962024  0.44923705 0.35934097 0.43585082 0.45624961
0.49353291 0.80774622 0.12853534 0.49302517 0.29684866 0.67938425  0.49498089 0.38668282 0.46086796 0.46754416 0.44752765 0.46453024  0.40952085 0.30838195 0.3442099  0.45081634
0.4749549  0.80718357 0.13376073 0.52685367 0.29961137 0.66355778  0.43777804 0.38786347 0.48553549 0.48902596 0.4024248  0.48510761  0.40618235 0.30470372 0.37246765 0.47599331
0.42171714 0.81159209 0.14346617 0.58709314 0.31055413 0.65015237  0.34046159 0.42144209 0.63585157 0.46311384 0.52288784 0.4584271  0.4659697  0.36945024 0.44683659 0.47824036
0.42077982 0.79042591 0.16891652 0.57868462 0.2796124  0.70335716  0.25235995 0.47938356 0.68867285 0.4555569  0.46792939 0.45778789  0.60236558 0.3953406  0.44168353 0.49740989
0.43806806 0.78100043 0.18322947 0.56220831 0.25324473 0.7451178  0.21593883 0.50867814 0.66822166 0.46195923 0.38972179 0.46711874  0.6444072  0.38203433 0.387558   0.50281926
0.43806806 0.78100043 0.18322947 0.56220831 0.25324473 0.7451178  0.21593883 0.50867814 0.66822166 0.46195923 0.38972179 0.46711874  0.6444072  0.38203433 0.387558   0.50281926
0.51126714 0.9258946  0.6047887  0.4488588  0.69086061 0.80957598  0.10597336 0.43389327 0.61448511 0.38823184 0.32704663 0.40651296  0.61579378 0.41490904 0.28757636 0.43142599
0.53082297 0.92547363 0.67713725 0.48607432 0.69329937 0.80584887  0.09505815 0.39467444 0.54139249 0.3152154  0.38788397 0.4801028  0.69310633 0.38196453 0.36479541 0.41020428
0.6119677  0.9238907  0.75408904 0.46211866 0.65654781 0.73181302  0.33268671 0.34250208 0.47029947 0.33287641 0.45005671 0.48216599  0.73356083 0.34913562 0.40571639 0.33164083
0.64974732 0.93356936 0.74262597 0.41187045 0.68772093 0.69250167  0.48257622 0.29243627 0.38129005 0.42153841 0.39519236 0.46410323  0.64127593 0.3026067  0.34053112 0.32616339
0.73110392 0.85822605 0.83274553 0.3589727  0.60850345 0.61719417  0.54613261 0.46701285 0.36703568 0.46249932 0.50375727 0.45784515  0.72554239 0.38365213 0.47107901 0.31160956
0.78306215 0.80057361 0.82427697 0.2697105  0.55020139 0.50359245  0.67051218 0.55787897 0.42718609 0.54022184 0.40042754 0.3062598  0.64439584 0.42141544 0.57160101 0.32638647
0.78306215 0.80057361 0.82427697 0.2697105  0.55020139 0.50359245  0.67051218 0.55787897 0.42718609 0.54022184 0.40042754 0.3062598  0.64439584 0.42141544 0.57160101 0.32638647
0.79828486 0.77091157 0.82116944 0.25498224 0.49641434 0.47598301  0.66389831 0.62755822 0.43799832 0.54965368 0.35116064 0.2636211  0.57656793 0.41599149 0.58844314 0.32068688
0.81298756 0.74452534 0.83360691 0.25217999 0.4797624  0.46139876  0.6283976  0.66902174 0.41119881 0.57289075 0.32966456 0.27068964  0.45836878 0.35283259 0.62553797 0.29982584
0.84271183 0.68479714 0.82120993 0.20912511 0.49567153 0.42111745  0.61001771 0.55237573 0.4802185  0.5775379  0.21749377 0.32225097  0.49543003 0.5061786  0.72423242 0.31632906
0.84124442 0.67666304 0.80470677 0.22272642 0.4476723  0.40636628  0.6258289  0.54724468 0.50152481 0.58700489 0.1888516  0.28008218  0.50318032 0.52015311 0.71317228 0.29562683
0.86903173 0.60913908 0.79251148 0.19799629 0.47625492 0.34818636  0.57002236 0.48406674 0.58642784 0.54106645 0.21664853 0.27110722  0.49761587 0.53265012 0.61947663 0.2591568 
0.88292821 0.58430736 0.79738817 0.18773555 0.54374541 0.35764642  0.52882644 0.40482649 0.58106276 0.53395282 0.20235198 0.32040119  0.51310227 0.48485387 0.64150224 0.25144807
0.91749986 0.46641109 0.74100371 0.20552175 0.51744771 0.29508779  0.41664462 0.30567202 0.6312594  0.39308776 0.29049902 0.31951738  0.48377884 0.3917104  0.48471562 0.15416363
0.90939756 0.45602456 0.69748437 0.2019923  0.52335139 0.33221043  0.37437168 0.29854085 0.54730324 0.32090981 0.32470395 0.38472236  0.51847477 0.38038214 0.53426032 0.10974083
0.8890676  0.40026404 0.55519881 0.25374434 0.34177527 0.3448146  0.34399897 0.29534707 0.44318304 0.21366908 0.40861519 0.5278387  0.52041992 0.38985482 0.56693112 0.18038784
0.86464385 0.32521214 0.3804342  0.30670835 0.17770301 0.33091123  0.36520912 0.33642696 0.43618782 0.3052027  0.47505014 0.6233322  0.62842359 0.35874645 0.58187616 0.17599208
0.85730884 0.32084911 0.34758091 0.29105633 0.19088177 0.34374219  0.3555755  0.36346145 0.4455764  0.38888234 0.47134379 0.61564099  0.62612781 0.39537167 0.51293372 0.13616912
0.8549418  0.21801731 0.22311297 0.36831035 0.31397678 0.46697571  0.29895848 0.42171956 0.30221316 0.48830663 0.50267297 0.43985363  0.5526209  0.3956947  0.52796735 0.24371207
0.86038466 0.15466977 0.17710694 0.47126374 0.41910965 0.57618067  0.34334842 0.47085172 0.29499956 0.45718657 0.41975098 0.312882  0.4900018  0.41134436 0.61081486 0.32033856
0.86875974 0.12931026 0.18420824 0.50841183 0.40788109 0.5514973  0.35686493 0.47478893 0.30021411 0.51160013 0.51821395 0.34427373  0.50275474 0.4279616  0.57202551 0.40260277
0.87366111 0.10796031 0.18027522 0.55512432 0.4325031  0.58822912  0.37901231 0.4972905  0.28573936 0.49822525 0.49864287 0.32769465  0.50470586 0.44004632 0.61352894 0.38667556
0.87366111 0.10796031 0.18027522 0.55512432 0.4325031  0.58822912  0.37901231 0.4972905  0.28573936 0.49822525 0.49864287 0.32769465  0.50470586 0.44004632 0.61352894 0.38667556
0.87366111 0.10796031 0.18027522 0.55512432 0.4325031  0.58822912  0.37901231 0.4972905  0.28573936 0.49822525 0.49864287 0.32769465  0.50470586 0.44004632 0.61352894 0.38667556
0.87366111 0.10796031 0.18027522 0.55512432 0.4325031  0.58822912  0.37901231 0.4972905  0.28573936 0.49822525 0.49864287 0.32769465  0.50470586 0.44004632 0.61352894 0.38667556
0.87620572 0.09636055 0.17819742 0.58737959 0.45138461 0.61429857  0.41151539 0.52360786 0.31164358 0.47580439 0.45847811 0.3523597  0.4804371  0.46932362 0.59911571 0.33324065
0.87620572 0.09636055 0.17819742 0.58737959 0.45138461 0.61429857  0.41151539 0.52360786 0.31164358 0.47580439 0.45847811 0.3523597  0.4804371  0.46932362 0.59911571 0.33324065
0.87858968 0.08519012 0.17786771 0.62095654 0.46447486 0.63497948  0.44479187 0.54978872 0.33640714 0.45921987 0.43492644 0.3896376  0.46554429 0.48792087 0.57395398 0.29666545
0.86810264 0.09107537 0.14952832 0.62171278 0.50702656 0.67512657  0.48001385 0.56979997 0.41111305 0.3913984  0.35914326 0.39607225  0.45655319 0.47396958 0.5354265  0.28661404
0.84818148 0.13048772 0.11386461 0.55629997 0.53868022 0.72458654  0.45329509 0.56163234 0.44079804 0.28337    0.22233891 0.34397732  0.42382422 0.44845045 0.51423621 0.27287747
0.84818148 0.13048772 0.11386461 0.55629997 0.53868022 0.72458654  0.45329509 0.56163234 0.44079804 0.28337    0.22233891 0.34397732  0.42382422 0.44845045 0.51423621 0.27287747
0.83608557 0.1385007  0.08151846 0.52633416 0.56208597 0.72917059  0.45977557 0.57675035 0.49071932 0.27888003 0.19813608 0.32664754  0.36051226 0.42722789 0.51019644 0.35179667
0.83608557 0.1385007  0.08151846 0.52633416 0.56208597 0.72917059  0.45977557 0.57675035 0.49071932 0.27888003 0.19813608 0.32664754  0.36051226 0.42722789 0.51019644 0.35179667
0.83608557 0.1385007  0.08151846 0.52633416 0.56208597 0.72917059  0.45977557 0.57675035 0.49071932 0.27888003 0.19813608 0.32664754  0.36051226 0.42722789 0.51019644 0.35179667
0.83608557 0.1385007  0.08151846 0.52633416 0.56208597 0.72917059  0.45977557 0.57675035 0.49071932 0.27888003 0.19813608 0.32664754  0.36051226 0.42722789 0.51019644 0.35179667
0.81641199 0.17179678 0.05939391 0.45807567 0.56035393 0.67221294  0.44186525 0.51448119 0.48913061 0.29488118 0.294572   0.24884803  0.40652144 0.39059319 0.62428349 0.50306237
0.81641199 0.17179678 0.05939391 0.45807567 0.56035393 0.67221294  0.44186525 0.51448119 0.48913061 0.29488118 0.294572   0.24884803  0.40652144 0.39059319 0.62428349 0.50306237
0.77816424 0.25302251 0.04170254 0.44090922 0.56261145 0.68528606  0.50240151 0.40659067 0.55859912 0.23883484 0.29278623 0.28103949  0.58476848 0.45085197 0.58932333 0.42978129
0.69557435 0.41128612 0.02118923 0.34329967 0.52879824 0.5399394  0.55201561 0.20466437 0.58142888 0.27734422 0.49358536 0.31144165  0.67526721 0.43010099 0.68064632 0.43801995
0.65817199 0.49239139 0.03135128 0.33554953 0.49308883 0.52858218  0.5847951  0.15311516 0.60254086 0.33221247 0.40917486 0.40272771  0.61573308 0.49852189 0.72703253 0.41995364
0.57768613 0.61488002 0.04478654 0.36767121 0.45361985 0.43642248  0.58170236 0.05759047 0.58593081 0.41973643 0.42538301 0.50117614  0.46619645 0.47483212 0.59291072 0.35364686
0.4581081  0.67661201 0.0672075  0.51643486 0.48325642 0.30334072  0.54812723 0.16501859 0.43844728 0.457343   0.35027584 0.51346868  0.33278373 0.43286606 0.65724774 0.31395828
0.41202758 0.72616447 0.08673886 0.53516198 0.47432695 0.27440179  0.60296124 0.35123016 0.34813272 0.40728805 0.46167905 0.4577295  0.34592514 0.39466333 0.57184096 0.29906361
0.30657541 0.70111784 0.13470736 0.58012967 0.47680328 0.16692532  0.55916449 0.4848959  0.2411768  0.39770651 0.30337129 0.48014574  0.42564492 0.39747569 0.472816   0.40093366
0.23275447 0.61887336 0.17997326 0.5479407  0.46508806 0.17494564  0.55644953 0.48495661 0.19544966 0.40305047 0.18090901 0.50232338  0.56323261 0.33591235 0.33639558 0.51284955
0.16032833 0.56576807 0.22991668 0.55616641 0.43182488 0.24554895  0.44580098 0.5261367  0.31031339 0.38900626 0.20105935 0.48839556  0.6754213  0.34687498 0.31626083 0.56004741
0.1426344  0.53939842 0.24331237 0.53412046 0.42237841 0.26743837  0.46023443 0.51801706 0.31352109 0.38637502 0.21568847 0.48420286  0.66878604 0.34943085 0.31434612 0.53807811
0.01779563 0.38669558 0.33863985 0.42004769 0.35385851 0.46460162  0.48109267 0.47190843 0.43452283 0.38595027 0.3992976  0.44733029  0.52908455 0.38078184 0.39373238 0.44873962
0.01779563 0.38669558 0.33863985 0.42004769 0.35385851 0.46460162  0.48109267 0.47190843 0.43452283 0.38595027 0.3992976  0.44733029  0.52908455 0.38078184 0.39373238 0.44873962
0.00039479 0.36283831 0.35232302 0.39930133 0.34523319 0.50234819  0.48417291 0.45702496 0.47508945 0.39693445 0.45000532 0.44589633  0.47476172 0.42761975 0.50206904 0.41641874
0.00039479 0.36283831 0.35232302 0.39930133 0.34523319 0.50234819  0.48417291 0.45702496 0.47508945 0.39693445 0.45000532 0.44589633  0.47476172 0.42761975 0.50206904 0.41641874
0.00039479 0.36283831 0.35232302 0.39930133 0.34523319 0.50234819  0.48417291 0.45702496 0.47508945 0.39693445 0.45000532 0.44589633  0.47476172 0.42761975 0.50206904 0.41641874
0.00039479 0.36283831 0.35232302 0.39930133 0.34523319 0.50234819  0.48417291 0.45702496 0.47508945 0.39693445 0.45000532 0.44589633  0.47476172 0.42761975 0.50206904 0.41641874
0.00039479 0.36283831 0.35232302 0.39930133 0.34523319 0.50234819  0.48417291 0.45702496 0.47508945 0.39693445 0.45000532 0.44589633  0.47476172 0.42761975 0.50206904 0.41641874
0.00039479 0.36283831 0.35232302 0.39930133 0.34523319 0.50234819  0.48417291 0.45702496 0.47508945 0.39693445 0.45000532 0.44589633  0.47476172 0.42761975 0.50206904 0.41641874
0.00039479 0.36283831 0.35232302 0.39930133 0.34523319 0.50234819  0.48417291 0.45702496 0.47508945 0.39693445 0.45000532 0.44589633  0.47476172 0.42761975 0.50206904 0.41641874
0.00039479 0.36283831 0.35232302 0.39930133 0.34523319 0.50234819  0.48417291 0.45702496 0.47508945 0.39693445 0.45000532 0.44589633  0.47476172 0.42761975 0.50206904 0.41641874
0.00039479 0.36283831 0.35232302 0.39930133 0.34523319 0.50234819  0.48417291 0.45702496 0.47508945 0.39693445 0.45000532 0.44589633  0.47476172 0.42761975 0.50206904 0.41641874
0.00039479 0.36283831 0.35232302 0.39930133 0.34523319 0.50234819  0.48417291 0.45702496 0.47508945 0.39693445 0.45000532 0.44589633  0.47476172 0.42761975 0.50206904 0.41641874
0.00039479 0.36283831 0.35232302 0.39930133 0.34523319 0.50234819  0.48417291 0.45702496 0.47508945 0.39693445 0.45000532 0.44589633  0.47476172 0.42761975 0.50206904 0.41641874
0.00039479 0.36283831 0.35232302 0.39930133 0.34523319 0.50234819  0.48417291 0.45702496 0.47508945 0.39693445 0.45000532 0.44589633  0.47476172 0.42761975 0.50206904 0.41641874
0.00039479 0.36283831 0.35232302 0.39930133 0.34523319 0.50234819  0.48417291 0.45702496 0.47508945 0.39693445 0.45000532 0.44589633  0.47476172 0.42761975 0.50206904 0.41641874
0.00039479 0.36283831 0.35232302 0.39930133 0.34523319 0.50234819  0.48417291 0.45702496 0.47508945 0.39693445 0.45000532 0.44589633  0.47476172 0.42761975 0.50206904 0.41641874
0.00039479 0.36283831 0.35232302 0.39930133 0.34523319 0.50234819  0.48417291 0.45702496 0.47508945 0.39693445 0.45000532 0.44589633  0.47476172 0.42761975 0.50206904 0.41641874
0.00039479 0.36283831 0.35232302 0.39930133 0.34523319 0.50234819  0.48417291 0.45702496 0.47508945 0.39693445 0.45000532 0.44589633  0.47476172 0.42761975 0.50206904 0.41641874
0.00039479 0.36283831 0.35232302 0.39930133 0.34523319 0.50234819  0.48417291 0.45702496 0.47508945 0.39693445 0.45000532 0.44589633  0.47476172 0.42761975 0.50206904 0.41641874
0.00039479 0.36283831 0.35232302 0.39930133 0.34523319 0.50234819  0.48417291 0.45702496 0.47508945 0.39693445 0.45000532 0.44589633  0.47476172 0.42761975 0.50206904 0.41641874
0.00039479 0.36283831 0.35232302 0.39930133 0.34523319 0.50234819  0.48417291 0.45702496 0.47508945 0.39693445 0.45000532 0.44589633  0.47476172 0.42761975 0.50206904 0.41641874
0.00039479 0.36283831 0.35232302 0.39930133 0.34523319 0.50234819  0.48417291 0.45702496 0.47508945 0.39693445 0.45000532 0.44589633  0.47476172 0.42761975 0.50206904 0.41641874
0.00039479 0.36283831 0.35232302 0.39930133 0.34523319 0.50234819  0.48417291 0.45702496 0.47508945 0.39693445 0.45000532 0.44589633  0.47476172 0.42761975 0.50206904 0.41641874
0.00039479 0.36283831 0.35232302 0.39930133 0.34523319 0.50234819  0.48417291 0.45702496 0.47508945 0.39693445 0.45000532 0.44589633  0.47476172 0.42761975 0.50206904 0.41641874
0.00039479 0.36283831 0.35232302 0.39930133 0.34523319 0.50234819  0.48417291 0.45702496 0.47508945 0.39693445 0.45000532 0.44589633  0.47476172 0.42761975 0.50206904 0.41641874
0.00039479 0.36283831 0.35232302 0.39930133 0.34523319 0.50234819  0.48417291 0.45702496 0.47508945 0.39693445 0.45000532 0.44589633  0.47476172 0.42761975 0.50206904 0.41641874
0.00039479 0.36283831 0.35232302 0.39930133 0.34523319 0.50234819  0.48417291 0.45702496 0.47508945 0.39693445 0.45000532 0.44589633  0.47476172 0.42761975 0.50206904 0.41641874
0.00039479 0.36283831 0.35232302 0.39930133 0.34523319 0.50234819  0.48417291 0.45702496 0.47508945 0.39693445 0.45000532 0.44589633  0.47476172 0.42761975 0.50206904 0.41641874
0.00039479 0.36283831 0.35232302 0.39930133 0.34523319 0.50234819  0.48417291 0.45702496 0.47508945 0.39693445 0.45000532 0.44589633  0.47476172 0.42761975 0.50206904 0.41641874
