0.00039479 0.36283831 0.35232302 0.39930133 0.34523319 0.50234819  0.48417291 0.45702496 0.47508945 0.39693445 0.45000532 0.44589633  0.47476172 0.42761975 0.50206904 0.41641874
0.00039479 0.36283831 0.35232302 0.39930133 0.34523319 0.50234819  0.48417291 0.45702496 0.47508945 0.39693445 0.45000532 0.44589633  0.47476172 0.42761975 0.50206904 0.41641874
0.00039479 0.36283831 0.35232302 0.39930133 0.34523319 0.50234819  0.48417291 0.45702496 0.47508945 0.39693445 0.45000532 0.44589633  0.47476172 0.42761975 0.50206904 0.41641874
0.00039479 0.36283831 0.35232302 0.39930133 0.34523319 0.50234819  0.48417291 0.45702496 0.47508945 0.39693445 0.45000532 0.44589633  0.47476172 0.42761975 0.50206904 0.41641874
0.00039479 0.36283831 0.35232302 0.39930133 0.34523319 0.50234819  0.48417291 0.45702496 0.47508945 0.39693445 0.45000532 0.44589633  0.47476172 0.42761975 0.50206904 0.41641874
0.00039479 0.36283831 0.35232302 0.39930133 0.34523319 0.50234819  0.48417291 0.45702496 0.47508945 0.39693445 0.45000532 0.44589633  0.47476172 0.42761975 0.50206904 0.41641874
0.00039479 0.36283831 0.35232302 0.39930133 0.34523319 0.50234819  0.48417291 0.45702496 0.47508945 0.39693445 0.45000532 0.44589633  0.47476172 0.42761975 0.50206904 0.41641874
0.00039479 0.36283831 0.35232302 0.39930133 0.34523319 0.50234819  0.48417291 0.45702496 0.47508945 0.39693445 0.45000532 0.44589633  0.47476172 0.42761975 0.50206904 0.41641874
0.00039479 0.36283831 0.35232302 0.39930133 0.34523319 0.50234819  0.48417291 0.45702496 0.47508945 0.39693445 0.45000532 0.44589633  0.47476172 0.42761975 0.50206904 0.41641874
0.00039479 0.36283831 0.35232302 0.39930133 0.34523319 0.50234819  0.48417291 0.45702496 0.47508945 0.39693445 0.45000532 0.44589633  0.47476172 0.42761975 0.50206904 0.41641874
0.00039479 0.36283831 0.35232302 0.39930133 0.34523319 0.50234819  0.48417291 0.45702496 0.47508945 0.39693445 0.45000532 0.44589633  0.47476172 0.42761975 0.50206904 0.41641874
0.00039479 0.36283831 0.35232302 0.39930133 0.34523319 0.50234819  0.48417291 0.45702496 0.47508945 0.39693445 0.45000532 0.44589633  0.47476172 0.42761975 0.50206904 0.41641874
0.00039479 0.36283831 0.35232302 0.39930133 0.34523319 0.50234819  0.48417291 0.45702496 0.47508945 0.39693445 0.45000532 0.44589633  0.47476172 0.42761975 0.50206904 0.41641874
0.00039479 0.36283831 0.35232302 0.39930133 0.34523319 0.50234819  0.48417291 0.45702496 0.47508945 0.39693445 0.45000532 0.44589633  0.47476172 0.42761975 0.50206904 0.41641874
0.00039479 0.36283831 0.35232302 0.39930133 0.34523319 0.50234819  0.48417291 0.45702496 0.47508945 0.39693445 0.45000532 0.44589633  0.47476172 0.42761975 0.50206904 0.41641874
0.00039479 0.36283831 0.35232302 0.39930133 0.34523319 0.50234819  0.48417291 0.45702496 0.47508945 0.39693445 0.45000532 0.44589633  0.47476172 0.42761975 0.50206904 0.41641874
0.00039479 0.36283831 0.35232302 0.39930133 0.34523319 0.50234819  0.48417291 0.45702496 0.47508945 0.39693445 0.45000532 0.44589633  0.47476172 0.42761975 0.50206904 0.41641874
0.00039479 0.36283831 0.35232302 0.39930133 0.34523319 0.50234819  0.48417291 0.45702496 0.47508945 0.39693445 0.45000532 0.44589633  0.47476172 0.42761975 0.50206904 0.41641874
0.00039479 0.36283831 0.35232302 0.39930133 0.34523319 0.50234819  0.48417291 0.45702496 0.47508945 0.39693445 0.45000532 0.44589633  0.47476172 0.42761975 0.50206904 0.41641874
0.00039479 0.36283831 0.35232302 0.39930133 0.34523319 0.50234819  0.48417291 0.45702496 0.47508945 0.39693445 0.45000532 0.44589633  0.47476172 0.42761975 0.50206904 0.41641874
0.00039479 0.36283831 0.35232302 0.39930133 0.34523319 0.50234819  0.48417291 0.45702496 0.47508945 0.39693445 0.45000532 0.44589633  0.47476172 0.42761975 0.50206904 0.41641874
0.00039479 0.36283831 0.35232302 0.39930133 0.34523319 0.50234819  0.48417291 0.45702496 0.47508945 0.39693445 0.45000532 0.44589633  0.47476172 0.42761975 0.50206904 0.41641874
0.00039479 0.36283831 0.35232302 0.39930133 0.34523319 0.50234819  0.48417291 0.45702496 0.47508945 0.39693445 0.45000532 0.44589633  0.47476172 0.42761975 0.50206904 0.41641874
0.00039479 0.36283831 0.35232302 0.39930133 0.34523319 0.50234819  0.48417291 0.45702496 0.47508945 0.39693445 0.45000532 0.44589633  0.47476172 0.42761975 0.50206904 0.41641874
0.00039479 0.36283831 0.35232302 0.39930133 0.34523319 0.50234819  0.48417291 0.45702496 0.47508945 0.39693445 0.45000532 0.44589633  0.47476172 0.42761975 0.50206904 0.41641874
0.00039479 0.36283831 0.35232302 0.39930133 0.34523319 0.50234819  0.48417291 0.45702496 0.47508945 0.39693445 0.45000532 0.44589633  0.47476172 0.42761975 0.50206904 0.41641874
0.00039479 0.36283831 0.35232302 0.39930133 0.34523319 0.50234819  0.48417291 0.45702496 0.47508945 0.39693445 0.45000532 0.44589633  0.47476172 0.42761975 0.50206904 0.41641874
0.00039479 0.36283831 0.35232302 0.39930133 0.34523319 0.50234819  0.48417291 0.45702496 0.47508945 0.39693445 0.45000532 0.44589633  0.47476172 0.42761975 0.50206904 0.41641874
0.00039479 0.36283831 0.35232302 0.39930133 0.34523319 0.50234819  0.48417291 0.45702496 0.47508945 0.39693445 0.45000532 0.44589633  0.47476172 0.42761975 0.50206904 0.41641874
0.00039479 0.36283831 0.35232302 0.39930133 0.34523319 0.50234819  0.48417291 0.45702496 0.47508945 0.39693445 0.45000532 0.44589633  0.47476172 0.42761975 0.50206904 0.41641874
0.00039479 0.36283831 0.35232302 0.39930133 0.34523319 0.50234819  0.48417291 0.45702496 0.47508945 0.39693445 0.45000532 0.44589633  0.47476172 0.42761975 0.50206904 0.41641874
0.00039479 0.36283831 0.35232302 0.39930133 0.34523319 0.50234819  0.48417291 0.45702496 0.47508945 0.39693445 0.45000532 0.44589633  0.47476172 0.42761975 0.50206904 0.41641874
0.00039479 0.36283831 0.35232302 0.39930133 0.34523319 0.50234819  0.48417291 0.45702496 0.47508945 0.39693445 0.45000532 0.44589633  0.47476172 0.42761975 0.50206904 0.41641874
0.00039479 0.36283831 0.35232302 0.39930133 0.34523319 0.50234819  0.48417291 0.45702496 0.47508945 0.39693445 0.45000532 0.44589633  0.47476172 0.42761975 0.50206904 0.41641874
0.00039479 0.36283831 0.35232302 0.39930133 0.34523319 0.50234819  0.48417291 0.45702496 0.47508945 0.39693445 0.45000532 0.44589633  0.47476172 0.42761975 0.50206904 0.41641874
0.00039479 0.36283831 0.35232302 0.39930133 0.34523319 0.50234819  0.48417291 0.45702496 0.47508945 0.39693445 0.45000532 0.44589633  0.47476172 0.42761975 0.50206904 0.41641874
0.00039479 0.36283831 0.35232302 0.39930133 0.34523319 0.50234819  0.48417291 0.45702496 0.47508945 0.39693445 0.45000532 0.44589633  0.47476172 0.42761975 0.50206904 0.41641874
0.00039479 0.36283831 0.35232302 0.39930133 0.34523319 0.50234819  0.48417291 0.45702496 0.47508945 0.39693445 0.45000532 0.44589633  0.47476172 0.42761975 0.50206904 0.41641874
0.00039479 0.36283831 0.35232302 0.39930133 0.34523319 0.50234819  0.48417291 0.45702496 0.47508945 0.39693445 0.45000532 0.44589633  0.47476172 0.42761975 0.50206904 0.41641874
0.00039479 0.36283831 0.35232302 0.39930133 0.34523319 0.50234819  0.48417291 0.45702496 0.47508945 0.39693445 0.45000532 0.44589633  0.47476172 0.42761975 0.50206904 0.41641874
0.00039479 0.36283831 0.35232302 0.39930133 0.34523319 0.50234819  0.48417291 0.45702496 0.47508945 0.39693445 0.45000532 0.44589633  0.47476172 0.42761975 0.50206904 0.41641874
0.00039479 0.36283831 0.35232302 0.39930133 0.34523319 0.50234819  0.48417291 0.45702496 0.47508945 0.39693445 0.45000532 0.44589633  0.47476172 0.42761975 0.50206904 0.41641874
0.00039479 0.36283831 0.35232302 0.39930133 0.34523319 0.50234819  0.48417291 0.45702496 0.47508945 0.39693445 0.45000532 0.44589633  0.47476172 0.42761975 0.50206904 0.41641874
0.00039479 0.36283831 0.35232302 0.39930133 0.34523319 0.50234819  0.48417291 0.45702496 0.47508945 0.39693445 0.45000532 0.44589633  0.47476172 0.42761975 0.50206904 0.41641874
0.00039479 0.36283831 0.35232302 0.39930133 0.34523319 0.50234819  0.48417291 0.45702496 0.47508945 0.39693445 0.45000532 0.44589633  0.47476172 0.42761975 0.50206904 0.41641874
0.03631018 0.41540188 0.32624181 0.4455019  0.36060521 0.46628334  0.43699433 0.48325785 0.50987685 0.40171282 0.44757077 0.45105915  0.48480944 0.46855757 0.59139026 0.42570739
0.10901787 0.48622695 0.30353338 0.47755394 0.32387065 0.59885261  0.35817776 0.4097428  0.60993259 0.51872982 0.37440623 0.51759335  0.41376545 0.48531732 0.78702444 0.54831078
0.10901787 0.48622695 0.30353338 0.47755394 0.32387065 0.59885261  0.35817776 0.4097428  0.60993259 0.51872982 0.37440623 0.51759335  0.41376545 0.48531732 0.78702444 0.54831078
0.25097331 0.71308246 0.36264668 0.4549298  0.73930396 0.69024464  0.18608729 0.43882973 0.6427714  0.54818092 0.71600017 0.67554237  0.34802967 0.51808865 0.91178633 0.36780217
0.38825447 0.86723812 0.50043555 0.46863986 0.78689268 0.72909299  0.11109065 0.42943293 0.61604679 0.37462012 0.61618603 0.61604274  0.44270588 0.4758308  0.65498276 0.49329484
0.48117779 0.90260522 0.59346273 0.42692432 0.72337335 0.85103957  0.1104944  0.42534525 0.611686   0.42156741 0.54545912 0.57245146  0.59336531 0.50034402 0.43349686 0.47793147
0.52348676 0.92832369 0.65635872 0.45547063 0.74289293 0.81776066  0.07953983 0.42688934 0.55130827 0.42016595 0.43171112 0.53707649  0.68308205 0.4321348  0.27725595 0.43111757
0.56769832 0.94584112 0.67796528 0.4083513  0.73517491 0.81465124  0.21458331 0.40513919 0.52070115 0.39526574 0.50978542 0.5051994  0.55704754 0.39999648 0.2005431  0.43971232
0.6104052  0.93401093 0.72631921 0.45571909 0.68665427 0.77599043  0.25551593 0.36415549 0.35029175 0.45882    0.55207196 0.55944149  0.51370151 0.41897493 0.17159475 0.30493269
0.68636249 0.89365965 0.84843504 0.38668248 0.65060706 0.69481536  0.37430332 0.51843956 0.45810182 0.419548   0.54731202 0.48819777  0.62602309 0.33673813 0.32889125 0.41121156
0.76694467 0.83699786 0.83915954 0.27026581 0.67715821 0.58326847  0.61768154 0.5091307  0.29694998 0.48542628 0.53445436 0.54101106  0.71119994 0.40446135 0.56072986 0.40494865
0.81177343 0.74809554 0.83743084 0.23844334 0.54923845 0.50354364  0.57488731 0.66026103 0.32175014 0.48688062 0.41868698 0.42813581  0.46625533 0.31052895 0.69500634 0.33224721
0.84003942 0.67599454 0.80528365 0.21714246 0.47150363 0.4235437  0.57095132 0.5896096  0.43654066 0.44281689 0.31592233 0.35905564  0.45840858 0.47758064 0.69885937 0.31416926
0.82212443 0.62754828 0.67135684 0.29560601 0.20796717 0.43720142  0.53684882 0.55829311 0.31453064 0.20911927 0.33739219 0.43192196  0.39728238 0.48676744 0.76656511 0.36006077
0.83587257 0.51171527 0.54652203 0.30194615 0.09723087 0.36126194  0.52320334 0.521379   0.38569317 0.27913279 0.37542006 0.52829529  0.47411434 0.58949566 0.71819203 0.39865419
0.84416465 0.46056291 0.5091625  0.3162111  0.09750646 0.33802094  0.4873783  0.50797521 0.39927685 0.24480869 0.4713123  0.560681  0.47967502 0.50317675 0.63849178 0.39937876
0.86039259 0.33986381 0.37757586 0.27362377 0.18435087 0.32681833  0.3690084  0.36688782 0.49066374 0.38025399 0.41596553 0.53818489  0.49419837 0.45545604 0.43602018 0.22252049
0.83674324 0.33458876 0.28330394 0.23800667 0.2306954  0.38970031  0.3157243  0.37537353 0.46996428 0.34358894 0.42272444 0.58518023  0.55969866 0.41782924 0.40746548 0.2198588 
0.82934453 0.32704655 0.24686245 0.22346045 0.23881929 0.40177267  0.30218522 0.40171495 0.45945463 0.40228968 0.42993001 0.59228245  0.54423193 0.45095545 0.36549735 0.20057315
0.82934453 0.32704655 0.24686245 0.22346045 0.23881929 0.40177267  0.30218522 0.40171495 0.45945463 0.40228968 0.42993001 0.59228245  0.54423193 0.45095545 0.36549735 0.20057315
0.82857193 0.29619446 0.21668946 0.24284279 0.2509443  0.38781324  0.31565636 0.43342722 0.47433274 0.48457719 0.51184119 0.60932628  0.52053561 0.4229163  0.35719347 0.26526779
0.827404   0.29338959 0.20680548 0.25280134 0.28581171 0.438148  0.304427   0.43149541 0.43534586 0.4451349  0.42743321 0.52647341  0.50203634 0.43312603 0.3925683  0.25071189
0.827404   0.29338959 0.20680548 0.25280134 0.28581171 0.438148  0.304427   0.43149541 0.43534586 0.4451349  0.42743321 0.52647341  0.50203634 0.43312603 0.3925683  0.25071189
0.827404   0.29338959 0.20680548 0.25280134 0.28581171 0.438148  0.304427   0.43149541 0.43534586 0.4451349  0.42743321 0.52647341  0.50203634 0.43312603 0.3925683  0.25071189
0.827404   0.29338959 0.20680548 0.25280134 0.28581171 0.438148  0.304427   0.43149541 0.43534586 0.4451349  0.42743321 0.52647341  0.50203634 0.43312603 0.3925683  0.25071189
0.81530809 0.30140257 0.17445934 0.22283553 0.30921746 0.44273204  0.31090748 0.44661343 0.48526714 0.44064492 0.40323038 0.50914362  0.43872438 0.41190347 0.38852852 0.32963108
0.80392791 0.30639421 0.13996912 0.19606141 0.33956944 0.45818239  0.31074927 0.46104426 0.52045976 0.42027733 0.36216216 0.47487885  0.39240202 0.35717646 0.41351047 0.36487965
0.80392791 0.30639421 0.13996912 0.19606141 0.33956944 0.45818239  0.31074927 0.46104426 0.52045976 0.42027733 0.36216216 0.47487885  0.39240202 0.35717646 0.41351047 0.36487965
0.80392791 0.30639421 0.13996912 0.19606141 0.33956944 0.45818239  0.31074927 0.46104426 0.52045976 0.42027733 0.36216216 0.47487885  0.39240202 0.35717646 0.41351047 0.36487965
0.79160317 0.3210401  0.11231555 0.16995717 0.36940585 0.47897888  0.31656799 0.45525565 0.56778188 0.37061285 0.31696029 0.445842  0.40860378 0.31742639 0.40788493 0.40123948
0.79160317 0.3210401  0.11231555 0.16995717 0.36940585 0.47897888  0.31656799 0.45525565 0.56778188 0.37061285 0.31696029 0.445842  0.40860378 0.31742639 0.40788493 0.40123948
0.79160317 0.3210401  0.11231555 0.16995717 0.36940585 0.47897888  0.31656799 0.45525565 0.56778188 0.37061285 0.31696029 0.445842  0.40860378 0.31742639 0.40788493 0.40123948
0.7689441  0.36256951 0.09195815 0.11502946 0.36984051 0.43640136  0.35905026 0.4429618  0.65211285 0.33690123 0.34520823 0.49225303  0.42027361 0.29836074 0.46732284 0.40181043
0.7689441  0.36256951 0.09195815 0.11502946 0.36984051 0.43640136  0.35905026 0.4429618  0.65211285 0.33690123 0.34520823 0.49225303  0.42027361 0.29836074 0.46732284 0.40181043
0.74183551 0.42432626 0.08602888 0.11338874 0.37048932 0.47456484  0.4320054  0.4160156  0.65398724 0.34072638 0.30400707 0.50973532  0.55851984 0.42343925 0.52425258 0.44972705
0.74183551 0.42432626 0.08602888 0.11338874 0.37048932 0.47456484  0.4320054  0.4160156  0.65398724 0.34072638 0.30400707 0.50973532  0.55851984 0.42343925 0.52425258 0.44972705
0.53723065 0.70692505 0.0721758  0.38872666 0.40074863 0.46468022  0.63460031 0.20789097 0.52336422 0.44255849 0.45437472 0.51539029  0.37599077 0.59416511 0.5971535  0.43344647
0.53723065 0.70692505 0.0721758  0.38872666 0.40074863 0.46468022  0.63460031 0.20789097 0.52336422 0.44255849 0.45437472 0.51539029  0.37599077 0.59416511 0.5971535  0.43344647
0.3815066  0.77000854 0.1089312  0.58376992 0.43713927 0.31394553  0.5440843  0.40276418 0.34700658 0.46639094 0.39807892 0.49662605  0.26013455 0.39024562 0.58419305 0.39673942
0.12440017 0.54590072 0.25553648 0.56951008 0.41500592 0.27984344  0.36660049 0.573536   0.4031488  0.35895289 0.25716352 0.46023151  0.74080632 0.38769006 0.32975746 0.53921284
0.01779563 0.38669558 0.33863985 0.42004769 0.35385851 0.46460162  0.48109267 0.47190843 0.43452283 0.38595027 0.3992976  0.44733029  0.52908455 0.38078184 0.39373238 0.44873962
0.00039479 0.36283831 0.35232302 0.39930133 0.34523319 0.50234819  0.48417291 0.45702496 0.47508945 0.39693445 0.45000532 0.44589633  0.47476172 0.42761975 0.50206904 0.41641874
0.00039479 0.36283831 0.35232302 0.39930133 0.34523319 0.50234819  0.48417291 0.45702496 0.47508945 0.39693445 0.45000532 0.44589633  0.47476172 0.42761975 0.50206904 0.41641874
0.00039479 0.36283831 0.35232302 0.39930133 0.34523319 0.50234819  0.48417291 0.45702496 0.47508945 0.39693445 0.45000532 0.44589633  0.47476172 0.42761975 0.50206904 0.41641874
0.00039479 0.36283831 0.35232302 0.39930133 0.34523319 0.50234819  0.48417291 0.45702496 0.47508945 0.39693445 0.45000532 0.44589633  0.47476172 0.42761975 0.50206904 0.41641874
0.00039479 0.36283831 0.35232302 0.39930133 0.34523319 0.50234819  0.48417291 0.45702496 0.47508945 0.39693445 0.45000532 0.44589633  0.47476172 0.42761975 0.50206904 0.41641874
0.00039479 0.36283831 0.35232302 0.39930133 0.34523319 0.50234819  0.48417291 0.45702496 0.47508945 0.39693445 0.45000532 0.44589633  0.47476172 0.42761975 0.50206904 0.41641874
0.00039479 0.36283831 0.35232302 0.39930133 0.34523319 0.50234819  0.48417291 0.45702496 0.47508945 0.39693445 0.45000532 0.44589633  0.47476172 0.42761975 0.50206904 0.41641874
0.00039479 0.36283831 0.35232302 0.39930133 0.34523319 0.50234819  0.48417291 0.45702496 0.47508945 0.39693445 0.45000532 0.44589633  0.47476172 0.42761975 0.50206904 0.41641874
0.00039479 0.36283831 0.35232302 0.39930133 0.34523319 0.50234819  0.48417291 0.45702496 0.47508945 0.39693445 0.45000532 0.44589633  0.47476172 0.42761975 0.50206904 0.41641874
0.07056619 0.46658785 0.29686513 0.497641   0.38628993 0.36623544  0.4176726  0.52862213 0.42125609 0.37222723 0.31790385 0.45546932  0.6533114  0.39647978 0.37779503 0.50586743
0.21623457 0.66850952 0.19464458 0.65673355 0.43804207 0.23751713  0.28996202 0.60532266 0.50420728 0.35359983 0.36349489 0.44466976  0.66187085 0.49348998 0.53524902 0.43385105
0.2345208  0.67933821 0.18299878 0.6480313  0.4427636  0.22423684  0.34319384 0.57366837 0.43104127 0.36299962 0.33637673 0.45254522  0.57141463 0.45149581 0.49663536 0.41435045
0.2905891  0.74350638 0.15382504 0.67461803 0.43475786 0.26801415  0.32752409 0.54218014 0.48558686 0.39258504 0.41411807 0.45543131  0.42393328 0.44464253 0.57446973 0.36941585
0.30910826 0.75802656 0.1509421  0.67541917 0.41736873 0.32753852  0.31307518 0.50236386 0.51461908 0.43792497 0.39228075 0.47987568  0.37939323 0.43843664 0.62909424 0.40870008
0.30910826 0.75802656 0.1509421  0.67541917 0.41736873 0.32753852  0.31307518 0.50236386 0.51461908 0.43792497 0.39228075 0.47987568  0.37939323 0.43843664 0.62909424 0.40870008
0.32741656 0.76715444 0.15226084 0.66968024 0.39555716 0.39816925  0.29610152 0.46373722 0.54137015 0.47866325 0.35640559 0.50229632  0.37963091 0.43541367 0.65373732 0.45794749
0.34642805 0.7825323  0.14587228 0.66172356 0.38556723 0.43663571  0.306992   0.44931615 0.56901498 0.47390073 0.42453314 0.48720633  0.35072624 0.42870594 0.62507975 0.43299302
0.34642805 0.7825323  0.14587228 0.66172356 0.38556723 0.43663571  0.306992   0.44931615 0.56901498 0.47390073 0.42453314 0.48720633  0.35072624 0.42870594 0.62507975 0.43299302
0.34642805 0.7825323  0.14587228 0.66172356 0.38556723 0.43663571  0.306992   0.44931615 0.56901498 0.47390073 0.42453314 0.48720633  0.35072624 0.42870594 0.62507975 0.43299302
0.36511279 0.7912825  0.13631394 0.64215509 0.38676722 0.4404168  0.36569655 0.42967469 0.52373893 0.46557423 0.45994387 0.47506544  0.27754386 0.40328316 0.58308063 0.38828224
0.36511279 0.7912825  0.13631394 0.64215509 0.38676722 0.4404168  0.36569655 0.42967469 0.52373893 0.46557423 0.45994387 0.47506544  0.27754386 0.40328316 0.58308063 0.38828224
0.38418056 0.80417342 0.13092631 0.62862403 0.37523959 0.48014103  0.38645378 0.41167251 0.53785078 0.45699091 0.51644047 0.46079417  0.27121451 0.3915171  0.53710526 0.36777814
0.4040865  0.81464551 0.12940048 0.60808274 0.35631156 0.53667539  0.3918371  0.40748849 0.56532959 0.45337309 0.55403094 0.46869089  0.25816385 0.39818727 0.46344453 0.43844296
0.4222388  0.81482378 0.11947803 0.58258352 0.37468654 0.50868837  0.46284425 0.37020484 0.472572   0.4697009  0.48389099 0.5200667  0.20198452 0.36311898 0.48524264 0.51877313
0.4222388  0.81482378 0.11947803 0.58258352 0.37468654 0.50868837  0.46284425 0.37020484 0.472572   0.4697009  0.48389099 0.5200667  0.20198452 0.36311898 0.48524264 0.51877313
0.47715552 0.81504374 0.10057877 0.49221028 0.36818225 0.55329598  0.61113003 0.33812163 0.41239225 0.45628556 0.54217555 0.50363315  0.23563668 0.36265441 0.44324557 0.51798487
0.47715552 0.81504374 0.10057877 0.49221028 0.36818225 0.55329598  0.61113003 0.33812163 0.41239225 0.45628556 0.54217555 0.50363315  0.23563668 0.36265441 0.44324557 0.51798487
0.47715552 0.81504374 0.10057877 0.49221028 0.36818225 0.55329598  0.61113003 0.33812163 0.41239225 0.45628556 0.54217555 0.50363315  0.23563668 0.36265441 0.44324557 0.51798487
0.47715552 0.81504374 0.10057877 0.49221028 0.36818225 0.55329598  0.61113003 0.33812163 0.41239225 0.45628556 0.54217555 0.50363315  0.23563668 0.36265441 0.44324557 0.51798487
0.47715552 0.81504374 0.10057877 0.49221028 0.36818225 0.55329598  0.61113003 0.33812163 0.41239225 0.45628556 0.54217555 0.50363315  0.23563668 0.36265441 0.44324557 0.51798487
0.4947551  0.80330779 0.09351852 0.4490196  0.37847946 0.54010126  0.67005232 0.34556371 0.39896456 0.44493177 0.55874954 0.49714579  0.2825552  0.40139569 0.50321009 0.51295872
0.4947551  0.80330779 0.09351852 0.4490196  0.37847946 0.54010126  0.67005232 0.34556371 0.39896456 0.44493177 0.55874954 0.49714579  0.2825552  0.40139569 0.50321009 0.51295872
0.4947551  0.80330779 0.09351852 0.4490196  0.37847946 0.54010126  0.67005232 0.34556371 0.39896456 0.44493177 0.55874954 0.49714579  0.2825552  0.40139569 0.50321009 0.51295872
0.45558977 0.78320972 0.08872944 0.48112756 0.41635323 0.4114504  0.67757403 0.38884842 0.36476694 0.42599686 0.57185598 0.4439544  0.30135427 0.41059173 0.53881325 0.35496487
0.43669568 0.77421311 0.090257   0.49879404 0.43468384 0.35504374  0.67109991 0.39460454 0.33655619 0.42879282 0.52788332 0.45447132  0.2814869  0.42595741 0.58724225 0.34158183
0.40057693 0.77142888 0.10020019 0.54118359 0.44177577 0.30871409  0.62662653 0.42697874 0.32095166 0.39480668 0.53314665 0.43651431  0.27910843 0.39342201 0.47265322 0.30732375
0.32539205 0.72242557 0.12454503 0.58656137 0.47532714 0.18079891  0.55850099 0.47628372 0.26619709 0.39639963 0.35782634 0.47006674  0.37563455 0.40452496 0.48794117 0.36248795
0.30657541 0.70111784 0.13470736 0.58012967 0.47680328 0.16692532  0.55916449 0.4848959  0.2411768  0.39770651 0.30337129 0.48014574  0.42564492 0.39747569 0.472816   0.40093366
0.30657541 0.70111784 0.13470736 0.58012967 0.47680328 0.16692532  0.55916449 0.4848959  0.2411768  0.39770651 0.30337129 0.48014574  0.42564492 0.39747569 0.472816   0.40093366
0.23373488 0.65056746 0.1808561  0.60059272 0.45331033 0.19592098  0.46124456 0.51245829 0.27508442 0.38968941 0.22404135 0.48600733  0.54555665 0.35208256 0.3590863  0.47556665
0.19658872 0.6030227  0.20475468 0.57271363 0.44632583 0.20573806  0.47266515 0.51386328 0.25534278 0.39241285 0.17552803 0.49416713  0.60327531 0.34128977 0.32961272 0.52435037
0.1234861  0.51654246 0.25523885 0.52229453 0.42027218 0.27466894  0.45908465 0.51873701 0.31559885 0.39553528 0.19247021 0.49167978  0.6872911  0.3576488  0.3385896  0.581581  
0.0712766  0.46501237 0.29700545 0.49174133 0.38327848 0.36767898  0.43732918 0.51908763 0.38978412 0.36749229 0.30925158 0.45357909  0.6468312  0.34507545 0.28261673 0.50303593
0.0712766  0.46501237 0.29700545 0.49174133 0.38327848 0.36767898  0.43732918 0.51908763 0.38978412 0.36749229 0.30925158 0.45357909  0.6468312  0.34507545 0.28261673 0.50303593
0.03585866 0.41212524 0.32497922 0.44119937 0.36258431 0.43456132  0.47408025 0.48300288 0.40965789 0.37891942 0.36959995 0.44872305  0.56049334 0.35167352 0.32731793 0.46450854
0.01779563 0.38669558 0.33863985 0.42004769 0.35385851 0.46460162  0.48109267 0.47190843 0.43452283 0.38595027 0.3992976  0.44733029  0.52908455 0.38078184 0.39373238 0.44873962
0.01779563 0.38669558 0.33863985 0.42004769 0.35385851 0.46460162  0.48109267 0.47190843 0.43452283 0.38595027 0.3992976  0.44733029  0.52908455 0.38078184 0.39373238 0.44873962
0.01779563 0.38669558 0.33863985 0.42004769 0.35385851 0.46460162  0.48109267 0.47190843 0.43452283 0.38595027 0.3992976  0.44733029  0.52908455 0.38078184 0.39373238 0.44873962
0.03585866 0.41212524 0.32497922 0.44119937 0.36258431 0.43456132  0.47408025 0.48300288 0.40965789 0.37891942 0.36959995 0.44872305  0.56049334 0.35167352 0.32731793 0.46450854
0.03585866 0.41212524 0.32497922 0.44119937 0.36258431 0.43456132  0.47408025 0.48300288 0.40965789 0.37891942 0.36959995 0.44872305  0.56049334 0.35167352 0.32731793 0.46450854
0.03585866 0.41212524 0.32497922 0.44119937 0.36258431 0.43456132  0.47408025 0.48300288 0.40965789 0.37891942 0.36959995 0.44872305  0.56049334 0.35167352 0.32731793 0.46450854
0.03585866 0.41212524 0.32497922 0.44119937 0.36258431 0.43456132  0.47408025 0.48300288 0.40965789 0.37891942 0.36959995 0.44872305  0.56049334 0.35167352 0.32731793 0.46450854
0.03585866 0.41212524 0.32497922 0.44119937 0.36258431 0.43456132  0.47408025 0.48300288 0.40965789 0.37891942 0.36959995 0.44872305  0.56049334 0.35167352 0.32731793 0.46450854
0.01779563 0.38669558 0.33863985 0.42004769 0.35385851 0.46460162  0.48109267 0.47190843 0.43452283 0.38595027 0.3992976  0.44733029  0.52908455 0.38078184 0.39373238 0.44873962
0.01779563 0.38669558 0.33863985 0.42004769 0.35385851 0.46460162  0.48109267 0.47190843 0.43452283 0.38595027 0.3992976  0.44733029  0.52908455 0.38078184 0.39373238 0.44873962
0.01779563 0.38669558 0.33863985 0.42004769 0.35385851 0.46460162  0.48109267 0.47190843 0.43452283 0.38595027 0.3992976  0.44733029  0.52908455 0.38078184 0.39373238 0.44873962
0.01779563 0.38669558 0.33863985 0.42004769 0.35385851 0.46460162  0.48109267 0.47190843 0.43452283 0.38595027 0.3992976  0.44733029  0.52908455 0.38078184 0.39373238 0.44873962
0.00039479 0.36283831 0.35232302 0.39930133 0.34523319 0.50234819  0.48417291 0.45702496 0.47508945 0.39693445 0.45000532 0.44589633  0.47476172 0.42761975 0.50206904 0.41641874
0.00039479 0.36283831 0.35232302 0.39930133 0.34523319 0.50234819  0.48417291 0.45702496 0.47508945 0.39693445 0.45000532 0.44589633  0.47476172 0.42761975 0.50206904 0.41641874
0.00039479 0.36283831 0.35232302 0.39930133 0.34523319 0.50234819  0.48417291 0.45702496 0.47508945 0.39693445 0.45000532 0.44589633  0.47476172 0.42761975 0.50206904 0.41641874
0.00039479 0.36283831 0.35232302 0.39930133 0.34523319 0.50234819  0.48417291 0.45702496 0.47508945 0.39693445 0.45000532 0.44589633  0.47476172 0.42761975 0.50206904 0.41641874
0.00039479 0.36283831 0.35232302 0.39930133 0.34523319 0.50234819  0.48417291 0.45702496 0.47508945 0.39693445 0.45000532 0.44589633  0.47476172 0.42761975 0.50206904 0.41641874
0.00039479 0.36283831 0.35232302 0.39930133 0.34523319 0.50234819  0.48417291 0.45702496 0.47508945 0.39693445 0.45000532 0.44589633  0.47476172 0.42761975 0.50206904 0.41641874
0.00039479 0.36283831 0.35232302 0.39930133 0.34523319 0.50234819  0.48417291 0.45702496 0.47508945 0.39693445 0.45000532 0.44589633  0.47476172 0.42761975 0.50206904 0.41641874
0.00039479 0.36283831 0.35232302 0.39930133 0.34523319 0.50234819  0.48417291 0.45702496 0.47508945 0.39693445 0.45000532 0.44589633  0.47476172 0.42761975 0.50206904 0.41641874
0.00039479 0.36283831 0.35232302 0.39930133 0.34523319 0.50234819  0.48417291 0.45702496 0.47508945 0.39693445 0.45000532 0.44589633  0.47476172 0.42761975 0.50206904 0.41641874
0.00039479 0.36283831 0.35232302 0.39930133 0.34523319 0.50234819  0.48417291 0.45702496 0.47508945 0.39693445 0.45000532 0.44589633  0.47476172 0.42761975 0.50206904 0.41641874
0.00039479 0.36283831 0.35232302 0.39930133 0.34523319 0.50234819  0.48417291 0.45702496 0.47508945 0.39693445 0.45000532 0.44589633  0.47476172 0.42761975 0.50206904 0.41641874
0.00039479 0.36283831 0.35232302 0.39930133 0.34523319 0.50234819  0.48417291 0.45702496 0.47508945 0.39693445 0.45000532 0.44589633  0.47476172 0.42761975 0.50206904 0.41641874
0.00039479 0.36283831 0.35232302 0.39930133 0.34523319 0.50234819  0.48417291 0.45702496 0.47508945 0.39693445 0.45000532 0.44589633  0.47476172 0.42761975 0.50206904 0.41641874
0.00039479 0.36283831 0.35232302 0.39930133 0.34523319 0.50234819  0.48417291 0.45702496 0.47508945 0.39693445 0.45000532 0.44589633  0.47476172 0.42761975 0.50206904 0.41641874
0.00039479 0.36283831 0.35232302 0.39930133 0.34523319 0.50234819  0.48417291 0.45702496 0.47508945 0.39693445 0.45000532 0.44589633  0.47476172 0.42761975 0.50206904 0.41641874
0.00039479 0.36283831 0.35232302 0.39930133 0.34523319 0.50234819  0.48417291 0.45702496 0.47508945 0.39693445 0.45000532 0.44589633  0.47476172 0.42761975 0.50206904 0.41641874
0.03710887 0.4114764  0.3288459  0.43339624 0.35150542 0.49636956  0.44532267 0.47083573 0.53821088 0.40029803 0.50623653 0.44059826  0.43523468 0.48621792 0.62612146 0.37603711
0.09105322 0.48801758 0.28893214 0.49909495 0.37683366 0.41984542  0.39964162 0.5115816  0.52908568 0.38297791 0.46798534 0.44048905  0.51017873 0.49462364 0.60279353 0.38043963
0.31270935 0.72715137 0.1789503  0.58071277 0.35307474 0.53925791  0.33552407 0.50050628 0.71039264 0.38014493 0.71573211 0.39741741  0.45080721 0.51238293 0.61935684 0.32268042
0.40197571 0.7498146  0.14764871 0.50395005 0.36013046 0.50108245  0.42794301 0.63600101 0.6220507  0.28894714 0.71636377 0.3493257  0.68666448 0.48622574 0.43491803 0.37566252
0.40197571 0.7498146  0.14764871 0.50395005 0.36013046 0.50108245  0.42794301 0.63600101 0.6220507  0.28894714 0.71636377 0.3493257  0.68666448 0.48622574 0.43491803 0.37566252
0.43481616 0.70250563 0.14509956 0.42792567 0.36708736 0.46541623  0.43394375 0.73350461 0.66889029 0.24898593 0.74151439 0.34680151  0.72653685 0.49437617 0.56507348 0.40197931
0.48681926 0.67420223 0.13533319 0.33882603 0.37268842 0.44196481  0.52915019 0.79393679 0.60701069 0.24626161 0.77996707 0.33782428  0.64519925 0.48550635 0.60376102 0.36431859
0.52068406 0.64759938 0.14709986 0.29662571 0.33821024 0.48669265  0.49347469 0.85975655 0.61223907 0.25920771 0.73522375 0.34867981  0.61720654 0.40798675 0.61780782 0.40478574
0.54703303 0.57881956 0.13758124 0.28888164 0.36114151 0.42698349  0.42474448 0.85891883 0.67240523 0.20880208 0.84728496 0.31902721  0.55611616 0.35100241 0.45792563 0.37503763
0.56447474 0.57198165 0.12446796 0.25389214 0.37716224 0.40018536  0.5028101  0.83718713 0.62065222 0.22178209 0.83497297 0.33060458  0.54891384 0.36322014 0.48960203 0.38549704
0.54703303 0.57881956 0.13758124 0.28888164 0.36114151 0.42698349  0.42474448 0.85891883 0.67240523 0.20880208 0.84728496 0.31902721  0.55611616 0.35100241 0.45792563 0.37503763
0.54703303 0.57881956 0.13758124 0.28888164 0.36114151 0.42698349  0.42474448 0.85891883 0.67240523 0.20880208 0.84728496 0.31902721  0.55611616 0.35100241 0.45792563 0.37503763
0.55540811 0.55346005 0.14468254 0.32602974 0.34991294 0.40230011  0.43826099 0.86285604 0.67761977 0.26321565 0.94574793 0.35041894  0.5688691  0.36761965 0.41913628 0.45730184
0.57392727 0.56798022 0.1417996  0.32683088 0.33252381 0.46182448  0.42381209 0.82303976 0.706652   0.30855558 0.92391061 0.37486331  0.52432905 0.36141376 0.47376079 0.49658607
0.55524254 0.55923003 0.15135794 0.34639934 0.33132382 0.45804338  0.36510754 0.84268122 0.75192805 0.31688207 0.88849988 0.3870042  0.59751143 0.38683655 0.51575991 0.54129685
0.52051849 0.65336936 0.15377527 0.31699531 0.31962111 0.54243593  0.42032124 0.83958173 0.68654734 0.31287413 0.6779757  0.38526507  0.64584886 0.42720365 0.71443145 0.48878075
0.52051849 0.65336936 0.15377527 0.31699531 0.31962111 0.54243593  0.42032124 0.83958173 0.68654734 0.31287413 0.6779757  0.38526507  0.64584886 0.42720365 0.71443145 0.48878075
0.40117238 0.76554043 0.1549568  0.56845091 0.32802023 0.57361296  0.29049783 0.54825195 0.70548241 0.39477311 0.59269566 0.43017188  0.53803135 0.39153558 0.52214148 0.46077366
0.25674476 0.66861236 0.20774352 0.57448569 0.35514223 0.5121044  0.33413781 0.47378427 0.63047434 0.43181885 0.52239808 0.45626765  0.46474442 0.47478558 0.64801744 0.41463266
0.12769901 0.5347265  0.26793484 0.53268874 0.37637375 0.42861776  0.35991417 0.51045518 0.56960576 0.412026   0.46447481 0.45701216  0.4665187  0.50513758 0.69296104 0.39633761
0.05488173 0.43692925 0.31482574 0.45654179 0.36352369 0.45639366  0.43586995 0.4884267  0.51290409 0.38413637 0.47607013 0.4375697  0.49383141 0.47953133 0.57038008 0.37571905
0.03722896 0.40958307 0.32883973 0.42947971 0.35234469 0.48761967  0.4609272  0.46918194 0.50900109 0.38619323 0.49800897 0.43433716  0.45871587 0.46603407 0.55456796 0.3585692 
0.00039479 0.36283831 0.35232302 0.39930133 0.34523319 0.50234819  0.48417291 0.45702496 0.47508945 0.39693445 0.45000532 0.44589633  0.47476172 0.42761975 0.50206904 0.41641874
0.00039479 0.36283831 0.35232302 0.39930133 0.34523319 0.50234819  0.48417291 0.45702496 0.47508945 0.39693445 0.45000532 0.44589633  0.47476172 0.42761975 0.50206904 0.41641874
0.00039479 0.36283831 0.35232302 0.39930133 0.34523319 0.50234819  0.48417291 0.45702496 0.47508945 0.39693445 0.45000532 0.44589633  0.47476172 0.42761975 0.50206904 0.41641874
0.00039479 0.36283831 0.35232302 0.39930133 0.34523319 0.50234819  0.48417291 0.45702496 0.47508945 0.39693445 0.45000532 0.44589633  0.47476172 0.42761975 0.50206904 0.41641874
0.00039479 0.36283831 0.35232302 0.39930133 0.34523319 0.50234819  0.48417291 0.45702496 0.47508945 0.39693445 0.45000532 0.44589633  0.47476172 0.42761975 0.50206904 0.41641874
0.00039479 0.36283831 0.35232302 0.39930133 0.34523319 0.50234819  0.48417291 0.45702496 0.47508945 0.39693445 0.45000532 0.44589633  0.47476172 0.42761975 0.50206904 0.41641874
0.00039479 0.36283831 0.35232302 0.39930133 0.34523319 0.50234819  0.48417291 0.45702496 0.47508945 0.39693445 0.45000532 0.44589633  0.47476172 0.42761975 0.50206904 0.41641874
0.00039479 0.36283831 0.35232302 0.39930133 0.34523319 0.50234819  0.48417291 0.45702496 0.47508945 0.39693445 0.45000532 0.44589633  0.47476172 0.42761975 0.50206904 0.41641874
0.00039479 0.36283831 0.35232302 0.39930133 0.34523319 0.50234819  0.48417291 0.45702496 0.47508945 0.39693445 0.45000532 0.44589633  0.47476172 0.42761975 0.50206904 0.41641874
0.00039479 0.36283831 0.35232302 0.39930133 0.34523319 0.50234819  0.48417291 0.45702496 0.47508945 0.39693445 0.45000532 0.44589633  0.47476172 0.42761975 0.50206904 0.41641874
0.00039479 0.36283831 0.35232302 0.39930133 0.34523319 0.50234819  0.48417291 0.45702496 0.47508945 0.39693445 0.45000532 0.44589633  0.47476172 0.42761975 0.50206904 0.41641874
0.00039479 0.36283831 0.35232302 0.39930133 0.34523319 0.50234819  0.48417291 0.45702496 0.47508945 0.39693445 0.45000532 0.44589633  0.47476172 0.42761975 0.50206904 0.41641874
0.00039479 0.36283831 0.35232302 0.39930133 0.34523319 0.50234819  0.48417291 0.45702496 0.47508945 0.39693445 0.45000532 0.44589633  0.47476172 0.42761975 0.50206904 0.41641874
0.00039479 0.36283831 0.35232302 0.39930133 0.34523319 0.50234819  0.48417291 0.45702496 0.47508945 0.39693445 0.45000532 0.44589633  0.47476172 0.42761975 0.50206904 0.41641874
0.00039479 0.36283831 0.35232302 0.39930133 0.34523319 0.50234819  0.48417291 0.45702496 0.47508945 0.39693445 0.45000532 0.44589633  0.47476172 0.42761975 0.50206904 0.41641874
0.25628271 0.57460757 0.25727908 0.42783672 0.28205055 0.69996513  0.37049143 0.52783694 0.73226856 0.42162902 0.71834795 0.41013328  0.39839838 0.48024598 0.64356947 0.36902949
0.34614353 0.64763118 0.20121753 0.44241272 0.3280687  0.574178  0.38105648 0.66391732 0.71414489 0.34883337 0.77089354 0.37286041  0.4975979  0.53055523 0.66225458 0.33888029
0.34614353 0.64763118 0.20121753 0.44241272 0.3280687  0.574178  0.38105648 0.66391732 0.71414489 0.34883337 0.77089354 0.37286041  0.4975979  0.53055523 0.66225458 0.33888029
0.45053494 0.67718797 0.15195179 0.40158518 0.36119123 0.45137843  0.41152335 0.80613617 0.66571443 0.26594189 0.72798235 0.35645253  0.67146311 0.47218785 0.58579563 0.41405551
0.45053494 0.67718797 0.15195179 0.40158518 0.36119123 0.45137843  0.41152335 0.80613617 0.66571443 0.26594189 0.72798235 0.35645253  0.67146311 0.47218785 0.58579563 0.41405551
0.50076234 0.64079293 0.13232276 0.32663899 0.37961657 0.40583486  0.4978744  0.8076164  0.64225173 0.2229182  0.82933104 0.33272251  0.60415597 0.4904416  0.5379034  0.36162606
0.50076234 0.64079293 0.13232276 0.32663899 0.37961657 0.40583486  0.4978744  0.8076164  0.64225173 0.2229182  0.82933104 0.33272251  0.60415597 0.4904416  0.5379034  0.36162606
0.51316823 0.60542241 0.12581456 0.33108197 0.3956197  0.38225564  0.46041998 0.79309907 0.66717685 0.19585598 0.89202828 0.30817168  0.58410888 0.428522   0.44387883 0.33457048
0.51316823 0.60542241 0.12581456 0.33108197 0.3956197  0.38225564  0.46041998 0.79309907 0.66717685 0.19585598 0.89202828 0.30817168  0.58410888 0.428522   0.44387883 0.33457048
0.54532127 0.56640495 0.10778648 0.27404062 0.42170057 0.32275866  0.5178481  0.75485343 0.66200959 0.18492574 0.88478727 0.32463652  0.57672815 0.49035061 0.45597367 0.34383158
0.55815587 0.52171735 0.09620348 0.25272161 0.45421567 0.25009928  0.55663589 0.6922362  0.58949546 0.13906265 0.87480175 0.30226334  0.54551649 0.40754997 0.25564318 0.27358793
0.55815587 0.52171735 0.09620348 0.25272161 0.45421567 0.25009928  0.55663589 0.6922362  0.58949546 0.13906265 0.87480175 0.30226334  0.54551649 0.40754997 0.25564318 0.27358793
0.57535999 0.51889612 0.08225182 0.22916138 0.46829313 0.21979909  0.63011761 0.65201187 0.50480016 0.17145842 0.8010046  0.3338485  0.51297185 0.38433005 0.26704008 0.31638273
0.54656522 0.57955818 0.08268006 0.25818016 0.45566679 0.25931795  0.68770706 0.62604431 0.46965872 0.17653064 0.79181068 0.3380599  0.57343164 0.44363224 0.32043202 0.33957823
0.47001458 0.67251009 0.12271095 0.32023856 0.40387639 0.39530645  0.65036121 0.71527459 0.52076813 0.20905096 0.7755938  0.32336441  0.75770127 0.51621981 0.52711254 0.34723047
0.31019652 0.69364449 0.18489165 0.54120443 0.36711181 0.4575771  0.38093214 0.59614451 0.57627817 0.31731103 0.58931057 0.38267419  0.68392629 0.41005886 0.31321261 0.43113957
0.29281144 0.70952166 0.18243307 0.58249397 0.37258546 0.45230154  0.36940213 0.53002829 0.57338401 0.33963642 0.58172978 0.39541709  0.61721529 0.39432978 0.30450407 0.41314842
0.07070987 0.46691784 0.29699855 0.49757579 0.38589171 0.37018237  0.4152594  0.52794891 0.43033005 0.3736038  0.32872431 0.45483489  0.64350424 0.40422686 0.3972127  0.49707167
0.0177474  0.38984345 0.33852207 0.42635267 0.35697043 0.47086435  0.45750391 0.47765391 0.48169648 0.39463854 0.42895995 0.44917931  0.51265071 0.44991576 0.53083289 0.43501917
0.00039479 0.36283831 0.35232302 0.39930133 0.34523319 0.50234819  0.48417291 0.45702496 0.47508945 0.39693445 0.45000532 0.44589633  0.47476172 0.42761975 0.50206904 0.41641874
0.00039479 0.36283831 0.35232302 0.39930133 0.34523319 0.50234819  0.48417291 0.45702496 0.47508945 0.39693445 0.45000532 0.44589633  0.47476172 0.42761975 0.50206904 0.41641874
0.00039479 0.36283831 0.35232302 0.39930133 0.34523319 0.50234819  0.48417291 0.45702496 0.47508945 0.39693445 0.45000532 0.44589633  0.47476172 0.42761975 0.50206904 0.41641874
0.00039479 0.36283831 0.35232302 0.39930133 0.34523319 0.50234819  0.48417291 0.45702496 0.47508945 0.39693445 0.45000532 0.44589633  0.47476172 0.42761975 0.50206904 0.41641874
0.00039479 0.36283831 0.35232302 0.39930133 0.34523319 0.50234819  0.48417291 0.45702496 0.47508945 0.39693445 0.45000532 0.44589633  0.47476172 0.42761975 0.50206904 0.41641874
0.00039479 0.36283831 0.35232302 0.39930133 0.34523319 0.50234819  0.48417291 0.45702496 0.47508945 0.39693445 0.45000532 0.44589633  0.47476172 0.42761975 0.50206904 0.41641874
0.00039479 0.36283831 0.35232302 0.39930133 0.34523319 0.50234819  0.48417291 0.45702496 0.47508945 0.39693445 0.45000532 0.44589633  0.47476172 0.42761975 0.50206904 0.41641874
0.00039479 0.36283831 0.35232302 0.39930133 0.34523319 0.50234819  0.48417291 0.45702496 0.47508945 0.39693445 0.45000532 0.44589633  0.47476172 0.42761975 0.50206904 0.41641874
0.00039479 0.36283831 0.35232302 0.39930133 0.34523319 0.50234819  0.48417291 0.45702496 0.47508945 0.39693445 0.45000532 0.44589633  0.47476172 0.42761975 0.50206904 0.41641874
0.00039479 0.36283831 0.35232302 0.39930133 0.34523319 0.50234819  0.48417291 0.45702496 0.47508945 0.39693445 0.45000532 0.44589633  0.47476172 0.42761975 0.50206904 0.41641874
0.00039479 0.36283831 0.35232302 0.39930133 0.34523319 0.50234819  0.48417291 0.45702496 0.47508945 0.39693445 0.45000532 0.44589633  0.47476172 0.42761975 0.50206904 0.41641874
0.00039479 0.36283831 0.35232302 0.39930133 0.34523319 0.50234819  0.48417291 0.45702496 0.47508945 0.39693445 0.45000532 0.44589633  0.47476172 0.42761975 0.50206904 0.41641874
0.00039479 0.36283831 0.35232302 0.39930133 0.34523319 0.50234819  0.48417291 0.45702496 0.47508945 0.39693445 0.45000532 0.44589633  0.47476172 0.42761975 0.50206904 0.41641874
0.00039479 0.36283831 0.35232302 0.39930133 0.34523319 0.50234819  0.48417291 0.45702496 0.47508945 0.39693445 0.45000532 0.44589633  0.47476172 0.42761975 0.50206904 0.41641874
0.05321358 0.43958271 0.31066608 0.47058965 0.37455268 0.39771928  0.4443416  0.50799319 0.41464906 0.37452314 0.33894922 0.45218633  0.61542241 0.37418377 0.34903118 0.48726701
0.12516953 0.54341073 0.25732003 0.56011052 0.40806991 0.30524668  0.3745184  0.56006122 0.42712756 0.36062871 0.3099227  0.45226028  0.68081249 0.40258075 0.36831247 0.49523951
0.27274653 0.71290136 0.16785409 0.63592654 0.42746905 0.28742908  0.37552312 0.53454469 0.46035867 0.35803658 0.45374462 0.42910466  0.48382118 0.42192715 0.43893601 0.35876952
0.36434243 0.75182804 0.13581279 0.56847569 0.40405562 0.36553443  0.50088764 0.47931222 0.3685459  0.37754628 0.44299933 0.43714367  0.46056435 0.34941206 0.32343733 0.38334659
0.64281034 0.7085671  0.46395688 0.45968427 0.23078713 0.46683113  0.60460576 0.70929502 0.56412967 0.83693246 0.33830117 0.25756064  0.39560293 0.31346434 0.15955842 0.34334884
0.7035292  0.73803724 0.5738471  0.44099796 0.23701867 0.47165369  0.70491948 0.60395538 0.57650481 0.89025188 0.26632087 0.22886595  0.46975494 0.34375433 0.22534378 0.35891482
0.71790528 0.80911307 0.72285941 0.42243488 0.43411135 0.51528507  0.69922788 0.52012261 0.53511064 0.85107575 0.31627855 0.24099087  0.67788318 0.40895216 0.21427094 0.23440041
0.72369891 0.82212524 0.75728685 0.42441891 0.43618475 0.51602081  0.68807343 0.49659787 0.52812931 0.78265775 0.31538415 0.2412766  0.64660894 0.4238532  0.20966602 0.29156313
0.72717554 0.87001211 0.83013684 0.33374722 0.68406111 0.60591115  0.56097892 0.50190132 0.3600517  0.70569217 0.45471442 0.45459679  0.63160073 0.39480278 0.30000841 0.31961604
0.73370788 0.87212964 0.85706156 0.35364928 0.6605318  0.59853479  0.56218978 0.46877315 0.33137368 0.58580847 0.46777859 0.48601734  0.62774686 0.35635986 0.38885548 0.36187843
0.71786419 0.89421832 0.84306021 0.38839209 0.62740466 0.59888469  0.59867852 0.3932079  0.34833229 0.56267928 0.44838247 0.42779748  0.67111579 0.39609003 0.3638965  0.3319277 
0.6606274  0.89464343 0.66085668 0.44517785 0.44512341 0.6446244  0.57498598 0.28167334 0.3447009  0.28873708 0.2948457  0.34532642  0.59301253 0.35152837 0.36680356 0.32172228
0.52631248 0.82261454 0.27347391 0.49951947 0.37282374 0.61799622  0.52216315 0.36029444 0.3923023  0.37979434 0.54439178 0.47396182  0.54869206 0.39343137 0.3943397  0.3425797 
0.38400688 0.80027911 0.13478638 0.62448861 0.36843661 0.49682347  0.37217067 0.42391857 0.55194968 0.46277827 0.50391654 0.46454851  0.29741123 0.38791748 0.53465163 0.40166528
0.30910826 0.75802656 0.1509421  0.67541917 0.41736873 0.32753852  0.31307518 0.50236386 0.51461908 0.43792497 0.39228075 0.47987568  0.37939323 0.43843664 0.62909424 0.40870008
0.21623457 0.66850952 0.19464458 0.65673355 0.43804207 0.23751713  0.28996202 0.60532266 0.50420728 0.35359983 0.36349489 0.44466976  0.66187085 0.49348998 0.53524902 0.43385105
0.1979191  0.64271906 0.20775552 0.63648947 0.43055343 0.25445331  0.30409412 0.59845109 0.49582661 0.35466587 0.3554918  0.44586393  0.67481435 0.4819329  0.51013262 0.44667862
0.12459978 0.54568845 0.25712989 0.56749689 0.41047314 0.3050449  0.35149159 0.56942968 0.45889815 0.37281898 0.30636546 0.46076903  0.68432969 0.44423894 0.46968103 0.51558272
0.10810255 0.52014775 0.27127901 0.5374948  0.3982985  0.34034554  0.37304485 0.5510838  0.46333717 0.37543056 0.33274257 0.47531571  0.60648894 0.46052461 0.44805485 0.5469189 
0.16256136 0.59219202 0.2375579  0.59222308 0.40484761 0.33324784  0.31253643 0.5610707  0.52371339 0.40485078 0.33639692 0.49083021  0.56190277 0.49835533 0.58641915 0.56151236
0.19914355 0.63214185 0.22101433 0.6141759  0.39618427 0.36273191  0.29107511 0.53234886 0.52788067 0.44315986 0.28486195 0.51666734  0.54877151 0.46304113 0.57462921 0.61656551
0.31014218 0.75780124 0.16390835 0.67550769 0.39023821 0.41157722  0.2417789  0.49696362 0.61380423 0.46844161 0.37714156 0.51283452  0.43716909 0.49944369 0.66711927 0.53472988
0.36711553 0.79506663 0.15060461 0.63635346 0.35039004 0.54617457  0.27990073 0.45878425 0.68377165 0.4522998  0.54573837 0.47295633  0.42180244 0.46560423 0.54405732 0.50265434
0.422729   0.81306758 0.14346789 0.58421834 0.30995671 0.65028006  0.33937079 0.4230142  0.63511964 0.46229199 0.51650565 0.47684075  0.43305167 0.39148609 0.42160486 0.53552215
0.44141373 0.82181778 0.13390954 0.56464987 0.3111567  0.65406116  0.39807534 0.40337274 0.58984359 0.45396549 0.55191638 0.46469986  0.35986929 0.3660633  0.37960574 0.49081137
0.47727997 0.81295496 0.14299711 0.51434505 0.28202632 0.71164827  0.41885707 0.43148668 0.54472486 0.43888601 0.51881164 0.45345333  0.40524942 0.35643527 0.29722246 0.47104378
0.51082114 0.79832075 0.14284829 0.47654885 0.27048099 0.72114489  0.45855977 0.41597741 0.44041677 0.47394649 0.36932006 0.47386109  0.45156248 0.29507569 0.29008437 0.45622571
0.54604563 0.7711344  0.14411588 0.39171659 0.26294831 0.73492983  0.50386853 0.52667486 0.44217393 0.42224553 0.40525423 0.44352004  0.59834961 0.34118649 0.30865441 0.48629499
0.54604563 0.7711344  0.14411588 0.39171659 0.26294831 0.73492983  0.50386853 0.52667486 0.44217393 0.42224553 0.40525423 0.44352004  0.59834961 0.34118649 0.30865441 0.48629499
0.68460104 0.88446875 0.63523148 0.2841911  0.61205472 0.71295816  0.55000884 0.3780647  0.24274229 0.28379816 0.38008362 0.39500031  0.70862832 0.48110895 0.34443395 0.32821439
0.69411663 0.88912631 0.6809058  0.2973638  0.64055711 0.70534829  0.56085126 0.36487453 0.23926587 0.28300085 0.42609645 0.45704759  0.76783561 0.43298511 0.39380256 0.33082816
0.69963304 0.88719281 0.69971551 0.32091674 0.58892877 0.66464194  0.61717658 0.36602863 0.31911087 0.30265815 0.36984574 0.38579785  0.7374966  0.39477606 0.41656778 0.34302416
0.70857455 0.85409064 0.66592954 0.29598178 0.53440879 0.66378794  0.56909828 0.43191404 0.26507394 0.28303933 0.34431098 0.36592901  0.68179047 0.44597393 0.40608869 0.31577372
0.72536524 0.83287676 0.66221682 0.25304081 0.54098964 0.64731069  0.58880462 0.47288872 0.28869763 0.26128079 0.3626471  0.36136394  0.73981974 0.47705617 0.47490983 0.3298104 
0.71547532 0.79313245 0.58021036 0.30589744 0.39458493 0.6354279  0.59624296 0.4607636  0.25622668 0.16292092 0.39865536 0.44856807  0.72045652 0.43101644 0.53956463 0.40042643
0.72337308 0.69385948 0.43664922 0.2679429  0.28710115 0.61302  0.53841014 0.49704039 0.27809374 0.12838988 0.39083593 0.52629731  0.69972293 0.50547666 0.61672945 0.46435266
0.75393754 0.56810285 0.34161169 0.23093658 0.21198938 0.53033297  0.48554766 0.5330402  0.35134939 0.1980552  0.37377404 0.5814678  0.60142754 0.54946415 0.62069009 0.49457873
0.77698848 0.50918922 0.33680526 0.23962211 0.17201223 0.47232027  0.4668613  0.53199864 0.35943046 0.27899096 0.43379764 0.62250328  0.62150169 0.65511411 0.57941009 0.44051007
0.77698848 0.50918922 0.33680526 0.23962211 0.17201223 0.47232027  0.4668613  0.53199864 0.35943046 0.27899096 0.43379764 0.62250328  0.62150169 0.65511411 0.57941009 0.44051007
0.79169118 0.48280299 0.34924272 0.23681985 0.15536029 0.45773601  0.43136059 0.57346217 0.33263095 0.30222803 0.41230157 0.62957182  0.50330255 0.59195521 0.61650492 0.41964903
0.81184459 0.39974593 0.2978504  0.23132891 0.19014614 0.41781204  0.37465799 0.4735691  0.40919971 0.3433189  0.41387784 0.61739931  0.5433381  0.51007156 0.51749889 0.29586265
0.8046139  0.37706297 0.22571707 0.19291323 0.25265258 0.44614837  0.34545835 0.41044367 0.48185162 0.37968741 0.3220309  0.58779643  0.58048079 0.47312498 0.45389638 0.26398856
0.81701979 0.34169245 0.21920887 0.1973562  0.26865571 0.42256915  0.30800394 0.39592634 0.50677674 0.35262519 0.38472814 0.5632456  0.56043369 0.41120538 0.35987181 0.23693298
0.78439602 0.34920449 0.11509822 0.12285053 0.34576701 0.4533275  0.31428084 0.45325025 0.60155421 0.35564157 0.3029053  0.49730314  0.41435012 0.29059942 0.41129945 0.33353117
0.76969332 0.37559072 0.10266076 0.12565278 0.36241895 0.46791175  0.34978155 0.41178672 0.62835372 0.33240449 0.32440138 0.4902346  0.53254926 0.35375832 0.37420462 0.3543922 
0.74904266 0.39616187 0.08324621 0.16049538 0.39412817 0.50021622  0.43429254 0.41802101 0.62021491 0.35569765 0.31806206 0.45827418  0.55277351 0.45026622 0.52083805 0.51743536
0.73360809 0.42344177 0.0765492  0.18081807 0.4032138  0.51729488  0.46318896 0.35725635 0.62325975 0.3482575  0.33519711 0.45086115  0.64495569 0.51202238 0.46836819 0.51540732
0.73360809 0.42344177 0.0765492  0.18081807 0.4032138  0.51729488  0.46318896 0.35725635 0.62325975 0.3482575  0.33519711 0.45086115  0.64495569 0.51202238 0.46836819 0.51540732
0.68325217 0.4685224  0.04157945 0.24074566 0.46169781 0.44964752  0.5569003  0.22904303 0.66723153 0.32305637 0.50901336 0.42464303  0.61204814 0.56362079 0.54553829 0.49825281
0.61454596 0.59085853 0.0484198  0.26346539 0.43762484 0.44298961  0.64154267 0.19843799 0.59595642 0.3661534  0.44366221 0.48958498  0.61819123 0.60766768 0.66601329 0.41778953
0.57885258 0.59760781 0.04464249 0.31049385 0.46491006 0.36708333  0.64698631 0.17094841 0.56631119 0.34774051 0.47195658 0.47990724  0.55124255 0.59496157 0.63266167 0.35055096
0.56206189 0.61882169 0.04835521 0.35343482 0.45832922 0.38356058  0.62727997 0.12997373 0.5426875  0.36949905 0.45362046 0.48447231  0.49321329 0.56387933 0.56384053 0.33651429
0.49208656 0.63564333 0.06236487 0.43064616 0.47936152 0.31827279  0.62184642 0.12677837 0.44333256 0.39446372 0.38910908 0.48823032  0.44043018 0.49655467 0.53137356 0.29623385
0.40513489 0.64567206 0.08890764 0.50506186 0.4979749  0.18951942  0.5828297  0.25966469 0.3541353  0.3771558  0.31594722 0.49308588  0.41036633 0.52101976 0.54068577 0.30044878
0.39010091 0.67602812 0.0943406  0.52941711 0.49004758 0.21292246  0.59351249 0.30666922 0.31512782 0.38252262 0.36059619 0.47084372  0.39055636 0.44195111 0.50227047 0.29090793
0.35282678 0.63543286 0.11279638 0.5182353  0.4958445  0.17929484  0.60474333 0.31410216 0.25659858 0.38044991 0.27296435 0.48400344  0.44452886 0.42121827 0.45741894 0.32372361
0.33424878 0.63487021 0.11802177 0.55206381 0.49860721 0.16346838  0.54754047 0.31528281 0.28126611 0.40193172 0.2278615  0.50458081  0.44119036 0.41754003 0.48567668 0.34890057
0.30336826 0.64441533 0.14105813 0.53376682 0.47703673 0.16989928  0.58965412 0.39283147 0.23308786 0.40305002 0.23407331 0.50468397  0.43241287 0.42020416 0.42416789 0.40983197
0.28867797 0.67378748 0.14802215 0.55246646 0.46905491 0.18677754  0.59735122 0.46247295 0.20307565 0.39303605 0.30159513 0.4753648  0.41516159 0.34592679 0.36388875 0.40286959
0.26986133 0.65247975 0.15818448 0.54603476 0.47053105 0.17290396  0.59801473 0.47108513 0.17805536 0.39434293 0.24714008 0.4854438  0.46517196 0.33887751 0.34876358 0.44131529
0.19595163 0.5711799  0.2051384  0.51650938 0.45274608 0.21183157  0.55911064 0.47799257 0.22694226 0.41646801 0.19186348 0.50519975  0.55181078 0.3678174  0.41113586 0.53288876
0.17820599 0.57969865 0.21682808 0.55749167 0.44129354 0.21932679  0.47918194 0.50852894 0.25366817 0.39968241 0.1642513  0.49849797  0.60486196 0.33403305 0.32765711 0.54967947
0.17820599 0.57969865 0.21682808 0.55749167 0.44129354 0.21932679  0.47918194 0.50852894 0.25366817 0.39968241 0.1642513  0.49849797  0.60486196 0.33403305 0.32765711 0.54967947
0.16055323 0.55235246 0.23084207 0.53042959 0.43011453 0.2505528  0.50423919 0.48928418 0.24976517 0.40173928 0.18619014 0.49526542  0.56974641 0.32053579 0.31184499 0.53252963
0.142267   0.54152378 0.24248786 0.53913184 0.425393   0.26383308  0.45100737 0.52093848 0.32293118 0.39233949 0.2133083  0.48738997  0.66020263 0.36252997 0.35045866 0.55203023
0.12395152 0.51573332 0.25559881 0.51888776 0.41790437 0.28076926  0.46513947 0.51406691 0.31455051 0.39340552 0.20530521 0.48858413  0.67314613 0.35097288 0.32534225 0.5648578 
0.07072036 0.46614656 0.29703087 0.49537801 0.38589877 0.36790454  0.42476719 0.52354981 0.41109396 0.37319006 0.31579528 0.455873  0.64330505 0.37971972 0.35247623 0.50905457
0.05336775 0.43914143 0.31083182 0.46832666 0.37416152 0.39938838  0.45143619 0.50292086 0.40448693 0.37548598 0.33684065 0.45259001  0.60541605 0.3574237  0.32371238 0.49045415
0.05336775 0.43914143 0.31083182 0.46832666 0.37416152 0.39938838  0.45143619 0.50292086 0.40448693 0.37548598 0.33684065 0.45259001  0.60541605 0.3574237  0.32371238 0.49045415
0.03530472 0.41371177 0.32449245 0.44717499 0.36543573 0.42942868  0.4584486  0.49182641 0.42935187 0.38251683 0.3665383  0.45119726  0.57400726 0.38653202 0.39012683 0.47468522
0.03530472 0.41371177 0.32449245 0.44717499 0.36543573 0.42942868  0.4584486  0.49182641 0.42935187 0.38251683 0.3665383  0.45119726  0.57400726 0.38653202 0.39012683 0.47468522
0.01779563 0.38669558 0.33863985 0.42004769 0.35385851 0.46460162  0.48109267 0.47190843 0.43452283 0.38595027 0.3992976  0.44733029  0.52908455 0.38078184 0.39373238 0.44873962
0.01779563 0.38669558 0.33863985 0.42004769 0.35385851 0.46460162  0.48109267 0.47190843 0.43452283 0.38595027 0.3992976  0.44733029  0.52908455 0.38078184 0.39373238 0.44873962
0.00039479 0.36283831 0.35232302 0.39930133 0.34523319 0.50234819  0.48417291 0.45702496 0.47508945 0.39693445 0.45000532 0.44589633  0.47476172 0.42761975 0.50206904 0.41641874
0.00039479 0.36283831 0.35232302 0.39930133 0.34523319 0.50234819  0.48417291 0.45702496 0.47508945 0.39693445 0.45000532 0.44589633  0.47476172 0.42761975 0.50206904 0.41641874
0.00039479 0.36283831 0.35232302 0.39930133 0.34523319 0.50234819  0.48417291 0.45702496 0.47508945 0.39693445 0.45000532 0.44589633  0.47476172 0.42761975 0.50206904 0.41641874
0.00039479 0.36283831 0.35232302 0.39930133 0.34523319 0.50234819  0.48417291 0.45702496 0.47508945 0.39693445 0.45000532 0.44589633  0.47476172 0.42761975 0.50206904 0.41641874
0.00039479 0.36283831 0.35232302 0.39930133 0.34523319 0.50234819  0.48417291 0.45702496 0.47508945 0.39693445 0.45000532 0.44589633  0.47476172 0.42761975 0.50206904 0.41641874
0.00039479 0.36283831 0.35232302 0.39930133 0.34523319 0.50234819  0.48417291 0.45702496 0.47508945 0.39693445 0.45000532 0.44589633  0.47476172 0.42761975 0.50206904 0.41641874
0.00039479 0.36283831 0.35232302 0.39930133 0.34523319 0.50234819  0.48417291 0.45702496 0.47508945 0.39693445 0.45000532 0.44589633  0.47476172 0.42761975 0.50206904 0.41641874
0.00039479 0.36283831 0.35232302 0.39930133 0.34523319 0.50234819  0.48417291 0.45702496 0.47508945 0.39693445 0.45000532 0.44589633  0.47476172 0.42761975 0.50206904 0.41641874
0.00039479 0.36283831 0.35232302 0.39930133 0.34523319 0.50234819  0.48417291 0.45702496 0.47508945 0.39693445 0.45000532 0.44589633  0.47476172 0.42761975 0.50206904 0.41641874
0.00039479 0.36283831 0.35232302 0.39930133 0.34523319 0.50234819  0.48417291 0.45702496 0.47508945 0.39693445 0.45000532 0.44589633  0.47476172 0.42761975 0.50206904 0.41641874
0.00039479 0.36283831 0.35232302 0.39930133 0.34523319 0.50234819  0.48417291 0.45702496 0.47508945 0.39693445 0.45000532 0.44589633  0.47476172 0.42761975 0.50206904 0.41641874
0.00039479 0.36283831 0.35232302 0.39930133 0.34523319 0.50234819  0.48417291 0.45702496 0.47508945 0.39693445 0.45000532 0.44589633  0.47476172 0.42761975 0.50206904 0.41641874
0.00039479 0.36283831 0.35232302 0.39930133 0.34523319 0.50234819  0.48417291 0.45702496 0.47508945 0.39693445 0.45000532 0.44589633  0.47476172 0.42761975 0.50206904 0.41641874
0.00039479 0.36283831 0.35232302 0.39930133 0.34523319 0.50234819  0.48417291 0.45702496 0.47508945 0.39693445 0.45000532 0.44589633  0.47476172 0.42761975 0.50206904 0.41641874
0.00039479 0.36283831 0.35232302 0.39930133 0.34523319 0.50234819  0.48417291 0.45702496 0.47508945 0.39693445 0.45000532 0.44589633  0.47476172 0.42761975 0.50206904 0.41641874
