0.00039479 0.36283831 0.35232302 0.39930133 0.34523319 0.50234819  0.48417291 0.45702496 0.47508945 0.39693445 0.45000532 0.44589633  0.47476172 0.42761975 0.50206904 0.41641874
0.00039479 0.36283831 0.35232302 0.39930133 0.34523319 0.50234819  0.48417291 0.45702496 0.47508945 0.39693445 0.45000532 0.44589633  0.47476172 0.42761975 0.50206904 0.41641874
0.00039479 0.36283831 0.35232302 0.39930133 0.34523319 0.50234819  0.48417291 0.45702496 0.47508945 0.39693445 0.45000532 0.44589633  0.47476172 0.42761975 0.50206904 0.41641874
0.00039479 0.36283831 0.35232302 0.39930133 0.34523319 0.50234819  0.48417291 0.45702496 0.47508945 0.39693445 0.45000532 0.44589633  0.47476172 0.42761975 0.50206904 0.41641874
0.00039479 0.36283831 0.35232302 0.39930133 0.34523319 0.50234819  0.48417291 0.45702496 0.47508945 0.39693445 0.45000532 0.44589633  0.47476172 0.42761975 0.50206904 0.41641874
0.00039479 0.36283831 0.35232302 0.39930133 0.34523319 0.50234819  0.48417291 0.45702496 0.47508945 0.39693445 0.45000532 0.44589633  0.47476172 0.42761975 0.50206904 0.41641874
0.00039479 0.36283831 0.35232302 0.39930133 0.34523319 0.50234819  0.48417291 0.45702496 0.47508945 0.39693445 0.45000532 0.44589633  0.47476172 0.42761975 0.50206904 0.41641874
0.00039479 0.36283831 0.35232302 0.39930133 0.34523319 0.50234819  0.48417291 0.45702496 0.47508945 0.39693445 0.45000532 0.44589633  0.47476172 0.42761975 0.50206904 0.41641874
0.00039479 0.36283831 0.35232302 0.39930133 0.34523319 0.50234819  0.48417291 0.45702496 0.47508945 0.39693445 0.45000532 0.44589633  0.47476172 0.42761975 0.50206904 0.41641874
0.00039479 0.36283831 0.35232302 0.39930133 0.34523319 0.50234819  0.48417291 0.45702496 0.47508945 0.39693445 0.45000532 0.44589633  0.47476172 0.42761975 0.50206904 0.41641874
0.00039479 0.36283831 0.35232302 0.39930133 0.34523319 0.50234819  0.48417291 0.45702496 0.47508945 0.39693445 0.45000532 0.44589633  0.47476172 0.42761975 0.50206904 0.41641874
0.00039479 0.36283831 0.35232302 0.39930133 0.34523319 0.50234819  0.48417291 0.45702496 0.47508945 0.39693445 0.45000532 0.44589633  0.47476172 0.42761975 0.50206904 0.41641874
0.00039479 0.36283831 0.35232302 0.39930133 0.34523319 0.50234819  0.48417291 0.45702496 0.47508945 0.39693445 0.45000532 0.44589633  0.47476172 0.42761975 0.50206904 0.41641874
0.00039479 0.36283831 0.35232302 0.39930133 0.34523319 0.50234819  0.48417291 0.45702496 0.47508945 0.39693445 0.45000532 0.44589633  0.47476172 0.42761975 0.50206904 0.41641874
0.00039479 0.36283831 0.35232302 0.39930133 0.34523319 0.50234819  0.48417291 0.45702496 0.47508945 0.39693445 0.45000532 0.44589633  0.47476172 0.42761975 0.50206904 0.41641874
0.00039479 0.36283831 0.35232302 0.39930133 0.34523319 0.50234819  0.48417291 0.45702496 0.47508945 0.39693445 0.45000532 0.44589633  0.47476172 0.42761975 0.50206904 0.41641874
0.00039479 0.36283831 0.35232302 0.39930133 0.34523319 0.50234819  0.48417291 0.45702496 0.47508945 0.39693445 0.45000532 0.44589633  0.47476172 0.42761975 0.50206904 0.41641874
0.00039479 0.36283831 0.35232302 0.39930133 0.34523319 0.50234819  0.48417291 0.45702496 0.47508945 0.39693445 0.45000532 0.44589633  0.47476172 0.42761975 0.50206904 0.41641874
0.00039479 0.36283831 0.35232302 0.39930133 0.34523319 0.50234819  0.48417291 0.45702496 0.47508945 0.39693445 0.45000532 0.44589633  0.47476172 0.42761975 0.50206904 0.41641874
0.00039479 0.36283831 0.35232302 0.39930133 0.34523319 0.50234819  0.48417291 0.45702496 0.47508945 0.39693445 0.45000532 0.44589633  0.47476172 0.42761975 0.50206904 0.41641874
0.00039479 0.36283831 0.35232302 0.39930133 0.34523319 0.50234819  0.48417291 0.45702496 0.47508945 0.39693445 0.45000532 0.44589633  0.47476172 0.42761975 0.50206904 0.41641874
0.00039479 0.36283831 0.35232302 0.39930133 0.34523319 0.50234819  0.48417291 0.45702496 0.47508945 0.39693445 0.45000532 0.44589633  0.47476172 0.42761975 0.50206904 0.41641874
0.00039479 0.36283831 0.35232302 0.39930133 0.34523319 0.50234819  0.48417291 0.45702496 0.47508945 0.39693445 0.45000532 0.44589633  0.47476172 0.42761975 0.50206904 0.41641874
0.00039479 0.36283831 0.35232302 0.39930133 0.34523319 0.50234819  0.48417291 0.45702496 0.47508945 0.39693445 0.45000532 0.44589633  0.47476172 0.42761975 0.50206904 0.41641874
0.00039479 0.36283831 0.35232302 0.39930133 0.34523319 0.50234819  0.48417291 0.45702496 0.47508945 0.39693445 0.45000532 0.44589633  0.47476172 0.42761975 0.50206904 0.41641874
0.00039479 0.36283831 0.35232302 0.39930133 0.34523319 0.50234819  0.48417291 0.45702496 0.47508945 0.39693445 0.45000532 0.44589633  0.47476172 0.42761975 0.50206904 0.41641874
0.00039479 0.36283831 0.35232302 0.39930133 0.34523319 0.50234819  0.48417291 0.45702496 0.47508945 0.39693445 0.45000532 0.44589633  0.47476172 0.42761975 0.50206904 0.41641874
0.00039479 0.36283831 0.35232302 0.39930133 0.34523319 0.50234819  0.48417291 0.45702496 0.47508945 0.39693445 0.45000532 0.44589633  0.47476172 0.42761975 0.50206904 0.41641874
0.00039479 0.36283831 0.35232302 0.39930133 0.34523319 0.50234819  0.48417291 0.45702496 0.47508945 0.39693445 0.45000532 0.44589633  0.47476172 0.42761975 0.50206904 0.41641874
0.00039479 0.36283831 0.35232302 0.39930133 0.34523319 0.50234819  0.48417291 0.45702496 0.47508945 0.39693445 0.45000532 0.44589633  0.47476172 0.42761975 0.50206904 0.41641874
0.00039479 0.36283831 0.35232302 0.39930133 0.34523319 0.50234819  0.48417291 0.45702496 0.47508945 0.39693445 0.45000532 0.44589633  0.47476172 0.42761975 0.50206904 0.41641874
0.00039479 0.36283831 0.35232302 0.39930133 0.34523319 0.50234819  0.48417291 0.45702496 0.47508945 0.39693445 0.45000532 0.44589633  0.47476172 0.42761975 0.50206904 0.41641874
0.00039479 0.36283831 0.35232302 0.39930133 0.34523319 0.50234819  0.48417291 0.45702496 0.47508945 0.39693445 0.45000532 0.44589633  0.47476172 0.42761975 0.50206904 0.41641874
0.00039479 0.36283831 0.35232302 0.39930133 0.34523319 0.50234819  0.48417291 0.45702496 0.47508945 0.39693445 0.45000532 0.44589633  0.47476172 0.42761975 0.50206904 0.41641874
0.00039479 0.36283831 0.35232302 0.39930133 0.34523319 0.50234819  0.48417291 0.45702496 0.47508945 0.39693445 0.45000532 0.44589633  0.47476172 0.42761975 0.50206904 0.41641874
0.00039479 0.36283831 0.35232302 0.39930133 0.34523319 0.50234819  0.48417291 0.45702496 0.47508945 0.39693445 0.45000532 0.44589633  0.47476172 0.42761975 0.50206904 0.41641874
0.00039479 0.36283831 0.35232302 0.39930133 0.34523319 0.50234819  0.48417291 0.45702496 0.47508945 0.39693445 0.45000532 0.44589633  0.47476172 0.42761975 0.50206904 0.41641874
0.00039479 0.36283831 0.35232302 0.39930133 0.34523319 0.50234819  0.48417291 0.45702496 0.47508945 0.39693445 0.45000532 0.44589633  0.47476172 0.42761975 0.50206904 0.41641874
0.00039479 0.36283831 0.35232302 0.39930133 0.34523319 0.50234819  0.48417291 0.45702496 0.47508945 0.39693445 0.45000532 0.44589633  0.47476172 0.42761975 0.50206904 0.41641874
0.00039479 0.36283831 0.35232302 0.39930133 0.34523319 0.50234819  0.48417291 0.45702496 0.47508945 0.39693445 0.45000532 0.44589633  0.47476172 0.42761975 0.50206904 0.41641874
0.00039479 0.36283831 0.35232302 0.39930133 0.34523319 0.50234819  0.48417291 0.45702496 0.47508945 0.39693445 0.45000532 0.44589633  0.47476172 0.42761975 0.50206904 0.41641874
0.00039479 0.36283831 0.35232302 0.39930133 0.34523319 0.50234819  0.48417291 0.45702496 0.47508945 0.39693445 0.45000532 0.44589633  0.47476172 0.42761975 0.50206904 0.41641874
0.00039479 0.36283831 0.35232302 0.39930133 0.34523319 0.50234819  0.48417291 0.45702496 0.47508945 0.39693445 0.45000532 0.44589633  0.47476172 0.42761975 0.50206904 0.41641874
0.00039479 0.36283831 0.35232302 0.39930133 0.34523319 0.50234819  0.48417291 0.45702496 0.47508945 0.39693445 0.45000532 0.44589633  0.47476172 0.42761975 0.50206904 0.41641874
0.00039479 0.36283831 0.35232302 0.39930133 0.34523319 0.50234819  0.48417291 0.45702496 0.47508945 0.39693445 0.45000532 0.44589633  0.47476172 0.42761975 0.50206904 0.41641874
0.00039479 0.36283831 0.35232302 0.39930133 0.34523319 0.50234819  0.48417291 0.45702496 0.47508945 0.39693445 0.45000532 0.44589633  0.47476172 0.42761975 0.50206904 0.41641874
0.00039479 0.36283831 0.35232302 0.39930133 0.34523319 0.50234819  0.48417291 0.45702496 0.47508945 0.39693445 0.45000532 0.44589633  0.47476172 0.42761975 0.50206904 0.41641874
0.00039479 0.36283831 0.35232302 0.39930133 0.34523319 0.50234819  0.48417291 0.45702496 0.47508945 0.39693445 0.45000532 0.44589633  0.47476172 0.42761975 0.50206904 0.41641874
0.00039479 0.36283831 0.35232302 0.39930133 0.34523319 0.50234819  0.48417291 0.45702496 0.47508945 0.39693445 0.45000532 0.44589633  0.47476172 0.42761975 0.50206904 0.41641874
0.00039479 0.36283831 0.35232302 0.39930133 0.34523319 0.50234819  0.48417291 0.45702496 0.47508945 0.39693445 0.45000532 0.44589633  0.47476172 0.42761975 0.50206904 0.41641874
0.00039479 0.36283831 0.35232302 0.39930133 0.34523319 0.50234819  0.48417291 0.45702496 0.47508945 0.39693445 0.45000532 0.44589633  0.47476172 0.42761975 0.50206904 0.41641874
0.00039479 0.36283831 0.35232302 0.39930133 0.34523319 0.50234819  0.48417291 0.45702496 0.47508945 0.39693445 0.45000532 0.44589633  0.47476172 0.42761975 0.50206904 0.41641874
0.00039479 0.36283831 0.35232302 0.39930133 0.34523319 0.50234819  0.48417291 0.45702496 0.47508945 0.39693445 0.45000532 0.44589633  0.47476172 0.42761975 0.50206904 0.41641874
0.00039479 0.36283831 0.35232302 0.39930133 0.34523319 0.50234819  0.48417291 0.45702496 0.47508945 0.39693445 0.45000532 0.44589633  0.47476172 0.42761975 0.50206904 0.41641874
0.05351912 0.44207702 0.31230744 0.47261846 0.37274067 0.43085257  0.41273853 0.50456002 0.50740993 0.39804033 0.41570494 0.45497655  0.53250559 0.48310651 0.60073645 0.45310357
0.31054546 0.72415781 0.18575433 0.59883333 0.34113445 0.5647697  0.29851847 0.45223013 0.65873206 0.46620527 0.48642393 0.46952297  0.50360671 0.42274921 0.54168366 0.52518233
0.40202259 0.76416669 0.133705   0.52339044 0.36111223 0.53680248  0.54685818 0.35235443 0.42278705 0.47585013 0.48371518 0.4728442  0.2779216  0.31819541 0.41931649 0.45662855
0.62669799 0.62932997 0.14701585 0.17562688 0.27620909 0.64174302  0.60205714 0.73795072 0.41593751 0.41557622 0.39272303 0.46748073  0.53226892 0.30909473 0.60168719 0.55747839
0.70421901 0.53436003 0.13006812 0.12293986 0.29055871 0.54058988  0.52102226 0.65158865 0.50641804 0.41228063 0.27540387 0.52666723  0.44936597 0.45614944 0.71985051 0.52659316
0.78126884 0.34792361 0.11961172 0.14113371 0.34000409 0.41560488  0.35323155 0.44875042 0.60479074 0.38656572 0.3904101  0.52128987  0.40407184 0.33811081 0.47294838 0.3654506 
0.79672076 0.33455859 0.14275179 0.14895477 0.31593059 0.43253101  0.30846212 0.45903886 0.55423209 0.40530606 0.34810717 0.52633999  0.39814835 0.33034949 0.41692499 0.29717134
0.81647602 0.30420745 0.18434331 0.21287699 0.27435005 0.39239729  0.32213685 0.44854524 0.52425401 0.48008721 0.48763836 0.59199649  0.45722365 0.40169374 0.3531537  0.34418699
0.85842812 0.17250639 0.19508546 0.42259928 0.3497928  0.47252775  0.32124262 0.44278019 0.32357665 0.5532015  0.5909881  0.40245444  0.49631554 0.41791635 0.4817237  0.4726038 
0.85842812 0.17250639 0.19508546 0.42259928 0.3497928  0.47252775  0.32124262 0.44278019 0.32357665 0.5532015  0.5909881  0.40245444  0.49631554 0.41791635 0.4817237  0.4726038 
0.86412206 0.14902895 0.1888496  0.46758817 0.37951865 0.51221353  0.33859219 0.45440017 0.30682993 0.53750458 0.56214233 0.36711405  0.50295574 0.42267307 0.54672246 0.45727205
0.86902344 0.127679   0.18491657 0.51430067 0.40414066 0.54894535  0.36073957 0.47690174 0.29235517 0.5241297  0.54257125 0.35053498  0.50490686 0.4347578  0.58822588 0.44134484
0.86902344 0.127679   0.18491657 0.51430067 0.40414066 0.54894535  0.36073957 0.47690174 0.29235517 0.5241297  0.54257125 0.35053498  0.50490686 0.4347578  0.58822588 0.44134484
0.87817112 0.13317158 0.22219087 0.53206641 0.38078709 0.5382214  0.36078493 0.44912669 0.28269162 0.49625575 0.55912304 0.36488288  0.54135612 0.47941418 0.55774041 0.45891442
0.89026703 0.1251586  0.25453702 0.56203222 0.35738134 0.53363736  0.35430445 0.43400867 0.23277034 0.50074573 0.58332587 0.38221266  0.60466807 0.50063674 0.56178019 0.37999522
0.88536565 0.14650855 0.25847004 0.51531973 0.33275932 0.49690553  0.33215707 0.4115071  0.2472451  0.51412061 0.60289694 0.39879174  0.60271695 0.48855201 0.52027676 0.39592244
0.87967171 0.16998599 0.2647059  0.47033083 0.30303348 0.45721976  0.3148075  0.39988712 0.26399182 0.52981753 0.63174271 0.43413212  0.59607676 0.4837953  0.45527801 0.41125418
0.87967171 0.16998599 0.2647059  0.47033083 0.30303348 0.45721976  0.3148075  0.39988712 0.26399182 0.52981753 0.63174271 0.43413212  0.59607676 0.4837953  0.45527801 0.41125418
0.87967171 0.16998599 0.2647059  0.47033083 0.30303348 0.45721976  0.3148075  0.39988712 0.26399182 0.52981753 0.63174271 0.43413212  0.59607676 0.4837953  0.45527801 0.41125418
0.84926569 0.28763421 0.28252616 0.28887326 0.20716564 0.35231269  0.32890398 0.40988258 0.42976964 0.51031808 0.56673435 0.64437737  0.57696089 0.47647457 0.38668764 0.21430972
0.84926569 0.28763421 0.28252616 0.28887326 0.20716564 0.35231269  0.32890398 0.40988258 0.42976964 0.51031808 0.56673435 0.64437737  0.57696089 0.47647457 0.38668764 0.21430972
0.83174293 0.30750114 0.23815056 0.23395941 0.24174778 0.38772002  0.31534211 0.43372043 0.43421864 0.48377845 0.4517196  0.59863774  0.5277587  0.41520095 0.45596246 0.11447592
0.79672076 0.33455859 0.14275179 0.14895477 0.31593059 0.43253101  0.30846212 0.45903886 0.55423209 0.40530606 0.34810717 0.52633999  0.39814835 0.33034949 0.41692499 0.29717134
0.70496823 0.54738125 0.14077073 0.13356318 0.28313715 0.57210026  0.51175355 0.62041356 0.48265891 0.4077839  0.25459702 0.52464881  0.56164162 0.51154702 0.6267323  0.47917493
0.59787761 0.73134667 0.12022963 0.27059545 0.29584709 0.67845973  0.66056277 0.55335991 0.40061692 0.40211321 0.42785235 0.44404497  0.69609507 0.42322775 0.46911648 0.50576494
0.51122529 0.79950986 0.09455724 0.43195576 0.3493868  0.5994669  0.66683861 0.34610602 0.416032   0.46732754 0.53386627 0.462384  0.40329739 0.37544479 0.47961754 0.45658068
0.45488948 0.77445834 0.0974037  0.47945657 0.40309989 0.44278726  0.65625309 0.36122811 0.35190321 0.46938008 0.44937431 0.48454841  0.34814523 0.41328162 0.59512718 0.429713  
0.38028954 0.73696487 0.11203328 0.53414754 0.44891262 0.28687722  0.60367009 0.41881844 0.3085586  0.45634403 0.36019786 0.50021769  0.35706343 0.42193762 0.62903239 0.43015897
0.36293692 0.70995974 0.12583423 0.50709619 0.43717537 0.31836107  0.63033909 0.39818949 0.30195157 0.45863994 0.38124324 0.4969347  0.31917444 0.39964161 0.60026854 0.41155855
0.40887292 0.66892949 0.09708141 0.49816882 0.46317231 0.31006528  0.59659375 0.23556452 0.37292529 0.46970038 0.32523773 0.52330005  0.30965205 0.44714652 0.68663834 0.35166427
0.42622554 0.69593463 0.08328046 0.52522017 0.47490956 0.27858144  0.56992475 0.25619347 0.37953232 0.46740447 0.30419236 0.52658303  0.34754104 0.46944253 0.71540219 0.37026469
0.45688935 0.61838735 0.06571013 0.53498448 0.52253946 0.27053326  0.56249688 0.1616971  0.47914743 0.43001093 0.18893812 0.57926112  0.34605144 0.5631507  0.70116238 0.28582568
0.5389138  0.61942126 0.04743575 0.53358041 0.51192965 0.50944648  0.67351658 0.13430564 0.54260584 0.39944081 0.21835578 0.56074549  0.31597418 0.60022992 0.63552001 0.22917969
0.57236273 0.60566452 0.05253126 0.46140489 0.48480831 0.54350742  0.6940057  0.18979139 0.5993623  0.38885829 0.21086643 0.58905796  0.41436211 0.64958499 0.59720066 0.28598856
0.62048899 0.58641452 0.04747534 0.33395383 0.44878239 0.54034042  0.66564187 0.17309977 0.62932027 0.36685982 0.34929575 0.52061854  0.55901964 0.66332468 0.57850501 0.39220817
0.65446122 0.56360976 0.06442156 0.26480187 0.40991259 0.57613069  0.62824504 0.25380082 0.59543101 0.35916843 0.29851792 0.49815363  0.69995158 0.62982437 0.57135982 0.43570591
0.67411614 0.57641073 0.11193416 0.25428233 0.33865034 0.64553205  0.57630266 0.36719305 0.48971776 0.39391696 0.2084479  0.50676372  0.73310053 0.62339456 0.49945279 0.41338096
0.6895387  0.62382876 0.25607593 0.34045063 0.27631726 0.62279575  0.5611576  0.25044044 0.42686133 0.31521614 0.21946412 0.5202266  0.68923037 0.7261072  0.35409601 0.46203309
0.71034264 0.69980288 0.43416436 0.36046911 0.18462957 0.54551343  0.60126344 0.2414595  0.40834274 0.19984633 0.25924742 0.45229106  0.69051292 0.70622087 0.43251358 0.50183624
0.71034264 0.69980288 0.43416436 0.36046911 0.18462957 0.54551343  0.60126344 0.2414595  0.40834274 0.19984633 0.25924742 0.45229106  0.69051292 0.70622087 0.43251358 0.50183624
0.74362161 0.7259863  0.58654887 0.38982653 0.2140522  0.51754208  0.6076842  0.21360142 0.37406043 0.16277033 0.26332481 0.4243935  0.63296418 0.69166539 0.52039327 0.43640499
0.74362161 0.7259863  0.58654887 0.38982653 0.2140522  0.51754208  0.6076842  0.21360142 0.37406043 0.16277033 0.26332481 0.4243935  0.63296418 0.69166539 0.52039327 0.43640499
0.74362161 0.7259863  0.58654887 0.38982653 0.2140522  0.51754208  0.6076842  0.21360142 0.37406043 0.16277033 0.26332481 0.4243935  0.63296418 0.69166539 0.52039327 0.43640499
0.74362161 0.7259863  0.58654887 0.38982653 0.2140522  0.51754208  0.6076842  0.21360142 0.37406043 0.16277033 0.26332481 0.4243935  0.63296418 0.69166539 0.52039327 0.43640499
0.75934039 0.70066864 0.5934011  0.36348604 0.20815606 0.50350428  0.58526381 0.28623298 0.37088457 0.17972629 0.24979277 0.43404452  0.57789044 0.66947707 0.54111541 0.4484812 
0.78947766 0.64700251 0.61253557 0.34036109 0.18241849 0.47184136  0.52086668 0.38846117 0.34104022 0.21040352 0.21116164 0.44852609  0.36750912 0.544562   0.63068011 0.4296482 
0.78947766 0.64700251 0.61253557 0.34036109 0.18241849 0.47184136  0.52086668 0.38846117 0.34104022 0.21040352 0.21116164 0.44852609  0.36750912 0.544562   0.63068011 0.4296482 
0.81496683 0.59954039 0.63808755 0.35643876 0.16892155 0.41093482  0.50279314 0.4063712  0.34138171 0.24067494 0.29886699 0.46412752  0.34644187 0.55839914 0.62480213 0.35842801
0.84881913 0.5537069  0.63554012 0.27753958 0.17528102 0.37539628  0.50770308 0.50544691 0.38748936 0.19989188 0.31763542 0.48001698  0.3533962  0.58858542 0.72972586 0.44202658
0.85510034 0.55714704 0.66621857 0.28774629 0.17601395 0.34864084  0.54916752 0.50924074 0.45233853 0.22894254 0.29390328 0.45724712  0.34127441 0.53196361 0.75704708 0.46357744
0.85510034 0.55714704 0.66621857 0.28774629 0.17601395 0.34864084  0.54916752 0.50924074 0.45233853 0.22894254 0.29390328 0.45724712  0.34127441 0.53196361 0.75704708 0.46357744
0.86032116 0.51616988 0.64384526 0.33794861 0.12272407 0.30820956  0.58031198 0.51648998 0.47067255 0.29528607 0.39860842 0.49961273  0.37434901 0.54141616 0.72332416 0.56864131
0.89192769 0.33366818 0.48767418 0.35031806 0.14203099 0.26898591  0.40656223 0.30569541 0.48928811 0.27342662 0.52113623 0.60572477  0.49150793 0.44102549 0.48182523 0.44389015
0.89192769 0.33366818 0.48767418 0.35031806 0.14203099 0.26898591  0.40656223 0.30569541 0.48928811 0.27342662 0.52113623 0.60572477  0.49150793 0.44102549 0.48182523 0.44389015
0.89975397 0.30414634 0.48607586 0.39662725 0.16232154 0.28453484  0.40394708 0.29949083 0.44979497 0.28927994 0.55795011 0.55681374  0.48653377 0.46611394 0.45896841 0.52595606
0.90594926 0.27450646 0.48329147 0.4466087  0.18655781 0.31005852  0.40732503 0.29992413 0.41675457 0.30507307 0.57838729 0.48693895  0.51370548 0.47090506 0.48078562 0.53638258
0.90594926 0.27450646 0.48329147 0.4466087  0.18655781 0.31005852  0.40732503 0.29992413 0.41675457 0.30507307 0.57838729 0.48693895  0.51370548 0.47090506 0.48078562 0.53638258
0.91543011 0.20185342 0.43561511 0.53794701 0.24261634 0.38754027  0.37804439 0.30417513 0.31163745 0.31828294 0.61990005 0.41706646  0.58088011 0.40679993 0.59211061 0.56034775
0.91543011 0.20185342 0.43561511 0.53794701 0.24261634 0.38754027  0.37804439 0.30417513 0.31163745 0.31828294 0.61990005 0.41706646  0.58088011 0.40679993 0.59211061 0.56034775
0.90963648 0.18884125 0.40118766 0.53596298 0.24054294 0.38680453  0.38919885 0.32769988 0.31861878 0.38670094 0.62079445 0.41678073  0.61215435 0.39189889 0.59671553 0.50318503
0.89602624 0.1746622  0.33327376 0.5107678  0.27046618 0.42320728  0.35109007 0.35671013 0.26511491 0.43781646 0.64572703 0.45158089  0.64482566 0.41581062 0.56970905 0.43591512
0.89602624 0.1746622  0.33327376 0.5107678  0.27046618 0.42320728  0.35109007 0.35671013 0.26511491 0.43781646 0.64572703 0.45158089  0.64482566 0.41581062 0.56970905 0.43591512
0.90172019 0.15118476 0.32703789 0.55575669 0.30019203 0.46289305  0.36843964 0.36833011 0.24836819 0.42211954 0.61688126 0.41624051  0.65146585 0.42056733 0.63470781 0.42058338
0.89760204 0.12952163 0.2873903  0.57768424 0.34420257 0.5208064  0.36393807 0.40697418 0.22338176 0.41706609 0.58703221 0.38990387  0.60696385 0.46401152 0.63072263 0.41981819
0.89026703 0.1251586  0.25453702 0.56203222 0.35738134 0.53363736  0.35430445 0.43400867 0.23277034 0.50074573 0.58332587 0.38221266  0.60466807 0.50063674 0.56178019 0.37999522
0.89026703 0.1251586  0.25453702 0.56203222 0.35738134 0.53363736  0.35430445 0.43400867 0.23277034 0.50074573 0.58332587 0.38221266  0.60466807 0.50063674 0.56178019 0.37999522
0.89172391 0.11835912 0.25520809 0.58521723 0.36504501 0.54534355  0.38149971 0.45113106 0.25955381 0.48365045 0.56433816 0.41531088  0.584845   0.52360476 0.52738669 0.36135401
0.89564586 0.10166177 0.2527108  0.6228492  0.38646123 0.57376102  0.40641114 0.472207   0.26766664 0.47362361 0.53727518 0.40940554  0.56765441 0.56239774 0.52366803 0.35035536
0.89564586 0.10166177 0.2527108  0.6228492  0.38646123 0.57376102  0.40641114 0.472207   0.26766664 0.47362361 0.53727518 0.40940554  0.56765441 0.56239774 0.52366803 0.35035536
0.89564586 0.10166177 0.2527108  0.6228492  0.38646123 0.57376102  0.40641114 0.472207   0.26766664 0.47362361 0.53727518 0.40940554  0.56765441 0.56239774 0.52366803 0.35035536
0.89564586 0.10166177 0.2527108  0.6228492  0.38646123 0.57376102  0.40641114 0.472207   0.26766664 0.47362361 0.53727518 0.40940554  0.56765441 0.56239774 0.52366803 0.35035536
0.89564586 0.10166177 0.2527108  0.6228492  0.38646123 0.57376102  0.40641114 0.472207   0.26766664 0.47362361 0.53727518 0.40940554  0.56765441 0.56239774 0.52366803 0.35035536
0.89564586 0.10166177 0.2527108  0.6228492  0.38646123 0.57376102  0.40641114 0.472207   0.26766664 0.47362361 0.53727518 0.40940554  0.56765441 0.56239774 0.52366803 0.35035536
0.89564586 0.10166177 0.2527108  0.6228492  0.38646123 0.57376102  0.40641114 0.472207   0.26766664 0.47362361 0.53727518 0.40940554  0.56765441 0.56239774 0.52366803 0.35035536
0.89564586 0.10166177 0.2527108  0.6228492  0.38646123 0.57376102  0.40641114 0.472207   0.26766664 0.47362361 0.53727518 0.40940554  0.56765441 0.56239774 0.52366803 0.35035536
0.89418898 0.10846125 0.25203973 0.5996642  0.37879755 0.56205482  0.37921589 0.45508461 0.24088317 0.49071889 0.55626289 0.37630732  0.58747748 0.53942972 0.55806152 0.36899657
0.88111934 0.11966602 0.21726272 0.54426647 0.38073491 0.54436131  0.35425908 0.46178373 0.2424339  0.52861968 0.56677408 0.36786477  0.56821882 0.45598036 0.59226566 0.36242564
0.86467189 0.1550688  0.19263334 0.46928926 0.37653799 0.53240608  0.31890945 0.43505173 0.29180819 0.48837973 0.54800377 0.36374065  0.54629167 0.43499374 0.49078259 0.44688051
0.83922268 0.20889739 0.15727768 0.36037815 0.38839269 0.53285403  0.28788516 0.43392538 0.338533   0.42929549 0.43731835 0.33342453  0.48057617 0.35889277 0.48955513 0.41519661
0.79649193 0.34119151 0.14744437 0.15281633 0.32236126 0.44874345  0.30780036 0.43813223 0.55163293 0.36013155 0.32710813 0.51463293  0.47766208 0.31182198 0.41533923 0.25461197
0.78439602 0.34920449 0.11509822 0.12285053 0.34576701 0.4533275  0.31428084 0.45325025 0.60155421 0.35564157 0.3029053  0.49730314  0.41435012 0.29059942 0.41129945 0.33353117
0.74334434 0.44437054 0.11217939 0.13339684 0.33948767 0.52762092  0.41851176 0.41262444 0.56818756 0.38281012 0.21234017 0.5198872  0.59363963 0.41074267 0.53408681 0.38414032
0.65391779 0.60821313 0.09311831 0.22132435 0.34203301 0.62339421  0.58108733 0.37912224 0.50105638 0.39097893 0.30216223 0.48450584  0.73257352 0.41088283 0.57219853 0.46524452
0.59787761 0.73134667 0.12022963 0.27059545 0.29584709 0.67845973  0.66056277 0.55335991 0.40061692 0.40211321 0.42785235 0.44404497  0.69609507 0.42322775 0.46911648 0.50576494
0.56320429 0.75664931 0.1034581  0.32836129 0.32768841 0.63142352  0.68545387 0.45794911 0.41817395 0.41803627 0.49847915 0.44745702  0.58734245 0.42080494 0.51453347 0.48236441
0.51122529 0.79950986 0.09455724 0.43195576 0.3493868  0.5994669  0.66683861 0.34610602 0.416032   0.46732754 0.53386627 0.462384  0.40329739 0.37544479 0.47961754 0.45658068
0.49362571 0.81124581 0.1016175  0.47514645 0.3390896  0.61266162  0.60791633 0.33866394 0.42945969 0.47868133 0.51729227 0.46887136  0.35637887 0.33670351 0.41965302 0.46160683
0.49362571 0.81124581 0.1016175  0.47514645 0.3390896  0.61266162  0.60791633 0.33866394 0.42945969 0.47868133 0.51729227 0.46887136  0.35637887 0.33670351 0.41965302 0.46160683
0.42150779 0.81134569 0.13543538 0.58519116 0.33008473 0.5975268  0.39269202 0.40755675 0.56236478 0.4575833  0.51432591 0.45680313  0.37291995 0.35939313 0.45326646 0.42014655
0.38453683 0.7917668  0.15663951 0.61346188 0.32416321 0.60702599  0.28075565 0.4588525  0.68080684 0.45651001 0.50603334 0.46106857  0.53655855 0.42681009 0.53387925 0.48435792
0.40343091 0.8007634  0.15511196 0.5957954  0.3058326  0.66343265  0.28722977 0.45309638 0.70901758 0.45371406 0.550006   0.45055164  0.55642592 0.41144441 0.48545025 0.49774096
0.38592183 0.77374721 0.16925936 0.56866811 0.29425538 0.69860559  0.30987383 0.4331784  0.71418854 0.4571475  0.5827653  0.44668467  0.51150321 0.40569423 0.4890558  0.47179535
0.38592183 0.77374721 0.16925936 0.56866811 0.29425538 0.69860559  0.30987383 0.4331784  0.71418854 0.4571475  0.5827653  0.44668467  0.51150321 0.40569423 0.4890558  0.47179535
0.42691103 0.83375324 0.19358685 0.54510241 0.41133073 0.69546395  0.31661163 0.43223254 0.64493327 0.45900234 0.59339666 0.44357447  0.48243933 0.39661024 0.42678363 0.41284041
0.57975145 0.94544389 0.62778513 0.39656309 0.75299797 0.83495425  0.24204036 0.37372576 0.39347003 0.38387983 0.46824114 0.49529869  0.53977155 0.33489162 0.19740714 0.2980586 
0.63559014 0.9177203  0.68973867 0.36138875 0.71149563 0.79363703  0.36154854 0.39517573 0.35422438 0.35519662 0.56451472 0.51523551  0.75954169 0.42738219 0.28773982 0.25469998
0.70111235 0.89675821 0.72151493 0.29581052 0.68465106 0.68853998  0.5897923  0.37316158 0.28991358 0.31744481 0.43303241 0.48200765  0.76497492 0.35640389 0.43154849 0.36944464
0.75104387 0.85273236 0.81239679 0.32563267 0.55303076 0.54569394  0.70563708 0.43417911 0.38671783 0.51664953 0.41688962 0.3167254  0.7540483  0.50263733 0.47837744 0.30609681
0.78076769 0.78887257 0.80350271 0.30166697 0.44803906 0.48042081  0.6934151  0.56589824 0.43608873 0.57732333 0.31570396 0.21941143  0.60247511 0.45289781 0.5160487  0.28770454
0.81185143 0.73242142 0.79923333 0.24422831 0.45634243 0.4378288  0.66902671 0.57542263 0.49831211 0.55375385 0.27786949 0.24369447  0.60412819 0.50903465 0.61579831 0.30952549
0.83545078 0.66365087 0.77027933 0.22074239 0.4455989  0.40563054  0.63698336 0.57076943 0.50850614 0.65542289 0.18974599 0.27979645  0.53445456 0.50525208 0.71777721 0.2384641 
0.84453585 0.61076114 0.7192607  0.22139396 0.37322134 0.35591203  0.63581045 0.5618496  0.56959812 0.66114942 0.19034563 0.27565747  0.55121303 0.56772805 0.68247274 0.2381454 
0.84962991 0.57343229 0.67478095 0.20908251 0.40589136 0.36345188  0.6007921  0.50451279 0.59492792 0.74718241 0.14370055 0.27509144  0.57215394 0.57053155 0.62449577 0.16991147
0.85934671 0.52311416 0.63562193 0.22130812 0.38216684 0.3339968  0.58573204 0.43107101 0.63931752 0.75381343 0.12789865 0.28804096  0.60662297 0.53349811 0.60006533 0.16135918
0.86972925 0.48177456 0.61036597 0.22999939 0.37444308 0.32676259  0.52443699 0.36851332 0.61738344 0.63098845 0.17646035 0.33541491  0.58164515 0.49245277 0.58043891 0.13208837
0.86256218 0.45681747 0.55098736 0.27325976 0.25755486 0.32946355  0.52521318 0.35786254 0.58410071 0.54790812 0.19039019 0.37684534  0.58570947 0.4706516  0.60750527 0.15971891
0.87444777 0.41572416 0.53097934 0.27564005 0.22139135 0.29371971  0.49058136 0.36882854 0.59910385 0.4750216  0.25328593 0.4065004  0.51881552 0.45607063 0.57549664 0.18716752
0.85447253 0.37761891 0.41455972 0.27513285 0.19600077 0.33260473  0.44745576 0.39355834 0.51206062 0.46785338 0.32933718 0.53591667  0.55022399 0.43948434 0.5903561  0.18107473
0.83934251 0.35706272 0.33643252 0.25300935 0.2436761  0.38792248  0.37148057 0.40617635 0.40860526 0.50422612 0.42411981 0.65656017  0.65548665 0.49434095 0.5556427  0.11880111
0.84674122 0.36460493 0.37287402 0.26755557 0.2355522  0.37585012  0.38501965 0.37983492 0.4191149  0.44552539 0.41691424 0.64945795  0.67095339 0.46121475 0.59761083 0.13808675
0.82626652 0.39240713 0.343713   0.25568764 0.22515363 0.41340355  0.40664962 0.45284036 0.37028797 0.52625431 0.40139386 0.67042259  0.6608727  0.53145482 0.62975679 0.15407282
0.80626106 0.37821608 0.25193924 0.23219472 0.20722218 0.4367803  0.38796557 0.49490177 0.37097623 0.53286886 0.36629641 0.637051  0.55319184 0.51423442 0.62410112 0.17680321
0.79471498 0.39226891 0.22337683 0.20393001 0.22764727 0.4615569  0.37476332 0.49067135 0.40587577 0.47925403 0.32795503 0.6163478  0.53321581 0.50533253 0.56412147 0.24533086
0.74570993 0.47957274 0.18254391 0.14853969 0.25000761 0.51680201  0.43849656 0.66043868 0.44117916 0.41216754 0.30666774 0.54394537  0.46571115 0.47454593 0.60200928 0.37670216
0.71967093 0.52099502 0.1532082  0.13076093 0.26648521 0.55751601  0.47625283 0.66187709 0.4558594  0.43102097 0.23310094 0.53171735  0.44344248 0.44838812 0.66382713 0.45831389
0.70496823 0.54738125 0.14077073 0.13356318 0.28313715 0.57210026  0.51175355 0.62041356 0.48265891 0.4077839  0.25459702 0.52464881  0.56164162 0.51154702 0.6267323  0.47917493
0.67381488 0.5999788  0.12722149 0.18022637 0.29811892 0.60321672  0.56307036 0.48701734 0.48887961 0.38338778 0.28526411 0.50758476  0.70889753 0.59549151 0.55354028 0.46507069
0.62760188 0.67161847 0.10783265 0.22754056 0.31175622 0.63817842  0.64218288 0.4367139  0.46963661 0.40676036 0.31568156 0.4956063  0.73315632 0.57657376 0.56781093 0.52226816
0.58108692 0.75256055 0.12394235 0.31353641 0.28926624 0.69493698  0.64085643 0.51238524 0.37699323 0.42387175 0.40951623 0.44861004  0.63806581 0.39214551 0.40029533 0.49172826
0.58108692 0.75256055 0.12394235 0.31353641 0.28926624 0.69493698  0.64085643 0.51238524 0.37699323 0.42387175 0.40951623 0.44861004  0.63806581 0.39214551 0.40029533 0.49172826
0.58108692 0.75256055 0.12394235 0.31353641 0.28926624 0.69493698  0.64085643 0.51238524 0.37699323 0.42387175 0.40951623 0.44861004  0.63806581 0.39214551 0.40029533 0.49172826
0.58108692 0.75256055 0.12394235 0.31353641 0.28926624 0.69493698  0.64085643 0.51238524 0.37699323 0.42387175 0.40951623 0.44861004  0.63806581 0.39214551 0.40029533 0.49172826
0.58108692 0.75256055 0.12394235 0.31353641 0.28926624 0.69493698  0.64085643 0.51238524 0.37699323 0.42387175 0.40951623 0.44861004  0.63806581 0.39214551 0.40029533 0.49172826
0.56370184 0.76843772 0.12148377 0.35482595 0.2947399  0.68966142  0.62932641 0.44626902 0.37409907 0.44619714 0.40193544 0.46135294  0.57135481 0.37641643 0.39158679 0.4737371 
0.56370184 0.76843772 0.12148377 0.35482595 0.2947399  0.68966142  0.62932641 0.44626902 0.37409907 0.44619714 0.40193544 0.46135294  0.57135481 0.37641643 0.39158679 0.4737371 
0.56155418 0.76680865 0.1516841  0.40583769 0.26036919 0.71978227  0.5256347  0.44911538 0.33696811 0.47629127 0.34305852 0.47289042  0.5185128  0.32991383 0.27559889 0.41048399
0.59946713 0.75143242 0.22590719 0.40908803 0.20118999 0.69888353  0.5373683  0.47302571 0.29500609 0.44645952 0.40825932 0.50876019  0.66799542 0.4450263  0.22884001 0.41079616
0.6058067  0.77596056 0.34003115 0.4727308  0.15971682 0.70805836  0.45717989 0.44606736 0.30246126 0.34501648 0.41650647 0.47479775  0.66989718 0.4884426  0.18013517 0.40178534
0.67296385 0.79983347 0.55743218 0.4984003  0.13547592 0.61906162  0.56541748 0.38268523 0.2945604  0.23554251 0.42789689 0.41208542  0.67076209 0.50660155 0.367772   0.40175042
0.6990954  0.79455658 0.69240721 0.46106168 0.22724507 0.63963343  0.40402797 0.51453307 0.33531522 0.15294398 0.44176154 0.37596857  0.40487282 0.3602516  0.50486096 0.34930093
0.71856382 0.79256588 0.77020669 0.48146281 0.26978973 0.60060368  0.44699993 0.52464698 0.35957605 0.26115421 0.47059287 0.39003951  0.4322445  0.31595559 0.58056075 0.28493402
0.71856382 0.79256588 0.77020669 0.48146281 0.26978973 0.60060368  0.44699993 0.52464698 0.35957605 0.26115421 0.47059287 0.39003951  0.4322445  0.31595559 0.58056075 0.28493402
0.75181769 0.76364956 0.7574186  0.42481917 0.28424324 0.55111452  0.50677605 0.54095157 0.29809665 0.27534731 0.40361022 0.42366555  0.38154298 0.26980386 0.65329196 0.34000892
0.80360713 0.71866542 0.76622974 0.30149043 0.36162224 0.50233006  0.57411734 0.63468225 0.26525511 0.31310558 0.40437001 0.449595  0.40207467 0.29483899 0.7651642  0.35144327
0.80360713 0.71866542 0.76622974 0.30149043 0.36162224 0.50233006  0.57411734 0.63468225 0.26525511 0.31310558 0.40437001 0.449595  0.40207467 0.29483899 0.7651642  0.35144327
0.80360713 0.71866542 0.76622974 0.30149043 0.36162224 0.50233006  0.57411734 0.63468225 0.26525511 0.31310558 0.40437001 0.449595  0.40207467 0.29483899 0.7651642  0.35144327
0.801966   0.71004343 0.74767112 0.31956072 0.29938541 0.48982776  0.58581208 0.6325926  0.27094389 0.28756084 0.39014791 0.4334574  0.38255722 0.29141507 0.77676527 0.36883339
0.85850642 0.57634108 0.708564   0.26132472 0.27160929 0.37218893  0.52352917 0.51125612 0.42332674 0.2153735  0.32414437 0.47553829  0.35361829 0.49538374 0.79936798 0.40658371
0.88086836 0.51153942 0.70663137 0.30088832 0.24011994 0.28711904  0.53583986 0.47373648 0.5314214  0.31564928 0.39927686 0.40566621  0.35271654 0.50730882 0.65165646 0.45079557
0.89781562 0.46631309 0.70705363 0.32737619 0.26141696 0.25394762  0.54940616 0.40014546 0.64367725 0.35115142 0.38864363 0.42644765  0.3896048  0.40354858 0.59329886 0.49067426
0.89781562 0.46631309 0.70705363 0.32737619 0.26141696 0.25394762  0.54940616 0.40014546 0.64367725 0.35115142 0.38864363 0.42644765  0.3896048  0.40354858 0.59329886 0.49067426
0.92265058 0.39797675 0.68891896 0.33515974 0.29691135 0.22507729  0.48656701 0.30125682 0.6845436  0.32644255 0.40840214 0.40902199  0.39279441 0.30780725 0.51023977 0.43520772
0.95018339 0.23980952 0.61962585 0.58089351 0.30833818 0.30603116  0.54081352 0.30519066 0.58864155 0.37394547 0.496252   0.24964468  0.4710229  0.25695268 0.55995012 0.72024587
0.95018339 0.23980952 0.61962585 0.58089351 0.30833818 0.30603116  0.54081352 0.30519066 0.58864155 0.37394547 0.496252   0.24964468  0.4710229  0.25695268 0.55995012 0.72024587
0.94540011 0.18442571 0.54024375 0.64884503 0.29291963 0.36169208  0.54941028 0.31726974 0.5261143  0.34774478 0.52776624 0.3235846  0.55574413 0.2351519  0.63569718 0.69826217
0.94540011 0.18442571 0.54024375 0.64884503 0.29291963 0.36169208  0.54941028 0.31726974 0.5261143  0.34774478 0.52776624 0.3235846  0.55574413 0.2351519  0.63569718 0.69826217
0.95030149 0.16307575 0.53631073 0.69555753 0.31754164 0.39842391  0.57155766 0.33977131 0.51163954 0.3343699  0.50819517 0.30700552  0.55769525 0.24723662 0.6772006  0.68233496
0.95422344 0.14637841 0.53381344 0.7331895  0.33895785 0.42684138  0.5964691  0.36084726 0.51975237 0.32434306 0.48113219 0.30110018  0.54050466 0.2860296  0.67348194 0.6713363 
0.94942811 0.1335681  0.50181688 0.73703391 0.32257246 0.43309998  0.58548076 0.36535566 0.49528734 0.33565063 0.51654171 0.3497071  0.57152878 0.29985136 0.65897393 0.67895656
0.94942811 0.1335681  0.50181688 0.73703391 0.32257246 0.43309998  0.58548076 0.36535566 0.49528734 0.33565063 0.51654171 0.3497071  0.57152878 0.29985136 0.65897393 0.67895656
0.94942811 0.1335681  0.50181688 0.73703391 0.32257246 0.43309998  0.58548076 0.36535566 0.49528734 0.33565063 0.51654171 0.3497071  0.57152878 0.29985136 0.65897393 0.67895656
0.95088499 0.12676862 0.50248795 0.76021892 0.33023614 0.44480618  0.61267602 0.38247805 0.5220708  0.31855535 0.497554   0.38280532  0.5517057  0.32281938 0.62458043 0.66031535
0.95088499 0.12676862 0.50248795 0.76021892 0.33023614 0.44480618  0.61267602 0.38247805 0.5220708  0.31855535 0.497554   0.38280532  0.5517057  0.32281938 0.62458043 0.66031535
0.94509135 0.11375644 0.46806051 0.75823489 0.32816274 0.44407044  0.62383048 0.4060028  0.52905214 0.38697335 0.4984484  0.38251959  0.58297994 0.30791835 0.62918535 0.60315263
0.92415374 0.12731651 0.38852149 0.66529634 0.31630701 0.4916396  0.45360723 0.38289737 0.29551013 0.3476023  0.54531462 0.35895593  0.60355507 0.44753332 0.69949904 0.46092742
0.91402027 0.13737701 0.35954636 0.61701541 0.31669014 0.48755252  0.40412609 0.36449026 0.24440307 0.35004392 0.59010461 0.39255922  0.66888371 0.39952586 0.71817936 0.4239418 
0.87785904 0.16885644 0.26028489 0.46821711 0.31320829 0.45511275  0.32439576 0.40062769 0.2642668  0.47401184 0.61889728 0.42747543  0.56192328 0.40251369 0.55470592 0.43350756
0.80486701 0.315832   0.15454567 0.18996443 0.31113269 0.42406007  0.32131687 0.44206944 0.55684747 0.41454512 0.4255711  0.54602466  0.49041501 0.32843922 0.37654988 0.33687619
0.74334434 0.44437054 0.11217939 0.13339684 0.33948767 0.52762092  0.41851176 0.41262444 0.56818756 0.38281012 0.21234017 0.5198872  0.59363963 0.41074267 0.53408681 0.38414032
0.58049253 0.74722384 0.11777105 0.31188498 0.30132074 0.67318416  0.64903275 0.48724369 0.39772276 0.4244386  0.42027156 0.45678787  0.62938408 0.40749867 0.46040794 0.48777378
0.51122529 0.79950986 0.09455724 0.43195576 0.3493868  0.5994669  0.66683861 0.34610602 0.416032   0.46732754 0.53386627 0.462384  0.40329739 0.37544479 0.47961754 0.45658068
0.49233121 0.79051326 0.0960848  0.44962225 0.36771741 0.54306023  0.66036449 0.35186214 0.38782126 0.4701235  0.4898936  0.47290093  0.38343002 0.39081047 0.52804654 0.44319764
0.4024963  0.79596782 0.14182394 0.59314785 0.34007466 0.55906034  0.38180154 0.42197782 0.53471995 0.46234583 0.44619836 0.47189312  0.40182462 0.36610086 0.48192404 0.44510102
0.36552533 0.77638893 0.16302807 0.62141857 0.33415314 0.56855953  0.26986517 0.47327357 0.65316201 0.46127254 0.43790579 0.47615856  0.56546322 0.43351782 0.56253683 0.50931239
0.36552533 0.77638893 0.16302807 0.62141857 0.33415314 0.56855953  0.26986517 0.47327357 0.65316201 0.46127254 0.43790579 0.47615856  0.56546322 0.43351782 0.56253683 0.50931239
0.43450848 0.75225755 0.2127581  0.57798606 0.23916115 0.72357748  0.16027892 0.53338766 0.59001818 0.4854621  0.27929131 0.48725884  0.66738838 0.38098073 0.36019219 0.45949447
0.48055721 0.77812719 0.31041743 0.61974496 0.18448531 0.74747168  0.15357983 0.45254877 0.55109684 0.3888976  0.38727908 0.50413227  0.70697068 0.45505298 0.300484   0.43035311
0.51569063 0.78535397 0.44991699 0.70150227 0.11344214 0.68593649  0.20355969 0.36859952 0.52753695 0.25856338 0.43512605 0.5487436  0.81750869 0.40866912 0.43190123 0.43905112
0.5681027  0.82303021 0.68815153 0.74537316 0.13648933 0.60294601  0.26093852 0.36112582 0.56702826 0.32732141 0.3926127  0.42438733  0.64761524 0.41136696 0.53230721 0.36200923
0.57399444 0.83572125 0.72238863 0.74207658 0.13236924 0.58917102  0.27645068 0.35107852 0.57963304 0.3027864  0.36523942 0.38438674  0.61027696 0.43087739 0.51584392 0.3852143 
0.57399444 0.83572125 0.72238863 0.74207658 0.13236924 0.58917102  0.27645068 0.35107852 0.57963304 0.3027864  0.36523942 0.38438674  0.61027696 0.43087739 0.51584392 0.3852143 
0.57694496 0.84825668 0.74823262 0.72638152 0.17936793 0.59809564  0.26553272 0.34953496 0.57119563 0.29786249 0.36045614 0.37892277  0.5974531  0.43030788 0.52187296 0.36480012
0.57694496 0.84825668 0.74823262 0.72638152 0.17936793 0.59809564  0.26553272 0.34953496 0.57119563 0.29786249 0.36045614 0.37892277  0.5974531  0.43030788 0.52187296 0.36480012
0.57694496 0.84825668 0.74823262 0.72638152 0.17936793 0.59809564  0.26553272 0.34953496 0.57119563 0.29786249 0.36045614 0.37892277  0.5974531  0.43030788 0.52187296 0.36480012
0.57694496 0.84825668 0.74823262 0.72638152 0.17936793 0.59809564  0.26553272 0.34953496 0.57119563 0.29786249 0.36045614 0.37892277  0.5974531  0.43030788 0.52187296 0.36480012
0.57694496 0.84825668 0.74823262 0.72638152 0.17936793 0.59809564  0.26553272 0.34953496 0.57119563 0.29786249 0.36045614 0.37892277  0.5974531  0.43030788 0.52187296 0.36480012
0.57694496 0.84825668 0.74823262 0.72638152 0.17936793 0.59809564  0.26553272 0.34953496 0.57119563 0.29786249 0.36045614 0.37892277  0.5974531  0.43030788 0.52187296 0.36480012
0.6103324  0.83062064 0.75111174 0.70401081 0.16391598 0.58729248  0.28873656 0.37135703 0.49912006 0.31277307 0.3743708  0.37385042  0.40607158 0.34172619 0.51696867 0.29922831
0.64719664 0.84201198 0.73424055 0.66148005 0.1658748  0.58983867  0.39917123 0.33852209 0.40128652 0.30069105 0.39235549 0.3611485  0.31895387 0.30341026 0.45009726 0.25455074
0.64719664 0.84201198 0.73424055 0.66148005 0.1658748  0.58983867  0.39917123 0.33852209 0.40128652 0.30069105 0.39235549 0.3611485  0.31895387 0.30341026 0.45009726 0.25455074
0.64719664 0.84201198 0.73424055 0.66148005 0.1658748  0.58983867  0.39917123 0.33852209 0.40128652 0.30069105 0.39235549 0.3611485  0.31895387 0.30341026 0.45009726 0.25455074
0.64719664 0.84201198 0.73424055 0.66148005 0.1658748  0.58983867  0.39917123 0.33852209 0.40128652 0.30069105 0.39235549 0.3611485  0.31895387 0.30341026 0.45009726 0.25455074
0.64719664 0.84201198 0.73424055 0.66148005 0.1658748  0.58983867  0.39917123 0.33852209 0.40128652 0.30069105 0.39235549 0.3611485  0.31895387 0.30341026 0.45009726 0.25455074
0.66458172 0.82613482 0.73669913 0.62019052 0.16040114 0.59511423  0.41070125 0.40463831 0.40418068 0.27836566 0.39993628 0.3484056  0.38566487 0.31913933 0.45880579 0.27254189
0.66458172 0.82613482 0.73669913 0.62019052 0.16040114 0.59511423  0.41070125 0.40463831 0.40418068 0.27836566 0.39993628 0.3484056  0.38566487 0.31913933 0.45880579 0.27254189
0.68242113 0.81482564 0.73550815 0.57664779 0.15834211 0.6036236  0.44447999 0.44921954 0.40304368 0.24899009 0.42828966 0.33080745  0.46574101 0.34952106 0.4686673  0.28462001
0.66208552 0.81816737 0.70720558 0.63363238 0.11681707 0.58942342  0.44386792 0.38464688 0.40858693 0.2762394  0.42549215 0.34901432  0.41185387 0.33436149 0.45392972 0.28704303
0.62638915 0.84024513 0.66648449 0.69303159 0.09346674 0.5797504  0.46321785 0.30191415 0.44964292 0.29430785 0.42487701 0.37051781  0.47029853 0.35997398 0.41203981 0.3186256 
0.60100217 0.78948782 0.51394054 0.69047543 0.06221936 0.6329157  0.3955946  0.31609486 0.31481048 0.31689918 0.54469144 0.53364024  0.62364458 0.41309278 0.37217258 0.26798036
0.55811095 0.7881203  0.35620673 0.621767   0.12770631 0.70435899  0.37421975 0.36668236 0.40079727 0.39025251 0.48570952 0.51592385  0.68618706 0.36665458 0.25869317 0.25267709
0.50258685 0.77920132 0.21751156 0.57172446 0.211687   0.7479607  0.27662529 0.45255282 0.44929967 0.48626284 0.37991426 0.4852332  0.53815708 0.3280786  0.2549616  0.29140943
0.4558538  0.80697727 0.1570479  0.57534574 0.28768062 0.67085959  0.35439671 0.41208907 0.54001687 0.47352769 0.51599564 0.45133632  0.38686383 0.33626613 0.34881408 0.36525032
0.42197165 0.81966524 0.12883817 0.58940231 0.33714667 0.59212695  0.40594522 0.39674552 0.58230231 0.4492814  0.58590683 0.4428437  0.32859787 0.35979088 0.44326054 0.39509047
0.40328691 0.81091504 0.13839651 0.60897078 0.33594668 0.58834586  0.34724066 0.41638698 0.62757836 0.4576079  0.5504961  0.45498459  0.40178024 0.38521367 0.48525966 0.43980125
0.30913033 0.75632575 0.16390663 0.6783825  0.39083563 0.41144953  0.2428697  0.49539152 0.61453616 0.46926347 0.38352375 0.49442087  0.47008713 0.47740784 0.69235099 0.47744809
0.27209799 0.7245093  0.17425604 0.67390486 0.40990569 0.34481311  0.2541246  0.54119313 0.59592521 0.43086759 0.40170593 0.47542135  0.50268983 0.49802597 0.69260144 0.45016092
0.25357882 0.70998913 0.17713897 0.67310372 0.42729483 0.28528874  0.2685735  0.58100941 0.56689299 0.38552766 0.42354325 0.45097698  0.54722988 0.50423186 0.63797693 0.41087669
0.197928   0.64193664 0.2107846  0.63649365 0.42165947 0.28614367  0.29248271 0.57746461 0.50796105 0.39757575 0.32108455 0.47261515  0.6132861  0.45876825 0.57035284 0.50717193
0.197928   0.64193664 0.2107846  0.63649365 0.42165947 0.28614367  0.29248271 0.57746461 0.50796105 0.39757575 0.32108455 0.47261515  0.6132861  0.45876825 0.57035284 0.50717193
0.12459978 0.54568845 0.25712989 0.56749689 0.41047314 0.3050449  0.35149159 0.56942968 0.45889815 0.37281898 0.30636546 0.46076903  0.68432969 0.44423894 0.46968103 0.51558272
0.08929007 0.49596024 0.28463943 0.52333586 0.39273086 0.37450087  0.36867884 0.53837944 0.51416758 0.39179685 0.38466226 0.458346  0.58859171 0.5034251  0.61911333 0.47068006
0.07102744 0.47074286 0.29670665 0.50419737 0.38853785 0.37933971  0.39080016 0.53139132 0.48328318 0.38496162 0.36515797 0.45641572  0.61365954 0.47598453 0.54560422 0.47854126
0.07102744 0.47074286 0.29670665 0.50419737 0.38853785 0.37933971  0.39080016 0.53139132 0.48328318 0.38496162 0.36515797 0.45641572  0.61365954 0.47598453 0.54560422 0.47854126
0.03525649 0.41685964 0.32437467 0.45347996 0.36854765 0.43569141  0.43485985 0.4975719  0.47652552 0.39120509 0.39620065 0.45304628  0.55757342 0.45566594 0.52722734 0.46096477
0.0177474  0.38984345 0.33852207 0.42635267 0.35697043 0.47086435  0.45750391 0.47765391 0.48169648 0.39463854 0.42895995 0.44917931  0.51265071 0.44991576 0.53083289 0.43501917
0.0177474  0.38984345 0.33852207 0.42635267 0.35697043 0.47086435  0.45750391 0.47765391 0.48169648 0.39463854 0.42895995 0.44917931  0.51265071 0.44991576 0.53083289 0.43501917
0.00039479 0.36283831 0.35232302 0.39930133 0.34523319 0.50234819  0.48417291 0.45702496 0.47508945 0.39693445 0.45000532 0.44589633  0.47476172 0.42761975 0.50206904 0.41641874
0.00039479 0.36283831 0.35232302 0.39930133 0.34523319 0.50234819  0.48417291 0.45702496 0.47508945 0.39693445 0.45000532 0.44589633  0.47476172 0.42761975 0.50206904 0.41641874
0.00039479 0.36283831 0.35232302 0.39930133 0.34523319 0.50234819  0.48417291 0.45702496 0.47508945 0.39693445 0.45000532 0.44589633  0.47476172 0.42761975 0.50206904 0.41641874
0.00039479 0.36283831 0.35232302 0.39930133 0.34523319 0.50234819  0.48417291 0.45702496 0.47508945 0.39693445 0.45000532 0.44589633  0.47476172 0.42761975 0.50206904 0.41641874
0.00039479 0.36283831 0.35232302 0.39930133 0.34523319 0.50234819  0.48417291 0.45702496 0.47508945 0.39693445 0.45000532 0.44589633  0.47476172 0.42761975 0.50206904 0.41641874
0.00039479 0.36283831 0.35232302 0.39930133 0.34523319 0.50234819  0.48417291 0.45702496 0.47508945 0.39693445 0.45000532 0.44589633  0.47476172 0.42761975 0.50206904 0.41641874
0.00039479 0.36283831 0.35232302 0.39930133 0.34523319 0.50234819  0.48417291 0.45702496 0.47508945 0.39693445 0.45000532 0.44589633  0.47476172 0.42761975 0.50206904 0.41641874
0.00039479 0.36283831 0.35232302 0.39930133 0.34523319 0.50234819  0.48417291 0.45702496 0.47508945 0.39693445 0.45000532 0.44589633  0.47476172 0.42761975 0.50206904 0.41641874
0.00039479 0.36283831 0.35232302 0.39930133 0.34523319 0.50234819  0.48417291 0.45702496 0.47508945 0.39693445 0.45000532 0.44589633  0.47476172 0.42761975 0.50206904 0.41641874
0.00039479 0.36283831 0.35232302 0.39930133 0.34523319 0.50234819  0.48417291 0.45702496 0.47508945 0.39693445 0.45000532 0.44589633  0.47476172 0.42761975 0.50206904 0.41641874
0.00039479 0.36283831 0.35232302 0.39930133 0.34523319 0.50234819  0.48417291 0.45702496 0.47508945 0.39693445 0.45000532 0.44589633  0.47476172 0.42761975 0.50206904 0.41641874
0.00039479 0.36283831 0.35232302 0.39930133 0.34523319 0.50234819  0.48417291 0.45702496 0.47508945 0.39693445 0.45000532 0.44589633  0.47476172 0.42761975 0.50206904 0.41641874
0.00039479 0.36283831 0.35232302 0.39930133 0.34523319 0.50234819  0.48417291 0.45702496 0.47508945 0.39693445 0.45000532 0.44589633  0.47476172 0.42761975 0.50206904 0.41641874
0.00039479 0.36283831 0.35232302 0.39930133 0.34523319 0.50234819  0.48417291 0.45702496 0.47508945 0.39693445 0.45000532 0.44589633  0.47476172 0.42761975 0.50206904 0.41641874
0.00039479 0.36283831 0.35232302 0.39930133 0.34523319 0.50234819  0.48417291 0.45702496 0.47508945 0.39693445 0.45000532 0.44589633  0.47476172 0.42761975 0.50206904 0.41641874
