0.00039479 0.36283831 0.35232302 0.39930133 0.34523319 0.50234819  0.48417291 0.45702496 0.47508945 0.39693445 0.45000532 0.44589633  0.47476172 0.42761975 0.50206904 0.41641874
0.00039479 0.36283831 0.35232302 0.39930133 0.34523319 0.50234819  0.48417291 0.45702496 0.47508945 0.39693445 0.45000532 0.44589633  0.47476172 0.42761975 0.50206904 0.41641874
0.00039479 0.36283831 0.35232302 0.39930133 0.34523319 0.50234819  0.48417291 0.45702496 0.47508945 0.39693445 0.45000532 0.44589633  0.47476172 0.42761975 0.50206904 0.41641874
0.00039479 0.36283831 0.35232302 0.39930133 0.34523319 0.50234819  0.48417291 0.45702496 0.47508945 0.39693445 0.45000532 0.44589633  0.47476172 0.42761975 0.50206904 0.41641874
0.00039479 0.36283831 0.35232302 0.39930133 0.34523319 0.50234819  0.48417291 0.45702496 0.47508945 0.39693445 0.45000532 0.44589633  0.47476172 0.42761975 0.50206904 0.41641874
0.00039479 0.36283831 0.35232302 0.39930133 0.34523319 0.50234819  0.48417291 0.45702496 0.47508945 0.39693445 0.45000532 0.44589633  0.47476172 0.42761975 0.50206904 0.41641874
0.00039479 0.36283831 0.35232302 0.39930133 0.34523319 0.50234819  0.48417291 0.45702496 0.47508945 0.39693445 0.45000532 0.44589633  0.47476172 0.42761975 0.50206904 0.41641874
0.00039479 0.36283831 0.35232302 0.39930133 0.34523319 0.50234819  0.48417291 0.45702496 0.47508945 0.39693445 0.45000532 0.44589633  0.47476172 0.42761975 0.50206904 0.41641874
0.00039479 0.36283831 0.35232302 0.39930133 0.34523319 0.50234819  0.48417291 0.45702496 0.47508945 0.39693445 0.45000532 0.44589633  0.47476172 0.42761975 0.50206904 0.41641874
0.00039479 0.36283831 0.35232302 0.39930133 0.34523319 0.50234819  0.48417291 0.45702496 0.47508945 0.39693445 0.45000532 0.44589633  0.47476172 0.42761975 0.50206904 0.41641874
0.00039479 0.36283831 0.35232302 0.39930133 0.34523319 0.50234819  0.48417291 0.45702496 0.47508945 0.39693445 0.45000532 0.44589633  0.47476172 0.42761975 0.50206904 0.41641874
0.00039479 0.36283831 0.35232302 0.39930133 0.34523319 0.50234819  0.48417291 0.45702496 0.47508945 0.39693445 0.45000532 0.44589633  0.47476172 0.42761975 0.50206904 0.41641874
0.00039479 0.36283831 0.35232302 0.39930133 0.34523319 0.50234819  0.48417291 0.45702496 0.47508945 0.39693445 0.45000532 0.44589633  0.47476172 0.42761975 0.50206904 0.41641874
0.00039479 0.36283831 0.35232302 0.39930133 0.34523319 0.50234819  0.48417291 0.45702496 0.47508945 0.39693445 0.45000532 0.44589633  0.47476172 0.42761975 0.50206904 0.41641874
0.00039479 0.36283831 0.35232302 0.39930133 0.34523319 0.50234819  0.48417291 0.45702496 0.47508945 0.39693445 0.45000532 0.44589633  0.47476172 0.42761975 0.50206904 0.41641874
0.00039479 0.36283831 0.35232302 0.39930133 0.34523319 0.50234819  0.48417291 0.45702496 0.47508945 0.39693445 0.45000532 0.44589633  0.47476172 0.42761975 0.50206904 0.41641874
0.00039479 0.36283831 0.35232302 0.39930133 0.34523319 0.50234819  0.48417291 0.45702496 0.47508945 0.39693445 0.45000532 0.44589633  0.47476172 0.42761975 0.50206904 0.41641874
0.00039479 0.36283831 0.35232302 0.39930133 0.34523319 0.50234819  0.48417291 0.45702496 0.47508945 0.39693445 0.45000532 0.44589633  0.47476172 0.42761975 0.50206904 0.41641874
0.00039479 0.36283831 0.35232302 0.39930133 0.34523319 0.50234819  0.48417291 0.45702496 0.47508945 0.39693445 0.45000532 0.44589633  0.47476172 0.42761975 0.50206904 0.41641874
0.00039479 0.36283831 0.35232302 0.39930133 0.34523319 0.50234819  0.48417291 0.45702496 0.47508945 0.39693445 0.45000532 0.44589633  0.47476172 0.42761975 0.50206904 0.41641874
0.00039479 0.36283831 0.35232302 0.39930133 0.34523319 0.50234819  0.48417291 0.45702496 0.47508945 0.39693445 0.45000532 0.44589633  0.47476172 0.42761975 0.50206904 0.41641874
0.00039479 0.36283831 0.35232302 0.39930133 0.34523319 0.50234819  0.48417291 0.45702496 0.47508945 0.39693445 0.45000532 0.44589633  0.47476172 0.42761975 0.50206904 0.41641874
0.00039479 0.36283831 0.35232302 0.39930133 0.34523319 0.50234819  0.48417291 0.45702496 0.47508945 0.39693445 0.45000532 0.44589633  0.47476172 0.42761975 0.50206904 0.41641874
0.00039479 0.36283831 0.35232302 0.39930133 0.34523319 0.50234819  0.48417291 0.45702496 0.47508945 0.39693445 0.45000532 0.44589633  0.47476172 0.42761975 0.50206904 0.41641874
0.00039479 0.36283831 0.35232302 0.39930133 0.34523319 0.50234819  0.48417291 0.45702496 0.47508945 0.39693445 0.45000532 0.44589633  0.47476172 0.42761975 0.50206904 0.41641874
0.00039479 0.36283831 0.35232302 0.39930133 0.34523319 0.50234819  0.48417291 0.45702496 0.47508945 0.39693445 0.45000532 0.44589633  0.47476172 0.42761975 0.50206904 0.41641874
0.00039479 0.36283831 0.35232302 0.39930133 0.34523319 0.50234819  0.48417291 0.45702496 0.47508945 0.39693445 0.45000532 0.44589633  0.47476172 0.42761975 0.50206904 0.41641874
0.00039479 0.36283831 0.35232302 0.39930133 0.34523319 0.50234819  0.48417291 0.45702496 0.47508945 0.39693445 0.45000532 0.44589633  0.47476172 0.42761975 0.50206904 0.41641874
0.00039479 0.36283831 0.35232302 0.39930133 0.34523319 0.50234819  0.48417291 0.45702496 0.47508945 0.39693445 0.45000532 0.44589633  0.47476172 0.42761975 0.50206904 0.41641874
0.00039479 0.36283831 0.35232302 0.39930133 0.34523319 0.50234819  0.48417291 0.45702496 0.47508945 0.39693445 0.45000532 0.44589633  0.47476172 0.42761975 0.50206904 0.41641874
0.00039479 0.36283831 0.35232302 0.39930133 0.34523319 0.50234819  0.48417291 0.45702496 0.47508945 0.39693445 0.45000532 0.44589633  0.47476172 0.42761975 0.50206904 0.41641874
0.00039479 0.36283831 0.35232302 0.39930133 0.34523319 0.50234819  0.48417291 0.45702496 0.47508945 0.39693445 0.45000532 0.44589633  0.47476172 0.42761975 0.50206904 0.41641874
0.00039479 0.36283831 0.35232302 0.39930133 0.34523319 0.50234819  0.48417291 0.45702496 0.47508945 0.39693445 0.45000532 0.44589633  0.47476172 0.42761975 0.50206904 0.41641874
0.00039479 0.36283831 0.35232302 0.39930133 0.34523319 0.50234819  0.48417291 0.45702496 0.47508945 0.39693445 0.45000532 0.44589633  0.47476172 0.42761975 0.50206904 0.41641874
0.00039479 0.36283831 0.35232302 0.39930133 0.34523319 0.50234819  0.48417291 0.45702496 0.47508945 0.39693445 0.45000532 0.44589633  0.47476172 0.42761975 0.50206904 0.41641874
0.00039479 0.36283831 0.35232302 0.39930133 0.34523319 0.50234819  0.48417291 0.45702496 0.47508945 0.39693445 0.45000532 0.44589633  0.47476172 0.42761975 0.50206904 0.41641874
0.00039479 0.36283831 0.35232302 0.39930133 0.34523319 0.50234819  0.48417291 0.45702496 0.47508945 0.39693445 0.45000532 0.44589633  0.47476172 0.42761975 0.50206904 0.41641874
0.00039479 0.36283831 0.35232302 0.39930133 0.34523319 0.50234819  0.48417291 0.45702496 0.47508945 0.39693445 0.45000532 0.44589633  0.47476172 0.42761975 0.50206904 0.41641874
0.00039479 0.36283831 0.35232302 0.39930133 0.34523319 0.50234819  0.48417291 0.45702496 0.47508945 0.39693445 0.45000532 0.44589633  0.47476172 0.42761975 0.50206904 0.41641874
0.00039479 0.36283831 0.35232302 0.39930133 0.34523319 0.50234819  0.48417291 0.45702496 0.47508945 0.39693445 0.45000532 0.44589633  0.47476172 0.42761975 0.50206904 0.41641874
0.00039479 0.36283831 0.35232302 0.39930133 0.34523319 0.50234819  0.48417291 0.45702496 0.47508945 0.39693445 0.45000532 0.44589633  0.47476172 0.42761975 0.50206904 0.41641874
0.00039479 0.36283831 0.35232302 0.39930133 0.34523319 0.50234819  0.48417291 0.45702496 0.47508945 0.39693445 0.45000532 0.44589633  0.47476172 0.42761975 0.50206904 0.41641874
0.00039479 0.36283831 0.35232302 0.39930133 0.34523319 0.50234819  0.48417291 0.45702496 0.47508945 0.39693445 0.45000532 0.44589633  0.47476172 0.42761975 0.50206904 0.41641874
0.00039479 0.36283831 0.35232302 0.39930133 0.34523319 0.50234819  0.48417291 0.45702496 0.47508945 0.39693445 0.45000532 0.44589633  0.47476172 0.42761975 0.50206904 0.41641874
0.00039479 0.36283831 0.35232302 0.39930133 0.34523319 0.50234819  0.48417291 0.45702496 0.47508945 0.39693445 0.45000532 0.44589633  0.47476172 0.42761975 0.50206904 0.41641874
0.00039479 0.36283831 0.35232302 0.39930133 0.34523319 0.50234819  0.48417291 0.45702496 0.47508945 0.39693445 0.45000532 0.44589633  0.47476172 0.42761975 0.50206904 0.41641874
0.00039479 0.36283831 0.35232302 0.39930133 0.34523319 0.50234819  0.48417291 0.45702496 0.47508945 0.39693445 0.45000532 0.44589633  0.47476172 0.42761975 0.50206904 0.41641874
0.00039479 0.36283831 0.35232302 0.39930133 0.34523319 0.50234819  0.48417291 0.45702496 0.47508945 0.39693445 0.45000532 0.44589633  0.47476172 0.42761975 0.50206904 0.41641874
0.00039479 0.36283831 0.35232302 0.39930133 0.34523319 0.50234819  0.48417291 0.45702496 0.47508945 0.39693445 0.45000532 0.44589633  0.47476172 0.42761975 0.50206904 0.41641874
0.00039479 0.36283831 0.35232302 0.39930133 0.34523319 0.50234819  0.48417291 0.45702496 0.47508945 0.39693445 0.45000532 0.44589633  0.47476172 0.42761975 0.50206904 0.41641874
0.00039479 0.36283831 0.35232302 0.39930133 0.34523319 0.50234819  0.48417291 0.45702496 0.47508945 0.39693445 0.45000532 0.44589633  0.47476172 0.42761975 0.50206904 0.41641874
0.00039479 0.36283831 0.35232302 0.39930133 0.34523319 0.50234819  0.48417291 0.45702496 0.47508945 0.39693445 0.45000532 0.44589633  0.47476172 0.42761975 0.50206904 0.41641874
0.00039479 0.36283831 0.35232302 0.39930133 0.34523319 0.50234819  0.48417291 0.45702496 0.47508945 0.39693445 0.45000532 0.44589633  0.47476172 0.42761975 0.50206904 0.41641874
0.00039479 0.36283831 0.35232302 0.39930133 0.34523319 0.50234819  0.48417291 0.45702496 0.47508945 0.39693445 0.45000532 0.44589633  0.47476172 0.42761975 0.50206904 0.41641874
0.00039479 0.36283831 0.35232302 0.39930133 0.34523319 0.50234819  0.48417291 0.45702496 0.47508945 0.39693445 0.45000532 0.44589633  0.47476172 0.42761975 0.50206904 0.41641874
0.00039479 0.36283831 0.35232302 0.39930133 0.34523319 0.50234819  0.48417291 0.45702496 0.47508945 0.39693445 0.45000532 0.44589633  0.47476172 0.42761975 0.50206904 0.41641874
0.00039479 0.36283831 0.35232302 0.39930133 0.34523319 0.50234819  0.48417291 0.45702496 0.47508945 0.39693445 0.45000532 0.44589633  0.47476172 0.42761975 0.50206904 0.41641874
0.00039479 0.36283831 0.35232302 0.39930133 0.34523319 0.50234819  0.48417291 0.45702496 0.47508945 0.39693445 0.45000532 0.44589633  0.47476172 0.42761975 0.50206904 0.41641874
0.00039479 0.36283831 0.35232302 0.39930133 0.34523319 0.50234819  0.48417291 0.45702496 0.47508945 0.39693445 0.45000532 0.44589633  0.47476172 0.42761975 0.50206904 0.41641874
0.00039479 0.36283831 0.35232302 0.39930133 0.34523319 0.50234819  0.48417291 0.45702496 0.47508945 0.39693445 0.45000532 0.44589633  0.47476172 0.42761975 0.50206904 0.41641874
0.00039479 0.36283831 0.35232302 0.39930133 0.34523319 0.50234819  0.48417291 0.45702496 0.47508945 0.39693445 0.45000532 0.44589633  0.47476172 0.42761975 0.50206904 0.41641874
0.00039479 0.36283831 0.35232302 0.39930133 0.34523319 0.50234819  0.48417291 0.45702496 0.47508945 0.39693445 0.45000532 0.44589633  0.47476172 0.42761975 0.50206904 0.41641874
0.00039479 0.36283831 0.35232302 0.39930133 0.34523319 0.50234819  0.48417291 0.45702496 0.47508945 0.39693445 0.45000532 0.44589633  0.47476172 0.42761975 0.50206904 0.41641874
0.00039479 0.36283831 0.35232302 0.39930133 0.34523319 0.50234819  0.48417291 0.45702496 0.47508945 0.39693445 0.45000532 0.44589633  0.47476172 0.42761975 0.50206904 0.41641874
0.00039479 0.36283831 0.35232302 0.39930133 0.34523319 0.50234819  0.48417291 0.45702496 0.47508945 0.39693445 0.45000532 0.44589633  0.47476172 0.42761975 0.50206904 0.41641874
0.00039479 0.36283831 0.35232302 0.39930133 0.34523319 0.50234819  0.48417291 0.45702496 0.47508945 0.39693445 0.45000532 0.44589633  0.47476172 0.42761975 0.50206904 0.41641874
0.00039479 0.36283831 0.35232302 0.39930133 0.34523319 0.50234819  0.48417291 0.45702496 0.47508945 0.39693445 0.45000532 0.44589633  0.47476172 0.42761975 0.50206904 0.41641874
0.00039479 0.36283831 0.35232302 0.39930133 0.34523319 0.50234819  0.48417291 0.45702496 0.47508945 0.39693445 0.45000532 0.44589633  0.47476172 0.42761975 0.50206904 0.41641874
0.00039479 0.36283831 0.35232302 0.39930133 0.34523319 0.50234819  0.48417291 0.45702496 0.47508945 0.39693445 0.45000532 0.44589633  0.47476172 0.42761975 0.50206904 0.41641874
0.00039479 0.36283831 0.35232302 0.39930133 0.34523319 0.50234819  0.48417291 0.45702496 0.47508945 0.39693445 0.45000532 0.44589633  0.47476172 0.42761975 0.50206904 0.41641874
0.00039479 0.36283831 0.35232302 0.39930133 0.34523319 0.50234819  0.48417291 0.45702496 0.47508945 0.39693445 0.45000532 0.44589633  0.47476172 0.42761975 0.50206904 0.41641874
0.00039479 0.36283831 0.35232302 0.39930133 0.34523319 0.50234819  0.48417291 0.45702496 0.47508945 0.39693445 0.45000532 0.44589633  0.47476172 0.42761975 0.50206904 0.41641874
0.00039479 0.36283831 0.35232302 0.39930133 0.34523319 0.50234819  0.48417291 0.45702496 0.47508945 0.39693445 0.45000532 0.44589633  0.47476172 0.42761975 0.50206904 0.41641874
0.00039479 0.36283831 0.35232302 0.39930133 0.34523319 0.50234819  0.48417291 0.45702496 0.47508945 0.39693445 0.45000532 0.44589633  0.47476172 0.42761975 0.50206904 0.41641874
0.00039479 0.36283831 0.35232302 0.39930133 0.34523319 0.50234819  0.48417291 0.45702496 0.47508945 0.39693445 0.45000532 0.44589633  0.47476172 0.42761975 0.50206904 0.41641874
0.00039479 0.36283831 0.35232302 0.39930133 0.34523319 0.50234819  0.48417291 0.45702496 0.47508945 0.39693445 0.45000532 0.44589633  0.47476172 0.42761975 0.50206904 0.41641874
0.00039479 0.36283831 0.35232302 0.39930133 0.34523319 0.50234819  0.48417291 0.45702496 0.47508945 0.39693445 0.45000532 0.44589633  0.47476172 0.42761975 0.50206904 0.41641874
0.0177474  0.38984345 0.33852207 0.42635267 0.35697043 0.47086435  0.45750391 0.47765391 0.48169648 0.39463854 0.42895995 0.44917931  0.51265071 0.44991576 0.53083289 0.43501917
0.0177474  0.38984345 0.33852207 0.42635267 0.35697043 0.47086435  0.45750391 0.47765391 0.48169648 0.39463854 0.42895995 0.44917931  0.51265071 0.44991576 0.53083289 0.43501917
0.20258998 0.61527648 0.2284289  0.5442321  0.37471231 0.47384503  0.3800255  0.48971525 0.64647484 0.37331643 0.68974408 0.39845645  0.37330324 0.5397579  0.66834441 0.26669846
0.31087109 0.7061708  0.16830471 0.55377647 0.40434282 0.3876695  0.42072682 0.58562937 0.57760621 0.29673151 0.68443102 0.36219889  0.5728779  0.54536819 0.54078813 0.28256683
0.3639461  0.68197117 0.14797339 0.44807635 0.42242086 0.36177862  0.55805999 0.61440467 0.54252616 0.25529268 0.75475186 0.33900557  0.6046433  0.58976893 0.62757468 0.24686658
0.38134694 0.70582844 0.13429023 0.46882272 0.43104618 0.32403206  0.55497975 0.62928814 0.50195954 0.2443085  0.70404414 0.34043953  0.65896613 0.54293102 0.51923802 0.27918746
0.43984895 0.59803116 0.10674351 0.40403731 0.48005833 0.2048259  0.54367766 0.59020478 0.55695844 0.18297264 0.80886433 0.32725177  0.59049503 0.54777528 0.37145066 0.25870044
0.43984895 0.59803116 0.10674351 0.40403731 0.48005833 0.2048259  0.54367766 0.59020478 0.55695844 0.18297264 0.80886433 0.32725177  0.59049503 0.54777528 0.37145066 0.25870044
0.47612812 0.5911506  0.10767453 0.3450813  0.45625406 0.26650813  0.5616818  0.65056488 0.58806335 0.15785129 0.86041779 0.30399194  0.6770734  0.54813868 0.3317302  0.29007464
0.52415087 0.53620631 0.10099704 0.28776436 0.45539028 0.27741736  0.52582446 0.65125893 0.66583732 0.1127069  0.91545195 0.28473686  0.69104645 0.47173247 0.2735347  0.28101233
0.52415087 0.53620631 0.10099704 0.28776436 0.45539028 0.27741736  0.52582446 0.65125893 0.66583732 0.1127069  0.91545195 0.28473686  0.69104645 0.47173247 0.2735347  0.28101233
0.52415087 0.53620631 0.10099704 0.28776436 0.45539028 0.27741736  0.52582446 0.65125893 0.66583732 0.1127069  0.91545195 0.28473686  0.69104645 0.47173247 0.2735347  0.28101233
0.59226205 0.50445769 0.11227267 0.22916201 0.40574486 0.34200544  0.44700356 0.77400919 0.70555526 0.17584366 0.8627699  0.32162962  0.54334939 0.37571715 0.39590638 0.34902702
0.59226205 0.50445769 0.11227267 0.22916201 0.40574486 0.34200544  0.44700356 0.77400919 0.70555526 0.17584366 0.8627699  0.32162962  0.54334939 0.37571715 0.39590638 0.34902702
0.62830295 0.55036364 0.1757495  0.25100906 0.2633016  0.52570647  0.43254047 0.91287068 0.56237844 0.38008006 0.66712108 0.43462715  0.50695596 0.34298211 0.53866434 0.51831834
0.62830295 0.55036364 0.1757495  0.25100906 0.2633016  0.52570647  0.43254047 0.91287068 0.56237844 0.38008006 0.66712108 0.43462715  0.50695596 0.34298211 0.53866434 0.51831834
0.65978342 0.62626779 0.14737991 0.18804659 0.26458943 0.61357004  0.56003964 0.78474859 0.39081261 0.43154374 0.38250368 0.47021844  0.41248313 0.25319255 0.64073763 0.51128825
0.67523534 0.61290278 0.17051998 0.19586766 0.24051593 0.63049618  0.51527021 0.79503703 0.34025396 0.45028408 0.34020075 0.47526855  0.40655964 0.24543123 0.58471424 0.44300899
0.67523534 0.61290278 0.17051998 0.19586766 0.24051593 0.63049618  0.51527021 0.79503703 0.34025396 0.45028408 0.34020075 0.47526855  0.40655964 0.24543123 0.58471424 0.44300899
0.67523534 0.61290278 0.17051998 0.19586766 0.24051593 0.63049618  0.51527021 0.79503703 0.34025396 0.45028408 0.34020075 0.47526855  0.40655964 0.24543123 0.58471424 0.44300899
0.67523534 0.61290278 0.17051998 0.19586766 0.24051593 0.63049618  0.51527021 0.79503703 0.34025396 0.45028408 0.34020075 0.47526855  0.40655964 0.24543123 0.58471424 0.44300899
0.67523534 0.61290278 0.17051998 0.19586766 0.24051593 0.63049618  0.51527021 0.79503703 0.34025396 0.45028408 0.34020075 0.47526855  0.40655964 0.24543123 0.58471424 0.44300899
0.7023547  0.55056481 0.1519295  0.18050859 0.26798901 0.6083268  0.48218838 0.64102425 0.38620739 0.46265139 0.2297402  0.5117129  0.44704761 0.28588686 0.65595886 0.42156041
0.73025974 0.48550827 0.13681214 0.15532472 0.29425312 0.57121659  0.43881759 0.51726591 0.45648501 0.45198563 0.16304716 0.53593069  0.48100494 0.33508676 0.6648773  0.39974931
0.73025974 0.48550827 0.13681214 0.15532472 0.29425312 0.57121659  0.43881759 0.51726591 0.45648501 0.45198563 0.16304716 0.53593069  0.48100494 0.33508676 0.6648773  0.39974931
0.78199902 0.36856095 0.14667106 0.16330229 0.31841377 0.46468085  0.35875889 0.44380106 0.53141362 0.43259981 0.29188271 0.5231081  0.47536943 0.29456605 0.53713672 0.26769605
0.80641966 0.34590208 0.20667078 0.21937233 0.26517161 0.43930032  0.34645969 0.43447165 0.43417024 0.48675427 0.36128741 0.56947474  0.52247962 0.35553868 0.54680203 0.15241702
0.80641966 0.34590208 0.20667078 0.21937233 0.26517161 0.43930032  0.34645969 0.43447165 0.43417024 0.48675427 0.36128741 0.56947474  0.52247962 0.35553868 0.54680203 0.15241702
0.82036275 0.31249278 0.20366035 0.20718529 0.27209976 0.40317037  0.31518389 0.44815126 0.46941127 0.46341087 0.41065137 0.56437297  0.48143634 0.36047393 0.48094441 0.14972449
0.82036275 0.31249278 0.20366035 0.20718529 0.27209976 0.40317037  0.31518389 0.44815126 0.46941127 0.46341087 0.41065137 0.56437297  0.48143634 0.36047393 0.48094441 0.14972449
0.82036275 0.31249278 0.20366035 0.20718529 0.27209976 0.40317037  0.31518389 0.44815126 0.46941127 0.46341087 0.41065137 0.56437297  0.48143634 0.36047393 0.48094441 0.14972449
0.82036275 0.31249278 0.20366035 0.20718529 0.27209976 0.40317037  0.31518389 0.44815126 0.46941127 0.46341087 0.41065137 0.56437297  0.48143634 0.36047393 0.48094441 0.14972449
0.80803801 0.32713868 0.17600677 0.18108105 0.30193617 0.42396685  0.32100261 0.44236265 0.51673338 0.41374638 0.36544951 0.53533612  0.4976381  0.32072387 0.47531887 0.18608432
0.75804705 0.41798431 0.12461685 0.13059459 0.32283573 0.51303666  0.38301105 0.45408797 0.54138804 0.4060472  0.19084409 0.52695574  0.47544049 0.34758377 0.57118164 0.36327928
0.74497106 0.45332872 0.13189733 0.13327288 0.30431326 0.53851772  0.4181801  0.50075198 0.50307075 0.42807538 0.16811814 0.54081816  0.48082654 0.38469764 0.64529573 0.39855099
0.7173973  0.51441543 0.12914426 0.13690375 0.30262841 0.56680915  0.48636881 0.53604226 0.49860013 0.41013725 0.21165829 0.53177398  0.58487832 0.47772529 0.63769777 0.45076397
0.65608071 0.61255755 0.09736976 0.19779772 0.33162354 0.61369834  0.60309255 0.40887152 0.50879373 0.39091105 0.27955733 0.50477235  0.73823613 0.51982022 0.64011071 0.50613731
0.59342611 0.70870951 0.1090868  0.31177106 0.31064903 0.64938011  0.61094652 0.32962301 0.44311876 0.45084429 0.28976465 0.51291427  0.60841606 0.52976244 0.49028124 0.49024033
0.54375498 0.75882854 0.08640224 0.36971339 0.35530959 0.591098  0.69292025 0.32104577 0.4449072  0.44796593 0.49469783 0.47410501  0.50062481 0.48010388 0.54975819 0.47562118
0.49362571 0.81124581 0.1016175  0.47514645 0.3390896  0.61266162  0.60791633 0.33866394 0.42945969 0.47868133 0.51729227 0.46887136  0.35637887 0.33670351 0.41965302 0.46160683
0.49362571 0.81124581 0.1016175  0.47514645 0.3390896  0.61266162  0.60791633 0.33866394 0.42945969 0.47868133 0.51729227 0.46887136  0.35637887 0.33670351 0.41965302 0.46160683
0.49362571 0.81124581 0.1016175  0.47514645 0.3390896  0.61266162  0.60791633 0.33866394 0.42945969 0.47868133 0.51729227 0.46887136  0.35637887 0.33670351 0.41965302 0.46160683
0.49362571 0.81124581 0.1016175  0.47514645 0.3390896  0.61266162  0.60791633 0.33866394 0.42945969 0.47868133 0.51729227 0.46887136  0.35637887 0.33670351 0.41965302 0.46160683
0.49362571 0.81124581 0.1016175  0.47514645 0.3390896  0.61266162  0.60791633 0.33866394 0.42945969 0.47868133 0.51729227 0.46887136  0.35637887 0.33670351 0.41965302 0.46160683
0.54371478 0.77811783 0.15287508 0.44938042 0.26242822 0.7112729  0.49185596 0.40453415 0.33810512 0.50566684 0.31470513 0.49048857  0.43843666 0.2995321  0.26573738 0.39840587
0.54371478 0.77811783 0.15287508 0.44938042 0.26242822 0.7112729  0.49185596 0.40453415 0.33810512 0.50566684 0.31470513 0.49048857  0.43843666 0.2995321  0.26573738 0.39840587
0.58802393 0.79630899 0.32565028 0.52257356 0.18327024 0.6674753  0.48993676 0.3136382  0.2489511  0.40969746 0.3682603  0.51671617  0.51590773 0.45454953 0.19324153 0.38217548
0.58802393 0.79630899 0.32565028 0.52257356 0.18327024 0.6674753  0.48993676 0.3136382  0.2489511  0.40969746 0.3682603  0.51671617  0.51590773 0.45454953 0.19324153 0.38217548
0.64170149 0.78214557 0.45125294 0.5604703  0.12303983 0.58739926  0.59286197 0.25735048 0.19983404 0.29730635 0.43681491 0.54961221  0.61084012 0.43193    0.41523076 0.38473608
0.71154958 0.72553612 0.56008259 0.52289433 0.06874632 0.51480051  0.59838616 0.40460794 0.18828881 0.36706994 0.41395653 0.48256433  0.42676515 0.37991234 0.54535063 0.32965768
0.73521587 0.71309909 0.59321962 0.49181151 0.0640056  0.49332064  0.65138061 0.47451799 0.25603214 0.37379521 0.39780517 0.44705157  0.48135435 0.3390196  0.58138039 0.36919969
0.77687485 0.69388703 0.66983901 0.42722486 0.15856231 0.46704598  0.61859125 0.34036779 0.32757995 0.3000233  0.23423194 0.43192093  0.4306155  0.46941953 0.71684039 0.37179351
0.82543407 0.6212604  0.67414209 0.32485998 0.15962308 0.41734196  0.6021716  0.51050296 0.37124368 0.27701806 0.24585052 0.43904776  0.41541414 0.45538163 0.86771799 0.41018651
0.8283846  0.63379583 0.69998608 0.30916492 0.20662177 0.42626658  0.59125364 0.50895939 0.36280627 0.27209414 0.24106724 0.4335838  0.40259027 0.45481212 0.87374704 0.38977233
0.85552499 0.56865046 0.6834448  0.29045365 0.23617317 0.3882766  0.54523142 0.40807415 0.42533323 0.25053725 0.20319949 0.44559644  0.42564857 0.47060126 0.86513095 0.36016305
0.88233914 0.50054068 0.67074997 0.27743799 0.26143811 0.33843948  0.48126763 0.34499996 0.4918444  0.22189489 0.23051939 0.44247031  0.39875265 0.44566777 0.76977646 0.32611857
0.9142755  0.42333626 0.68181766 0.29801165 0.30813992 0.24976067  0.4730505  0.29731961 0.67932905 0.27202898 0.30993917 0.37763026  0.38004147 0.29119    0.54902911 0.35294351
0.92027228 0.39394039 0.67416925 0.34366727 0.28769537 0.24523158  0.46841498 0.29091862 0.64128708 0.26801914 0.4258164  0.45425459  0.40881335 0.28936004 0.53398772 0.41728614
0.91711803 0.37832274 0.64469464 0.3567215  0.24563406 0.22948368  0.48604293 0.29423065 0.65440655 0.2799491  0.43205857 0.46522848  0.42913501 0.28219535 0.53905415 0.44008579
0.91711803 0.37832274 0.64469464 0.3567215  0.24563406 0.22948368  0.48604293 0.29423065 0.65440655 0.2799491  0.43205857 0.46522848  0.42913501 0.28219535 0.53905415 0.44008579
0.93189453 0.28757475 0.60123652 0.49472714 0.3017201  0.31793662  0.50795749 0.31267893 0.57382452 0.27178716 0.45225259 0.40891778  0.44877199 0.30105167 0.60217716 0.54461509
0.94733219 0.22819533 0.59352576 0.58563302 0.34719058 0.36314643  0.49848725 0.30642467 0.48540012 0.28215983 0.50319894 0.30601442  0.45666805 0.30390974 0.61825017 0.65381174
0.95007561 0.19218246 0.56144591 0.64631698 0.32991774 0.39390758  0.52675477 0.31958821 0.47709081 0.27138683 0.47913645 0.27613801  0.47613211 0.30923597 0.67721988 0.65889418
0.95007561 0.19218246 0.56144591 0.64631698 0.32991774 0.39390758  0.52675477 0.31958821 0.47709081 0.27138683 0.47913645 0.27613801  0.47613211 0.30923597 0.67721988 0.65889418
0.9344051  0.15439107 0.46523618 0.65226264 0.31176354 0.40242948  0.53016693 0.36284401 0.4802848  0.41952135 0.51715488 0.32296403  0.58119895 0.29111352 0.67096412 0.56201587
0.91932205 0.14546976 0.39166055 0.6181416  0.31421727 0.45248271  0.44835459 0.36685846 0.33183983 0.38244263 0.55888057 0.38046309  0.63762021 0.3696123  0.70027849 0.45042122
0.88915944 0.1246318  0.25441302 0.5599709  0.35814058 0.51486543  0.38367209 0.4442156  0.27553315 0.52364629 0.56956015 0.38829606  0.59553023 0.45132915 0.59253216 0.35219218
0.84488892 0.15800899 0.12799226 0.45404287 0.45814259 0.59707038  0.34948139 0.46476989 0.38243577 0.40832082 0.4346707  0.29453369  0.49898048 0.37930964 0.50642033 0.50749025
0.82441793 0.19138148 0.08854481 0.38692897 0.49277691 0.6263378  0.34244536 0.4759507  0.4271425  0.34941727 0.3120049  0.24581217  0.42291558 0.34146984 0.54116991 0.50414523
0.82441793 0.19138148 0.08854481 0.38692897 0.49277691 0.6263378  0.34244536 0.4759507  0.4271425  0.34941727 0.3120049  0.24581217  0.42291558 0.34146984 0.54116991 0.50414523
0.77882564 0.29051215 0.06067804 0.29100427 0.48803187 0.57878611  0.43218574 0.43045299 0.59292506 0.29706718 0.32485756 0.33659688  0.53914216 0.40953199 0.54402545 0.48408888
0.70300983 0.44617451 0.04943354 0.25914911 0.46298082 0.53202389  0.56200433 0.28602071 0.67202524 0.28420418 0.356973   0.4420947  0.65318374 0.5642397  0.56646618 0.40388303
0.65174612 0.53271374 0.03997312 0.28389836 0.46048061 0.51900083  0.61694411 0.16844906 0.6258002  0.33393424 0.40993412 0.44382468  0.68363484 0.55954709 0.61847489 0.40562518
0.61826486 0.62371514 0.05840427 0.2636396  0.40217215 0.53749498  0.65540108 0.22000703 0.55764389 0.3955696  0.41098296 0.48814002  0.68255909 0.54229337 0.64717178 0.45742696
0.57121803 0.69550666 0.06934282 0.34869872 0.38272817 0.56240385  0.65685273 0.18966994 0.49985591 0.44495247 0.40711013 0.50347235  0.54367147 0.5253508  0.59913897 0.45675106
0.51991442 0.73649484 0.0708971  0.43847433 0.40225243 0.51549101  0.64053586 0.18703813 0.45371221 0.47418891 0.45101398 0.49538584  0.37959591 0.43166385 0.58928523 0.39669299
0.48633004 0.75687039 0.07938867 0.47484045 0.41260123 0.47596261  0.64175884 0.26243574 0.39548926 0.46697091 0.47456313 0.4765836  0.34247726 0.37275217 0.57743509 0.37634757
0.4194151  0.79188163 0.10198205 0.55425799 0.40738704 0.40799125  0.5679921  0.37917225 0.3908922  0.45671486 0.49170017 0.47410252  0.26874586 0.36717735 0.51011975 0.38571424
0.3815066  0.77000854 0.1089312  0.58376992 0.43713927 0.31394553  0.5440843  0.40276418 0.34700658 0.46639094 0.39807892 0.49662605  0.26013455 0.39024562 0.58419305 0.39673942
0.30641828 0.71253953 0.13692244 0.6096366  0.46633219 0.19704225  0.47973493 0.48883628 0.32411826 0.43926771 0.27355387 0.50867284  0.43419669 0.42659107 0.60241786 0.46111577
0.19704241 0.61440616 0.20643957 0.59026132 0.43809711 0.23957032  0.40695074 0.53994746 0.37343482 0.39236984 0.25729056 0.48309749  0.63589426 0.40547316 0.44031325 0.51966577
0.07102051 0.46648761 0.29681783 0.49538875 0.38534053 0.36816237  0.42637893 0.52216562 0.40838993 0.37342912 0.31490181 0.45582256  0.6405316  0.37092096 0.3395245  0.50760399
0.01779563 0.38669558 0.33863985 0.42004769 0.35385851 0.46460162  0.48109267 0.47190843 0.43452283 0.38595027 0.3992976  0.44733029  0.52908455 0.38078184 0.39373238 0.44873962
0.01779563 0.38669558 0.33863985 0.42004769 0.35385851 0.46460162  0.48109267 0.47190843 0.43452283 0.38595027 0.3992976  0.44733029  0.52908455 0.38078184 0.39373238 0.44873962
0.01779563 0.38669558 0.33863985 0.42004769 0.35385851 0.46460162  0.48109267 0.47190843 0.43452283 0.38595027 0.3992976  0.44733029  0.52908455 0.38078184 0.39373238 0.44873962
0.00039479 0.36283831 0.35232302 0.39930133 0.34523319 0.50234819  0.48417291 0.45702496 0.47508945 0.39693445 0.45000532 0.44589633  0.47476172 0.42761975 0.50206904 0.41641874
0.00039479 0.36283831 0.35232302 0.39930133 0.34523319 0.50234819  0.48417291 0.45702496 0.47508945 0.39693445 0.45000532 0.44589633  0.47476172 0.42761975 0.50206904 0.41641874
0.00039479 0.36283831 0.35232302 0.39930133 0.34523319 0.50234819  0.48417291 0.45702496 0.47508945 0.39693445 0.45000532 0.44589633  0.47476172 0.42761975 0.50206904 0.41641874
0.00039479 0.36283831 0.35232302 0.39930133 0.34523319 0.50234819  0.48417291 0.45702496 0.47508945 0.39693445 0.45000532 0.44589633  0.47476172 0.42761975 0.50206904 0.41641874
0.00657594 0.40002495 0.42933386 0.33481603 0.58880677 0.57180883  0.41011446 0.46432831 0.4135145  0.43363994 0.55916683 0.6003985  0.51663372 0.38548938 0.49807438 0.42123414
0.01059613 0.4207361  0.47455261 0.29039695 0.74084058 0.60503585  0.3737696  0.47580873 0.37647036 0.45914708 0.62674481 0.69956334  0.542923   0.35547893 0.51021177 0.43386405
0.01315187 0.4346331  0.50470861 0.26768028 0.82277931 0.627553  0.34827396 0.4759944  0.34909422 0.45440067 0.66484402 0.76244353  0.52853444 0.32783468 0.52417719 0.45884204
0.01396065 0.43725884 0.51031996 0.26171702 0.84422557 0.63213263  0.33898009 0.48030034 0.34153    0.45099297 0.68891432 0.81094222  0.5127767  0.29905902 0.5379642  0.51416926
0.01396065 0.43725884 0.51031996 0.26171702 0.84422557 0.63213263  0.33898009 0.48030034 0.34153    0.45099297 0.68891432 0.81094222  0.5127767  0.29905902 0.5379642  0.51416926
0.01975429 0.45027101 0.5447474  0.26370105 0.84629897 0.63286837  0.32782563 0.45677559 0.33454866 0.38257497 0.68801992 0.81122795  0.48150246 0.31396006 0.53335928 0.57133199
0.01975429 0.45027101 0.5447474  0.26370105 0.84629897 0.63286837  0.32782563 0.45677559 0.33454866 0.38257497 0.68801992 0.81122795  0.48150246 0.31396006 0.53335928 0.57133199
0.01975429 0.45027101 0.5447474  0.26370105 0.84629897 0.63286837  0.32782563 0.45677559 0.33454866 0.38257497 0.68801992 0.81122795  0.48150246 0.31396006 0.53335928 0.57133199
0.02785322 0.47814103 0.60314393 0.24924595 0.88222739 0.63704751  0.31842641 0.44597829 0.33707267 0.33465534 0.64507416 0.74718026  0.41944037 0.32207035 0.54635893 0.56006236
0.03374496 0.49083207 0.63738103 0.24594938 0.8781073  0.62327252  0.33393856 0.435931   0.34967745 0.31012033 0.61770089 0.70717967  0.3821021  0.34158079 0.52989564 0.58326743
0.03580246 0.49851609 0.65437862 0.23138204 0.92119896 0.6228864  0.33729459 0.43864461 0.36991535 0.35966345 0.60416911 0.67242284  0.40795277 0.36109701 0.49604665 0.55312628
0.04414136 0.50138293 0.68604156 0.25511105 0.87639912 0.60758282  0.34663382 0.4065636  0.36781601 0.3351972  0.59665059 0.63827205  0.46015976 0.43452905 0.45177417 0.51536864
0.06244965 0.51051081 0.68736029 0.24937212 0.85458755 0.67821354  0.32966016 0.36793696 0.39456708 0.37593548 0.56077544 0.66069268  0.46039743 0.43150608 0.47641726 0.56461604
0.17068858 0.60352967 0.6549238  0.29348848 0.79872572 0.76042886  0.21998173 0.39774288 0.48431788 0.42733875 0.45544296 0.65111061  0.5266333  0.47596076 0.54181948 0.62346688
0.48598382 0.90308456 0.59709516 0.40393372 0.7786273  0.84927767  0.06012378 0.47483657 0.58413137 0.4608415  0.38015548 0.51333506  0.65413333 0.42812914 0.28516331 0.46904073
0.57489805 0.88575274 0.72948809 0.42845537 0.68631805 0.780084  0.08673867 0.54785028 0.54409952 0.42687172 0.43223569 0.52361645  0.70989322 0.45611259 0.29576476 0.43025001
0.73425237 0.78347939 0.82423112 0.31183519 0.62924944 0.61458443  0.35703504 0.67531086 0.39736761 0.50929739 0.48288126 0.56651812  0.6561028  0.33202342 0.57119207 0.37029153
0.79560331 0.76634768 0.80849022 0.2548469  0.51789117 0.50337673  0.62619921 0.61366644 0.36985596 0.47311054 0.41154088 0.37889849  0.59220477 0.38766236 0.64685138 0.33240601
0.80303306 0.71738388 0.76470082 0.27516683 0.40344353 0.4641587  0.62923724 0.67152176 0.37923507 0.54997895 0.32775253 0.28947149  0.47780155 0.34797459 0.67357042 0.22796178
0.81373823 0.67592356 0.73019161 0.26110031 0.39122447 0.44276308  0.62930999 0.61156404 0.41806472 0.61517444 0.26998147 0.32590183  0.53150714 0.43854098 0.70652559 0.21841364
0.87173139 0.40690977 0.51650116 0.29577766 0.17947139 0.28599172  0.47916875 0.42567102 0.57056093 0.40223647 0.35595091 0.4176535  0.45775045 0.40792108 0.53851056 0.22486086
0.85541874 0.28589495 0.31164488 0.30609916 0.2118636  0.31509968  0.396972   0.42530897 0.51479403 0.55892125 0.5367284  0.61701717  0.57484297 0.34383692 0.48998293 0.20312897
0.84913753 0.28245481 0.28096643 0.29589246 0.21113068 0.34185513  0.35550756 0.42151514 0.44994486 0.52987059 0.56046054 0.63978703  0.58696476 0.40045873 0.46266171 0.18157812
0.84913753 0.28245481 0.28096643 0.29589246 0.21113068 0.34185513  0.35550756 0.42151514 0.44994486 0.52987059 0.56046054 0.63978703  0.58696476 0.40045873 0.46266171 0.18157812
0.84913753 0.28245481 0.28096643 0.29589246 0.21113068 0.34185513  0.35550756 0.42151514 0.44994486 0.52987059 0.56046054 0.63978703  0.58696476 0.40045873 0.46266171 0.18157812
0.84794428 0.2526198  0.24365354 0.31741671 0.25080976 0.37858557  0.32624347 0.43145306 0.39994005 0.55404533 0.58699645 0.58111845  0.53553748 0.45690664 0.3943163  0.27880605
0.86291264 0.19435099 0.23354405 0.4079684  0.30120712 0.43828283  0.32161723 0.42771186 0.32258664 0.56317211 0.60105846 0.47377656  0.54675728 0.46136929 0.44683365 0.36655386
0.87621797 0.14101597 0.22119575 0.49755398 0.3561129  0.50762948  0.33211171 0.43928215 0.25690865 0.54199456 0.58634515 0.38444384  0.5662677  0.44389563 0.55076223 0.37835286
0.86483779 0.14600761 0.18670553 0.47077985 0.38646488 0.52307983  0.33195349 0.45371299 0.29210128 0.52162697 0.54527693 0.35017907  0.51994533 0.38916862 0.57574418 0.41360143
0.85274188 0.15402059 0.15435939 0.44081405 0.40987062 0.52766388  0.33843397 0.468831   0.34202256 0.51713699 0.5210741  0.33284928  0.45663337 0.36794606 0.5717044  0.49252062
0.85274188 0.15402059 0.15435939 0.44081405 0.40987062 0.52766388  0.33843397 0.468831   0.34202256 0.51713699 0.5210741  0.33284928  0.45663337 0.36794606 0.5717044  0.49252062
0.85274188 0.15402059 0.15435939 0.44081405 0.40987062 0.52766388  0.33843397 0.468831   0.34202256 0.51713699 0.5210741  0.33284928  0.45663337 0.36794606 0.5717044  0.49252062
0.85274188 0.15402059 0.15435939 0.44081405 0.40987062 0.52766388  0.33843397 0.468831   0.34202256 0.51713699 0.5210741  0.33284928  0.45663337 0.36794606 0.5717044  0.49252062
0.85274188 0.15402059 0.15435939 0.44081405 0.40987062 0.52766388  0.33843397 0.468831   0.34202256 0.51713699 0.5210741  0.33284928  0.45663337 0.36794606 0.5717044  0.49252062
0.85666383 0.13732324 0.1518621  0.47844603 0.43128684 0.55608134  0.36334541 0.48990694 0.35013539 0.50711016 0.49401112 0.32694394  0.43944278 0.40673904 0.56798574 0.48152197
0.85666383 0.13732324 0.1518621  0.47844603 0.43128684 0.55608134  0.36334541 0.48990694 0.35013539 0.50711016 0.49401112 0.32694394  0.43944278 0.40673904 0.56798574 0.48152197
0.85666383 0.13732324 0.1518621  0.47844603 0.43128684 0.55608134  0.36334541 0.48990694 0.35013539 0.50711016 0.49401112 0.32694394  0.43944278 0.40673904 0.56798574 0.48152197
0.86156521 0.11597329 0.14792907 0.52515852 0.45590885 0.59281317  0.38549279 0.51240852 0.33566063 0.49373527 0.47444005 0.31036487  0.44139391 0.41882377 0.60948916 0.46559475
0.86156521 0.11597329 0.14792907 0.52515852 0.45590885 0.59281317  0.38549279 0.51240852 0.33566063 0.49373527 0.47444005 0.31036487  0.44139391 0.41882377 0.60948916 0.46559475
0.86156521 0.11597329 0.14792907 0.52515852 0.45590885 0.59281317  0.38549279 0.51240852 0.33566063 0.49373527 0.47444005 0.31036487  0.44139391 0.41882377 0.60948916 0.46559475
0.84924047 0.13061919 0.1202755  0.49905428 0.48574526 0.61360965  0.3913115  0.50661991 0.38298274 0.44407079 0.42923818 0.28132802  0.45759567 0.3790737  0.60386362 0.50195458
0.83769438 0.14467202 0.09171309 0.47078956 0.50617035 0.63838625  0.37810925 0.50238949 0.41788229 0.39045595 0.3908968  0.26062482  0.43761964 0.37017181 0.54388398 0.57048223
0.8293193  0.17003153 0.08461179 0.43364147 0.51739892 0.66306963  0.36459274 0.49845228 0.41266774 0.33604239 0.29243383 0.2292331  0.42486671 0.35355457 0.58267333 0.48821802
0.8293193  0.17003153 0.08461179 0.43364147 0.51739892 0.66306963  0.36459274 0.49845228 0.41266774 0.33604239 0.29243383 0.2292331  0.42486671 0.35355457 0.58267333 0.48821802
0.8293193  0.17003153 0.08461179 0.43364147 0.51739892 0.66306963  0.36459274 0.49845228 0.41266774 0.33604239 0.29243383 0.2292331  0.42486671 0.35355457 0.58267333 0.48821802
0.8293193  0.17003153 0.08461179 0.43364147 0.51739892 0.66306963  0.36459274 0.49845228 0.41266774 0.33604239 0.29243383 0.2292331  0.42486671 0.35355457 0.58267333 0.48821802
0.8293193  0.17003153 0.08461179 0.43364147 0.51739892 0.66306963  0.36459274 0.49845228 0.41266774 0.33604239 0.29243383 0.2292331  0.42486671 0.35355457 0.58267333 0.48821802
0.82149303 0.19955337 0.08621011 0.38733227 0.49710837 0.6475207  0.36720789 0.50465686 0.45216088 0.32018907 0.25561995 0.27814412  0.42984086 0.32846612 0.60553014 0.40615211
0.79883396 0.24108277 0.0658527  0.33240457 0.49754303 0.60494319  0.40969016 0.49236301 0.53649186 0.28647746 0.28386789 0.32455515  0.44151069 0.30940048 0.66496805 0.40672306
0.7802093  0.28416635 0.05591253 0.29757484 0.49277876 0.59110998  0.42027944 0.42982354 0.55517854 0.27326722 0.33242695 0.32339195  0.57690043 0.3337664  0.63159189 0.43858275
0.76769654 0.33537389 0.06595799 0.20626566 0.44297681 0.52471727  0.40498715 0.40737165 0.61858456 0.29212274 0.33786555 0.39396336  0.56207908 0.34391204 0.55115864 0.42737922
0.68796296 0.4411437  0.02730166 0.29870298 0.5036183  0.51027852  0.5588707  0.20471405 0.63036014 0.28282486 0.47945289 0.36543398  0.66239699 0.45233136 0.6417165  0.41088921
0.61964971 0.58077045 0.04242935 0.34723974 0.45589411 0.54642413  0.62605158 0.11884678 0.5763203  0.38016988 0.39728235 0.45168011  0.61710224 0.49420714 0.62934791 0.38883235
0.5680064  0.68125753 0.06256963 0.37282711 0.40177751 0.54711309  0.62077512 0.15631411 0.51687925 0.45263737 0.41969776 0.49623891  0.51596199 0.41711392 0.59018643 0.41781684
0.51991442 0.73649484 0.0708971  0.43847433 0.40225243 0.51549101  0.64053586 0.18703813 0.45371221 0.47418891 0.45101398 0.49538584  0.37959591 0.43166385 0.58928523 0.39669299
0.46774912 0.75880913 0.0836471  0.51255771 0.41679563 0.46096355  0.57801279 0.26703112 0.43212676 0.4905703  0.44793924 0.49407758  0.32149014 0.37006879 0.60267955 0.40097829
0.4005181  0.78538641 0.10254264 0.57581323 0.42714935 0.35241199  0.55497478 0.38834311 0.37465141 0.46162841 0.46620647 0.48153606  0.23122988 0.38353789 0.55553547 0.37178495
0.34391966 0.74259745 0.11720176 0.59649984 0.46605604 0.21469693  0.53777597 0.46058264 0.30386251 0.42963433 0.36341965 0.48645295  0.31100395 0.40821756 0.57554391 0.37795929
0.34391966 0.74259745 0.11720176 0.59649984 0.46605604 0.21469693  0.53777597 0.46058264 0.30386251 0.42963433 0.36341965 0.48645295  0.31100395 0.40821756 0.57554391 0.37795929
0.30670732 0.71367537 0.13410338 0.60612983 0.47412715 0.17701781  0.49979644 0.49592518 0.31147313 0.40472613 0.32241561 0.48220763  0.44881693 0.42994775 0.5299403  0.40719873
0.25199751 0.67578485 0.16878887 0.61973121 0.45750335 0.19108214  0.43912324 0.51944642 0.30596882 0.39652465 0.24354564 0.4879376  0.52048882 0.37952313 0.43259541 0.46770545
0.23371128 0.66495616 0.18043467 0.62843347 0.45278182 0.20436242  0.38589142 0.55110071 0.37913483 0.38712486 0.2706638  0.48006215  0.61094504 0.4215173  0.47120907 0.48720605
0.16120502 0.59408097 0.23123264 0.60239457 0.42428121 0.26043194  0.34294435 0.58464032 0.43270518 0.35130229 0.29926059 0.451162  0.71434139 0.42333472 0.38608019 0.48706025
0.1247041  0.54421988 0.25696007 0.56351728 0.41043773 0.29914635  0.36846358 0.56473133 0.4281759  0.36275847 0.2970877  0.45535593  0.69495746 0.40925667 0.38155982 0.51196272
0.1247041  0.54421988 0.25696007 0.56351728 0.41043773 0.29914635  0.36846358 0.56473133 0.4281759  0.36275847 0.2970877  0.45535593  0.69495746 0.40925667 0.38155982 0.51196272
0.10628198 0.51936369 0.26919051 0.54585476 0.40619473 0.30496913  0.38560293 0.55896134 0.40029415 0.36313951 0.26626736 0.46009462  0.71983574 0.38086872 0.3271927  0.5387862 
0.10628198 0.51936369 0.26919051 0.54585476 0.40619473 0.30496913  0.38560293 0.55896134 0.40029415 0.36313951 0.26626736 0.46009462  0.71983574 0.38086872 0.3271927  0.5387862 
0.08821896 0.49393403 0.28285114 0.52470308 0.39746893 0.33500943  0.39261534 0.5478669  0.42515909 0.37017036 0.29596501 0.45870186  0.68842695 0.40997704 0.39360715 0.52301728
0.05265734 0.44071691 0.3106915  0.47422633 0.37717297 0.39794484  0.43177961 0.51245536 0.4359589  0.38022092 0.34549293 0.45448025  0.61189625 0.40882803 0.41889068 0.49328565
0.03514825 0.41370071 0.3248389  0.44709904 0.36559576 0.43311778  0.45442367 0.49253738 0.44112986 0.38365436 0.37825223 0.45061328  0.56697354 0.40307785 0.42249623 0.46734004
0.03514825 0.41370071 0.3248389  0.44709904 0.36559576 0.43311778  0.45442367 0.49253738 0.44112986 0.38365436 0.37825223 0.45061328  0.56697354 0.40307785 0.42249623 0.46734004
0.01779563 0.38669558 0.33863985 0.42004769 0.35385851 0.46460162  0.48109267 0.47190843 0.43452283 0.38595027 0.3992976  0.44733029  0.52908455 0.38078184 0.39373238 0.44873962
0.01779563 0.38669558 0.33863985 0.42004769 0.35385851 0.46460162  0.48109267 0.47190843 0.43452283 0.38595027 0.3992976  0.44733029  0.52908455 0.38078184 0.39373238 0.44873962
0.01779563 0.38669558 0.33863985 0.42004769 0.35385851 0.46460162  0.48109267 0.47190843 0.43452283 0.38595027 0.3992976  0.44733029  0.52908455 0.38078184 0.39373238 0.44873962
0.01779563 0.38669558 0.33863985 0.42004769 0.35385851 0.46460162  0.48109267 0.47190843 0.43452283 0.38595027 0.3992976  0.44733029  0.52908455 0.38078184 0.39373238 0.44873962
0.00039479 0.36283831 0.35232302 0.39930133 0.34523319 0.50234819  0.48417291 0.45702496 0.47508945 0.39693445 0.45000532 0.44589633  0.47476172 0.42761975 0.50206904 0.41641874
0.00039479 0.36283831 0.35232302 0.39930133 0.34523319 0.50234819  0.48417291 0.45702496 0.47508945 0.39693445 0.45000532 0.44589633  0.47476172 0.42761975 0.50206904 0.41641874
