0.00039479 0.36283831 0.35232302 0.39930133 0.34523319 0.50234819  0.48417291 0.45702496 0.47508945 0.39693445 0.45000532 0.44589633  0.47476172 0.42761975 0.50206904 0.41641874
0.00039479 0.36283831 0.35232302 0.39930133 0.34523319 0.50234819  0.48417291 0.45702496 0.47508945 0.39693445 0.45000532 0.44589633  0.47476172 0.42761975 0.50206904 0.41641874
0.00039479 0.36283831 0.35232302 0.39930133 0.34523319 0.50234819  0.48417291 0.45702496 0.47508945 0.39693445 0.45000532 0.44589633  0.47476172 0.42761975 0.50206904 0.41641874
0.00039479 0.36283831 0.35232302 0.39930133 0.34523319 0.50234819  0.48417291 0.45702496 0.47508945 0.39693445 0.45000532 0.44589633  0.47476172 0.42761975 0.50206904 0.41641874
0.00039479 0.36283831 0.35232302 0.39930133 0.34523319 0.50234819  0.48417291 0.45702496 0.47508945 0.39693445 0.45000532 0.44589633  0.47476172 0.42761975 0.50206904 0.41641874
0.00039479 0.36283831 0.35232302 0.39930133 0.34523319 0.50234819  0.48417291 0.45702496 0.47508945 0.39693445 0.45000532 0.44589633  0.47476172 0.42761975 0.50206904 0.41641874
0.00039479 0.36283831 0.35232302 0.39930133 0.34523319 0.50234819  0.48417291 0.45702496 0.47508945 0.39693445 0.45000532 0.44589633  0.47476172 0.42761975 0.50206904 0.41641874
0.00039479 0.36283831 0.35232302 0.39930133 0.34523319 0.50234819  0.48417291 0.45702496 0.47508945 0.39693445 0.45000532 0.44589633  0.47476172 0.42761975 0.50206904 0.41641874
0.00039479 0.36283831 0.35232302 0.39930133 0.34523319 0.50234819  0.48417291 0.45702496 0.47508945 0.39693445 0.45000532 0.44589633  0.47476172 0.42761975 0.50206904 0.41641874
0.00039479 0.36283831 0.35232302 0.39930133 0.34523319 0.50234819  0.48417291 0.45702496 0.47508945 0.39693445 0.45000532 0.44589633  0.47476172 0.42761975 0.50206904 0.41641874
0.00039479 0.36283831 0.35232302 0.39930133 0.34523319 0.50234819  0.48417291 0.45702496 0.47508945 0.39693445 0.45000532 0.44589633  0.47476172 0.42761975 0.50206904 0.41641874
0.00039479 0.36283831 0.35232302 0.39930133 0.34523319 0.50234819  0.48417291 0.45702496 0.47508945 0.39693445 0.45000532 0.44589633  0.47476172 0.42761975 0.50206904 0.41641874
0.00039479 0.36283831 0.35232302 0.39930133 0.34523319 0.50234819  0.48417291 0.45702496 0.47508945 0.39693445 0.45000532 0.44589633  0.47476172 0.42761975 0.50206904 0.41641874
0.00039479 0.36283831 0.35232302 0.39930133 0.34523319 0.50234819  0.48417291 0.45702496 0.47508945 0.39693445 0.45000532 0.44589633  0.47476172 0.42761975 0.50206904 0.41641874
0.00039479 0.36283831 0.35232302 0.39930133 0.34523319 0.50234819  0.48417291 0.45702496 0.47508945 0.39693445 0.45000532 0.44589633  0.47476172 0.42761975 0.50206904 0.41641874
0.00039479 0.36283831 0.35232302 0.39930133 0.34523319 0.50234819  0.48417291 0.45702496 0.47508945 0.39693445 0.45000532 0.44589633  0.47476172 0.42761975 0.50206904 0.41641874
0.00039479 0.36283831 0.35232302 0.39930133 0.34523319 0.50234819  0.48417291 0.45702496 0.47508945 0.39693445 0.45000532 0.44589633  0.47476172 0.42761975 0.50206904 0.41641874
0.00039479 0.36283831 0.35232302 0.39930133 0.34523319 0.50234819  0.48417291 0.45702496 0.47508945 0.39693445 0.45000532 0.44589633  0.47476172 0.42761975 0.50206904 0.41641874
0.00039479 0.36283831 0.35232302 0.39930133 0.34523319 0.50234819  0.48417291 0.45702496 0.47508945 0.39693445 0.45000532 0.44589633  0.47476172 0.42761975 0.50206904 0.41641874
0.00039479 0.36283831 0.35232302 0.39930133 0.34523319 0.50234819  0.48417291 0.45702496 0.47508945 0.39693445 0.45000532 0.44589633  0.47476172 0.42761975 0.50206904 0.41641874
0.00039479 0.36283831 0.35232302 0.39930133 0.34523319 0.50234819  0.48417291 0.45702496 0.47508945 0.39693445 0.45000532 0.44589633  0.47476172 0.42761975 0.50206904 0.41641874
0.00039479 0.36283831 0.35232302 0.39930133 0.34523319 0.50234819  0.48417291 0.45702496 0.47508945 0.39693445 0.45000532 0.44589633  0.47476172 0.42761975 0.50206904 0.41641874
0.00039479 0.36283831 0.35232302 0.39930133 0.34523319 0.50234819  0.48417291 0.45702496 0.47508945 0.39693445 0.45000532 0.44589633  0.47476172 0.42761975 0.50206904 0.41641874
0.00039479 0.36283831 0.35232302 0.39930133 0.34523319 0.50234819  0.48417291 0.45702496 0.47508945 0.39693445 0.45000532 0.44589633  0.47476172 0.42761975 0.50206904 0.41641874
0.00039479 0.36283831 0.35232302 0.39930133 0.34523319 0.50234819  0.48417291 0.45702496 0.47508945 0.39693445 0.45000532 0.44589633  0.47476172 0.42761975 0.50206904 0.41641874
0.00039479 0.36283831 0.35232302 0.39930133 0.34523319 0.50234819  0.48417291 0.45702496 0.47508945 0.39693445 0.45000532 0.44589633  0.47476172 0.42761975 0.50206904 0.41641874
0.00039479 0.36283831 0.35232302 0.39930133 0.34523319 0.50234819  0.48417291 0.45702496 0.47508945 0.39693445 0.45000532 0.44589633  0.47476172 0.42761975 0.50206904 0.41641874
0.00039479 0.36283831 0.35232302 0.39930133 0.34523319 0.50234819  0.48417291 0.45702496 0.47508945 0.39693445 0.45000532 0.44589633  0.47476172 0.42761975 0.50206904 0.41641874
0.00039479 0.36283831 0.35232302 0.39930133 0.34523319 0.50234819  0.48417291 0.45702496 0.47508945 0.39693445 0.45000532 0.44589633  0.47476172 0.42761975 0.50206904 0.41641874
0.00039479 0.36283831 0.35232302 0.39930133 0.34523319 0.50234819  0.48417291 0.45702496 0.47508945 0.39693445 0.45000532 0.44589633  0.47476172 0.42761975 0.50206904 0.41641874
0.00039479 0.36283831 0.35232302 0.39930133 0.34523319 0.50234819  0.48417291 0.45702496 0.47508945 0.39693445 0.45000532 0.44589633  0.47476172 0.42761975 0.50206904 0.41641874
0.00039479 0.36283831 0.35232302 0.39930133 0.34523319 0.50234819  0.48417291 0.45702496 0.47508945 0.39693445 0.45000532 0.44589633  0.47476172 0.42761975 0.50206904 0.41641874
0.00039479 0.36283831 0.35232302 0.39930133 0.34523319 0.50234819  0.48417291 0.45702496 0.47508945 0.39693445 0.45000532 0.44589633  0.47476172 0.42761975 0.50206904 0.41641874
0.00039479 0.36283831 0.35232302 0.39930133 0.34523319 0.50234819  0.48417291 0.45702496 0.47508945 0.39693445 0.45000532 0.44589633  0.47476172 0.42761975 0.50206904 0.41641874
0.00039479 0.36283831 0.35232302 0.39930133 0.34523319 0.50234819  0.48417291 0.45702496 0.47508945 0.39693445 0.45000532 0.44589633  0.47476172 0.42761975 0.50206904 0.41641874
0.00039479 0.36283831 0.35232302 0.39930133 0.34523319 0.50234819  0.48417291 0.45702496 0.47508945 0.39693445 0.45000532 0.44589633  0.47476172 0.42761975 0.50206904 0.41641874
0.00039479 0.36283831 0.35232302 0.39930133 0.34523319 0.50234819  0.48417291 0.45702496 0.47508945 0.39693445 0.45000532 0.44589633  0.47476172 0.42761975 0.50206904 0.41641874
0.00039479 0.36283831 0.35232302 0.39930133 0.34523319 0.50234819  0.48417291 0.45702496 0.47508945 0.39693445 0.45000532 0.44589633  0.47476172 0.42761975 0.50206904 0.41641874
0.00039479 0.36283831 0.35232302 0.39930133 0.34523319 0.50234819  0.48417291 0.45702496 0.47508945 0.39693445 0.45000532 0.44589633  0.47476172 0.42761975 0.50206904 0.41641874
0.00039479 0.36283831 0.35232302 0.39930133 0.34523319 0.50234819  0.48417291 0.45702496 0.47508945 0.39693445 0.45000532 0.44589633  0.47476172 0.42761975 0.50206904 0.41641874
0.00039479 0.36283831 0.35232302 0.39930133 0.34523319 0.50234819  0.48417291 0.45702496 0.47508945 0.39693445 0.45000532 0.44589633  0.47476172 0.42761975 0.50206904 0.41641874
0.00039479 0.36283831 0.35232302 0.39930133 0.34523319 0.50234819  0.48417291 0.45702496 0.47508945 0.39693445 0.45000532 0.44589633  0.47476172 0.42761975 0.50206904 0.41641874
0.00039479 0.36283831 0.35232302 0.39930133 0.34523319 0.50234819  0.48417291 0.45702496 0.47508945 0.39693445 0.45000532 0.44589633  0.47476172 0.42761975 0.50206904 0.41641874
0.00039479 0.36283831 0.35232302 0.39930133 0.34523319 0.50234819  0.48417291 0.45702496 0.47508945 0.39693445 0.45000532 0.44589633  0.47476172 0.42761975 0.50206904 0.41641874
0.00039479 0.36283831 0.35232302 0.39930133 0.34523319 0.50234819  0.48417291 0.45702496 0.47508945 0.39693445 0.45000532 0.44589633  0.47476172 0.42761975 0.50206904 0.41641874
0.00039479 0.36283831 0.35232302 0.39930133 0.34523319 0.50234819  0.48417291 0.45702496 0.47508945 0.39693445 0.45000532 0.44589633  0.47476172 0.42761975 0.50206904 0.41641874
0.00039479 0.36283831 0.35232302 0.39930133 0.34523319 0.50234819  0.48417291 0.45702496 0.47508945 0.39693445 0.45000532 0.44589633  0.47476172 0.42761975 0.50206904 0.41641874
0.00039479 0.36283831 0.35232302 0.39930133 0.34523319 0.50234819  0.48417291 0.45702496 0.47508945 0.39693445 0.45000532 0.44589633  0.47476172 0.42761975 0.50206904 0.41641874
0.01865742 0.3880557  0.34025579 0.41843982 0.3494262  0.49750935  0.46205159 0.46401308 0.50597385 0.40376969 0.46950961 0.4478266  0.44969389 0.45506031 0.57557814 0.40855754
0.03601004 0.41506083 0.32645484 0.44549117 0.36116345 0.46602551  0.43538259 0.48464203 0.51258088 0.40147377 0.44846424 0.45110959  0.48758288 0.47735633 0.604342   0.42715797
0.08948018 0.47855108 0.29961219 0.49394161 0.3621081  0.47025728  0.37070761 0.48517814 0.53806399 0.43672175 0.35789094 0.48062974  0.56785882 0.49358079 0.64119165 0.51950082
0.21998677 0.60957199 0.24596615 0.52339636 0.31738282 0.64966742  0.32096334 0.41351297 0.72189993 0.50498394 0.54702562 0.47984156  0.36181871 0.51598841 0.80094102 0.4845882 
0.2421953  0.62761513 0.31546145 0.46739322 0.43433655 0.73336616  0.24115119 0.44451885 0.66885772 0.53117427 0.50972611 0.54290497  0.41476093 0.49572891 0.73438482 0.46768233
0.37807217 0.82887225 0.52181126 0.47648923 0.73551595 0.72030221  0.14510442 0.39839893 0.54877672 0.45884391 0.61815323 0.62456574  0.51984741 0.52784573 0.49382664 0.45434906
0.50702868 0.90889582 0.71867143 0.48974132 0.72808913 0.74791141  0.1342438  0.4001284  0.56199273 0.48016525 0.54527359 0.5640491  0.56633663 0.47033819 0.31823662 0.49890042
0.65950357 0.90465565 0.81391146 0.40544026 0.67205463 0.70748751  0.31387564 0.49000083 0.44872716 0.457245   0.50868066 0.49603836  0.49949383 0.33771586 0.27354114 0.41429546
0.73074902 0.83229784 0.8744483  0.33892282 0.63713887 0.63437253  0.39350632 0.62017358 0.47004187 0.43320162 0.61080402 0.50637677  0.68587149 0.35379044 0.51902634 0.36900069
0.78299443 0.81090277 0.84032311 0.2371824  0.67753426 0.5640795  0.60397594 0.56565962 0.32016588 0.46722362 0.54126886 0.54305194  0.69304305 0.38152954 0.62206416 0.41722876
0.8131317  0.75723663 0.85945759 0.21405746 0.65179669 0.53241658  0.53957881 0.66788781 0.29032152 0.49790085 0.50263773 0.5575335  0.48266173 0.25661448 0.71162886 0.39839576
0.81300679 0.75400766 0.85230847 0.22245977 0.61277342 0.51872869  0.55364716 0.66495414 0.30410428 0.49172762 0.46970957 0.50896466  0.47095692 0.27415632 0.70739203 0.38052123
0.84075568 0.68036968 0.80815232 0.21612334 0.48506934 0.4409777  0.57845808 0.53822285 0.41630936 0.47406398 0.25861725 0.41202646  0.46778567 0.48263888 0.78722575 0.35282818
0.87997772 0.57102501 0.77493398 0.2053852  0.45738721 0.34004096  0.49710065 0.51901505 0.52459764 0.37016727 0.36748175 0.37799519  0.38173841 0.47134193 0.61710945 0.3470197 
0.86393799 0.50633339 0.63885959 0.28627126 0.20321155 0.30087895  0.53510891 0.52335714 0.51822494 0.31609296 0.40549129 0.45784299  0.37909952 0.44199693 0.66181454 0.45465126
0.86196305 0.43887441 0.5343451  0.30452836 0.15187385 0.31867063  0.43900578 0.45336823 0.42511893 0.16492186 0.49957523 0.56824653  0.42978207 0.4301656  0.60020734 0.41111579
0.89165314 0.33376042 0.49259034 0.34882154 0.15827245 0.27047162  0.4022194  0.30586409 0.48636228 0.27157136 0.54280615 0.61585024  0.51637339 0.39938139 0.51556262 0.41710659
0.87449761 0.3243373  0.4155164  0.3138617  0.17014084 0.3021121  0.367465   0.34660722 0.46899873 0.34127065 0.52444602 0.58465577  0.46250611 0.4834753  0.41960022 0.38248474
0.85547722 0.29427106 0.31399857 0.29952222 0.18536629 0.32798231  0.35347369 0.40721375 0.47276387 0.5179033  0.54900734 0.61667942  0.52882284 0.48568905 0.37172599 0.26229399
0.85709196 0.25811237 0.28092784 0.33518246 0.22745618 0.36786162  0.32628884 0.403678   0.3902765  0.52617139 0.60354824 0.59546634  0.57198673 0.50156302 0.36383083 0.29637563
0.85709196 0.25811237 0.28092784 0.33518246 0.22745618 0.36786162  0.32628884 0.403678   0.3902765  0.52617139 0.60354824 0.59546634  0.57198673 0.50156302 0.36383083 0.29637563
0.87246456 0.19815037 0.26748857 0.4232242  0.27939463 0.43156838  0.31252036 0.39788171 0.29776415 0.51484625 0.61768772 0.48559326  0.60182309 0.45696833 0.45869253 0.34354587
0.86812563 0.18403882 0.23614349 0.44206612 0.32345857 0.48199636  0.30160525 0.3956567  0.29889136 0.4762027  0.59340133 0.41342893  0.57610073 0.47489341 0.39529837 0.47978183
0.86812563 0.18403882 0.23614349 0.44206612 0.32345857 0.48199636  0.30160525 0.3956567  0.29889136 0.4762027  0.59340133 0.41342893  0.57610073 0.47489341 0.39529837 0.47978183
0.86812563 0.18403882 0.23614349 0.44206612 0.32345857 0.48199636  0.30160525 0.3956567  0.29889136 0.4762027  0.59340133 0.41342893  0.57610073 0.47489341 0.39529837 0.47978183
0.86812563 0.18403882 0.23614349 0.44206612 0.32345857 0.48199636  0.30160525 0.3956567  0.29889136 0.4762027  0.59340133 0.41342893  0.57610073 0.47489341 0.39529837 0.47978183
0.86907381 0.1870383  0.2401727  0.44012713 0.32775609 0.48430954  0.29913067 0.39859738 0.29082907 0.46013474 0.59705854 0.43321957  0.55246604 0.46304504 0.40569957 0.5173172 
0.85897794 0.17854624 0.1988692  0.42430037 0.34681214 0.49272031  0.30155988 0.42343176 0.30855492 0.50407665 0.57684955 0.39908103  0.53965147 0.43023703 0.42578383 0.46221225
0.82712678 0.21691037 0.12493153 0.33041235 0.41179843 0.53743808  0.29436564 0.4490434  0.38845428 0.42480551 0.41311552 0.31609474  0.41726421 0.33767021 0.48551536 0.4941158 
0.77677037 0.33304767 0.09035983 0.16133866 0.39013106 0.45195029  0.35643512 0.43675722 0.61261971 0.35275454 0.38202211 0.443342  0.41529945 0.32344919 0.44446603 0.48387634
0.7542414  0.38895574 0.07952069 0.11783172 0.38649245 0.45098562  0.39455098 0.40149828 0.67891237 0.31366416 0.36670431 0.48518449  0.53847275 0.36151965 0.43022801 0.42267147
0.73880683 0.41623564 0.07282367 0.13815441 0.39557808 0.46806428  0.4234474  0.34073362 0.68195721 0.306224   0.38383936 0.47777146  0.63065493 0.42327581 0.37775814 0.42064343
0.69938187 0.52035986 0.08962278 0.14857676 0.35412434 0.55325451  0.52734666 0.38823535 0.58347375 0.37865781 0.2490522  0.52128648  0.69713135 0.51737403 0.61175442 0.48566325
0.61025297 0.68195596 0.09402809 0.24465134 0.33797643 0.59825391  0.6770527  0.41042673 0.48998134 0.40491751 0.39775817 0.48837005  0.68721666 0.59267758 0.61157765 0.52259923
0.54585538 0.76698681 0.08965354 0.34547207 0.35390861 0.59149901  0.72032369 0.43166193 0.43851868 0.41619343 0.58055577 0.44022078  0.54140279 0.43690875 0.55830019 0.48269548
0.51063446 0.78752363 0.0882966  0.41029067 0.37272032 0.54616975  0.70739643 0.38563215 0.40662178 0.43244602 0.58982791 0.44134334  0.41918407 0.42158995 0.52790212 0.43021969
0.49279506 0.79883281 0.08948759 0.4538334  0.37477935 0.53766039  0.67361769 0.34105092 0.40775879 0.46182159 0.56147453 0.45894149  0.33910793 0.39120822 0.51804061 0.41814157
0.49279506 0.79883281 0.08948759 0.4538334  0.37477935 0.53766039  0.67361769 0.34105092 0.40775879 0.46182159 0.56147453 0.45894149  0.33910793 0.39120822 0.51804061 0.41814157
0.52906469 0.78820068 0.09336626 0.38841304 0.34732777 0.60797626  0.70061735 0.39068725 0.41489499 0.43795197 0.56221965 0.44478585  0.48337353 0.40582652 0.48947905 0.4686588 
0.52906469 0.78820068 0.09336626 0.38841304 0.34732777 0.60797626  0.70061735 0.39068725 0.41489499 0.43795197 0.56221965 0.44478585  0.48337353 0.40582652 0.48947905 0.4686588 
0.59296473 0.69138144 0.07971514 0.26112765 0.3643441  0.55649327  0.71347382 0.38113214 0.51043254 0.39851518 0.47596577 0.4790392  0.64517503 0.60598385 0.66570318 0.51718986
0.59296473 0.69138144 0.07971514 0.26112765 0.3643441  0.55649327  0.71347382 0.38113214 0.51043254 0.39851518 0.47596577 0.4790392  0.64517503 0.60598385 0.66570318 0.51718986
0.68802483 0.55461687 0.10792322 0.13387776 0.32322444 0.53612285  0.5541436  0.56304007 0.57150344 0.35826    0.36339897 0.5070839  0.61870401 0.58599976 0.56442819 0.54273362
0.74183551 0.42432626 0.08602888 0.11338874 0.37048932 0.47456484  0.4320054  0.4160156  0.65398724 0.34072638 0.30400707 0.50973532  0.55851984 0.42343925 0.52425258 0.44972705
0.74183551 0.42432626 0.08602888 0.11338874 0.37048932 0.47456484  0.4320054  0.4160156  0.65398724 0.34072638 0.30400707 0.50973532  0.55851984 0.42343925 0.52425258 0.44972705
0.82935189 0.35438742 0.28022581 0.20084703 0.2363056  0.36825134  0.34874756 0.40411685 0.56497492 0.38084991 0.36062689 0.50725412  0.39544365 0.4584578  0.33003263 0.35068169
0.8958083  0.37546945 0.559688   0.26917997 0.3369973  0.27437767  0.41650076 0.37200894 0.60977576 0.57452271 0.4511244  0.43219002  0.47796141 0.5050706  0.33487883 0.26886113
0.8958083  0.37546945 0.559688   0.26917997 0.3369973  0.27437767  0.41650076 0.37200894 0.60977576 0.57452271 0.4511244  0.43219002  0.47796141 0.5050706  0.33487883 0.26886113
0.95051576 0.38957719 0.79403064 0.33498302 0.63026555 0.29066394  0.47052008 0.32872357 0.65442433 0.54933834 0.48141456 0.3146087  0.45309568 0.35936762 0.39701326 0.56409012
0.95101182 0.39392157 0.80399039 0.32337078 0.67815647 0.30423558  0.45471355 0.33167589 0.64043624 0.55686246 0.51714942 0.36689843  0.46584986 0.34260325 0.40089328 0.58186591
0.95101182 0.39392157 0.80399039 0.32337078 0.67815647 0.30423558  0.45471355 0.33167589 0.64043624 0.55686246 0.51714942 0.36689843  0.46584986 0.34260325 0.40089328 0.58186591
0.95443771 0.37287984 0.79153335 0.372615   0.65168176 0.3190814  0.49543152 0.34979951 0.66253716 0.5393115  0.45435158 0.30870336  0.43590509 0.3981606  0.39329459 0.55309147
0.95443771 0.37287984 0.79153335 0.372615   0.65168176 0.3190814  0.49543152 0.34979951 0.66253716 0.5393115  0.45435158 0.30870336  0.43590509 0.3981606  0.39329459 0.55309147
0.95340212 0.36674004 0.77867701 0.38742273 0.60135876 0.30509809  0.51186455 0.35403705 0.68336299 0.54593473 0.43672605 0.27570789  0.41727626 0.39605482 0.38273743 0.57578998
0.94255526 0.32311484 0.68429748 0.44367257 0.41357258 0.26985725  0.54963551 0.35194998 0.70832349 0.55375836 0.41775364 0.25370596  0.44863764 0.42164625 0.36982996 0.57882096
0.93824657 0.30728647 0.64964551 0.47310592 0.33089463 0.27238741  0.53963328 0.34384237 0.66588768 0.45319339 0.44920908 0.32614235  0.39591635 0.38603133 0.43122057 0.64235909
0.93029698 0.27885851 0.58817434 0.49000456 0.27244793 0.26289812  0.5462729  0.35166281 0.65454212 0.47643092 0.49086077 0.38572315  0.44726213 0.3926884  0.42177899 0.672779  
0.90885898 0.2721617  0.4918081  0.44398065 0.25925064 0.31844454  0.46457628 0.39033515 0.53513118 0.5160946  0.48413934 0.37529627  0.40136918 0.5538258  0.36580652 0.51550299
0.89895154 0.24336768 0.42652933 0.45181859 0.2414497  0.31804702  0.47736011 0.41497344 0.53077106 0.57725072 0.51822874 0.43194708  0.45825119 0.51452545 0.38473577 0.48612041
0.89172215 0.23692806 0.39182167 0.44355087 0.23641925 0.34248928  0.43837025 0.40823893 0.47398419 0.56426802 0.53830367 0.43492629  0.49400767 0.58299563 0.34701334 0.42703419
0.88345211 0.22020066 0.34283486 0.45535498 0.23132336 0.37641856  0.40470607 0.40794802 0.4181229  0.53037961 0.58309121 0.52015948  0.54736488 0.54503799 0.38722459 0.38590753
0.87443259 0.21988748 0.3071203  0.43057003 0.25071189 0.39760008  0.37805712 0.42409052 0.40761123 0.53870105 0.57281323 0.51040191  0.50091176 0.57639745 0.34173599 0.40106956
0.88219379 0.18978307 0.29979347 0.47401508 0.27747041 0.43164596  0.37114373 0.41834391 0.36403014 0.53285655 0.57282025 0.45452117  0.51787789 0.55403313 0.39766786 0.42110906
0.88980519 0.15992548 0.29368103 0.51861177 0.30265034 0.46130684  0.36428864 0.41829423 0.31509888 0.52737591 0.58695272 0.40052883  0.53074812 0.53180276 0.43659769 0.4482398 
0.88635145 0.13095547 0.25017087 0.54583491 0.35572976 0.51171656  0.38159284 0.45768926 0.30801571 0.53955294 0.54155516 0.35084055  0.50093906 0.49190309 0.53208191 0.41533847
0.88013992 0.12431862 0.21869846 0.53518596 0.37752911 0.53604695  0.35702314 0.46035809 0.26502148 0.53196772 0.55928218 0.3785385  0.54907711 0.48268861 0.54704356 0.3673542 
0.88504129 0.10296867 0.21476543 0.58189845 0.40215112 0.57277877  0.37917052 0.48285967 0.25054673 0.51859284 0.5397111  0.36195943  0.55102823 0.49477334 0.58854699 0.35142699
0.88504129 0.10296867 0.21476543 0.58189845 0.40215112 0.57277877  0.37917052 0.48285967 0.25054673 0.51859284 0.5397111  0.36195943  0.55102823 0.49477334 0.58854699 0.35142699
0.88504129 0.10296867 0.21476543 0.58189845 0.40215112 0.57277877  0.37917052 0.48285967 0.25054673 0.51859284 0.5397111  0.36195943  0.55102823 0.49477334 0.58854699 0.35142699
0.88504129 0.10296867 0.21476543 0.58189845 0.40215112 0.57277877  0.37917052 0.48285967 0.25054673 0.51859284 0.5397111  0.36195943  0.55102823 0.49477334 0.58854699 0.35142699
0.88504129 0.10296867 0.21476543 0.58189845 0.40215112 0.57277877  0.37917052 0.48285967 0.25054673 0.51859284 0.5397111  0.36195943  0.55102823 0.49477334 0.58854699 0.35142699
0.88504129 0.10296867 0.21476543 0.58189845 0.40215112 0.57277877  0.37917052 0.48285967 0.25054673 0.51859284 0.5397111  0.36195943  0.55102823 0.49477334 0.58854699 0.35142699
0.88504129 0.10296867 0.21476543 0.58189845 0.40215112 0.57277877  0.37917052 0.48285967 0.25054673 0.51859284 0.5397111  0.36195943  0.55102823 0.49477334 0.58854699 0.35142699
0.88504129 0.10296867 0.21476543 0.58189845 0.40215112 0.57277877  0.37917052 0.48285967 0.25054673 0.51859284 0.5397111  0.36195943  0.55102823 0.49477334 0.58854699 0.35142699
0.88504129 0.10296867 0.21476543 0.58189845 0.40215112 0.57277877  0.37917052 0.48285967 0.25054673 0.51859284 0.5397111  0.36195943  0.55102823 0.49477334 0.58854699 0.35142699
0.88504129 0.10296867 0.21476543 0.58189845 0.40215112 0.57277877  0.37917052 0.48285967 0.25054673 0.51859284 0.5397111  0.36195943  0.55102823 0.49477334 0.58854699 0.35142699
0.8875859  0.09136891 0.21268763 0.61415372 0.42103263 0.59884822  0.4116736  0.50917702 0.27645095 0.49617197 0.49954634 0.38662447  0.52675947 0.52405064 0.57413377 0.29799208
0.8875859  0.09136891 0.21268763 0.61415372 0.42103263 0.59884822  0.4116736  0.50917702 0.27645095 0.49617197 0.49954634 0.38662447  0.52675947 0.52405064 0.57413377 0.29799208
0.8875859  0.09136891 0.21268763 0.61415372 0.42103263 0.59884822  0.4116736  0.50917702 0.27645095 0.49617197 0.49954634 0.38662447  0.52675947 0.52405064 0.57413377 0.29799208
0.8875859  0.09136891 0.21268763 0.61415372 0.42103263 0.59884822  0.4116736  0.50917702 0.27645095 0.49617197 0.49954634 0.38662447  0.52675947 0.52405064 0.57413377 0.29799208
0.8875859  0.09136891 0.21268763 0.61415372 0.42103263 0.59884822  0.4116736  0.50917702 0.27645095 0.49617197 0.49954634 0.38662447  0.52675947 0.52405064 0.57413377 0.29799208
0.8875859  0.09136891 0.21268763 0.61415372 0.42103263 0.59884822  0.4116736  0.50917702 0.27645095 0.49617197 0.49954634 0.38662447  0.52675947 0.52405064 0.57413377 0.29799208
0.8875859  0.09136891 0.21268763 0.61415372 0.42103263 0.59884822  0.4116736  0.50917702 0.27645095 0.49617197 0.49954634 0.38662447  0.52675947 0.52405064 0.57413377 0.29799208
0.88504129 0.10296867 0.21476543 0.58189845 0.40215112 0.57277877  0.37917052 0.48285967 0.25054673 0.51859284 0.5397111  0.36195943  0.55102823 0.49477334 0.58854699 0.35142699
0.88504129 0.10296867 0.21476543 0.58189845 0.40215112 0.57277877  0.37917052 0.48285967 0.25054673 0.51859284 0.5397111  0.36195943  0.55102823 0.49477334 0.58854699 0.35142699
0.88504129 0.10296867 0.21476543 0.58189845 0.40215112 0.57277877  0.37917052 0.48285967 0.25054673 0.51859284 0.5397111  0.36195943  0.55102823 0.49477334 0.58854699 0.35142699
0.88504129 0.10296867 0.21476543 0.58189845 0.40215112 0.57277877  0.37917052 0.48285967 0.25054673 0.51859284 0.5397111  0.36195943  0.55102823 0.49477334 0.58854699 0.35142699
0.88504129 0.10296867 0.21476543 0.58189845 0.40215112 0.57277877  0.37917052 0.48285967 0.25054673 0.51859284 0.5397111  0.36195943  0.55102823 0.49477334 0.58854699 0.35142699
0.86973916 0.12465766 0.18277251 0.51749235 0.41108689 0.55981166  0.35410087 0.47621456 0.27762652 0.50825209 0.52570585 0.33359999  0.52189645 0.40125334 0.6172476  0.39767421
0.85819308 0.13871049 0.1542101  0.48922763 0.43151197 0.58458826  0.34089862 0.47198414 0.31252607 0.45463726 0.48736447 0.3128968  0.50192043 0.39235146 0.55726796 0.46620186
0.82539735 0.18672888 0.08710908 0.39600949 0.49598271 0.63465216  0.33968131 0.47737634 0.40455491 0.34606922 0.31949681 0.23513844  0.4420573  0.31476159 0.586392   0.49921667
0.82539735 0.18672888 0.08710908 0.39600949 0.49598271 0.63465216  0.33968131 0.47737634 0.40455491 0.34606922 0.31949681 0.23513844  0.4420573  0.31476159 0.586392   0.49921667
0.82049598 0.20807883 0.0910421  0.349297   0.47136069 0.59792033  0.31753393 0.45487476 0.41902966 0.35944411 0.33906788 0.25171751  0.44010618 0.30267686 0.54488857 0.51514389
0.81266971 0.23760067 0.09264042 0.3029878  0.45107015 0.58237141  0.32014907 0.46107934 0.4585228  0.34359079 0.302254   0.30062854  0.44508033 0.27758841 0.56774538 0.43307798
0.79001064 0.27913007 0.07228302 0.2480601  0.4515048  0.5397939  0.36263135 0.44878549 0.54285378 0.30987918 0.33050194 0.34703956  0.45675016 0.25852277 0.62718329 0.43364893
0.76769654 0.33537389 0.06595799 0.20626566 0.44297681 0.52471727  0.40498715 0.40737165 0.61858456 0.29212274 0.33786555 0.39396336  0.56207908 0.34391204 0.55115864 0.42737922
0.72486374 0.44964493 0.0758341  0.15034145 0.38864994 0.50419423  0.45472319 0.32705401 0.64671617 0.32956741 0.3344754  0.48287323  0.67169821 0.41834055 0.44361576 0.42333596
0.67939017 0.5206706  0.06168551 0.18934975 0.40476315 0.50188673  0.54946782 0.2426526  0.64531163 0.33783083 0.36738681 0.49053679  0.70087938 0.5185523  0.56068491 0.43864641
0.66210193 0.53009608 0.04737255 0.20582606 0.43113082 0.46012609  0.58588894 0.21335801 0.66576282 0.3314285  0.4455944  0.48120594  0.65883775 0.53185857 0.61481044 0.43323704
0.58244955 0.63891525 0.05087603 0.32680677 0.43303835 0.47041291  0.65065014 0.1488357  0.54647652 0.41238904 0.43101044 0.49744041  0.55165864 0.54232772 0.67688632 0.40099669
0.5166401  0.69701091 0.06414541 0.41985801 0.43199132 0.42145725  0.64682673 0.17866024 0.46596863 0.42808381 0.44224017 0.49520736  0.3991682  0.51375548 0.60305745 0.35698642
0.45558977 0.78320972 0.08872944 0.48112756 0.41635323 0.4114504  0.67757403 0.38884842 0.36476694 0.42599686 0.57185598 0.4439544  0.30135427 0.41059173 0.53881325 0.35496487
0.36354748 0.74744553 0.11683547 0.56005567 0.44245927 0.29402741  0.5861526  0.42133675 0.31338216 0.41976014 0.45131688 0.46432003  0.29022914 0.35858617 0.45036765 0.36502115
0.36354748 0.74744553 0.11683547 0.56005567 0.44245927 0.29402741  0.5861526  0.42133675 0.31338216 0.41976014 0.45131688 0.46432003  0.29022914 0.35858617 0.45036765 0.36502115
0.28855788 0.67568081 0.14802833 0.55638299 0.46821564 0.19552742  0.58174669 0.46412674 0.23228544 0.40714085 0.30982269 0.48162591  0.39168041 0.36611064 0.43544225 0.42033749
0.25229952 0.66121099 0.17130394 0.58494079 0.45367105 0.20845196  0.50434458 0.49447062 0.25901816 0.39546771 0.26767964 0.48012754  0.44889309 0.34684362 0.38864068 0.44832378
0.21549659 0.62592376 0.19451631 0.58085393 0.44365987 0.22979655  0.46464246 0.49953742 0.30143955 0.40798082 0.24137275 0.49213153  0.50110489 0.36544507 0.42807503 0.49260791
0.14288369 0.55598284 0.24443377 0.55739658 0.41840489 0.27475266  0.42470265 0.53417862 0.33550881 0.37147326 0.24715229 0.46677591  0.61643602 0.35043163 0.31369544 0.50645803
0.1066886  0.5192832  0.26990593 0.54268417 0.40456641 0.31974235  0.38557783 0.54966614 0.42337763 0.37006716 0.30185953 0.45791138  0.66547709 0.40477406 0.39340476 0.51337685
0.1066886  0.5192832  0.26990593 0.54268417 0.40456641 0.31974235  0.38557783 0.54966614 0.42337763 0.37006716 0.30185953 0.45791138  0.66547709 0.40477406 0.39340476 0.51337685
0.03530472 0.41371177 0.32449245 0.44717499 0.36543573 0.42942868  0.4584486  0.49182641 0.42935187 0.38251683 0.3665383  0.45119726  0.57400726 0.38653202 0.39012683 0.47468522
0.03530472 0.41371177 0.32449245 0.44717499 0.36543573 0.42942868  0.4584486  0.49182641 0.42935187 0.38251683 0.3665383  0.45119726  0.57400726 0.38653202 0.39012683 0.47468522
0.03530472 0.41371177 0.32449245 0.44717499 0.36543573 0.42942868  0.4584486  0.49182641 0.42935187 0.38251683 0.3665383  0.45119726  0.57400726 0.38653202 0.39012683 0.47468522
0.01790387 0.3898545  0.33817562 0.42642862 0.35681041 0.46717525  0.46152885 0.47694295 0.46991849 0.39350101 0.41724602 0.4497633  0.51968443 0.43336993 0.49846349 0.44236435
0.01790387 0.3898545  0.33817562 0.42642862 0.35681041 0.46717525  0.46152885 0.47694295 0.46991849 0.39350101 0.41724602 0.4497633  0.51968443 0.43336993 0.49846349 0.44236435
0.00039479 0.36283831 0.35232302 0.39930133 0.34523319 0.50234819  0.48417291 0.45702496 0.47508945 0.39693445 0.45000532 0.44589633  0.47476172 0.42761975 0.50206904 0.41641874
0.00039479 0.36283831 0.35232302 0.39930133 0.34523319 0.50234819  0.48417291 0.45702496 0.47508945 0.39693445 0.45000532 0.44589633  0.47476172 0.42761975 0.50206904 0.41641874
0.00039479 0.36283831 0.35232302 0.39930133 0.34523319 0.50234819  0.48417291 0.45702496 0.47508945 0.39693445 0.45000532 0.44589633  0.47476172 0.42761975 0.50206904 0.41641874
0.00039479 0.36283831 0.35232302 0.39930133 0.34523319 0.50234819  0.48417291 0.45702496 0.47508945 0.39693445 0.45000532 0.44589633  0.47476172 0.42761975 0.50206904 0.41641874
0.00039479 0.36283831 0.35232302 0.39930133 0.34523319 0.50234819  0.48417291 0.45702496 0.47508945 0.39693445 0.45000532 0.44589633  0.47476172 0.42761975 0.50206904 0.41641874
0.00039479 0.36283831 0.35232302 0.39930133 0.34523319 0.50234819  0.48417291 0.45702496 0.47508945 0.39693445 0.45000532 0.44589633  0.47476172 0.42761975 0.50206904 0.41641874
0.00039479 0.36283831 0.35232302 0.39930133 0.34523319 0.50234819  0.48417291 0.45702496 0.47508945 0.39693445 0.45000532 0.44589633  0.47476172 0.42761975 0.50206904 0.41641874
0.00039479 0.36283831 0.35232302 0.39930133 0.34523319 0.50234819  0.48417291 0.45702496 0.47508945 0.39693445 0.45000532 0.44589633  0.47476172 0.42761975 0.50206904 0.41641874
0.00039479 0.36283831 0.35232302 0.39930133 0.34523319 0.50234819  0.48417291 0.45702496 0.47508945 0.39693445 0.45000532 0.44589633  0.47476172 0.42761975 0.50206904 0.41641874
0.00039479 0.36283831 0.35232302 0.39930133 0.34523319 0.50234819  0.48417291 0.45702496 0.47508945 0.39693445 0.45000532 0.44589633  0.47476172 0.42761975 0.50206904 0.41641874
0.00039479 0.36283831 0.35232302 0.39930133 0.34523319 0.50234819  0.48417291 0.45702496 0.47508945 0.39693445 0.45000532 0.44589633  0.47476172 0.42761975 0.50206904 0.41641874
