0.00039479 0.36283831 0.35232302 0.39930133 0.34523319 0.50234819  0.48417291 0.45702496 0.47508945 0.39693445 0.45000532 0.44589633  0.47476172 0.42761975 0.50206904 0.41641874
0.00039479 0.36283831 0.35232302 0.39930133 0.34523319 0.50234819  0.48417291 0.45702496 0.47508945 0.39693445 0.45000532 0.44589633  0.47476172 0.42761975 0.50206904 0.41641874
0.00039479 0.36283831 0.35232302 0.39930133 0.34523319 0.50234819  0.48417291 0.45702496 0.47508945 0.39693445 0.45000532 0.44589633  0.47476172 0.42761975 0.50206904 0.41641874
0.00039479 0.36283831 0.35232302 0.39930133 0.34523319 0.50234819  0.48417291 0.45702496 0.47508945 0.39693445 0.45000532 0.44589633  0.47476172 0.42761975 0.50206904 0.41641874
0.00039479 0.36283831 0.35232302 0.39930133 0.34523319 0.50234819  0.48417291 0.45702496 0.47508945 0.39693445 0.45000532 0.44589633  0.47476172 0.42761975 0.50206904 0.41641874
0.00039479 0.36283831 0.35232302 0.39930133 0.34523319 0.50234819  0.48417291 0.45702496 0.47508945 0.39693445 0.45000532 0.44589633  0.47476172 0.42761975 0.50206904 0.41641874
0.00039479 0.36283831 0.35232302 0.39930133 0.34523319 0.50234819  0.48417291 0.45702496 0.47508945 0.39693445 0.45000532 0.44589633  0.47476172 0.42761975 0.50206904 0.41641874
0.00039479 0.36283831 0.35232302 0.39930133 0.34523319 0.50234819  0.48417291 0.45702496 0.47508945 0.39693445 0.45000532 0.44589633  0.47476172 0.42761975 0.50206904 0.41641874
0.00039479 0.36283831 0.35232302 0.39930133 0.34523319 0.50234819  0.48417291 0.45702496 0.47508945 0.39693445 0.45000532 0.44589633  0.47476172 0.42761975 0.50206904 0.41641874
0.00039479 0.36283831 0.35232302 0.39930133 0.34523319 0.50234819  0.48417291 0.45702496 0.47508945 0.39693445 0.45000532 0.44589633  0.47476172 0.42761975 0.50206904 0.41641874
0.00039479 0.36283831 0.35232302 0.39930133 0.34523319 0.50234819  0.48417291 0.45702496 0.47508945 0.39693445 0.45000532 0.44589633  0.47476172 0.42761975 0.50206904 0.41641874
0.00039479 0.36283831 0.35232302 0.39930133 0.34523319 0.50234819  0.48417291 0.45702496 0.47508945 0.39693445 0.45000532 0.44589633  0.47476172 0.42761975 0.50206904 0.41641874
0.00039479 0.36283831 0.35232302 0.39930133 0.34523319 0.50234819  0.48417291 0.45702496 0.47508945 0.39693445 0.45000532 0.44589633  0.47476172 0.42761975 0.50206904 0.41641874
0.00039479 0.36283831 0.35232302 0.39930133 0.34523319 0.50234819  0.48417291 0.45702496 0.47508945 0.39693445 0.45000532 0.44589633  0.47476172 0.42761975 0.50206904 0.41641874
0.00039479 0.36283831 0.35232302 0.39930133 0.34523319 0.50234819  0.48417291 0.45702496 0.47508945 0.39693445 0.45000532 0.44589633  0.47476172 0.42761975 0.50206904 0.41641874
0.00039479 0.36283831 0.35232302 0.39930133 0.34523319 0.50234819  0.48417291 0.45702496 0.47508945 0.39693445 0.45000532 0.44589633  0.47476172 0.42761975 0.50206904 0.41641874
0.00039479 0.36283831 0.35232302 0.39930133 0.34523319 0.50234819  0.48417291 0.45702496 0.47508945 0.39693445 0.45000532 0.44589633  0.47476172 0.42761975 0.50206904 0.41641874
0.00039479 0.36283831 0.35232302 0.39930133 0.34523319 0.50234819  0.48417291 0.45702496 0.47508945 0.39693445 0.45000532 0.44589633  0.47476172 0.42761975 0.50206904 0.41641874
0.00039479 0.36283831 0.35232302 0.39930133 0.34523319 0.50234819  0.48417291 0.45702496 0.47508945 0.39693445 0.45000532 0.44589633  0.47476172 0.42761975 0.50206904 0.41641874
0.00039479 0.36283831 0.35232302 0.39930133 0.34523319 0.50234819  0.48417291 0.45702496 0.47508945 0.39693445 0.45000532 0.44589633  0.47476172 0.42761975 0.50206904 0.41641874
0.00039479 0.36283831 0.35232302 0.39930133 0.34523319 0.50234819  0.48417291 0.45702496 0.47508945 0.39693445 0.45000532 0.44589633  0.47476172 0.42761975 0.50206904 0.41641874
0.00039479 0.36283831 0.35232302 0.39930133 0.34523319 0.50234819  0.48417291 0.45702496 0.47508945 0.39693445 0.45000532 0.44589633  0.47476172 0.42761975 0.50206904 0.41641874
0.00039479 0.36283831 0.35232302 0.39930133 0.34523319 0.50234819  0.48417291 0.45702496 0.47508945 0.39693445 0.45000532 0.44589633  0.47476172 0.42761975 0.50206904 0.41641874
0.00039479 0.36283831 0.35232302 0.39930133 0.34523319 0.50234819  0.48417291 0.45702496 0.47508945 0.39693445 0.45000532 0.44589633  0.47476172 0.42761975 0.50206904 0.41641874
0.00039479 0.36283831 0.35232302 0.39930133 0.34523319 0.50234819  0.48417291 0.45702496 0.47508945 0.39693445 0.45000532 0.44589633  0.47476172 0.42761975 0.50206904 0.41641874
0.00039479 0.36283831 0.35232302 0.39930133 0.34523319 0.50234819  0.48417291 0.45702496 0.47508945 0.39693445 0.45000532 0.44589633  0.47476172 0.42761975 0.50206904 0.41641874
0.00039479 0.36283831 0.35232302 0.39930133 0.34523319 0.50234819  0.48417291 0.45702496 0.47508945 0.39693445 0.45000532 0.44589633  0.47476172 0.42761975 0.50206904 0.41641874
0.00039479 0.36283831 0.35232302 0.39930133 0.34523319 0.50234819  0.48417291 0.45702496 0.47508945 0.39693445 0.45000532 0.44589633  0.47476172 0.42761975 0.50206904 0.41641874
0.00039479 0.36283831 0.35232302 0.39930133 0.34523319 0.50234819  0.48417291 0.45702496 0.47508945 0.39693445 0.45000532 0.44589633  0.47476172 0.42761975 0.50206904 0.41641874
0.00039479 0.36283831 0.35232302 0.39930133 0.34523319 0.50234819  0.48417291 0.45702496 0.47508945 0.39693445 0.45000532 0.44589633  0.47476172 0.42761975 0.50206904 0.41641874
0.00039479 0.36283831 0.35232302 0.39930133 0.34523319 0.50234819  0.48417291 0.45702496 0.47508945 0.39693445 0.45000532 0.44589633  0.47476172 0.42761975 0.50206904 0.41641874
0.00039479 0.36283831 0.35232302 0.39930133 0.34523319 0.50234819  0.48417291 0.45702496 0.47508945 0.39693445 0.45000532 0.44589633  0.47476172 0.42761975 0.50206904 0.41641874
0.00039479 0.36283831 0.35232302 0.39930133 0.34523319 0.50234819  0.48417291 0.45702496 0.47508945 0.39693445 0.45000532 0.44589633  0.47476172 0.42761975 0.50206904 0.41641874
0.00039479 0.36283831 0.35232302 0.39930133 0.34523319 0.50234819  0.48417291 0.45702496 0.47508945 0.39693445 0.45000532 0.44589633  0.47476172 0.42761975 0.50206904 0.41641874
0.00039479 0.36283831 0.35232302 0.39930133 0.34523319 0.50234819  0.48417291 0.45702496 0.47508945 0.39693445 0.45000532 0.44589633  0.47476172 0.42761975 0.50206904 0.41641874
0.00039479 0.36283831 0.35232302 0.39930133 0.34523319 0.50234819  0.48417291 0.45702496 0.47508945 0.39693445 0.45000532 0.44589633  0.47476172 0.42761975 0.50206904 0.41641874
0.00039479 0.36283831 0.35232302 0.39930133 0.34523319 0.50234819  0.48417291 0.45702496 0.47508945 0.39693445 0.45000532 0.44589633  0.47476172 0.42761975 0.50206904 0.41641874
0.00039479 0.36283831 0.35232302 0.39930133 0.34523319 0.50234819  0.48417291 0.45702496 0.47508945 0.39693445 0.45000532 0.44589633  0.47476172 0.42761975 0.50206904 0.41641874
0.00039479 0.36283831 0.35232302 0.39930133 0.34523319 0.50234819  0.48417291 0.45702496 0.47508945 0.39693445 0.45000532 0.44589633  0.47476172 0.42761975 0.50206904 0.41641874
0.00039479 0.36283831 0.35232302 0.39930133 0.34523319 0.50234819  0.48417291 0.45702496 0.47508945 0.39693445 0.45000532 0.44589633  0.47476172 0.42761975 0.50206904 0.41641874
0.00039479 0.36283831 0.35232302 0.39930133 0.34523319 0.50234819  0.48417291 0.45702496 0.47508945 0.39693445 0.45000532 0.44589633  0.47476172 0.42761975 0.50206904 0.41641874
0.00039479 0.36283831 0.35232302 0.39930133 0.34523319 0.50234819  0.48417291 0.45702496 0.47508945 0.39693445 0.45000532 0.44589633  0.47476172 0.42761975 0.50206904 0.41641874
0.00039479 0.36283831 0.35232302 0.39930133 0.34523319 0.50234819  0.48417291 0.45702496 0.47508945 0.39693445 0.45000532 0.44589633  0.47476172 0.42761975 0.50206904 0.41641874
0.00039479 0.36283831 0.35232302 0.39930133 0.34523319 0.50234819  0.48417291 0.45702496 0.47508945 0.39693445 0.45000532 0.44589633  0.47476172 0.42761975 0.50206904 0.41641874
0.00039479 0.36283831 0.35232302 0.39930133 0.34523319 0.50234819  0.48417291 0.45702496 0.47508945 0.39693445 0.45000532 0.44589633  0.47476172 0.42761975 0.50206904 0.41641874
0.00039479 0.36283831 0.35232302 0.39930133 0.34523319 0.50234819  0.48417291 0.45702496 0.47508945 0.39693445 0.45000532 0.44589633  0.47476172 0.42761975 0.50206904 0.41641874
0.00039479 0.36283831 0.35232302 0.39930133 0.34523319 0.50234819  0.48417291 0.45702496 0.47508945 0.39693445 0.45000532 0.44589633  0.47476172 0.42761975 0.50206904 0.41641874
0.00039479 0.36283831 0.35232302 0.39930133 0.34523319 0.50234819  0.48417291 0.45702496 0.47508945 0.39693445 0.45000532 0.44589633  0.47476172 0.42761975 0.50206904 0.41641874
0.00039479 0.36283831 0.35232302 0.39930133 0.34523319 0.50234819  0.48417291 0.45702496 0.47508945 0.39693445 0.45000532 0.44589633  0.47476172 0.42761975 0.50206904 0.41641874
0.00039479 0.36283831 0.35232302 0.39930133 0.34523319 0.50234819  0.48417291 0.45702496 0.47508945 0.39693445 0.45000532 0.44589633  0.47476172 0.42761975 0.50206904 0.41641874
0.00039479 0.36283831 0.35232302 0.39930133 0.34523319 0.50234819  0.48417291 0.45702496 0.47508945 0.39693445 0.45000532 0.44589633  0.47476172 0.42761975 0.50206904 0.41641874
0.00039479 0.36283831 0.35232302 0.39930133 0.34523319 0.50234819  0.48417291 0.45702496 0.47508945 0.39693445 0.45000532 0.44589633  0.47476172 0.42761975 0.50206904 0.41641874
0.00039479 0.36283831 0.35232302 0.39930133 0.34523319 0.50234819  0.48417291 0.45702496 0.47508945 0.39693445 0.45000532 0.44589633  0.47476172 0.42761975 0.50206904 0.41641874
0.00039479 0.36283831 0.35232302 0.39930133 0.34523319 0.50234819  0.48417291 0.45702496 0.47508945 0.39693445 0.45000532 0.44589633  0.47476172 0.42761975 0.50206904 0.41641874
0.00039479 0.36283831 0.35232302 0.39930133 0.34523319 0.50234819  0.48417291 0.45702496 0.47508945 0.39693445 0.45000532 0.44589633  0.47476172 0.42761975 0.50206904 0.41641874
0.00039479 0.36283831 0.35232302 0.39930133 0.34523319 0.50234819  0.48417291 0.45702496 0.47508945 0.39693445 0.45000532 0.44589633  0.47476172 0.42761975 0.50206904 0.41641874
0.00039479 0.36283831 0.35232302 0.39930133 0.34523319 0.50234819  0.48417291 0.45702496 0.47508945 0.39693445 0.45000532 0.44589633  0.47476172 0.42761975 0.50206904 0.41641874
0.00039479 0.36283831 0.35232302 0.39930133 0.34523319 0.50234819  0.48417291 0.45702496 0.47508945 0.39693445 0.45000532 0.44589633  0.47476172 0.42761975 0.50206904 0.41641874
0.00046627 0.36389632 0.35301649 0.39770939 0.3510354  0.50531441  0.48031266 0.45959012 0.471183   0.39620388 0.45878789 0.4658559  0.46705657 0.41845234 0.50735037 0.44124774
0.03532797 0.41791764 0.32506814 0.45188803 0.37434987 0.43865763  0.4309996  0.50013705 0.47261907 0.39047452 0.40498322 0.47300586  0.54986827 0.44649854 0.53250868 0.48579377
0.05364344 0.4437081  0.31195719 0.47213211 0.3818385  0.42172145  0.4168675  0.50700862 0.48099974 0.38940848 0.41298631 0.47181169  0.53692477 0.45805562 0.55762508 0.4729662 
0.36709052 0.78362926 0.1517257  0.61083731 0.3558815  0.54944924  0.33578909 0.42436077 0.60502457 0.46823857 0.51612605 0.50512219  0.32522772 0.40718593 0.50876938 0.53331184
0.47735145 0.81401296 0.14369058 0.51275312 0.28782854 0.71461449  0.41499683 0.43405183 0.54081841 0.43815544 0.52759421 0.47341291  0.39754427 0.34726786 0.30250379 0.49587277
0.52978005 0.78400539 0.13100652 0.40436063 0.29437331 0.69809924  0.5337873  0.50452495 0.45788027 0.41885025 0.48973123 0.47465702  0.51178677 0.37015875 0.33247074 0.56873685
0.61460824 0.70750451 0.12708358 0.24138014 0.28935353 0.66454962  0.63705157 0.62756359 0.39670913 0.41824731 0.40793812 0.47210965  0.6081033  0.42307527 0.4646069  0.57512293
0.675219   0.60713139 0.14452369 0.18582363 0.27210353 0.62411579  0.54500584 0.58197068 0.41212533 0.44907495 0.23632934 0.53613411  0.54705888 0.5069038  0.55974783 0.52537492
0.73361402 0.48758572 0.15019776 0.11857388 0.27341336 0.52138606  0.44497704 0.6755567  0.49110043 0.40767756 0.28246491 0.52661558  0.4023992  0.45332337 0.5979695  0.45562136
0.78364477 0.369903   0.15003227 0.15163305 0.29740812 0.45801208  0.34363117 0.50570287 0.5159148  0.42733424 0.32538121 0.54020241  0.4035344  0.36746336 0.49103908 0.33244305
0.80810094 0.32956696 0.177242   0.17572889 0.28557861 0.41708067  0.30862034 0.44460803 0.51903947 0.42567364 0.3891754  0.56060476  0.44447071 0.3850765  0.39194304 0.26192277
0.81724862 0.33505953 0.2145163  0.19349464 0.26222504 0.40635671  0.3086657  0.41683297 0.50937591 0.3977997  0.40572718 0.57495266  0.48091997 0.42973289 0.36145758 0.27949235
0.82507489 0.3055377  0.21291798 0.23980384 0.28251559 0.42190564  0.30605056 0.41062839 0.46988277 0.41365301 0.44254106 0.52604163  0.47594581 0.45482134 0.33860076 0.36155826
0.83228205 0.27737331 0.21013531 0.28691048 0.30615443 0.44755702  0.3083377  0.41263379 0.43611044 0.42862429 0.45659605 0.47458049  0.47019948 0.48164831 0.33518624 0.42926657
0.84765464 0.21741131 0.19669604 0.37495222 0.35809288 0.51126378  0.29456922 0.40683751 0.34359809 0.41729915 0.47073553 0.36470741  0.50003583 0.43705361 0.43004794 0.47643681
0.85602972 0.1920518  0.20379735 0.41210031 0.34686431 0.4865804  0.30808573 0.41077472 0.34881264 0.47171272 0.5691985  0.39609914  0.51278877 0.45367085 0.39125859 0.55870103
0.85602972 0.1920518  0.20379735 0.41210031 0.34686431 0.4865804  0.30808573 0.41077472 0.34881264 0.47171272 0.5691985  0.39609914  0.51278877 0.45367085 0.39125859 0.55870103
0.85602972 0.1920518  0.20379735 0.41210031 0.34686431 0.4865804  0.30808573 0.41077472 0.34881264 0.47171272 0.5691985  0.39609914  0.51278877 0.45367085 0.39125859 0.55870103
0.85602972 0.1920518  0.20379735 0.41210031 0.34686431 0.4865804  0.30808573 0.41077472 0.34881264 0.47171272 0.5691985  0.39609914  0.51278877 0.45367085 0.39125859 0.55870103
0.83850696 0.21191873 0.15942175 0.35718647 0.38144646 0.52198773  0.29452385 0.43461256 0.35326165 0.4451731  0.45418375 0.35035951  0.46358658 0.39239723 0.46053341 0.45886723
0.83850696 0.21191873 0.15942175 0.35718647 0.38144646 0.52198773  0.29452385 0.43461256 0.35326165 0.4451731  0.45418375 0.35035951  0.46358658 0.39239723 0.46053341 0.45886723
0.83850696 0.21191873 0.15942175 0.35718647 0.38144646 0.52198773  0.29452385 0.43461256 0.35326165 0.4451731  0.45418375 0.35035951  0.46358658 0.39239723 0.46053341 0.45886723
0.81480204 0.23155627 0.09727796 0.3043081  0.44163485 0.55823456  0.30018436 0.44325479 0.43577639 0.37514102 0.36791366 0.28705789  0.43346598 0.29792015 0.47988982 0.53047563
0.79215722 0.31910008 0.10777139 0.16629558 0.37252552 0.48737338  0.30736745 0.44750364 0.55797312 0.34979707 0.30291232 0.44142239  0.43131625 0.2682351  0.46723133 0.35357067
0.7542414  0.38895574 0.07952069 0.11783172 0.38649245 0.45098562  0.39455098 0.40149828 0.67891237 0.31366416 0.36670431 0.48518449  0.53847275 0.36151965 0.43022801 0.42267147
0.70914496 0.47496259 0.06898187 0.17668195 0.39454607 0.51823203  0.47714359 0.25442244 0.64989203 0.31261145 0.34800744 0.47322221  0.72677195 0.44052888 0.42289362 0.41125976
0.63297619 0.59153558 0.05348946 0.24158776 0.41223229 0.50479612  0.63476359 0.20349309 0.60422963 0.37165934 0.41605394 0.49302748  0.68238069 0.59190425 0.62759022 0.45622864
0.52906469 0.78820068 0.09336626 0.38841304 0.34732777 0.60797626  0.70061735 0.39068725 0.41489499 0.43795197 0.56221965 0.44478585  0.48337353 0.40582652 0.48947905 0.4686588 
0.49279506 0.79883281 0.08948759 0.4538334  0.37477935 0.53766039  0.67361769 0.34105092 0.40775879 0.46182159 0.56147453 0.45894149  0.33910793 0.39120822 0.51804061 0.41814157
0.4190961  0.78594906 0.09731725 0.54198473 0.42438664 0.36823846  0.61217763 0.38716247 0.34998388 0.44014661 0.51130932 0.46095869  0.23456838 0.38721613 0.52727773 0.34660798
0.36587227 0.79504554 0.12960758 0.63436296 0.39705116 0.40951031  0.40342744 0.45029915 0.51109971 0.41625263 0.55231562 0.43837353  0.27097683 0.39454007 0.51246217 0.31853074
0.32828533 0.76763445 0.13787814 0.64709288 0.42596792 0.31026171  0.39711911 0.50811761 0.46795564 0.37949602 0.51765635 0.42820043  0.32184623 0.41251202 0.50381303 0.29975061
0.3473531  0.78052536 0.13249051 0.63356182 0.4144403  0.34998594  0.41787634 0.49011543 0.48206749 0.3709127  0.57415294 0.41392916  0.31551688 0.40074596 0.45783766 0.2792465 
0.36587227 0.79504554 0.12960758 0.63436296 0.39705116 0.40951031  0.40342744 0.45029915 0.51109971 0.41625263 0.55231562 0.43837353  0.27097683 0.39454007 0.51246217 0.31853074
0.42165265 0.81373267 0.12417337 0.57712905 0.35414627 0.55237416  0.45013075 0.40473574 0.541394   0.43271315 0.60551598 0.42969986  0.29442039 0.37982966 0.46041851 0.35598421
0.42165265 0.81373267 0.12417337 0.57712905 0.35414627 0.55237416  0.45013075 0.40473574 0.541394   0.43271315 0.60551598 0.42969986  0.29442039 0.37982966 0.46041851 0.35598421
0.49303488 0.79925958 0.09535686 0.45348135 0.36242311 0.55936447  0.64847414 0.37819007 0.42004947 0.44379981 0.57325392 0.4478307  0.37226555 0.38284866 0.4679376  0.43524584
0.54644978 0.77232352 0.09582484 0.34712351 0.34185412 0.61325183  0.71214736 0.45680348 0.41778916 0.41562658 0.56980044 0.43204295  0.55008453 0.4215556  0.49818758 0.48664996
0.54644978 0.77232352 0.09582484 0.34712351 0.34185412 0.61325183  0.71214736 0.45680348 0.41778916 0.41562658 0.56980044 0.43204295  0.55008453 0.4215556  0.49818758 0.48664996
0.56324047 0.75110964 0.09211211 0.30418254 0.34843496 0.59677457  0.7318537  0.49777815 0.44141285 0.39386804 0.58813656 0.42747788  0.60811379 0.45263783 0.56700873 0.50068664
0.56324047 0.75110964 0.09211211 0.30418254 0.34843496 0.59677457  0.7318537  0.49777815 0.44141285 0.39386804 0.58813656 0.42747788  0.60811379 0.45263783 0.56700873 0.50068664
0.56324047 0.75110964 0.09211211 0.30418254 0.34843496 0.59677457  0.7318537  0.49777815 0.44141285 0.39386804 0.58813656 0.42747788  0.60811379 0.45263783 0.56700873 0.50068664
0.56324047 0.75110964 0.09211211 0.30418254 0.34843496 0.59677457  0.7318537  0.49777815 0.44141285 0.39386804 0.58813656 0.42747788  0.60811379 0.45263783 0.56700873 0.50068664
0.54644978 0.77232352 0.09582484 0.34712351 0.34185412 0.61325183  0.71214736 0.45680348 0.41778916 0.41562658 0.56980044 0.43204295  0.55008453 0.4215556  0.49818758 0.48664996
0.51063446 0.78752363 0.0882966  0.41029067 0.37272032 0.54616975  0.70739643 0.38563215 0.40662178 0.43244602 0.58982791 0.44134334  0.41918407 0.42158995 0.52790212 0.43021969
0.51063446 0.78752363 0.0882966  0.41029067 0.37272032 0.54616975  0.70739643 0.38563215 0.40662178 0.43244602 0.58982791 0.44134334  0.41918407 0.42158995 0.52790212 0.43021969
0.49303488 0.79925958 0.09535686 0.45348135 0.36242311 0.55936447  0.64847414 0.37819007 0.42004947 0.44379981 0.57325392 0.4478307  0.37226555 0.38284866 0.4679376  0.43524584
0.47519548 0.81056876 0.09654784 0.49702408 0.36448215 0.55085511  0.61469541 0.33360884 0.42118648 0.47317538 0.54490054 0.46542886  0.29218941 0.35246694 0.45807609 0.42316772
0.47519548 0.81056876 0.09654784 0.49702408 0.36448215 0.55085511  0.61469541 0.33360884 0.42118648 0.47317538 0.54490054 0.46542886  0.29218941 0.35246694 0.45807609 0.42316772
0.47519548 0.81056876 0.09654784 0.49702408 0.36448215 0.55085511  0.61469541 0.33360884 0.42118648 0.47317538 0.54490054 0.46542886  0.29218941 0.35246694 0.45807609 0.42316772
0.47519548 0.81056876 0.09654784 0.49702408 0.36448215 0.55085511  0.61469541 0.33360884 0.42118648 0.47317538 0.54490054 0.46542886  0.29218941 0.35246694 0.45807609 0.42316772
0.51146511 0.79993663 0.10042651 0.43160372 0.33703057 0.62117098  0.64169506 0.38324518 0.42832268 0.44930576 0.54564566 0.45127321  0.43645501 0.36708524 0.42951453 0.47368495
0.52906469 0.78820068 0.09336626 0.38841304 0.34732777 0.60797626  0.70061735 0.39068725 0.41489499 0.43795197 0.56221965 0.44478585  0.48337353 0.40582652 0.48947905 0.4686588 
0.63907978 0.91356774 0.5825835  0.27939183 0.74288549 0.660295  0.60533503 0.3398661  0.30474275 0.26270952 0.53503446 0.39645816  0.58707884 0.43902764 0.47118816 0.37616045
0.70139173 0.86325487 0.63151875 0.24125014 0.61863556 0.69648091  0.56971518 0.41903938 0.26636598 0.26203962 0.39841974 0.39043524  0.76665758 0.51219119 0.41325509 0.34225107
0.73648693 0.85387051 0.75637133 0.32647596 0.48250669 0.53778835  0.74212787 0.42061972 0.47034209 0.46705867 0.31052701 0.19703988  0.75978313 0.49527454 0.45713577 0.31239955
0.71876353 0.81139773 0.64422277 0.32343172 0.41509422 0.51119688  0.77219782 0.50577338 0.52310685 0.73017166 0.31488493 0.16801422  0.73233439 0.55020902 0.35875648 0.25641341
0.73415791 0.70906443 0.52128252 0.31076287 0.28879627 0.4499144  0.77574423 0.42004035 0.60397823 0.77997073 0.20629527 0.25226312  0.7293779  0.74819843 0.39863592 0.37926456
0.72771812 0.57210038 0.27845334 0.23738529 0.24551074 0.49630748  0.63213163 0.50441251 0.56460633 0.65629144 0.23464112 0.44956767  0.64452283 0.55750131 0.53948163 0.4622211 
0.65574972 0.61333499 0.10305842 0.20454064 0.32535135 0.61884952  0.59437775 0.42497417 0.48240198 0.42606967 0.25921079 0.5123825  0.70131928 0.52056371 0.59949855 0.50593341
0.60529695 0.66486731 0.07994305 0.28928144 0.36294134 0.58768724  0.64013795 0.2599392  0.5030284  0.42959626 0.34723865 0.50823813  0.64374236 0.54312677 0.61383458 0.47619712
0.46403836 0.68640704 0.09021085 0.43513468 0.42920663 0.42715352  0.66497247 0.20508743 0.36756898 0.44933942 0.38320005 0.4936615  0.42116974 0.41317419 0.4965549  0.39981279
0.37481529 0.65954641 0.11483854 0.4716323  0.46870161 0.28210901  0.6845332  0.33012573 0.23759872 0.40313122 0.36662347 0.46477963  0.41521059 0.34161097 0.43252793 0.35858527
0.30782591 0.68036147 0.15082406 0.53008895 0.43664356 0.29835709  0.60030959 0.40290126 0.2580781  0.44088302 0.33660863 0.48905002  0.34330351 0.32575646 0.38790007 0.44252845
0.17773884 0.5469898  0.21754118 0.49908751 0.44819732 0.22423806  0.57135456 0.47063047 0.21661797 0.42065612 0.17952838 0.50908626  0.55624449 0.35859904 0.40042916 0.5475571 
0.12389271 0.51646198 0.25595428 0.51912394 0.41864387 0.28944215  0.45905956 0.50944181 0.33868233 0.40246293 0.22806237 0.48949654  0.63293245 0.38155414 0.40480166 0.55617165
0.07057186 0.4363202  0.29688016 0.44476643 0.38823898 0.36908819  0.52491791 0.46269653 0.31979163 0.40788175 0.2630435  0.48417518  0.57287142 0.33420379 0.33510928 0.53324894
0.05336775 0.43914143 0.31083182 0.46832666 0.37416152 0.39938838  0.45143619 0.50292086 0.40448693 0.37548598 0.33684065 0.45259001  0.60541605 0.3574237  0.32371238 0.49045415
0.01779563 0.38669558 0.33863985 0.42004769 0.35385851 0.46460162  0.48109267 0.47190843 0.43452283 0.38595027 0.3992976  0.44733029  0.52908455 0.38078184 0.39373238 0.44873962
0.01779563 0.38669558 0.33863985 0.42004769 0.35385851 0.46460162  0.48109267 0.47190843 0.43452283 0.38595027 0.3992976  0.44733029  0.52908455 0.38078184 0.39373238 0.44873962
0.01779563 0.38669558 0.33863985 0.42004769 0.35385851 0.46460162  0.48109267 0.47190843 0.43452283 0.38595027 0.3992976  0.44733029  0.52908455 0.38078184 0.39373238 0.44873962
0.01779563 0.38669558 0.33863985 0.42004769 0.35385851 0.46460162  0.48109267 0.47190843 0.43452283 0.38595027 0.3992976  0.44733029  0.52908455 0.38078184 0.39373238 0.44873962
0.00039479 0.36283831 0.35232302 0.39930133 0.34523319 0.50234819  0.48417291 0.45702496 0.47508945 0.39693445 0.45000532 0.44589633  0.47476172 0.42761975 0.50206904 0.41641874
0.00039479 0.36283831 0.35232302 0.39930133 0.34523319 0.50234819  0.48417291 0.45702496 0.47508945 0.39693445 0.45000532 0.44589633  0.47476172 0.42761975 0.50206904 0.41641874
0.00039479 0.36283831 0.35232302 0.39930133 0.34523319 0.50234819  0.48417291 0.45702496 0.47508945 0.39693445 0.45000532 0.44589633  0.47476172 0.42761975 0.50206904 0.41641874
0.00039479 0.36283831 0.35232302 0.39930133 0.34523319 0.50234819  0.48417291 0.45702496 0.47508945 0.39693445 0.45000532 0.44589633  0.47476172 0.42761975 0.50206904 0.41641874
0.00039479 0.36283831 0.35232302 0.39930133 0.34523319 0.50234819  0.48417291 0.45702496 0.47508945 0.39693445 0.45000532 0.44589633  0.47476172 0.42761975 0.50206904 0.41641874
0.00039479 0.36283831 0.35232302 0.39930133 0.34523319 0.50234819  0.48417291 0.45702496 0.47508945 0.39693445 0.45000532 0.44589633  0.47476172 0.42761975 0.50206904 0.41641874
0.00039479 0.36283831 0.35232302 0.39930133 0.34523319 0.50234819  0.48417291 0.45702496 0.47508945 0.39693445 0.45000532 0.44589633  0.47476172 0.42761975 0.50206904 0.41641874
0.00039479 0.36283831 0.35232302 0.39930133 0.34523319 0.50234819  0.48417291 0.45702496 0.47508945 0.39693445 0.45000532 0.44589633  0.47476172 0.42761975 0.50206904 0.41641874
0.00039479 0.36283831 0.35232302 0.39930133 0.34523319 0.50234819  0.48417291 0.45702496 0.47508945 0.39693445 0.45000532 0.44589633  0.47476172 0.42761975 0.50206904 0.41641874
0.00039479 0.36283831 0.35232302 0.39930133 0.34523319 0.50234819  0.48417291 0.45702496 0.47508945 0.39693445 0.45000532 0.44589633  0.47476172 0.42761975 0.50206904 0.41641874
0.00039479 0.36283831 0.35232302 0.39930133 0.34523319 0.50234819  0.48417291 0.45702496 0.47508945 0.39693445 0.45000532 0.44589633  0.47476172 0.42761975 0.50206904 0.41641874
0.00039479 0.36283831 0.35232302 0.39930133 0.34523319 0.50234819  0.48417291 0.45702496 0.47508945 0.39693445 0.45000532 0.44589633  0.47476172 0.42761975 0.50206904 0.41641874
0.01804755 0.39018449 0.33830903 0.42636341 0.35641219 0.47112218  0.45911565 0.47626972 0.47899245 0.39487759 0.42806648 0.44912887  0.50987727 0.441117   0.51788115 0.43356859
0.10663576 0.51871013 0.27094966 0.54157859 0.40127079 0.33183969  0.37758862 0.5497827  0.44588136 0.37796843 0.31336073 0.46103582  0.65335276 0.42065754 0.44179746 0.51834321
0.17970232 0.61959714 0.21869017 0.61910921 0.42942908 0.25407412  0.33606584 0.58022072 0.43427376 0.36237969 0.30236389 0.4575465  0.6699546  0.40909255 0.40348944 0.49656385
0.25362266 0.70256609 0.18482363 0.66246777 0.40909105 0.34053395  0.26702365 0.537296   0.56109019 0.43710162 0.35366713 0.48641006  0.52144646 0.46612482 0.65062712 0.49197549
0.27243931 0.72387382 0.1746613  0.66889946 0.40761491 0.35440753  0.26636015 0.52868382 0.58611048 0.43579475 0.40812218 0.47633106  0.47143609 0.4731741  0.6657523  0.45352979
0.27243931 0.72387382 0.1746613  0.66889946 0.40761491 0.35440753  0.26636015 0.52868382 0.58611048 0.43579475 0.40812218 0.47633106  0.47143609 0.4731741  0.6657523  0.45352979
0.25398786 0.70045311 0.18607119 0.65394305 0.4055357  0.35554732  0.28308907 0.52186118 0.55387345 0.4392664  0.37139526 0.4835594  0.4858953  0.44201649 0.61520898 0.48605022
0.23546869 0.68593294 0.18895413 0.6531419  0.42292483 0.29602295  0.29753797 0.56167746 0.52484122 0.39392647 0.39323258 0.45911503  0.53043535 0.44822238 0.56058447 0.44676599
0.19944164 0.63352496 0.21643453 0.60607192 0.40499669 0.35285804  0.33064741 0.53093603 0.53668938 0.40610678 0.4299255  0.45798906  0.46804963 0.45374929 0.59911536 0.43375757
0.12531032 0.54392712 0.2592689  0.55833351 0.40427663 0.33912103  0.35332958 0.5513298  0.50700873 0.38355221 0.3818818  0.45371021  0.58412218 0.48971089 0.58769544 0.46292324
0.08964684 0.49485247 0.28501929 0.51844865 0.3914583  0.38170643  0.37853114 0.52945821 0.51669095 0.38770116 0.41308523 0.45034598  0.55486718 0.50910823 0.62252298 0.43846357
0.05387211 0.44299114 0.31105068 0.47373478 0.37547805 0.41901305  0.42233949 0.50305928 0.48220216 0.39037811 0.40331027 0.45180168  0.54185647 0.45842427 0.53939201 0.44668663
0.07844288 0.50088336 0.47195419 0.42096467 0.52646405 0.34472948  0.52744314 0.53557065 0.72880152 0.67516826 0.23626817 0.144583  0.52939691 0.47037361 0.4272707  0.38121965
0.13062534 0.43857728 0.61625372 0.51313469 0.41283121 0.37921611  0.55945718 0.47649358 0.70328982 0.82629737 0.23432001 0.23984426  0.68913661 0.37290572 0.45142127 0.28363713
0.1561773  0.47272253 0.63924483 0.55126321 0.4137299  0.34163832  0.55467599 0.46529489 0.71805993 0.76578951 0.2177242  0.23245412  0.72549272 0.34550708 0.49438007 0.30455858
0.13733736 0.44447099 0.64828974 0.52030386 0.38887544 0.36060631  0.59076387 0.46972273 0.74664152 0.83413233 0.2291416  0.20862584  0.62677239 0.3743505  0.42163818 0.31610736
0.10195496 0.39049801 0.67704621 0.47131941 0.36969422 0.41960685  0.63751744 0.43717942 0.7590918  0.84567016 0.26829446 0.20513365  0.55851134 0.35625763 0.41518261 0.29526628
0.10935367 0.39804022 0.7134877  0.48586563 0.36157033 0.40753449  0.65105652 0.410838   0.76960144 0.78696943 0.26108889 0.19803144  0.57397807 0.32313143 0.45715074 0.31455193
0.10910879 0.39845997 0.71253266 0.48406747 0.36036314 0.40883257  0.64594944 0.40888866 0.75946747 0.78305165 0.26379917 0.19751976  0.57634584 0.32865278 0.46464709 0.30902076
0.0908005  0.38933209 0.71121393 0.4898064  0.38217471 0.33820185  0.6629231  0.4475153  0.7327164  0.74231337 0.29967432 0.17509913  0.57610817 0.33167576 0.440004   0.25977335
0.08583027 0.45077544 0.75461155 0.39987712 0.49960621 0.39729764  0.58897385 0.42828434 0.67902094 0.63459774 0.23081515 0.10117808  0.49532994 0.42785819 0.37732839 0.23887649
0.05534338 0.49885398 0.71760937 0.3092889  0.66810089 0.44635462  0.56075074 0.42399155 0.68994658 0.48836746 0.2582067  0.126968  0.34739689 0.42888988 0.46231663 0.37819626
0.04047236 0.48474063 0.64070879 0.29694076 0.67995134 0.51759473  0.47656456 0.41252834 0.53884667 0.39330817 0.3170801  0.22266841  0.42367567 0.45785001 0.47370502 0.29073955
0.00997895 0.40799868 0.44498515 0.33342397 0.55720357 0.54805172  0.435922   0.45611516 0.4463074  0.43520615 0.46146967 0.45486222  0.48591213 0.44156232 0.48208312 0.33067684
0.00039479 0.36283831 0.35232302 0.39930133 0.34523319 0.50234819  0.48417291 0.45702496 0.47508945 0.39693445 0.45000532 0.44589633  0.47476172 0.42761975 0.50206904 0.41641874
0.00039479 0.36283831 0.35232302 0.39930133 0.34523319 0.50234819  0.48417291 0.45702496 0.47508945 0.39693445 0.45000532 0.44589633  0.47476172 0.42761975 0.50206904 0.41641874
0.00039479 0.36283831 0.35232302 0.39930133 0.34523319 0.50234819  0.48417291 0.45702496 0.47508945 0.39693445 0.45000532 0.44589633  0.47476172 0.42761975 0.50206904 0.41641874
0.00039479 0.36283831 0.35232302 0.39930133 0.34523319 0.50234819  0.48417291 0.45702496 0.47508945 0.39693445 0.45000532 0.44589633  0.47476172 0.42761975 0.50206904 0.41641874
0.00039479 0.36283831 0.35232302 0.39930133 0.34523319 0.50234819  0.48417291 0.45702496 0.47508945 0.39693445 0.45000532 0.44589633  0.47476172 0.42761975 0.50206904 0.41641874
0.00039479 0.36283831 0.35232302 0.39930133 0.34523319 0.50234819  0.48417291 0.45702496 0.47508945 0.39693445 0.45000532 0.44589633  0.47476172 0.42761975 0.50206904 0.41641874
0.00039479 0.36283831 0.35232302 0.39930133 0.34523319 0.50234819  0.48417291 0.45702496 0.47508945 0.39693445 0.45000532 0.44589633  0.47476172 0.42761975 0.50206904 0.41641874
0.00039479 0.36283831 0.35232302 0.39930133 0.34523319 0.50234819  0.48417291 0.45702496 0.47508945 0.39693445 0.45000532 0.44589633  0.47476172 0.42761975 0.50206904 0.41641874
0.00039479 0.36283831 0.35232302 0.39930133 0.34523319 0.50234819  0.48417291 0.45702496 0.47508945 0.39693445 0.45000532 0.44589633  0.47476172 0.42761975 0.50206904 0.41641874
0.00039479 0.36283831 0.35232302 0.39930133 0.34523319 0.50234819  0.48417291 0.45702496 0.47508945 0.39693445 0.45000532 0.44589633  0.47476172 0.42761975 0.50206904 0.41641874
0.01900344 0.45254564 0.53831483 0.26207257 0.80329743 0.60328899  0.3771017  0.471372   0.41381375 0.50563486 0.54456665 0.5546761  0.52108094 0.41878437 0.45764279 0.33846296
0.03619867 0.49525092 0.64890662 0.24515563 0.86099717 0.59393827  0.37992433 0.43778479 0.42970078 0.40676759 0.51155756 0.51408424  0.43070541 0.41941467 0.4615073  0.42827612
0.03654325 0.5027924  0.6598691  0.22895307 0.92490443 0.61008657  0.36328853 0.44354232 0.43047647 0.42714293 0.51125642 0.5092941  0.45845998 0.39971391 0.47775295 0.38818459
0.04578904 0.50796385 0.69695305 0.24143821 0.89535736 0.58485188  0.3900005  0.42924472 0.44039903 0.44315198 0.50132932 0.48335568  0.48884519 0.4489797  0.43540911 0.37179652
0.03962198 0.48354982 0.642974   0.27143264 0.78379622 0.55563622  0.42610494 0.4293042  0.48472423 0.50240719 0.4517698  0.40056814  0.52378871 0.49920264 0.38660029 0.31751815
0.03360532 0.46762981 0.60158779 0.28313152 0.74889305 0.55572332  0.42466113 0.43641782 0.48590221 0.52076897 0.44621492 0.39199988  0.54942218 0.49723404 0.39882676 0.27643855
0.03823621 0.47060282 0.6139964  0.30479341 0.64452077 0.51442579  0.4708407  0.42077847 0.52749092 0.47931648 0.35058822 0.25122968  0.48111251 0.55192162 0.37392744 0.27251297
0.026138   0.45257482 0.55087812 0.30272272 0.62087566 0.51622512  0.48171329 0.4500971  0.54559189 0.51211434 0.33881971 0.24234575  0.45748711 0.50783475 0.39838387 0.27535757
0.00039479 0.36283831 0.35232302 0.39930133 0.34523319 0.50234819  0.48417291 0.45702496 0.47508945 0.39693445 0.45000532 0.44589633  0.47476172 0.42761975 0.50206904 0.41641874
0.00039479 0.36283831 0.35232302 0.39930133 0.34523319 0.50234819  0.48417291 0.45702496 0.47508945 0.39693445 0.45000532 0.44589633  0.47476172 0.42761975 0.50206904 0.41641874
0.00039479 0.36283831 0.35232302 0.39930133 0.34523319 0.50234819  0.48417291 0.45702496 0.47508945 0.39693445 0.45000532 0.44589633  0.47476172 0.42761975 0.50206904 0.41641874
0.00039479 0.36283831 0.35232302 0.39930133 0.34523319 0.50234819  0.48417291 0.45702496 0.47508945 0.39693445 0.45000532 0.44589633  0.47476172 0.42761975 0.50206904 0.41641874
0.00039479 0.36283831 0.35232302 0.39930133 0.34523319 0.50234819  0.48417291 0.45702496 0.47508945 0.39693445 0.45000532 0.44589633  0.47476172 0.42761975 0.50206904 0.41641874
0.08953847 0.4918794  0.28348484 0.51533144 0.39169145 0.34650023  0.41591355 0.53298907 0.40171273 0.36468225 0.3109682  0.45308156  0.65799462 0.35964386 0.30459916 0.49466681
0.10704756 0.51889559 0.26933743 0.54245873 0.40326867 0.31132728  0.39326949 0.55290705 0.39654177 0.36124881 0.2782089  0.45694853  0.70291732 0.36539404 0.30099361 0.52061242
0.10704756 0.51889559 0.26933743 0.54245873 0.40326867 0.31132728  0.39326949 0.55290705 0.39654177 0.36124881 0.2782089  0.45694853  0.70291732 0.36539404 0.30099361 0.52061242
0.12440017 0.54590072 0.25553648 0.56951008 0.41500592 0.27984344  0.36660049 0.573536   0.4031488  0.35895289 0.25716352 0.46023151  0.74080632 0.38769006 0.32975746 0.53921284
0.12440017 0.54590072 0.25553648 0.56951008 0.41500592 0.27984344  0.36660049 0.573536   0.4031488  0.35895289 0.25716352 0.46023151  0.74080632 0.38769006 0.32975746 0.53921284
0.14271564 0.57169118 0.24242553 0.58975416 0.42249455 0.26290726  0.35246839 0.58040757 0.41152947 0.35788686 0.26516661 0.45903735  0.72786281 0.39924714 0.35487387 0.52638528
0.19797194 0.64329213 0.2067118  0.63759506 0.43384906 0.24235597  0.31208334 0.59833454 0.47332288 0.3467646  0.3439906  0.44273949  0.68693868 0.46604942 0.46173992 0.44171225
0.21625817 0.65412082 0.19506601 0.62889281 0.43857058 0.22907568  0.36531516 0.56668024 0.40015686 0.35616439 0.31687244 0.45061495  0.59648246 0.42405524 0.42312625 0.42221165
0.2345208  0.67933821 0.18299878 0.6480313  0.4427636  0.22423684  0.34319384 0.57366837 0.43104127 0.36299962 0.33637673 0.45254522  0.57141463 0.45149581 0.49663536 0.41435045
0.2345208  0.67933821 0.18299878 0.6480313  0.4427636  0.22423684  0.34319384 0.57366837 0.43104127 0.36299962 0.33637673 0.45254522  0.57141463 0.45149581 0.49663536 0.41435045
0.27206149 0.7233345  0.16116831 0.66467956 0.44402897 0.23411613  0.3482491  0.55788121 0.44792144 0.35935034 0.40852476 0.4390451  0.48856389 0.44094993 0.48686699 0.35394452
0.3096006  0.75888425 0.14743648 0.66666134 0.42476793 0.30648061  0.33841456 0.52775907 0.51323169 0.38782252 0.48224562 0.44034132  0.39502861 0.4379348  0.54581215 0.34446138
0.3096006  0.75888425 0.14743648 0.66666134 0.42476793 0.30648061  0.33841456 0.52775907 0.51323169 0.38782252 0.48224562 0.44034132  0.39502861 0.4379348  0.54581215 0.34446138
0.45558977 0.78320972 0.08872944 0.48112756 0.41635323 0.4114504  0.67757403 0.38884842 0.36476694 0.42599686 0.57185598 0.4439544  0.30135427 0.41059173 0.53881325 0.35496487
0.47448677 0.78970493 0.08816885 0.45957232 0.39659092 0.46702966  0.69059135 0.37967756 0.38100772 0.42108331 0.59734968 0.43652086  0.33887025 0.39423119 0.49339753 0.36889416
0.47448677 0.78970493 0.08816885 0.45957232 0.39659092 0.46702966  0.69059135 0.37967756 0.38100772 0.42108331 0.59734968 0.43652086  0.33887025 0.39423119 0.49339753 0.36889416
0.47448677 0.78970493 0.08816885 0.45957232 0.39659092 0.46702966  0.69059135 0.37967756 0.38100772 0.42108331 0.59734968 0.43652086  0.33887025 0.39423119 0.49339753 0.36889416
0.56324047 0.75110964 0.09211211 0.30418254 0.34843496 0.59677457  0.7318537  0.49777815 0.44141285 0.39386804 0.58813656 0.42747788  0.60811379 0.45263783 0.56700873 0.50068664
0.65442739 0.59517269 0.0955357  0.18967041 0.34845947 0.54144793  0.60347228 0.52506989 0.53494651 0.37660859 0.45373788 0.47551112  0.59393894 0.48563784 0.59960953 0.51989997
0.74029831 0.42236503 0.08253112 0.13001876 0.3795643  0.48711557  0.42582677 0.38781866 0.64367133 0.33700756 0.31734034 0.49028625  0.57951604 0.35658439 0.49608563 0.425364  
0.74029831 0.42236503 0.08253112 0.13001876 0.3795643  0.48711557  0.42582677 0.38781866 0.64367133 0.33700756 0.31734034 0.49028625  0.57951604 0.35658439 0.49608563 0.425364  
0.7542414  0.38895574 0.07952069 0.11783172 0.38649245 0.45098562  0.39455098 0.40149828 0.67891237 0.31366416 0.36670431 0.48518449  0.53847275 0.36151965 0.43022801 0.42267147
0.7542414  0.38895574 0.07952069 0.11783172 0.38649245 0.45098562  0.39455098 0.40149828 0.67891237 0.31366416 0.36670431 0.48518449  0.53847275 0.36151965 0.43022801 0.42267147
0.76185279 0.35909815 0.07340825 0.16242841 0.41167238 0.4806465  0.38769589 0.40144859 0.6299811  0.30818352 0.38083678 0.43119215  0.55134298 0.33928927 0.46915783 0.44980221
0.79976861 0.28924249 0.10165895 0.21089227 0.39770546 0.51703425  0.30051236 0.44745396 0.50904186 0.34431643 0.31704479 0.38743006  0.44418647 0.24600473 0.50616115 0.38070141
0.81480204 0.23155627 0.09727796 0.3043081  0.44163485 0.55823456  0.30018436 0.44325479 0.43577639 0.37514102 0.36791366 0.28705789  0.43346598 0.29792015 0.47988982 0.53047563
0.82049598 0.20807883 0.0910421  0.349297   0.47136069 0.59792033  0.31753393 0.45487476 0.41902966 0.35944411 0.33906788 0.25171751  0.44010618 0.30267686 0.54488857 0.51514389
0.82049598 0.20807883 0.0910421  0.349297   0.47136069 0.59792033  0.31753393 0.45487476 0.41902966 0.35944411 0.33906788 0.25171751  0.44010618 0.30267686 0.54488857 0.51514389
0.82539735 0.18672888 0.08710908 0.39600949 0.49598271 0.63465216  0.33968131 0.47737634 0.40455491 0.34606922 0.31949681 0.23513844  0.4420573  0.31476159 0.586392   0.49921667
0.8293193  0.17003153 0.08461179 0.43364147 0.51739892 0.66306963  0.36459274 0.49845228 0.41266774 0.33604239 0.29243383 0.2292331  0.42486671 0.35355457 0.58267333 0.48821802
0.8293193  0.17003153 0.08461179 0.43364147 0.51739892 0.66306963  0.36459274 0.49845228 0.41266774 0.33604239 0.29243383 0.2292331  0.42486671 0.35355457 0.58267333 0.48821802
0.8293193  0.17003153 0.08461179 0.43364147 0.51739892 0.66306963  0.36459274 0.49845228 0.41266774 0.33604239 0.29243383 0.2292331  0.42486671 0.35355457 0.58267333 0.48821802
0.8293193  0.17003153 0.08461179 0.43364147 0.51739892 0.66306963  0.36459274 0.49845228 0.41266774 0.33604239 0.29243383 0.2292331  0.42486671 0.35355457 0.58267333 0.48821802
0.8293193  0.17003153 0.08461179 0.43364147 0.51739892 0.66306963  0.36459274 0.49845228 0.41266774 0.33604239 0.29243383 0.2292331  0.42486671 0.35355457 0.58267333 0.48821802
0.8293193  0.17003153 0.08461179 0.43364147 0.51739892 0.66306963  0.36459274 0.49845228 0.41266774 0.33604239 0.29243383 0.2292331  0.42486671 0.35355457 0.58267333 0.48821802
0.83608557 0.1385007  0.08151846 0.52633416 0.56208597 0.72917059  0.45977557 0.57675035 0.49071932 0.27888003 0.19813608 0.32664754  0.36051226 0.42722789 0.51019644 0.35179667
0.83608557 0.1385007  0.08151846 0.52633416 0.56208597 0.72917059  0.45977557 0.57675035 0.49071932 0.27888003 0.19813608 0.32664754  0.36051226 0.42722789 0.51019644 0.35179667
0.83608557 0.1385007  0.08151846 0.52633416 0.56208597 0.72917059  0.45977557 0.57675035 0.49071932 0.27888003 0.19813608 0.32664754  0.36051226 0.42722789 0.51019644 0.35179667
0.83608557 0.1385007  0.08151846 0.52633416 0.56208597 0.72917059  0.45977557 0.57675035 0.49071932 0.27888003 0.19813608 0.32664754  0.36051226 0.42722789 0.51019644 0.35179667
0.8182497  0.16303614 0.0587081  0.48493615 0.57306922 0.69156355  0.47126852 0.54028105 0.5165144  0.2767242  0.26399068 0.28431953  0.38132858 0.41639197 0.59138155 0.45665113
0.80170929 0.19818301 0.04695645 0.46087792 0.57700587 0.68679719  0.47736596 0.47301766 0.51593012 0.27164411 0.31606808 0.24177949  0.52472058 0.45375209 0.58718866 0.52392341
0.80170929 0.19818301 0.04695645 0.46087792 0.57700587 0.68679719  0.47736596 0.47301766 0.51593012 0.27164411 0.31606808 0.24177949  0.52472058 0.45375209 0.58718866 0.52392341
0.69933089 0.39149664 0.01879355 0.41530272 0.56853803 0.60149726  0.6384326  0.27460892 0.64990244 0.23700228 0.39265407 0.36761462  0.62288876 0.53248637 0.66508804 0.33052843
0.68796296 0.4411437  0.02730166 0.29870298 0.5036183  0.51027852  0.5588707  0.20471405 0.63036014 0.28282486 0.47945289 0.36543398  0.66239699 0.45233136 0.6417165  0.41088921
0.59762251 0.53878597 0.03112615 0.35280445 0.51315838 0.38128804  0.62916683 0.13590438 0.58788176 0.31001541 0.46583676 0.43070444  0.5524967  0.56260442 0.62354634 0.29994751
0.53980399 0.57092618 0.04668731 0.34673275 0.50909213 0.25837009  0.64042954 0.18637074 0.50079977 0.3070786  0.4674762  0.4472299  0.57070759 0.52980839 0.57193364 0.2638103 
0.45816693 0.66265449 0.06486505 0.48180521 0.49788284 0.25964282  0.61977898 0.20365423 0.38474753 0.39052127 0.41721601 0.46844693  0.38066229 0.44275018 0.57436549 0.24949708
0.41202758 0.72616447 0.08673886 0.53516198 0.47432695 0.27440179  0.60296124 0.35123016 0.34813272 0.40728805 0.46167905 0.4577295  0.34592514 0.39466333 0.57184096 0.29906361
0.32539205 0.72242557 0.12454503 0.58656137 0.47532714 0.18079891  0.55850099 0.47628372 0.26619709 0.39639963 0.35782634 0.47006674  0.37563455 0.40452496 0.48794117 0.36248795
0.26943922 0.66894694 0.1556756  0.58474172 0.47352408 0.16428402  0.51718886 0.49771471 0.25421582 0.40950467 0.23123364 0.49951497  0.5132865  0.39174087 0.46427181 0.47816487
0.19796014 0.59870613 0.20688749 0.55587885 0.43733009 0.2332276  0.50505291 0.48605936 0.24059563 0.39236637 0.21426638 0.48746303  0.53254594 0.3013986  0.27595533 0.48378971
0.10613348 0.48953733 0.26903981 0.49524318 0.40853494 0.30615278  0.48575365 0.49810806 0.30899182 0.39783119 0.21351558 0.48839679  0.64940211 0.33535279 0.30982575 0.56298057
0.08892937 0.49235855 0.28299146 0.51880341 0.39445748 0.33645297  0.41227192 0.53833239 0.39368712 0.36543542 0.28731273 0.45681163  0.68194675 0.35857271 0.29842885 0.52018578
0.07102051 0.46648761 0.29681783 0.49538875 0.38534053 0.36816237  0.42637893 0.52216562 0.40838993 0.37342912 0.31490181 0.45582256  0.6405316  0.37092096 0.3395245  0.50760399
0.03585866 0.41212524 0.32497922 0.44119937 0.36258431 0.43456132  0.47408025 0.48300288 0.40965789 0.37891942 0.36959995 0.44872305  0.56049334 0.35167352 0.32731793 0.46450854
0.01779563 0.38669558 0.33863985 0.42004769 0.35385851 0.46460162  0.48109267 0.47190843 0.43452283 0.38595027 0.3992976  0.44733029  0.52908455 0.38078184 0.39373238 0.44873962
0.01779563 0.38669558 0.33863985 0.42004769 0.35385851 0.46460162  0.48109267 0.47190843 0.43452283 0.38595027 0.3992976  0.44733029  0.52908455 0.38078184 0.39373238 0.44873962
0.01779563 0.38669558 0.33863985 0.42004769 0.35385851 0.46460162  0.48109267 0.47190843 0.43452283 0.38595027 0.3992976  0.44733029  0.52908455 0.38078184 0.39373238 0.44873962
0.01779563 0.38669558 0.33863985 0.42004769 0.35385851 0.46460162  0.48109267 0.47190843 0.43452283 0.38595027 0.3992976  0.44733029  0.52908455 0.38078184 0.39373238 0.44873962
0.01779563 0.38669558 0.33863985 0.42004769 0.35385851 0.46460162  0.48109267 0.47190843 0.43452283 0.38595027 0.3992976  0.44733029  0.52908455 0.38078184 0.39373238 0.44873962
0.00039479 0.36283831 0.35232302 0.39930133 0.34523319 0.50234819  0.48417291 0.45702496 0.47508945 0.39693445 0.45000532 0.44589633  0.47476172 0.42761975 0.50206904 0.41641874
0.00039479 0.36283831 0.35232302 0.39930133 0.34523319 0.50234819  0.48417291 0.45702496 0.47508945 0.39693445 0.45000532 0.44589633  0.47476172 0.42761975 0.50206904 0.41641874
0.00039479 0.36283831 0.35232302 0.39930133 0.34523319 0.50234819  0.48417291 0.45702496 0.47508945 0.39693445 0.45000532 0.44589633  0.47476172 0.42761975 0.50206904 0.41641874
0.00039479 0.36283831 0.35232302 0.39930133 0.34523319 0.50234819  0.48417291 0.45702496 0.47508945 0.39693445 0.45000532 0.44589633  0.47476172 0.42761975 0.50206904 0.41641874
0.00039479 0.36283831 0.35232302 0.39930133 0.34523319 0.50234819  0.48417291 0.45702496 0.47508945 0.39693445 0.45000532 0.44589633  0.47476172 0.42761975 0.50206904 0.41641874
0.00039479 0.36283831 0.35232302 0.39930133 0.34523319 0.50234819  0.48417291 0.45702496 0.47508945 0.39693445 0.45000532 0.44589633  0.47476172 0.42761975 0.50206904 0.41641874
0.00039479 0.36283831 0.35232302 0.39930133 0.34523319 0.50234819  0.48417291 0.45702496 0.47508945 0.39693445 0.45000532 0.44589633  0.47476172 0.42761975 0.50206904 0.41641874
0.00039479 0.36283831 0.35232302 0.39930133 0.34523319 0.50234819  0.48417291 0.45702496 0.47508945 0.39693445 0.45000532 0.44589633  0.47476172 0.42761975 0.50206904 0.41641874
0.00039479 0.36283831 0.35232302 0.39930133 0.34523319 0.50234819  0.48417291 0.45702496 0.47508945 0.39693445 0.45000532 0.44589633  0.47476172 0.42761975 0.50206904 0.41641874
0.00039479 0.36283831 0.35232302 0.39930133 0.34523319 0.50234819  0.48417291 0.45702496 0.47508945 0.39693445 0.45000532 0.44589633  0.47476172 0.42761975 0.50206904 0.41641874
0.00039479 0.36283831 0.35232302 0.39930133 0.34523319 0.50234819  0.48417291 0.45702496 0.47508945 0.39693445 0.45000532 0.44589633  0.47476172 0.42761975 0.50206904 0.41641874
