0.00039479 0.36283831 0.35232302 0.39930133 0.34523319 0.50234819  0.48417291 0.45702496 0.47508945 0.39693445 0.45000532 0.44589633  0.47476172 0.42761975 0.50206904 0.41641874
0.00039479 0.36283831 0.35232302 0.39930133 0.34523319 0.50234819  0.48417291 0.45702496 0.47508945 0.39693445 0.45000532 0.44589633  0.47476172 0.42761975 0.50206904 0.41641874
0.00039479 0.36283831 0.35232302 0.39930133 0.34523319 0.50234819  0.48417291 0.45702496 0.47508945 0.39693445 0.45000532 0.44589633  0.47476172 0.42761975 0.50206904 0.41641874
0.00039479 0.36283831 0.35232302 0.39930133 0.34523319 0.50234819  0.48417291 0.45702496 0.47508945 0.39693445 0.45000532 0.44589633  0.47476172 0.42761975 0.50206904 0.41641874
0.00039479 0.36283831 0.35232302 0.39930133 0.34523319 0.50234819  0.48417291 0.45702496 0.47508945 0.39693445 0.45000532 0.44589633  0.47476172 0.42761975 0.50206904 0.41641874
0.00039479 0.36283831 0.35232302 0.39930133 0.34523319 0.50234819  0.48417291 0.45702496 0.47508945 0.39693445 0.45000532 0.44589633  0.47476172 0.42761975 0.50206904 0.41641874
0.00039479 0.36283831 0.35232302 0.39930133 0.34523319 0.50234819  0.48417291 0.45702496 0.47508945 0.39693445 0.45000532 0.44589633  0.47476172 0.42761975 0.50206904 0.41641874
0.00039479 0.36283831 0.35232302 0.39930133 0.34523319 0.50234819  0.48417291 0.45702496 0.47508945 0.39693445 0.45000532 0.44589633  0.47476172 0.42761975 0.50206904 0.41641874
0.00039479 0.36283831 0.35232302 0.39930133 0.34523319 0.50234819  0.48417291 0.45702496 0.47508945 0.39693445 0.45000532 0.44589633  0.47476172 0.42761975 0.50206904 0.41641874
0.00039479 0.36283831 0.35232302 0.39930133 0.34523319 0.50234819  0.48417291 0.45702496 0.47508945 0.39693445 0.45000532 0.44589633  0.47476172 0.42761975 0.50206904 0.41641874
0.00039479 0.36283831 0.35232302 0.39930133 0.34523319 0.50234819  0.48417291 0.45702496 0.47508945 0.39693445 0.45000532 0.44589633  0.47476172 0.42761975 0.50206904 0.41641874
0.00039479 0.36283831 0.35232302 0.39930133 0.34523319 0.50234819  0.48417291 0.45702496 0.47508945 0.39693445 0.45000532 0.44589633  0.47476172 0.42761975 0.50206904 0.41641874
0.00039479 0.36283831 0.35232302 0.39930133 0.34523319 0.50234819  0.48417291 0.45702496 0.47508945 0.39693445 0.45000532 0.44589633  0.47476172 0.42761975 0.50206904 0.41641874
0.00039479 0.36283831 0.35232302 0.39930133 0.34523319 0.50234819  0.48417291 0.45702496 0.47508945 0.39693445 0.45000532 0.44589633  0.47476172 0.42761975 0.50206904 0.41641874
0.00039479 0.36283831 0.35232302 0.39930133 0.34523319 0.50234819  0.48417291 0.45702496 0.47508945 0.39693445 0.45000532 0.44589633  0.47476172 0.42761975 0.50206904 0.41641874
0.00039479 0.36283831 0.35232302 0.39930133 0.34523319 0.50234819  0.48417291 0.45702496 0.47508945 0.39693445 0.45000532 0.44589633  0.47476172 0.42761975 0.50206904 0.41641874
0.00039479 0.36283831 0.35232302 0.39930133 0.34523319 0.50234819  0.48417291 0.45702496 0.47508945 0.39693445 0.45000532 0.44589633  0.47476172 0.42761975 0.50206904 0.41641874
0.00039479 0.36283831 0.35232302 0.39930133 0.34523319 0.50234819  0.48417291 0.45702496 0.47508945 0.39693445 0.45000532 0.44589633  0.47476172 0.42761975 0.50206904 0.41641874
0.00039479 0.36283831 0.35232302 0.39930133 0.34523319 0.50234819  0.48417291 0.45702496 0.47508945 0.39693445 0.45000532 0.44589633  0.47476172 0.42761975 0.50206904 0.41641874
0.00039479 0.36283831 0.35232302 0.39930133 0.34523319 0.50234819  0.48417291 0.45702496 0.47508945 0.39693445 0.45000532 0.44589633  0.47476172 0.42761975 0.50206904 0.41641874
0.00039479 0.36283831 0.35232302 0.39930133 0.34523319 0.50234819  0.48417291 0.45702496 0.47508945 0.39693445 0.45000532 0.44589633  0.47476172 0.42761975 0.50206904 0.41641874
0.00039479 0.36283831 0.35232302 0.39930133 0.34523319 0.50234819  0.48417291 0.45702496 0.47508945 0.39693445 0.45000532 0.44589633  0.47476172 0.42761975 0.50206904 0.41641874
0.00039479 0.36283831 0.35232302 0.39930133 0.34523319 0.50234819  0.48417291 0.45702496 0.47508945 0.39693445 0.45000532 0.44589633  0.47476172 0.42761975 0.50206904 0.41641874
0.00039479 0.36283831 0.35232302 0.39930133 0.34523319 0.50234819  0.48417291 0.45702496 0.47508945 0.39693445 0.45000532 0.44589633  0.47476172 0.42761975 0.50206904 0.41641874
0.00039479 0.36283831 0.35232302 0.39930133 0.34523319 0.50234819  0.48417291 0.45702496 0.47508945 0.39693445 0.45000532 0.44589633  0.47476172 0.42761975 0.50206904 0.41641874
0.00039479 0.36283831 0.35232302 0.39930133 0.34523319 0.50234819  0.48417291 0.45702496 0.47508945 0.39693445 0.45000532 0.44589633  0.47476172 0.42761975 0.50206904 0.41641874
0.00039479 0.36283831 0.35232302 0.39930133 0.34523319 0.50234819  0.48417291 0.45702496 0.47508945 0.39693445 0.45000532 0.44589633  0.47476172 0.42761975 0.50206904 0.41641874
0.00039479 0.36283831 0.35232302 0.39930133 0.34523319 0.50234819  0.48417291 0.45702496 0.47508945 0.39693445 0.45000532 0.44589633  0.47476172 0.42761975 0.50206904 0.41641874
0.00039479 0.36283831 0.35232302 0.39930133 0.34523319 0.50234819  0.48417291 0.45702496 0.47508945 0.39693445 0.45000532 0.44589633  0.47476172 0.42761975 0.50206904 0.41641874
0.00039479 0.36283831 0.35232302 0.39930133 0.34523319 0.50234819  0.48417291 0.45702496 0.47508945 0.39693445 0.45000532 0.44589633  0.47476172 0.42761975 0.50206904 0.41641874
0.00039479 0.36283831 0.35232302 0.39930133 0.34523319 0.50234819  0.48417291 0.45702496 0.47508945 0.39693445 0.45000532 0.44589633  0.47476172 0.42761975 0.50206904 0.41641874
0.00039479 0.36283831 0.35232302 0.39930133 0.34523319 0.50234819  0.48417291 0.45702496 0.47508945 0.39693445 0.45000532 0.44589633  0.47476172 0.42761975 0.50206904 0.41641874
0.00039479 0.36283831 0.35232302 0.39930133 0.34523319 0.50234819  0.48417291 0.45702496 0.47508945 0.39693445 0.45000532 0.44589633  0.47476172 0.42761975 0.50206904 0.41641874
0.00039479 0.36283831 0.35232302 0.39930133 0.34523319 0.50234819  0.48417291 0.45702496 0.47508945 0.39693445 0.45000532 0.44589633  0.47476172 0.42761975 0.50206904 0.41641874
0.00039479 0.36283831 0.35232302 0.39930133 0.34523319 0.50234819  0.48417291 0.45702496 0.47508945 0.39693445 0.45000532 0.44589633  0.47476172 0.42761975 0.50206904 0.41641874
0.00039479 0.36283831 0.35232302 0.39930133 0.34523319 0.50234819  0.48417291 0.45702496 0.47508945 0.39693445 0.45000532 0.44589633  0.47476172 0.42761975 0.50206904 0.41641874
0.00039479 0.36283831 0.35232302 0.39930133 0.34523319 0.50234819  0.48417291 0.45702496 0.47508945 0.39693445 0.45000532 0.44589633  0.47476172 0.42761975 0.50206904 0.41641874
0.00039479 0.36283831 0.35232302 0.39930133 0.34523319 0.50234819  0.48417291 0.45702496 0.47508945 0.39693445 0.45000532 0.44589633  0.47476172 0.42761975 0.50206904 0.41641874
0.00039479 0.36283831 0.35232302 0.39930133 0.34523319 0.50234819  0.48417291 0.45702496 0.47508945 0.39693445 0.45000532 0.44589633  0.47476172 0.42761975 0.50206904 0.41641874
0.00039479 0.36283831 0.35232302 0.39930133 0.34523319 0.50234819  0.48417291 0.45702496 0.47508945 0.39693445 0.45000532 0.44589633  0.47476172 0.42761975 0.50206904 0.41641874
0.00039479 0.36283831 0.35232302 0.39930133 0.34523319 0.50234819  0.48417291 0.45702496 0.47508945 0.39693445 0.45000532 0.44589633  0.47476172 0.42761975 0.50206904 0.41641874
0.00039479 0.36283831 0.35232302 0.39930133 0.34523319 0.50234819  0.48417291 0.45702496 0.47508945 0.39693445 0.45000532 0.44589633  0.47476172 0.42761975 0.50206904 0.41641874
0.00039479 0.36283831 0.35232302 0.39930133 0.34523319 0.50234819  0.48417291 0.45702496 0.47508945 0.39693445 0.45000532 0.44589633  0.47476172 0.42761975 0.50206904 0.41641874
0.00039479 0.36283831 0.35232302 0.39930133 0.34523319 0.50234819  0.48417291 0.45702496 0.47508945 0.39693445 0.45000532 0.44589633  0.47476172 0.42761975 0.50206904 0.41641874
0.00039479 0.36283831 0.35232302 0.39930133 0.34523319 0.50234819  0.48417291 0.45702496 0.47508945 0.39693445 0.45000532 0.44589633  0.47476172 0.42761975 0.50206904 0.41641874
0.00039479 0.36283831 0.35232302 0.39930133 0.34523319 0.50234819  0.48417291 0.45702496 0.47508945 0.39693445 0.45000532 0.44589633  0.47476172 0.42761975 0.50206904 0.41641874
0.00039479 0.36283831 0.35232302 0.39930133 0.34523319 0.50234819  0.48417291 0.45702496 0.47508945 0.39693445 0.45000532 0.44589633  0.47476172 0.42761975 0.50206904 0.41641874
0.00039479 0.36283831 0.35232302 0.39930133 0.34523319 0.50234819  0.48417291 0.45702496 0.47508945 0.39693445 0.45000532 0.44589633  0.47476172 0.42761975 0.50206904 0.41641874
0.00039479 0.36283831 0.35232302 0.39930133 0.34523319 0.50234819  0.48417291 0.45702496 0.47508945 0.39693445 0.45000532 0.44589633  0.47476172 0.42761975 0.50206904 0.41641874
0.00039479 0.36283831 0.35232302 0.39930133 0.34523319 0.50234819  0.48417291 0.45702496 0.47508945 0.39693445 0.45000532 0.44589633  0.47476172 0.42761975 0.50206904 0.41641874
0.00039479 0.36283831 0.35232302 0.39930133 0.34523319 0.50234819  0.48417291 0.45702496 0.47508945 0.39693445 0.45000532 0.44589633  0.47476172 0.42761975 0.50206904 0.41641874
0.00039479 0.36283831 0.35232302 0.39930133 0.34523319 0.50234819  0.48417291 0.45702496 0.47508945 0.39693445 0.45000532 0.44589633  0.47476172 0.42761975 0.50206904 0.41641874
0.00039479 0.36283831 0.35232302 0.39930133 0.34523319 0.50234819  0.48417291 0.45702496 0.47508945 0.39693445 0.45000532 0.44589633  0.47476172 0.42761975 0.50206904 0.41641874
0.00039479 0.36283831 0.35232302 0.39930133 0.34523319 0.50234819  0.48417291 0.45702496 0.47508945 0.39693445 0.45000532 0.44589633  0.47476172 0.42761975 0.50206904 0.41641874
0.00046627 0.36389632 0.35301649 0.39770939 0.3510354  0.50531441  0.48031266 0.45959012 0.471183   0.39620388 0.45878789 0.4658559  0.46705657 0.41845234 0.50735037 0.44124774
0.03606527 0.41948537 0.32998602 0.4475167  0.38999391 0.44027103  0.42556598 0.50187784 0.4689613  0.3877974  0.42027095 0.50154498  0.54181569 0.42689028 0.54101435 0.51629199
0.05532893 0.44827532 0.32090428 0.46582179 0.40178008 0.42564803  0.4089593  0.51169009 0.46927968 0.3706634  0.43193124 0.52014146  0.50523749 0.426599   0.57653196 0.5409998 
0.2555291  0.69894874 0.18935357 0.62083212 0.46901845 0.29027435  0.35236864 0.55201023 0.4284687  0.34107823 0.4670621  0.52995189  0.46693189 0.36907966 0.45993139 0.4946106 
0.43868642 0.79433468 0.1498579  0.55467218 0.35649763 0.57698323  0.39068375 0.42529055 0.43944989 0.48760665 0.35203103 0.57719638  0.33170526 0.29500383 0.47768813 0.58117115
0.54740491 0.7812309  0.14183415 0.39236757 0.30677186 0.70651514  0.53638696 0.46760855 0.37593141 0.44512545 0.39231636 0.5409849  0.47167873 0.28239847 0.35465751 0.57753888
0.64547821 0.65500219 0.13645542 0.19733036 0.31459092 0.63735781  0.58978041 0.62436128 0.40878192 0.41704763 0.35739094 0.55871753  0.52669801 0.3729366  0.62677584 0.61969415
0.75532939 0.4845011  0.21615016 0.17006924 0.25853027 0.52759727  0.43332631 0.56276596 0.39918844 0.43568921 0.27964336 0.65051661  0.44753424 0.45834881 0.67412088 0.50397527
0.80652822 0.37499728 0.22997158 0.18274135 0.26616348 0.43386251  0.33821192 0.43603177 0.47273072 0.40611683 0.36197487 0.64783326  0.46927978 0.46019586 0.47438902 0.37458152
0.81819681 0.33805902 0.21854551 0.19155565 0.26652257 0.40866989  0.30619113 0.41977365 0.50131362 0.38173174 0.40938438 0.59474331  0.45728528 0.41788451 0.37185878 0.31702772
0.81724862 0.33505953 0.2145163  0.19349464 0.26222504 0.40635671  0.3086657  0.41683297 0.50937591 0.3977997  0.40572718 0.57495266  0.48091997 0.42973289 0.36145758 0.27949235
0.83262121 0.27509754 0.20107703 0.28153638 0.31416349 0.47006347  0.29489722 0.41103668 0.41686356 0.38647456 0.41986666 0.46507958  0.51075632 0.38513819 0.45631928 0.32666259
0.84614143 0.22209826 0.19324285 0.37283447 0.36417988 0.52529817  0.30963164 0.41645208 0.3606237  0.38663096 0.42783477 0.38082817  0.51242236 0.41498336 0.49846122 0.39339676
0.87034586 0.16457094 0.2188733  0.49661941 0.38903499 0.58309733  0.32758569 0.42584104 0.26245534 0.39271733 0.44652152 0.33011774  0.57193911 0.47511762 0.5405899  0.36625866
0.87034586 0.16457094 0.2188733  0.49661941 0.38903499 0.58309733  0.32758569 0.42584104 0.26245534 0.39271733 0.44652152 0.33011774  0.57193911 0.47511762 0.5405899  0.36625866
0.86119818 0.15907836 0.18159901 0.47885366 0.41238857 0.59382128  0.32754032 0.4536161  0.27211889 0.42059128 0.42996973 0.31576984  0.53548985 0.43046123 0.57107536 0.34868908
0.86119818 0.15907836 0.18159901 0.47885366 0.41238857 0.59382128  0.32754032 0.4536161  0.27211889 0.42059128 0.42996973 0.31576984  0.53548985 0.43046123 0.57107536 0.34868908
0.86119818 0.15907836 0.18159901 0.47885366 0.41238857 0.59382128  0.32754032 0.4536161  0.27211889 0.42059128 0.42996973 0.31576984  0.53548985 0.43046123 0.57107536 0.34868908
0.86119818 0.15907836 0.18159901 0.47885366 0.41238857 0.59382128  0.32754032 0.4536161  0.27211889 0.42059128 0.42996973 0.31576984  0.53548985 0.43046123 0.57107536 0.34868908
0.86119818 0.15907836 0.18159901 0.47885366 0.41238857 0.59382128  0.32754032 0.4536161  0.27211889 0.42059128 0.42996973 0.31576984  0.53548985 0.43046123 0.57107536 0.34868908
0.83772209 0.17208298 0.11476265 0.42211373 0.46614629 0.61385568  0.33386259 0.48316495 0.3572328  0.39573371 0.36469868 0.26417528  0.42585553 0.35451166 0.59201754 0.46285684
0.83772209 0.17208298 0.11476265 0.42211373 0.46614629 0.61385568  0.33386259 0.48316495 0.3572328  0.39573371 0.36469868 0.26417528  0.42585553 0.35451166 0.59201754 0.46285684
0.82539735 0.18672888 0.08710908 0.39600949 0.49598271 0.63465216  0.33968131 0.47737634 0.40455491 0.34606922 0.31949681 0.23513844  0.4420573  0.31476159 0.586392   0.49921667
0.82539735 0.18672888 0.08710908 0.39600949 0.49598271 0.63465216  0.33968131 0.47737634 0.40455491 0.34606922 0.31949681 0.23513844  0.4420573  0.31476159 0.586392   0.49921667
0.82539735 0.18672888 0.08710908 0.39600949 0.49598271 0.63465216  0.33968131 0.47737634 0.40455491 0.34606922 0.31949681 0.23513844  0.4420573  0.31476159 0.586392   0.49921667
0.79001064 0.27913007 0.07228302 0.2480601  0.4515048  0.5397939  0.36263135 0.44878549 0.54285378 0.30987918 0.33050194 0.34703956  0.45675016 0.25852277 0.62718329 0.43364893
0.75389521 0.35431139 0.05922918 0.23221395 0.44432703 0.52873017  0.40320289 0.32307042 0.58957588 0.28538306 0.39437583 0.36566038  0.62338285 0.33911328 0.50436756 0.4577655 
0.62866709 0.57206834 0.0437504  0.280199   0.43622841 0.4740395  0.58806453 0.09071287 0.63965277 0.37195655 0.43119911 0.49190796  0.61028364 0.5390613  0.54476759 0.40296577
0.51061708 0.65331382 0.05598856 0.43669587 0.46865872 0.35134341  0.60766461 0.10766256 0.46902802 0.42558083 0.37622343 0.50769992  0.39344818 0.49925241 0.62198958 0.31225144
0.30670732 0.71367537 0.13410338 0.60612983 0.47412715 0.17701781  0.49979644 0.49592518 0.31147313 0.40472613 0.32241561 0.48220763  0.44881693 0.42994775 0.5299403  0.40719873
0.21531276 0.62571127 0.19308654 0.5829302  0.44906733 0.20174376  0.47838391 0.50668831 0.24720266 0.39007045 0.19322101 0.49074601  0.57043493 0.32369462 0.30471918 0.50239014
0.12440017 0.54590072 0.25553648 0.56951008 0.41500592 0.27984344  0.36660049 0.573536   0.4031488  0.35895289 0.25716352 0.46023151  0.74080632 0.38769006 0.32975746 0.53921284
0.00039479 0.36283831 0.35232302 0.39930133 0.34523319 0.50234819  0.48417291 0.45702496 0.47508945 0.39693445 0.45000532 0.44589633  0.47476172 0.42761975 0.50206904 0.41641874
0.00039479 0.36283831 0.35232302 0.39930133 0.34523319 0.50234819  0.48417291 0.45702496 0.47508945 0.39693445 0.45000532 0.44589633  0.47476172 0.42761975 0.50206904 0.41641874
0.00039479 0.36283831 0.35232302 0.39930133 0.34523319 0.50234819  0.48417291 0.45702496 0.47508945 0.39693445 0.45000532 0.44589633  0.47476172 0.42761975 0.50206904 0.41641874
0.00039479 0.36283831 0.35232302 0.39930133 0.34523319 0.50234819  0.48417291 0.45702496 0.47508945 0.39693445 0.45000532 0.44589633  0.47476172 0.42761975 0.50206904 0.41641874
0.00039479 0.36283831 0.35232302 0.39930133 0.34523319 0.50234819  0.48417291 0.45702496 0.47508945 0.39693445 0.45000532 0.44589633  0.47476172 0.42761975 0.50206904 0.41641874
0.00039479 0.36283831 0.35232302 0.39930133 0.34523319 0.50234819  0.48417291 0.45702496 0.47508945 0.39693445 0.45000532 0.44589633  0.47476172 0.42761975 0.50206904 0.41641874
0.00039479 0.36283831 0.35232302 0.39930133 0.34523319 0.50234819  0.48417291 0.45702496 0.47508945 0.39693445 0.45000532 0.44589633  0.47476172 0.42761975 0.50206904 0.41641874
0.00039479 0.36283831 0.35232302 0.39930133 0.34523319 0.50234819  0.48417291 0.45702496 0.47508945 0.39693445 0.45000532 0.44589633  0.47476172 0.42761975 0.50206904 0.41641874
0.00039479 0.36283831 0.35232302 0.39930133 0.34523319 0.50234819  0.48417291 0.45702496 0.47508945 0.39693445 0.45000532 0.44589633  0.47476172 0.42761975 0.50206904 0.41641874
0.00039479 0.36283831 0.35232302 0.39930133 0.34523319 0.50234819  0.48417291 0.45702496 0.47508945 0.39693445 0.45000532 0.44589633  0.47476172 0.42761975 0.50206904 0.41641874
0.00039479 0.36283831 0.35232302 0.39930133 0.34523319 0.50234819  0.48417291 0.45702496 0.47508945 0.39693445 0.45000532 0.44589633  0.47476172 0.42761975 0.50206904 0.41641874
0.00039479 0.36283831 0.35232302 0.39930133 0.34523319 0.50234819  0.48417291 0.45702496 0.47508945 0.39693445 0.45000532 0.44589633  0.47476172 0.42761975 0.50206904 0.41641874
0.38457487 0.72595733 0.16133187 0.48320368 0.35150514 0.53882902  0.43102326 0.62111754 0.66261732 0.29993132 0.76707149 0.34789174  0.63234165 0.53306365 0.54325469 0.34334165
0.38457487 0.72595733 0.16133187 0.48320368 0.35150514 0.53882902  0.43102326 0.62111754 0.66261732 0.29993132 0.76707149 0.34789174  0.63234165 0.53306365 0.54325469 0.34334165
0.46447803 0.64377868 0.14894136 0.38939813 0.36811937 0.41524848  0.38024756 0.81981578 0.70095547 0.24259849 0.77734632 0.35135076  0.63041983 0.4771231  0.519938   0.41136298
0.5286028  0.57814251 0.13251158 0.31075927 0.38653406 0.36517698  0.43152356 0.85386373 0.66413201 0.20329613 0.87489323 0.3155847  0.4919267  0.36676584 0.4963487  0.33659852
0.54703303 0.57881956 0.13758124 0.28888164 0.36114151 0.42698349  0.42474448 0.85891883 0.67240523 0.20880208 0.84728496 0.31902721  0.55611616 0.35100241 0.45792563 0.37503763
0.55540811 0.55346005 0.14468254 0.32602974 0.34991294 0.40230011  0.43826099 0.86285604 0.67761977 0.26321565 0.94574793 0.35041894  0.5688691  0.36761965 0.41913628 0.45730184
0.55540811 0.55346005 0.14468254 0.32602974 0.34991294 0.40230011  0.43826099 0.86285604 0.67761977 0.26321565 0.94574793 0.35041894  0.5688691  0.36761965 0.41913628 0.45730184
0.55770493 0.56244434 0.1636282  0.31878451 0.31725788 0.41129507  0.4402147  0.9188369  0.62589514 0.31351494 0.86155461 0.38203831  0.47071705 0.36638035 0.55025568 0.46349639
0.62914747 0.56803024 0.17721698 0.2772963  0.2520024  0.53922431  0.40770668 0.90294809 0.54096543 0.37649983 0.65231492 0.43092523  0.42370207 0.2887702  0.46837427 0.48835832
0.63674425 0.59820148 0.1853919  0.31927133 0.22788167 0.64670431  0.4618059  0.85971554 0.58079434 0.45173111 0.57889185 0.49287772  0.49095013 0.22923185 0.54095758 0.58517811
0.64991361 0.58539567 0.21930637 0.33716516 0.19638649 0.60572426  0.4624444  0.85959324 0.56613906 0.53104709 0.62368851 0.50629029  0.47152216 0.24667054 0.53563979 0.57516906
0.67243995 0.57741839 0.2540108  0.36556489 0.15270793 0.60023256  0.39918236 0.8232829  0.32842755 0.60635073 0.51794497 0.55131032  0.38337064 0.2597414  0.51988915 0.41495245
0.66406487 0.6027779  0.24690949 0.3284168  0.16393649 0.62491594  0.38566585 0.81934569 0.323213   0.55193717 0.419482   0.51991859  0.3706177  0.24312416 0.5586785  0.33268824
0.71414014 0.55384799 0.221303   0.22588137 0.19818175 0.56152005  0.51197096 0.75805154 0.29703979 0.54819657 0.37909503 0.54725075  0.43014387 0.37315183 0.68873472 0.34766235
0.7772401  0.42853585 0.24800526 0.23686506 0.18157131 0.43567926  0.4660353  0.67508211 0.3789007  0.58573804 0.50553935 0.64201212  0.46524876 0.57331958 0.59980339 0.39774952
0.80176508 0.38755705 0.26872494 0.27017144 0.17765683 0.4258041  0.43417009 0.57559279 0.34492064 0.59258137 0.48680345 0.66646709  0.55179742 0.56072041 0.61480864 0.29041937
0.82365566 0.35316974 0.29475511 0.29412776 0.17660508 0.3909154  0.42813103 0.48269648 0.38670245 0.57896099 0.47503735 0.67820029  0.6123979  0.4994922  0.63080037 0.2439054 
0.84913753 0.28245481 0.28096643 0.29589246 0.21113068 0.34185513  0.35550756 0.42151514 0.44994486 0.52987059 0.56046054 0.63978703  0.58696476 0.40045873 0.46266171 0.18157812
0.87372178 0.18401122 0.26212378 0.46906501 0.3126701  0.46965562  0.39314232 0.45046986 0.36395756 0.51327361 0.5186138  0.49119942  0.58763416 0.44847108 0.57645915 0.24299553
0.88540937 0.1436278  0.266118   0.5409782  0.34081026 0.47985226  0.43254154 0.45358297 0.396012   0.54859405 0.54415711 0.45601289  0.62324529 0.3523492  0.58652825 0.34135691
0.89323564 0.11410596 0.26451968 0.5872874  0.36110081 0.49540119  0.42992639 0.44737839 0.35651886 0.56444737 0.58097099 0.40710186  0.61827113 0.37743765 0.56367143 0.42342282
0.89813702 0.09275601 0.26058665 0.63399989 0.38572282 0.53213301  0.45207377 0.46987996 0.34204411 0.55107248 0.56139992 0.39052279  0.62022225 0.38952238 0.60517486 0.4074956 
0.9076498  0.08383022 0.29511085 0.6797335  0.39107473 0.50609689  0.5333353  0.4827475  0.45521216 0.59127273 0.54948383 0.40218302  0.63406757 0.28132045 0.61457869 0.47392631
0.92238352 0.09573546 0.36440563 0.70993175 0.36977207 0.48119357  0.556508   0.42937158 0.45633322 0.44889236 0.54598461 0.40277201  0.65183009 0.21156903 0.72548926 0.53303492
0.92492813 0.0841357  0.36232783 0.74218702 0.38865358 0.50726302  0.58901108 0.45568894 0.48223744 0.4264715  0.50581985 0.42743706  0.62756133 0.24084633 0.71107604 0.47960001
0.92492813 0.0841357  0.36232783 0.74218702 0.38865358 0.50726302  0.58901108 0.45568894 0.48223744 0.4264715  0.50581985 0.42743706  0.62756133 0.24084633 0.71107604 0.47960001
0.93084423 0.1019942  0.39575637 0.72442586 0.36068102 0.49581974  0.54925936 0.41884017 0.42425501 0.38744796 0.51055557 0.40735487  0.63804347 0.33708283 0.69850796 0.45228973
0.92829962 0.11359396 0.39783418 0.69217059 0.34179951 0.4697503  0.51675627 0.39252282 0.39835079 0.40986882 0.55072034 0.38268982  0.66231223 0.30780553 0.71292119 0.50572464
0.91507574 0.11862723 0.35045323 0.64708834 0.36219286 0.49993849  0.4704566  0.41713509 0.32702863 0.39694169 0.52275771 0.34953612  0.60312208 0.33704065 0.77226738 0.41692443
0.90879454 0.11518709 0.31977478 0.63688164 0.36145993 0.52669393  0.42899216 0.41334126 0.26217946 0.36789103 0.54648985 0.37230598  0.61524387 0.39366246 0.74494616 0.39537357
0.86771967 0.15903281 0.20996023 0.48691576 0.40593089 0.56334971  0.35298204 0.44381723 0.28561098 0.37350692 0.42345733 0.32057321  0.49229758 0.37471913 0.6797573  0.36016152
0.82107617 0.24274792 0.12860172 0.32598889 0.42390068 0.57654395  0.34543512 0.46708695 0.46564562 0.34353457 0.28526138 0.36604532  0.47833148 0.35983433 0.52913667 0.31602939
0.79649193 0.34119151 0.14744437 0.15281633 0.32236126 0.44874345  0.30780036 0.43813223 0.55163293 0.36013155 0.32710813 0.51463293  0.47766208 0.31182198 0.41533923 0.25461197
0.78439602 0.34920449 0.11509822 0.12285053 0.34576701 0.4533275  0.31428084 0.45325025 0.60155421 0.35564157 0.3029053  0.49730314  0.41435012 0.29059942 0.41129945 0.33353117
0.75653821 0.39794003 0.09846635 0.11058649 0.35383738 0.45998058  0.39650468 0.45747913 0.62718773 0.36396345 0.28251099 0.51680386  0.4403207  0.36028035 0.56134741 0.42886601
0.6862266  0.5530981  0.09915196 0.15542319 0.33259805 0.56392082  0.55355864 0.45312225 0.55233463 0.37444095 0.26749326 0.51707285  0.64587555 0.50767494 0.67299901 0.50696703
0.60535763 0.66395529 0.07943465 0.28864698 0.36308881 0.5858511  0.64168925 0.25693179 0.50313486 0.42503677 0.34336963 0.50614352  0.64764039 0.54032922 0.62419339 0.47045667
0.56054567 0.73761466 0.08268952 0.32677243 0.36189043 0.57462075  0.71262659 0.36202045 0.46853089 0.42620739 0.51303395 0.46953994  0.55865407 0.51118612 0.61857934 0.48965786
0.48988577 0.78119661 0.08958382 0.47832444 0.37246396 0.53397684  0.60699831 0.26396736 0.45119868 0.48318935 0.47737872 0.49474803  0.30944069 0.4267443  0.51835524 0.4301301 
0.43740439 0.79507694 0.09863599 0.5362458  0.40257507 0.43886918  0.59520397 0.34853583 0.37673495 0.48088489 0.47543417 0.48337932  0.23480606 0.38419315 0.55192081 0.39585539
0.43740439 0.79507694 0.09863599 0.5362458  0.40257507 0.43886918  0.59520397 0.34853583 0.37673495 0.48088489 0.47543417 0.48337932  0.23480606 0.38419315 0.55192081 0.39585539
0.32647795 0.74943536 0.13031504 0.63148933 0.45003531 0.24149506  0.45971036 0.48231435 0.35561551 0.41665432 0.37573165 0.47487558  0.31820627 0.39599982 0.54386751 0.36749987
0.28949889 0.70584277 0.1490682  0.60659445 0.4572272  0.20873682  0.49716429 0.49119278 0.28571306 0.38689127 0.33341142 0.46571771  0.39729608 0.36114962 0.40572146 0.38454897
0.19768663 0.63259345 0.20648208 0.61785292 0.4356521  0.23896536  0.36643954 0.56151138 0.39712962 0.37374084 0.28837308 0.46410439  0.58746048 0.41308148 0.44413643 0.47219999
0.17942399 0.60737606 0.2185493  0.59871443 0.43145908 0.2438042  0.38856086 0.55452326 0.36624522 0.3669056  0.26886879 0.46217412  0.61252832 0.38564092 0.37062732 0.48006119
0.16130581 0.58083903 0.23220333 0.57505911 0.42264789 0.26892988  0.4075633  0.5399486  0.36339056 0.37109222 0.27797263 0.46203722  0.59155774 0.37881958 0.36806256 0.47963455
0.16130581 0.58083903 0.23220333 0.57505911 0.42264789 0.26892988  0.4075633  0.5399486  0.36339056 0.37109222 0.27797263 0.46203722  0.59155774 0.37881958 0.36806256 0.47963455
0.16130581 0.58083903 0.23220333 0.57505911 0.42264789 0.26892988  0.4075633  0.5399486  0.36339056 0.37109222 0.27797263 0.46203722  0.59155774 0.37881958 0.36806256 0.47963455
0.17850992 0.5780178  0.21825167 0.55149888 0.43672535 0.23862969  0.48104502 0.49972427 0.27869527 0.40348799 0.20417547 0.49362238  0.5590131  0.35559966 0.37945946 0.52242935
0.19677255 0.60323519 0.20618445 0.57063737 0.44091836 0.23379085  0.4589237  0.50671239 0.30957967 0.41032322 0.22367976 0.49555266  0.53394527 0.38304023 0.45296857 0.51456815
0.21489074 0.62977222 0.19253042 0.59429269 0.44972955 0.20866516  0.43992127 0.52128705 0.31243432 0.40613661 0.21457593 0.49568955  0.55491585 0.38986156 0.45553333 0.51499479
0.23361478 0.65246079 0.18086228 0.60450925 0.45247106 0.20467086  0.44564003 0.51411208 0.3042942  0.40379421 0.23226891 0.49226843  0.52207547 0.37226641 0.4306398  0.49303455
0.27068225 0.68453505 0.15923053 0.60016275 0.45870334 0.19486324  0.49782779 0.49980496 0.26069277 0.38819815 0.27895637 0.47579671  0.44730645 0.35410034 0.39059629 0.42299467
0.34391966 0.74259745 0.11720176 0.59649984 0.46605604 0.21469693  0.53777597 0.46058264 0.30386251 0.42963433 0.36341965 0.48645295  0.31100395 0.40821756 0.57554391 0.37795929
0.38199893 0.77086623 0.10542558 0.57501209 0.44453848 0.29288762  0.56942368 0.42815939 0.34561919 0.41628848 0.48804379 0.45709169  0.27576993 0.38974378 0.50091096 0.33250072
0.45241076 0.77413874 0.0953698  0.53370818 0.39498898 0.46257111  0.53677814 0.27431887 0.45962543 0.5095847  0.40678216 0.52275894  0.2685862  0.4394266  0.59202871 0.44137777
0.52591558 0.77013771 0.08759323 0.41325612 0.35736862 0.58258863  0.65914151 0.27646454 0.44604421 0.47734151 0.46634445 0.49170317  0.42054867 0.44972215 0.53989668 0.46354306
0.62268204 0.64899014 0.08240162 0.24799191 0.35746769 0.5929628  0.65166796 0.32605543 0.50592256 0.40727087 0.35481944 0.49549523  0.71045336 0.55885585 0.62254312 0.49418827
0.71245785 0.48501546 0.0823423  0.14589847 0.37264681 0.52777345  0.49217761 0.34157134 0.62179105 0.35662963 0.27177815 0.50742406  0.6917453  0.48026016 0.53764033 0.45039154
0.74651708 0.41465198 0.09897949 0.16040551 0.36832545 0.524528  0.45269191 0.46487546 0.60005952 0.37728002 0.20608404 0.51600029  0.46417339 0.39413807 0.62348636 0.42055989
0.8135438  0.26621942 0.13123597 0.27868228 0.39071149 0.52628563  0.35301027 0.49374018 0.51182587 0.39455358 0.3062534  0.43363312  0.38185162 0.40072615 0.47479056 0.33854925
0.85649793 0.14638444 0.1577899  0.47695543 0.42135995 0.56540759  0.35030137 0.47124569 0.3498423  0.47386291 0.49673797 0.34050552  0.46578912 0.45256416 0.48302415 0.51480105
0.8892876  0.1298112  0.25597275 0.5529517  0.35417554 0.525323  0.35706851 0.43258304 0.25535793 0.50409378 0.57583396 0.3928864  0.58552636 0.52734499 0.5165581  0.38492378
0.89418898 0.10846125 0.25203973 0.5996642  0.37879755 0.56205482  0.37921589 0.45508461 0.24088317 0.49071889 0.55626289 0.37630732  0.58747748 0.53942972 0.55806152 0.36899657
0.91315181 0.10471687 0.32211798 0.67125063 0.37016662 0.55487039  0.45190699 0.43891804 0.28780871 0.40127586 0.51917052 0.40362772  0.62512858 0.50422136 0.63110503 0.31968528
0.9277946  0.08618814 0.36892368 0.74974606 0.36456708 0.52329451  0.54759201 0.42412005 0.40772472 0.36954689 0.54610377 0.46455482  0.67613237 0.34212452 0.65326935 0.47561873
0.93407581 0.08962827 0.39960212 0.75995276 0.3653     0.49653907  0.58905645 0.42791388 0.47257389 0.39859755 0.52237163 0.44178496  0.66401058 0.28550271 0.68059057 0.49716959
0.93407581 0.08962827 0.39960212 0.75995276 0.3653     0.49653907  0.58905645 0.42791388 0.47257389 0.39859755 0.52237163 0.44178496  0.66401058 0.28550271 0.68059057 0.49716959
0.93806093 0.10171645 0.42714732 0.75531964 0.38550089 0.50105642  0.5812866  0.41823012 0.46375645 0.34341603 0.51262087 0.4346738  0.62755626 0.26921369 0.70791454 0.5136801 
0.93806093 0.10171645 0.42714732 0.75531964 0.38550089 0.50105642  0.5812866  0.41823012 0.46375645 0.34341603 0.51262087 0.4346738  0.62755626 0.26921369 0.70791454 0.5136801 
0.94615538 0.1000082  0.46114491 0.79839564 0.37080013 0.48614791  0.65132845 0.43512225 0.56600634 0.3253432  0.47284805 0.4620924  0.56431885 0.25834877 0.64888458 0.57160044
0.94615538 0.1000082  0.46114491 0.79839564 0.37080013 0.48614791  0.65132845 0.43512225 0.56600634 0.3253432  0.47284805 0.4620924  0.56431885 0.25834877 0.64888458 0.57160044
0.94232781 0.08220093 0.42934279 0.82132363 0.40568973 0.53115921  0.66003523 0.46397194 0.54777568 0.30117346 0.46702339 0.52706825  0.59756408 0.26773153 0.6386845  0.48704096
0.94232781 0.08220093 0.42934279 0.82132363 0.40568973 0.53115921  0.66003523 0.46397194 0.54777568 0.30117346 0.46702339 0.52706825  0.59756408 0.26773153 0.6386845  0.48704096
0.94232781 0.08220093 0.42934279 0.82132363 0.40568973 0.53115921  0.66003523 0.46397194 0.54777568 0.30117346 0.46702339 0.52706825  0.59756408 0.26773153 0.6386845  0.48704096
0.93834269 0.07011275 0.40179759 0.82595676 0.38548885 0.52664185  0.66780508 0.4736557  0.55659312 0.35635498 0.47677415 0.53417941  0.6340184  0.28402055 0.61136053 0.47053045
0.93834269 0.07011275 0.40179759 0.82595676 0.38548885 0.52664185  0.66780508 0.4736557  0.55659312 0.35635498 0.47677415 0.53417941  0.6340184  0.28402055 0.61136053 0.47053045
0.93834269 0.07011275 0.40179759 0.82595676 0.38548885 0.52664185  0.66780508 0.4736557  0.55659312 0.35635498 0.47677415 0.53417941  0.6340184  0.28402055 0.61136053 0.47053045
0.93749176 0.07378074 0.40051179 0.81148555 0.38237012 0.52291996  0.64687186 0.46500485 0.52814054 0.36737098 0.48723441 0.51029776  0.64160666 0.29537015 0.63157835 0.46312492
0.92103088 0.06952513 0.33131967 0.76555726 0.40101091 0.55469937  0.58082312 0.47807597 0.44215184 0.38083632 0.50600032 0.48748482  0.6247903  0.31606539 0.65859308 0.42147395
0.88182125 0.0728242  0.18171346 0.65648345 0.46909384 0.6356988  0.48458896 0.55886243 0.38472602 0.47036946 0.4467425  0.42406769  0.49151139 0.43634075 0.55603659 0.3415453 
0.8555059  0.13636595 0.14344254 0.52412726 0.49244959 0.65977843  0.4038176  0.51388203 0.35375114 0.37172633 0.31481327 0.29193113  0.48388593 0.41295631 0.63227952 0.28733626
0.8293193  0.17003153 0.08461179 0.43364147 0.51739892 0.66306963  0.36459274 0.49845228 0.41266774 0.33604239 0.29243383 0.2292331  0.42486671 0.35355457 0.58267333 0.48821802
0.76679631 0.30266957 0.05021066 0.32430948 0.49769172 0.59406733  0.42283961 0.3366958  0.53905682 0.28465742 0.37958505 0.27885886  0.62427671 0.37069696 0.56595179 0.51014207
0.56461015 0.65022443 0.05206702 0.3703495  0.43509738 0.46190354  0.61687141 0.10425447 0.54761352 0.44176461 0.40265705 0.51503856  0.4715825  0.51194599 0.66702481 0.38891857
0.43518936 0.59512912 0.07973522 0.46478244 0.50785937 0.21871326  0.5797285  0.14243403 0.37879353 0.44731188 0.18937866 0.55172306  0.40562543 0.50292912 0.69149493 0.37630116
0.25143921 0.62762356 0.17041492 0.52837224 0.46628805 0.17872674  0.61515408 0.46531515 0.15017361 0.39472397 0.21631974 0.49018249  0.49005024 0.31048957 0.29439646 0.46813878
0.08822462 0.46366638 0.28286618 0.47182852 0.39941799 0.33786217  0.49986066 0.48194129 0.32369463 0.40582488 0.24110466 0.48740772  0.60798696 0.34770104 0.3509214  0.55039879
0.00039479 0.36283831 0.35232302 0.39930133 0.34523319 0.50234819  0.48417291 0.45702496 0.47508945 0.39693445 0.45000532 0.44589633  0.47476172 0.42761975 0.50206904 0.41641874
0.00039479 0.36283831 0.35232302 0.39930133 0.34523319 0.50234819  0.48417291 0.45702496 0.47508945 0.39693445 0.45000532 0.44589633  0.47476172 0.42761975 0.50206904 0.41641874
0.00039479 0.36283831 0.35232302 0.39930133 0.34523319 0.50234819  0.48417291 0.45702496 0.47508945 0.39693445 0.45000532 0.44589633  0.47476172 0.42761975 0.50206904 0.41641874
0.00039479 0.36283831 0.35232302 0.39930133 0.34523319 0.50234819  0.48417291 0.45702496 0.47508945 0.39693445 0.45000532 0.44589633  0.47476172 0.42761975 0.50206904 0.41641874
0.00039479 0.36283831 0.35232302 0.39930133 0.34523319 0.50234819  0.48417291 0.45702496 0.47508945 0.39693445 0.45000532 0.44589633  0.47476172 0.42761975 0.50206904 0.41641874
0.00039479 0.36283831 0.35232302 0.39930133 0.34523319 0.50234819  0.48417291 0.45702496 0.47508945 0.39693445 0.45000532 0.44589633  0.47476172 0.42761975 0.50206904 0.41641874
0.00039479 0.36283831 0.35232302 0.39930133 0.34523319 0.50234819  0.48417291 0.45702496 0.47508945 0.39693445 0.45000532 0.44589633  0.47476172 0.42761975 0.50206904 0.41641874
0.00039479 0.36283831 0.35232302 0.39930133 0.34523319 0.50234819  0.48417291 0.45702496 0.47508945 0.39693445 0.45000532 0.44589633  0.47476172 0.42761975 0.50206904 0.41641874
0.00039479 0.36283831 0.35232302 0.39930133 0.34523319 0.50234819  0.48417291 0.45702496 0.47508945 0.39693445 0.45000532 0.44589633  0.47476172 0.42761975 0.50206904 0.41641874
0.00039479 0.36283831 0.35232302 0.39930133 0.34523319 0.50234819  0.48417291 0.45702496 0.47508945 0.39693445 0.45000532 0.44589633  0.47476172 0.42761975 0.50206904 0.41641874
0.00039479 0.36283831 0.35232302 0.39930133 0.34523319 0.50234819  0.48417291 0.45702496 0.47508945 0.39693445 0.45000532 0.44589633  0.47476172 0.42761975 0.50206904 0.41641874
0.00039479 0.36283831 0.35232302 0.39930133 0.34523319 0.50234819  0.48417291 0.45702496 0.47508945 0.39693445 0.45000532 0.44589633  0.47476172 0.42761975 0.50206904 0.41641874
0.00039479 0.36283831 0.35232302 0.39930133 0.34523319 0.50234819  0.48417291 0.45702496 0.47508945 0.39693445 0.45000532 0.44589633  0.47476172 0.42761975 0.50206904 0.41641874
0.00039479 0.36283831 0.35232302 0.39930133 0.34523319 0.50234819  0.48417291 0.45702496 0.47508945 0.39693445 0.45000532 0.44589633  0.47476172 0.42761975 0.50206904 0.41641874
0.0177474  0.38984345 0.33852207 0.42635267 0.35697043 0.47086435  0.45750391 0.47765391 0.48169648 0.39463854 0.42895995 0.44917931  0.51265071 0.44991576 0.53083289 0.43501917
0.29240319 0.70144935 0.1697313  0.56440219 0.40995493 0.3511733  0.48142262 0.52247938 0.42977912 0.30343283 0.58454944 0.37438818  0.51346925 0.3841276  0.25653842 0.29848044
0.42513763 0.63021071 0.11165832 0.42608916 0.46999818 0.23752477  0.56431515 0.60671871 0.5103727  0.20688289 0.80379335 0.3223643  0.59067343 0.49816441 0.39103223 0.25989876
0.42513763 0.63021071 0.11165832 0.42608916 0.46999818 0.23752477  0.56431515 0.60671871 0.5103727  0.20688289 0.80379335 0.3223643  0.59067343 0.49816441 0.39103223 0.25989876
0.47121117 0.57351544 0.08781724 0.39265677 0.50330233 0.16606456  0.56174043 0.51188648 0.52210972 0.17034425 0.80447213 0.3212648  0.49465276 0.46866724 0.25872291 0.20392813
0.48859625 0.55763827 0.09027582 0.35136724 0.49782867 0.17134012  0.57327045 0.5780027  0.52500389 0.14801886 0.81205291 0.3085219  0.56136376 0.48439631 0.26743145 0.22191929
0.51967999 0.50118713 0.08600643 0.29392858 0.50613205 0.12874811  0.54888206 0.58752709 0.58722727 0.12444937 0.77421845 0.33280493  0.56301684 0.54053315 0.36718106 0.24374024
0.54618547 0.48032614 0.07836644 0.32085879 0.51298136 0.21481566  0.54850109 0.58172129 0.56650675 0.11617278 0.83232358 0.26829567  0.59575444 0.5029371  0.35768188 0.28425402
0.55905653 0.44562566 0.06868204 0.32003017 0.53131815 0.20110848  0.51581308 0.50496748 0.59777688 0.11087384 0.81027951 0.27027131  0.6099018  0.47306836 0.32818501 0.25290207
0.59515764 0.44929965 0.05416979 0.2749147  0.5256333  0.22638755  0.60231212 0.45557228 0.52932237 0.13835606 0.76197606 0.29442293  0.61487314 0.4334879  0.29416619 0.30962616
0.56508247 0.48682136 0.07780585 0.29930355 0.49321906 0.27039492  0.56151841 0.57255043 0.58274753 0.11125923 0.85781729 0.26086213  0.63327042 0.48657656 0.31226616 0.29818331
0.55747107 0.51667894 0.08391829 0.25470686 0.46803912 0.24073404  0.5683735  0.57260011 0.6316788  0.11673987 0.84368482 0.31485447  0.6204002  0.50880694 0.27333634 0.27105257
0.51464979 0.61455896 0.10154653 0.30379224 0.43152919 0.322317  0.63486282 0.68278258 0.50776828 0.16804512 0.86053685 0.30158727  0.60615468 0.41724129 0.32861669 0.29798175
0.49636356 0.60373027 0.11319233 0.31249449 0.42680766 0.33559729  0.581631   0.71443688 0.58093429 0.15864533 0.88765501 0.29371181  0.6966109  0.45923546 0.36723035 0.31748236
0.3658232  0.74509312 0.14666413 0.53565316 0.38723145 0.44020477  0.46228156 0.5484467  0.56920044 0.29605961 0.69141028 0.35679318  0.65142646 0.47516362 0.38870977 0.32509576
0.20004869 0.64032463 0.210807   0.61907646 0.42058104 0.30644233  0.32140509 0.56334624 0.54180474 0.36567505 0.46465489 0.43594771  0.52978493 0.51698255 0.62229769 0.35362434
0.09090877 0.48933723 0.28734534 0.50361178 0.38145184 0.39955858  0.40276051 0.51916813 0.50105594 0.37195606 0.43937721 0.43869567  0.55621714 0.47400442 0.53184919 0.38872747
0.01877751 0.38616237 0.34024961 0.41452329 0.35026547 0.48875947  0.47765612 0.4623593  0.47676406 0.38966489 0.46128205 0.44156549  0.47317508 0.43487647 0.50402464 0.39108964
0.00039479 0.36283831 0.35232302 0.39930133 0.34523319 0.50234819  0.48417291 0.45702496 0.47508945 0.39693445 0.45000532 0.44589633  0.47476172 0.42761975 0.50206904 0.41641874
0.00039479 0.36283831 0.35232302 0.39930133 0.34523319 0.50234819  0.48417291 0.45702496 0.47508945 0.39693445 0.45000532 0.44589633  0.47476172 0.42761975 0.50206904 0.41641874
0.00039479 0.36283831 0.35232302 0.39930133 0.34523319 0.50234819  0.48417291 0.45702496 0.47508945 0.39693445 0.45000532 0.44589633  0.47476172 0.42761975 0.50206904 0.41641874
0.00039479 0.36283831 0.35232302 0.39930133 0.34523319 0.50234819  0.48417291 0.45702496 0.47508945 0.39693445 0.45000532 0.44589633  0.47476172 0.42761975 0.50206904 0.41641874
0.00039479 0.36283831 0.35232302 0.39930133 0.34523319 0.50234819  0.48417291 0.45702496 0.47508945 0.39693445 0.45000532 0.44589633  0.47476172 0.42761975 0.50206904 0.41641874
0.00039479 0.36283831 0.35232302 0.39930133 0.34523319 0.50234819  0.48417291 0.45702496 0.47508945 0.39693445 0.45000532 0.44589633  0.47476172 0.42761975 0.50206904 0.41641874
0.00039479 0.36283831 0.35232302 0.39930133 0.34523319 0.50234819  0.48417291 0.45702496 0.47508945 0.39693445 0.45000532 0.44589633  0.47476172 0.42761975 0.50206904 0.41641874
0.00039479 0.36283831 0.35232302 0.39930133 0.34523319 0.50234819  0.48417291 0.45702496 0.47508945 0.39693445 0.45000532 0.44589633  0.47476172 0.42761975 0.50206904 0.41641874
0.00039479 0.36283831 0.35232302 0.39930133 0.34523319 0.50234819  0.48417291 0.45702496 0.47508945 0.39693445 0.45000532 0.44589633  0.47476172 0.42761975 0.50206904 0.41641874
0.00039479 0.36283831 0.35232302 0.39930133 0.34523319 0.50234819  0.48417291 0.45702496 0.47508945 0.39693445 0.45000532 0.44589633  0.47476172 0.42761975 0.50206904 0.41641874
0.00039479 0.36283831 0.35232302 0.39930133 0.34523319 0.50234819  0.48417291 0.45702496 0.47508945 0.39693445 0.45000532 0.44589633  0.47476172 0.42761975 0.50206904 0.41641874
0.05378289 0.44051368 0.31243468 0.46863672 0.37318173 0.42604961  0.42592987 0.50223301 0.48727409 0.38531211 0.41829784 0.44808102  0.54617962 0.47066974 0.54860061 0.42683991
0.16581501 0.56358447 0.25478861 0.5053381  0.36070326 0.50631247  0.40092448 0.48077833 0.64505425 0.37364192 0.68442857 0.39860401  0.39652991 0.54623135 0.66751239 0.27573051
0.27445368 0.71691733 0.17472109 0.6311477  0.40916456 0.36333366  0.32974523 0.54222879 0.60341075 0.34758888 0.61097478 0.40037442  0.48946325 0.51130823 0.55918437 0.29566567
0.32858802 0.73846202 0.15831938 0.59068486 0.39740024 0.39050313  0.36691784 0.59593737 0.58991787 0.30443318 0.63259311 0.3736933  0.64372959 0.47948637 0.41228023 0.35344771
0.41762611 0.69894788 0.13522125 0.40986671 0.40724191 0.38571429  0.57298388 0.68964824 0.53306445 0.21918716 0.75559759 0.3171797  0.7455445  0.54329442 0.47951756 0.31056165
0.43506782 0.69210997 0.12210797 0.37487721 0.42326264 0.35891616  0.6510495  0.66791653 0.48131144 0.23216717 0.74328559 0.32875707  0.73834218 0.55551216 0.51119396 0.32102107
0.51107488 0.57155072 0.10827752 0.29044265 0.43686781 0.30289843  0.56099351 0.69792294 0.62752003 0.13473508 0.89272599 0.29859928  0.69643249 0.50884634 0.34764879 0.31628404
0.5424371  0.547035   0.08935124 0.27906211 0.46011181 0.26413708  0.57905629 0.61960464 0.59267131 0.12210669 0.88833379 0.29261231  0.60059023 0.42973829 0.23492104 0.26151173
0.5424371  0.547035   0.08935124 0.27906211 0.46011181 0.26413708  0.57905629 0.61960464 0.59267131 0.12210669 0.88833379 0.29261231  0.60059023 0.42973829 0.23492104 0.26151173
0.55964121 0.54421377 0.07539959 0.25550188 0.47418926 0.23383689  0.65253801 0.5793803  0.50797601 0.15450246 0.81453663 0.32419748  0.56804559 0.40651837 0.24631794 0.30430652
0.59800536 0.45868248 0.07070642 0.24940283 0.50140038 0.22605693  0.61257973 0.60495766 0.49487638 0.16061096 0.77048809 0.30209832  0.54565204 0.44116832 0.34438521 0.35305431
0.61343993 0.43140258 0.07740344 0.22908013 0.49231474 0.20897826  0.58368331 0.66572232 0.49183154 0.16805111 0.75335304 0.30951134  0.45346987 0.37941216 0.39685508 0.35508235
0.60582853 0.46126017 0.08351587 0.18448344 0.46713481 0.17931738  0.5905384  0.665772   0.5407628  0.17353175 0.73922057 0.36350368  0.44059965 0.40164254 0.35792525 0.32795161
0.66586415 0.43036336 0.10078103 0.20689012 0.40459065 0.23575429  0.54105011 0.70052677 0.56511647 0.28992304 0.79417251 0.42179266  0.3347123  0.34303004 0.4054104  0.44326523
0.68663758 0.46581411 0.117644   0.2155702  0.35290653 0.36044235  0.50086288 0.7370096  0.53469002 0.34703212 0.73877656 0.43332573  0.31240391 0.24444924 0.36749407 0.478418  
0.69681291 0.53531943 0.14655597 0.1909558  0.27034916 0.52005786  0.52164287 0.78585148 0.47785394 0.43870365 0.5354016  0.50139587  0.38401438 0.32435592 0.51650909 0.58966162
0.68210159 0.56749899 0.15147078 0.21300765 0.26028901 0.55275672  0.54228036 0.80236541 0.43126819 0.4626139  0.53033062 0.4965084  0.38419279 0.27474504 0.53609066 0.59085994
0.70909959 0.54008114 0.20317326 0.24909342 0.21579043 0.54490625  0.51071318 0.81688428 0.34581    0.53496907 0.52636906 0.52226171  0.39824532 0.27588561 0.54004691 0.45405302
0.74854369 0.46309727 0.21223635 0.2598386  0.21342709 0.5019404  0.47181264 0.6686601  0.34444132 0.59700087 0.46111038 0.5877429  0.42253153 0.35609131 0.61691707 0.39624461
0.77828899 0.40056167 0.20188858 0.21343151 0.23141455 0.44583849  0.44049236 0.60514164 0.43003455 0.5677238  0.42153239 0.61487253  0.44216309 0.48477083 0.63575081 0.40458713
0.83986693 0.24227153 0.20548169 0.329072   0.30592624 0.43255584  0.35589899 0.47516982 0.44896632 0.52276887 0.49610635 0.53839822  0.47125235 0.44271112 0.43502187 0.28869836
0.8623416  0.18900286 0.22763357 0.44229089 0.34302207 0.48510597  0.39298411 0.46490069 0.39915018 0.49290602 0.47754557 0.45693465  0.5413118  0.39374406 0.6014411  0.2782441 
0.89406082 0.10328185 0.25048    0.60668339 0.38276259 0.55159726  0.40581947 0.46671717 0.2610584  0.5102714  0.54998907 0.37171699  0.59748135 0.46341388 0.63403559 0.33626497
0.90068162 0.08115625 0.25850885 0.66625516 0.40460432 0.55820246  0.48457686 0.49619731 0.36794833 0.52865162 0.52123515 0.41518784  0.59595349 0.41879968 0.59076164 0.35406069
0.90242892 0.07295892 0.25817997 0.69282225 0.41731775 0.5766917  0.51701083 0.52203459 0.40336604 0.50558013 0.48400286 0.45487432  0.555046   0.46397104 0.53936316 0.31054996
0.91194171 0.06403313 0.29270417 0.73855586 0.42266966 0.55065558  0.59827236 0.53490213 0.51653409 0.54578038 0.47208677 0.46653454  0.56889131 0.35576911 0.54876699 0.37698067
0.91616337 0.04410206 0.29168864 0.79899329 0.44847521 0.5906871  0.66095211 0.58688285 0.56868145 0.51103889 0.41795379 0.53928393  0.52880563 0.40016513 0.49070332 0.29399423
0.92501896 0.04484479 0.32880121 0.83672452 0.44801499 0.59032094  0.70168644 0.57766382 0.60597456 0.43524287 0.39176051 0.56527993  0.52444929 0.39000695 0.49827795 0.29463866
0.92501896 0.04484479 0.32880121 0.83672452 0.44801499 0.59032094  0.70168644 0.57766382 0.60597456 0.43524287 0.39176051 0.56527993  0.52444929 0.39000695 0.49827795 0.29463866
0.92501896 0.04484479 0.32880121 0.83672452 0.44801499 0.59032094  0.70168644 0.57766382 0.60597456 0.43524287 0.39176051 0.56527993  0.52444929 0.39000695 0.49827795 0.29463866
0.93235397 0.04920782 0.3616545  0.85237654 0.43483623 0.57748997  0.71132006 0.55062933 0.59658598 0.35156323 0.39546686 0.57297114  0.52674507 0.35338173 0.5672204  0.33446162
0.93235397 0.04920782 0.3616545  0.85237654 0.43483623 0.57748997  0.71132006 0.55062933 0.59658598 0.35156323 0.39546686 0.57297114  0.52674507 0.35338173 0.5672204  0.33446162
0.93235397 0.04920782 0.3616545  0.85237654 0.43483623 0.57748997  0.71132006 0.55062933 0.59658598 0.35156323 0.39546686 0.57297114  0.52674507 0.35338173 0.5672204  0.33446162
0.93312792 0.04556545 0.36115487 0.86431128 0.44165115 0.5868047  0.72679617 0.56331478 0.61438327 0.33990078 0.37459933 0.5935179  0.50612141 0.37499167 0.54218022 0.30593976
0.92579291 0.04120242 0.32830158 0.84865926 0.45482991 0.59963567  0.71716255 0.59034926 0.62377185 0.42358042 0.37089298 0.58582669  0.50382563 0.41161689 0.47323777 0.2661168 
0.92579291 0.04120242 0.32830158 0.84865926 0.45482991 0.59963567  0.71716255 0.59034926 0.62377185 0.42358042 0.37089298 0.58582669  0.50382563 0.41161689 0.47323777 0.2661168 
0.92579291 0.04120242 0.32830158 0.84865926 0.45482991 0.59963567  0.71716255 0.59034926 0.62377185 0.42358042 0.37089298 0.58582669  0.50382563 0.41161689 0.47323777 0.2661168 
0.92501896 0.04484479 0.32880121 0.83672452 0.44801499 0.59032094  0.70168644 0.57766382 0.60597456 0.43524287 0.39176051 0.56527993  0.52444929 0.39000695 0.49827795 0.29463866
0.92501896 0.04484479 0.32880121 0.83672452 0.44801499 0.59032094  0.70168644 0.57766382 0.60597456 0.43524287 0.39176051 0.56527993  0.52444929 0.39000695 0.49827795 0.29463866
0.92553794 0.04820283 0.33134663 0.83462185 0.42941844 0.59783147  0.66014919 0.53861127 0.52023886 0.33085295 0.4342327  0.58432282  0.55606131 0.39038316 0.55773016 0.32958445
0.91662782 0.08729931 0.32784533 0.71547251 0.39133024 0.54537444  0.53047709 0.46043444 0.39298916 0.37154014 0.49553734 0.44404513  0.59000296 0.37459924 0.66810472 0.38633225
0.90879454 0.11518709 0.31977478 0.63688164 0.36145993 0.52669393  0.42899216 0.41334126 0.26217946 0.36789103 0.54648985 0.37230598  0.61524387 0.39366246 0.74494616 0.39537357
0.95350908 0.21872413 0.60305568 0.58512553 0.57696887 0.50597126  0.45024169 0.35351342 0.35868827 0.36480778 0.44515315 0.19829873  0.56415187 0.46071436 0.66103344 0.38399253
0.94863569 0.2981913  0.66977975 0.46733544 0.67877422 0.52211595  0.38007881 0.32097836 0.32938731 0.25419667 0.3803694  0.21307974  0.49241933 0.40117935 0.70273252 0.3344541 
0.93195831 0.37326156 0.69197995 0.32505915 0.65970288 0.45241469  0.32557207 0.29712675 0.3625185  0.27346047 0.43198283 0.35171637  0.52616111 0.31412844 0.66886525 0.28807344
0.91567235 0.42314944 0.6843719  0.24695714 0.56288487 0.38235126  0.3459512  0.29003998 0.4665284  0.27343682 0.3751532  0.41500106  0.52678752 0.32350636 0.62228981 0.17253215
0.88890022 0.40796204 0.56687518 0.22905688 0.42213957 0.36109852  0.33568884 0.3112777  0.43565814 0.2524503  0.41398093 0.53657942  0.53475729 0.36208868 0.58725895 0.12234551
0.86464385 0.32521214 0.3804342  0.30670835 0.17770301 0.33091123  0.36520912 0.33642696 0.43618782 0.3052027  0.47505014 0.6233322  0.62842359 0.35874645 0.58187616 0.17599208
0.8389984  0.31119271 0.27823345 0.28317088 0.28488383 0.40353339  0.3731114  0.37484964 0.49459379 0.27801585 0.38628325 0.49422154  0.55610741 0.24643995 0.62830352 0.29773921
0.82300636 0.26886987 0.16589728 0.27163274 0.35233354 0.48366411  0.31637637 0.43862145 0.43937997 0.42287316 0.37951152 0.42799423  0.5088579  0.32518651 0.52783622 0.27383213
0.82689794 0.22354328 0.12962411 0.33427391 0.4182291  0.55365051  0.29370388 0.42813677 0.38585511 0.379631   0.39211648 0.30438768  0.49677794 0.3191427  0.48392959 0.45155644
0.82689794 0.22354328 0.12962411 0.33427391 0.4182291  0.55365051  0.29370388 0.42813677 0.38585511 0.379631   0.39211648 0.30438768  0.49677794 0.3191427  0.48392959 0.45155644
0.83259189 0.20006585 0.12338825 0.3792628  0.44795495 0.59333629  0.31105344 0.43975674 0.36910839 0.36393409 0.36327071 0.2690473  0.50341813 0.32389942 0.54892835 0.43622469
0.83259189 0.20006585 0.12338825 0.3792628  0.44795495 0.59333629  0.31105344 0.43975674 0.36910839 0.36393409 0.36327071 0.2690473  0.50341813 0.32389942 0.54892835 0.43622469
0.82441793 0.19138148 0.08854481 0.38692897 0.49277691 0.6263378  0.34244536 0.4759507  0.4271425  0.34941727 0.3120049  0.24581217  0.42291558 0.34146984 0.54116991 0.50414523
0.82441793 0.19138148 0.08854481 0.38692897 0.49277691 0.6263378  0.34244536 0.4759507  0.4271425  0.34941727 0.3120049  0.24581217  0.42291558 0.34146984 0.54116991 0.50414523
0.83651384 0.1833685  0.12089096 0.41689478 0.46937116 0.62175375  0.33596488 0.46083268 0.37722122 0.35390725 0.33620773 0.26314196  0.48622754 0.3626924  0.54520968 0.42522604
0.84141521 0.16201855 0.11695793 0.46360727 0.49399317 0.65848558  0.35811226 0.48333426 0.36274646 0.34053236 0.31663666 0.24656288  0.48817866 0.37477713 0.58671311 0.40929882
0.84141521 0.16201855 0.11695793 0.46360727 0.49399317 0.65848558  0.35811226 0.48333426 0.36274646 0.34053236 0.31663666 0.24656288  0.48817866 0.37477713 0.58671311 0.40929882
0.84141521 0.16201855 0.11695793 0.46360727 0.49399317 0.65848558  0.35811226 0.48333426 0.36274646 0.34053236 0.31663666 0.24656288  0.48817866 0.37477713 0.58671311 0.40929882
0.84141521 0.16201855 0.11695793 0.46360727 0.49399317 0.65848558  0.35811226 0.48333426 0.36274646 0.34053236 0.31663666 0.24656288  0.48817866 0.37477713 0.58671311 0.40929882
0.84141521 0.16201855 0.11695793 0.46360727 0.49399317 0.65848558  0.35811226 0.48333426 0.36274646 0.34053236 0.31663666 0.24656288  0.48817866 0.37477713 0.58671311 0.40929882
0.84141521 0.16201855 0.11695793 0.46360727 0.49399317 0.65848558  0.35811226 0.48333426 0.36274646 0.34053236 0.31663666 0.24656288  0.48817866 0.37477713 0.58671311 0.40929882
0.84141521 0.16201855 0.11695793 0.46360727 0.49399317 0.65848558  0.35811226 0.48333426 0.36274646 0.34053236 0.31663666 0.24656288  0.48817866 0.37477713 0.58671311 0.40929882
0.83186391 0.15843177 0.08253399 0.46589673 0.53628042 0.68913907  0.39709582 0.52476963 0.43857196 0.31362152 0.25226907 0.25389814  0.40059795 0.38283187 0.56826011 0.43478311
0.83186391 0.15843177 0.08253399 0.46589673 0.53628042 0.68913907  0.39709582 0.52476963 0.43857196 0.31362152 0.25226907 0.25389814  0.40059795 0.38283187 0.56826011 0.43478311
0.83186391 0.15843177 0.08253399 0.46589673 0.53628042 0.68913907  0.39709582 0.52476963 0.43857196 0.31362152 0.25226907 0.25389814  0.40059795 0.38283187 0.56826011 0.43478311
0.83186391 0.15843177 0.08253399 0.46589673 0.53628042 0.68913907  0.39709582 0.52476963 0.43857196 0.31362152 0.25226907 0.25389814  0.40059795 0.38283187 0.56826011 0.43478311
0.83186391 0.15843177 0.08253399 0.46589673 0.53628042 0.68913907  0.39709582 0.52476963 0.43857196 0.31362152 0.25226907 0.25389814  0.40059795 0.38283187 0.56826011 0.43478311
0.81641199 0.17179678 0.05939391 0.45807567 0.56035393 0.67221294  0.44186525 0.51448119 0.48913061 0.29488118 0.294572   0.24884803  0.40652144 0.39059319 0.62428349 0.50306237
0.760876   0.26244798 0.02738959 0.45738554 0.58897912 0.64352542  0.53882263 0.37729609 0.57905031 0.23243251 0.37099383 0.27170864  0.54272686 0.46415824 0.64344886 0.42437192
0.760876   0.26244798 0.02738959 0.45738554 0.58897912 0.64352542  0.53882263 0.37729609 0.57905031 0.23243251 0.37099383 0.27170864  0.54272686 0.46415824 0.64344886 0.42437192
0.66076792 0.46785047 0.02582487 0.40875685 0.52365382 0.57443365  0.59012555 0.17761334 0.56640548 0.31568562 0.44723005 0.35671034  0.59781552 0.39907614 0.69409295 0.37816916
0.54048375 0.59675554 0.04499536 0.39107662 0.49376203 0.30938509  0.5922019  0.10197323 0.530969   0.3817941  0.4172855  0.48927243  0.4460914  0.49322077 0.61669664 0.29101641
0.54048375 0.59675554 0.04499536 0.39107662 0.49376203 0.30938509  0.5922019  0.10197323 0.530969   0.3817941  0.4172855  0.48927243  0.4460914  0.49322077 0.61669664 0.29101641
0.44512254 0.70242984 0.08271987 0.50366493 0.45514725 0.3341607  0.58294207 0.24702261 0.3957731  0.46249092 0.32968607 0.51914949  0.38505702 0.45308199 0.66998647 0.38419398
0.24518354 0.58590754 0.16834679 0.55128127 0.48457933 0.16965453  0.53106479 0.4005853  0.21139088 0.40540382 0.13797028 0.50944856  0.58646931 0.30209062 0.34736105 0.48443859
0.07057186 0.4363202  0.29688016 0.44476643 0.38823898 0.36908819  0.52491791 0.46269653 0.31979163 0.40788175 0.2630435  0.48417518  0.57287142 0.33420379 0.33510928 0.53324894
0.01779563 0.38669558 0.33863985 0.42004769 0.35385851 0.46460162  0.48109267 0.47190843 0.43452283 0.38595027 0.3992976  0.44733029  0.52908455 0.38078184 0.39373238 0.44873962
0.00039479 0.36283831 0.35232302 0.39930133 0.34523319 0.50234819  0.48417291 0.45702496 0.47508945 0.39693445 0.45000532 0.44589633  0.47476172 0.42761975 0.50206904 0.41641874
0.00039479 0.36283831 0.35232302 0.39930133 0.34523319 0.50234819  0.48417291 0.45702496 0.47508945 0.39693445 0.45000532 0.44589633  0.47476172 0.42761975 0.50206904 0.41641874
0.00039479 0.36283831 0.35232302 0.39930133 0.34523319 0.50234819  0.48417291 0.45702496 0.47508945 0.39693445 0.45000532 0.44589633  0.47476172 0.42761975 0.50206904 0.41641874
0.00039479 0.36283831 0.35232302 0.39930133 0.34523319 0.50234819  0.48417291 0.45702496 0.47508945 0.39693445 0.45000532 0.44589633  0.47476172 0.42761975 0.50206904 0.41641874
0.00039479 0.36283831 0.35232302 0.39930133 0.34523319 0.50234819  0.48417291 0.45702496 0.47508945 0.39693445 0.45000532 0.44589633  0.47476172 0.42761975 0.50206904 0.41641874
0.00039479 0.36283831 0.35232302 0.39930133 0.34523319 0.50234819  0.48417291 0.45702496 0.47508945 0.39693445 0.45000532 0.44589633  0.47476172 0.42761975 0.50206904 0.41641874
0.00039479 0.36283831 0.35232302 0.39930133 0.34523319 0.50234819  0.48417291 0.45702496 0.47508945 0.39693445 0.45000532 0.44589633  0.47476172 0.42761975 0.50206904 0.41641874
0.00039479 0.36283831 0.35232302 0.39930133 0.34523319 0.50234819  0.48417291 0.45702496 0.47508945 0.39693445 0.45000532 0.44589633  0.47476172 0.42761975 0.50206904 0.41641874
0.00039479 0.36283831 0.35232302 0.39930133 0.34523319 0.50234819  0.48417291 0.45702496 0.47508945 0.39693445 0.45000532 0.44589633  0.47476172 0.42761975 0.50206904 0.41641874
0.00039479 0.36283831 0.35232302 0.39930133 0.34523319 0.50234819  0.48417291 0.45702496 0.47508945 0.39693445 0.45000532 0.44589633  0.47476172 0.42761975 0.50206904 0.41641874
0.00039479 0.36283831 0.35232302 0.39930133 0.34523319 0.50234819  0.48417291 0.45702496 0.47508945 0.39693445 0.45000532 0.44589633  0.47476172 0.42761975 0.50206904 0.41641874
0.00039479 0.36283831 0.35232302 0.39930133 0.34523319 0.50234819  0.48417291 0.45702496 0.47508945 0.39693445 0.45000532 0.44589633  0.47476172 0.42761975 0.50206904 0.41641874
0.00039479 0.36283831 0.35232302 0.39930133 0.34523319 0.50234819  0.48417291 0.45702496 0.47508945 0.39693445 0.45000532 0.44589633  0.47476172 0.42761975 0.50206904 0.41641874
0.00039479 0.36283831 0.35232302 0.39930133 0.34523319 0.50234819  0.48417291 0.45702496 0.47508945 0.39693445 0.45000532 0.44589633  0.47476172 0.42761975 0.50206904 0.41641874
0.00039479 0.36283831 0.35232302 0.39930133 0.34523319 0.50234819  0.48417291 0.45702496 0.47508945 0.39693445 0.45000532 0.44589633  0.47476172 0.42761975 0.50206904 0.41641874
0.00039479 0.36283831 0.35232302 0.39930133 0.34523319 0.50234819  0.48417291 0.45702496 0.47508945 0.39693445 0.45000532 0.44589633  0.47476172 0.42761975 0.50206904 0.41641874
0.00039479 0.36283831 0.35232302 0.39930133 0.34523319 0.50234819  0.48417291 0.45702496 0.47508945 0.39693445 0.45000532 0.44589633  0.47476172 0.42761975 0.50206904 0.41641874
0.00039479 0.36283831 0.35232302 0.39930133 0.34523319 0.50234819  0.48417291 0.45702496 0.47508945 0.39693445 0.45000532 0.44589633  0.47476172 0.42761975 0.50206904 0.41641874
0.00039479 0.36283831 0.35232302 0.39930133 0.34523319 0.50234819  0.48417291 0.45702496 0.47508945 0.39693445 0.45000532 0.44589633  0.47476172 0.42761975 0.50206904 0.41641874
0.00039479 0.36283831 0.35232302 0.39930133 0.34523319 0.50234819  0.48417291 0.45702496 0.47508945 0.39693445 0.45000532 0.44589633  0.47476172 0.42761975 0.50206904 0.41641874
0.00039479 0.36283831 0.35232302 0.39930133 0.34523319 0.50234819  0.48417291 0.45702496 0.47508945 0.39693445 0.45000532 0.44589633  0.47476172 0.42761975 0.50206904 0.41641874
0.00039479 0.36283831 0.35232302 0.39930133 0.34523319 0.50234819  0.48417291 0.45702496 0.47508945 0.39693445 0.45000532 0.44589633  0.47476172 0.42761975 0.50206904 0.41641874
0.00039479 0.36283831 0.35232302 0.39930133 0.34523319 0.50234819  0.48417291 0.45702496 0.47508945 0.39693445 0.45000532 0.44589633  0.47476172 0.42761975 0.50206904 0.41641874
0.00039479 0.36283831 0.35232302 0.39930133 0.34523319 0.50234819  0.48417291 0.45702496 0.47508945 0.39693445 0.45000532 0.44589633  0.47476172 0.42761975 0.50206904 0.41641874
0.00039479 0.36283831 0.35232302 0.39930133 0.34523319 0.50234819  0.48417291 0.45702496 0.47508945 0.39693445 0.45000532 0.44589633  0.47476172 0.42761975 0.50206904 0.41641874
