0.00039479 0.36283831 0.35232302 0.39930133 0.34523319 0.50234819  0.48417291 0.45702496 0.47508945 0.39693445 0.45000532 0.44589633  0.47476172 0.42761975 0.50206904 0.41641874
0.00039479 0.36283831 0.35232302 0.39930133 0.34523319 0.50234819  0.48417291 0.45702496 0.47508945 0.39693445 0.45000532 0.44589633  0.47476172 0.42761975 0.50206904 0.41641874
0.00039479 0.36283831 0.35232302 0.39930133 0.34523319 0.50234819  0.48417291 0.45702496 0.47508945 0.39693445 0.45000532 0.44589633  0.47476172 0.42761975 0.50206904 0.41641874
0.00039479 0.36283831 0.35232302 0.39930133 0.34523319 0.50234819  0.48417291 0.45702496 0.47508945 0.39693445 0.45000532 0.44589633  0.47476172 0.42761975 0.50206904 0.41641874
0.00039479 0.36283831 0.35232302 0.39930133 0.34523319 0.50234819  0.48417291 0.45702496 0.47508945 0.39693445 0.45000532 0.44589633  0.47476172 0.42761975 0.50206904 0.41641874
0.00039479 0.36283831 0.35232302 0.39930133 0.34523319 0.50234819  0.48417291 0.45702496 0.47508945 0.39693445 0.45000532 0.44589633  0.47476172 0.42761975 0.50206904 0.41641874
0.00039479 0.36283831 0.35232302 0.39930133 0.34523319 0.50234819  0.48417291 0.45702496 0.47508945 0.39693445 0.45000532 0.44589633  0.47476172 0.42761975 0.50206904 0.41641874
0.00039479 0.36283831 0.35232302 0.39930133 0.34523319 0.50234819  0.48417291 0.45702496 0.47508945 0.39693445 0.45000532 0.44589633  0.47476172 0.42761975 0.50206904 0.41641874
0.00039479 0.36283831 0.35232302 0.39930133 0.34523319 0.50234819  0.48417291 0.45702496 0.47508945 0.39693445 0.45000532 0.44589633  0.47476172 0.42761975 0.50206904 0.41641874
0.00039479 0.36283831 0.35232302 0.39930133 0.34523319 0.50234819  0.48417291 0.45702496 0.47508945 0.39693445 0.45000532 0.44589633  0.47476172 0.42761975 0.50206904 0.41641874
0.00039479 0.36283831 0.35232302 0.39930133 0.34523319 0.50234819  0.48417291 0.45702496 0.47508945 0.39693445 0.45000532 0.44589633  0.47476172 0.42761975 0.50206904 0.41641874
0.00039479 0.36283831 0.35232302 0.39930133 0.34523319 0.50234819  0.48417291 0.45702496 0.47508945 0.39693445 0.45000532 0.44589633  0.47476172 0.42761975 0.50206904 0.41641874
0.00039479 0.36283831 0.35232302 0.39930133 0.34523319 0.50234819  0.48417291 0.45702496 0.47508945 0.39693445 0.45000532 0.44589633  0.47476172 0.42761975 0.50206904 0.41641874
0.00039479 0.36283831 0.35232302 0.39930133 0.34523319 0.50234819  0.48417291 0.45702496 0.47508945 0.39693445 0.45000532 0.44589633  0.47476172 0.42761975 0.50206904 0.41641874
0.00039479 0.36283831 0.35232302 0.39930133 0.34523319 0.50234819  0.48417291 0.45702496 0.47508945 0.39693445 0.45000532 0.44589633  0.47476172 0.42761975 0.50206904 0.41641874
0.00039479 0.36283831 0.35232302 0.39930133 0.34523319 0.50234819  0.48417291 0.45702496 0.47508945 0.39693445 0.45000532 0.44589633  0.47476172 0.42761975 0.50206904 0.41641874
0.00039479 0.36283831 0.35232302 0.39930133 0.34523319 0.50234819  0.48417291 0.45702496 0.47508945 0.39693445 0.45000532 0.44589633  0.47476172 0.42761975 0.50206904 0.41641874
0.00039479 0.36283831 0.35232302 0.39930133 0.34523319 0.50234819  0.48417291 0.45702496 0.47508945 0.39693445 0.45000532 0.44589633  0.47476172 0.42761975 0.50206904 0.41641874
0.00039479 0.36283831 0.35232302 0.39930133 0.34523319 0.50234819  0.48417291 0.45702496 0.47508945 0.39693445 0.45000532 0.44589633  0.47476172 0.42761975 0.50206904 0.41641874
0.00039479 0.36283831 0.35232302 0.39930133 0.34523319 0.50234819  0.48417291 0.45702496 0.47508945 0.39693445 0.45000532 0.44589633  0.47476172 0.42761975 0.50206904 0.41641874
0.00039479 0.36283831 0.35232302 0.39930133 0.34523319 0.50234819  0.48417291 0.45702496 0.47508945 0.39693445 0.45000532 0.44589633  0.47476172 0.42761975 0.50206904 0.41641874
0.00039479 0.36283831 0.35232302 0.39930133 0.34523319 0.50234819  0.48417291 0.45702496 0.47508945 0.39693445 0.45000532 0.44589633  0.47476172 0.42761975 0.50206904 0.41641874
0.00039479 0.36283831 0.35232302 0.39930133 0.34523319 0.50234819  0.48417291 0.45702496 0.47508945 0.39693445 0.45000532 0.44589633  0.47476172 0.42761975 0.50206904 0.41641874
0.00039479 0.36283831 0.35232302 0.39930133 0.34523319 0.50234819  0.48417291 0.45702496 0.47508945 0.39693445 0.45000532 0.44589633  0.47476172 0.42761975 0.50206904 0.41641874
0.00039479 0.36283831 0.35232302 0.39930133 0.34523319 0.50234819  0.48417291 0.45702496 0.47508945 0.39693445 0.45000532 0.44589633  0.47476172 0.42761975 0.50206904 0.41641874
0.00039479 0.36283831 0.35232302 0.39930133 0.34523319 0.50234819  0.48417291 0.45702496 0.47508945 0.39693445 0.45000532 0.44589633  0.47476172 0.42761975 0.50206904 0.41641874
0.00039479 0.36283831 0.35232302 0.39930133 0.34523319 0.50234819  0.48417291 0.45702496 0.47508945 0.39693445 0.45000532 0.44589633  0.47476172 0.42761975 0.50206904 0.41641874
0.00039479 0.36283831 0.35232302 0.39930133 0.34523319 0.50234819  0.48417291 0.45702496 0.47508945 0.39693445 0.45000532 0.44589633  0.47476172 0.42761975 0.50206904 0.41641874
0.00039479 0.36283831 0.35232302 0.39930133 0.34523319 0.50234819  0.48417291 0.45702496 0.47508945 0.39693445 0.45000532 0.44589633  0.47476172 0.42761975 0.50206904 0.41641874
0.00039479 0.36283831 0.35232302 0.39930133 0.34523319 0.50234819  0.48417291 0.45702496 0.47508945 0.39693445 0.45000532 0.44589633  0.47476172 0.42761975 0.50206904 0.41641874
0.00039479 0.36283831 0.35232302 0.39930133 0.34523319 0.50234819  0.48417291 0.45702496 0.47508945 0.39693445 0.45000532 0.44589633  0.47476172 0.42761975 0.50206904 0.41641874
0.00039479 0.36283831 0.35232302 0.39930133 0.34523319 0.50234819  0.48417291 0.45702496 0.47508945 0.39693445 0.45000532 0.44589633  0.47476172 0.42761975 0.50206904 0.41641874
0.00039479 0.36283831 0.35232302 0.39930133 0.34523319 0.50234819  0.48417291 0.45702496 0.47508945 0.39693445 0.45000532 0.44589633  0.47476172 0.42761975 0.50206904 0.41641874
0.00039479 0.36283831 0.35232302 0.39930133 0.34523319 0.50234819  0.48417291 0.45702496 0.47508945 0.39693445 0.45000532 0.44589633  0.47476172 0.42761975 0.50206904 0.41641874
0.00039479 0.36283831 0.35232302 0.39930133 0.34523319 0.50234819  0.48417291 0.45702496 0.47508945 0.39693445 0.45000532 0.44589633  0.47476172 0.42761975 0.50206904 0.41641874
0.00039479 0.36283831 0.35232302 0.39930133 0.34523319 0.50234819  0.48417291 0.45702496 0.47508945 0.39693445 0.45000532 0.44589633  0.47476172 0.42761975 0.50206904 0.41641874
0.00039479 0.36283831 0.35232302 0.39930133 0.34523319 0.50234819  0.48417291 0.45702496 0.47508945 0.39693445 0.45000532 0.44589633  0.47476172 0.42761975 0.50206904 0.41641874
0.00039479 0.36283831 0.35232302 0.39930133 0.34523319 0.50234819  0.48417291 0.45702496 0.47508945 0.39693445 0.45000532 0.44589633  0.47476172 0.42761975 0.50206904 0.41641874
0.00039479 0.36283831 0.35232302 0.39930133 0.34523319 0.50234819  0.48417291 0.45702496 0.47508945 0.39693445 0.45000532 0.44589633  0.47476172 0.42761975 0.50206904 0.41641874
0.00039479 0.36283831 0.35232302 0.39930133 0.34523319 0.50234819  0.48417291 0.45702496 0.47508945 0.39693445 0.45000532 0.44589633  0.47476172 0.42761975 0.50206904 0.41641874
0.00039479 0.36283831 0.35232302 0.39930133 0.34523319 0.50234819  0.48417291 0.45702496 0.47508945 0.39693445 0.45000532 0.44589633  0.47476172 0.42761975 0.50206904 0.41641874
0.00039479 0.36283831 0.35232302 0.39930133 0.34523319 0.50234819  0.48417291 0.45702496 0.47508945 0.39693445 0.45000532 0.44589633  0.47476172 0.42761975 0.50206904 0.41641874
0.00039479 0.36283831 0.35232302 0.39930133 0.34523319 0.50234819  0.48417291 0.45702496 0.47508945 0.39693445 0.45000532 0.44589633  0.47476172 0.42761975 0.50206904 0.41641874
0.00039479 0.36283831 0.35232302 0.39930133 0.34523319 0.50234819  0.48417291 0.45702496 0.47508945 0.39693445 0.45000532 0.44589633  0.47476172 0.42761975 0.50206904 0.41641874
0.00039479 0.36283831 0.35232302 0.39930133 0.34523319 0.50234819  0.48417291 0.45702496 0.47508945 0.39693445 0.45000532 0.44589633  0.47476172 0.42761975 0.50206904 0.41641874
0.00039479 0.36283831 0.35232302 0.39930133 0.34523319 0.50234819  0.48417291 0.45702496 0.47508945 0.39693445 0.45000532 0.44589633  0.47476172 0.42761975 0.50206904 0.41641874
0.03525649 0.41685964 0.32437467 0.45347996 0.36854765 0.43569141  0.43485985 0.4975719  0.47652552 0.39120509 0.39620065 0.45304628  0.55757342 0.45566594 0.52722734 0.46096477
0.05367861 0.44171583 0.31214423 0.47114249 0.37279065 0.42986862  0.4177205  0.50334188 0.50440728 0.39082405 0.42702098 0.4483076  0.53269514 0.48405389 0.58159446 0.43414129
0.12636093 0.54349056 0.26154218 0.55254356 0.39773052 0.3757278  0.33968091 0.54326898 0.57981238 0.39106473 0.46931644 0.44504791  0.51534014 0.5677064  0.74657541 0.39808193
0.10793881 0.51863437 0.27377262 0.53488104 0.39348752 0.38155058  0.35682026 0.53749899 0.55193062 0.39144577 0.4384961  0.4497866  0.54021842 0.53931845 0.69220829 0.42490542
0.10793881 0.51863437 0.27377262 0.53488104 0.39348752 0.38155058  0.35682026 0.53749899 0.55193062 0.39144577 0.4384961  0.4497866  0.54021842 0.53931845 0.69220829 0.42490542
0.12605699 0.5451714  0.26011859 0.55853636 0.40229871 0.3564249  0.33781782 0.55207365 0.55478528 0.38725916 0.42939227 0.44992349  0.561189   0.54613979 0.69477306 0.42533206
0.16286184 0.59335165 0.23581475 0.59142084 0.411574   0.33701339  0.31416168 0.56317797 0.58434165 0.37960856 0.47148933 0.44085397  0.53472407 0.58178446 0.75109579 0.37317947
0.18138945 0.61352353 0.22847147 0.60135931 0.4023029  0.37091142  0.29343667 0.5474769  0.62200707 0.41284326 0.47708264 0.45724019  0.47009347 0.58547706 0.83869852 0.38865081
0.21872526 0.64935143 0.21542621 0.60859215 0.38343762 0.44430938  0.27832426 0.49904844 0.67605959 0.45687631 0.50970037 0.47160556  0.37554305 0.58632045 0.9084482  0.38948934
0.25579979 0.69015896 0.19537701 0.62178714 0.38217349 0.45273553  0.28220233 0.49572182 0.67883948 0.44508293 0.54813027 0.45790833  0.37804718 0.5505044  0.81337618 0.38030379
0.32963506 0.75684295 0.16967368 0.63201296 0.35388977 0.54406922  0.26331454 0.46033086 0.71095836 0.47268916 0.54633169 0.46737999  0.406727   0.50217235 0.72360107 0.43355578
0.36610368 0.79359113 0.15060289 0.63922827 0.35098746 0.54604688  0.28099153 0.45721214 0.68450359 0.45312166 0.55212056 0.45454268  0.45472048 0.44356838 0.56928905 0.44537256
0.40368542 0.80883655 0.14048396 0.59810457 0.33242514 0.60540724  0.35271339 0.42839982 0.65546832 0.43988161 0.61302499 0.43496825  0.41905408 0.40178506 0.48187421 0.41459107
0.47936675 0.9634284  0.53401302 0.46666861 0.72083106 0.70117415  0.29654481 0.34542929 0.67455172 0.3453957  0.52930965 0.32046513  0.44779944 0.44342204 0.39561286 0.43214038
0.57391847 0.9464458  0.63860401 0.48465336 0.58413586 0.70428576  0.3852674  0.31117897 0.52624349 0.29892399 0.39844228 0.27591543  0.43206858 0.33042679 0.31433997 0.29769269
0.61864589 0.89374538 0.64522166 0.44684308 0.487737   0.66220901  0.48903396 0.43269028 0.58379395 0.47219007 0.44664696 0.20934084  0.72698215 0.46890769 0.21150707 0.19675421
0.69502638 0.81903455 0.6754484  0.4389565  0.31035662 0.54486157  0.68053954 0.48804887 0.53579356 0.69444358 0.38628109 0.14905778  0.74538324 0.55964579 0.29192567 0.14580069
0.71444578 0.75520039 0.57658887 0.40325884 0.23760184 0.48792342  0.7466077  0.55165313 0.45896965 0.81934992 0.31718292 0.21383403  0.67544365 0.54076857 0.28111397 0.22459988
0.72709099 0.72113014 0.57202875 0.41502392 0.17785824 0.47372529  0.70775096 0.59040304 0.41193223 0.79304388 0.30921862 0.25565939  0.53139384 0.45809345 0.35205779 0.23387999
0.70710828 0.67963527 0.46335842 0.44515705 0.12217445 0.47304056  0.73605783 0.60281811 0.46554538 0.74617475 0.39231264 0.42408777  0.51443441 0.33448544 0.36641984 0.45526663
0.77006813 0.52713457 0.38359792 0.29128592 0.16342851 0.40451331  0.67922474 0.68226271 0.57541859 0.7707098  0.29897892 0.50619062  0.50007487 0.3700589  0.69468836 0.45934002
0.75459412 0.53331088 0.32302698 0.24769201 0.17064084 0.46531336  0.58816946 0.68490421 0.44066469 0.67980674 0.29470436 0.52285985  0.44689979 0.45686265 0.70180845 0.38534982
0.73511164 0.52791598 0.24501743 0.21738844 0.20689649 0.51788635  0.5457383  0.69220389 0.39190117 0.5872612  0.28784107 0.55380006  0.43527335 0.39080738 0.77633509 0.37617558
0.71650569 0.53912174 0.18668541 0.18107749 0.23599998 0.56543827  0.51009258 0.68262144 0.37437411 0.50854605 0.26637134 0.54753307  0.46359691 0.40767913 0.74338833 0.39098456
0.70495961 0.55317457 0.15812301 0.15281277 0.25642507 0.59021487  0.49689032 0.67839102 0.40927365 0.45493122 0.22802996 0.52682988  0.44362088 0.39877724 0.68340869 0.45951221
0.67179948 0.5872399  0.10422199 0.17145723 0.32572741 0.59966055  0.58067215 0.48150309 0.50561788 0.40786701 0.26602529 0.51442338  0.68316239 0.4976319  0.66083285 0.51821351
0.67179948 0.5872399  0.10422199 0.17145723 0.32572741 0.59966055  0.58067215 0.48150309 0.50561788 0.40786701 0.26602529 0.51442338  0.68316239 0.4976319  0.66083285 0.51821351
0.55714942 0.70658155 0.0721869  0.32429481 0.39521029 0.48941119  0.70872288 0.30996082 0.49926516 0.41533463 0.49599324 0.48833959  0.51427458 0.6060182  0.69541771 0.46075959
0.4701369  0.73954474 0.09449405 0.44173258 0.40044426 0.46634266  0.66963219 0.27375766 0.38929318 0.48022076 0.43173209 0.50292254  0.33330243 0.45068852 0.57319216 0.44369509
0.30707704 0.69020099 0.14514539 0.55718413 0.45082651 0.2550518  0.56729779 0.42431046 0.26131767 0.45248078 0.28798537 0.50607028  0.34714035 0.35990475 0.49006676 0.45962172
0.21498779 0.61943621 0.20187792 0.57743131 0.42809742 0.27401232  0.44261171 0.47570079 0.3135848  0.45185758 0.16191827 0.52487261  0.53525407 0.35526773 0.45579072 0.5811025 
0.1600878  0.55316161 0.23048211 0.53383635 0.43248235 0.24445247  0.49818437 0.49395429 0.25081351 0.40386903 0.17335514 0.49836107  0.58389138 0.32721171 0.32509234 0.54925283
0.08837313 0.49349274 0.28301688 0.52244009 0.39707778 0.33667853  0.39970993 0.54279457 0.41499696 0.3711332  0.29385644 0.45910554  0.67842059 0.39321697 0.36828835 0.52620442
0.05295748 0.44105795 0.31047847 0.47423707 0.37661473 0.39820267  0.43339135 0.51107118 0.43325487 0.38045997 0.34459946 0.45442981  0.6091228  0.40002928 0.40593895 0.49183507
0.00039479 0.36283831 0.35232302 0.39930133 0.34523319 0.50234819  0.48417291 0.45702496 0.47508945 0.39693445 0.45000532 0.44589633  0.47476172 0.42761975 0.50206904 0.41641874
0.00039479 0.36283831 0.35232302 0.39930133 0.34523319 0.50234819  0.48417291 0.45702496 0.47508945 0.39693445 0.45000532 0.44589633  0.47476172 0.42761975 0.50206904 0.41641874
0.00039479 0.36283831 0.35232302 0.39930133 0.34523319 0.50234819  0.48417291 0.45702496 0.47508945 0.39693445 0.45000532 0.44589633  0.47476172 0.42761975 0.50206904 0.41641874
0.00039479 0.36283831 0.35232302 0.39930133 0.34523319 0.50234819  0.48417291 0.45702496 0.47508945 0.39693445 0.45000532 0.44589633  0.47476172 0.42761975 0.50206904 0.41641874
0.00039479 0.36283831 0.35232302 0.39930133 0.34523319 0.50234819  0.48417291 0.45702496 0.47508945 0.39693445 0.45000532 0.44589633  0.47476172 0.42761975 0.50206904 0.41641874
0.00039479 0.36283831 0.35232302 0.39930133 0.34523319 0.50234819  0.48417291 0.45702496 0.47508945 0.39693445 0.45000532 0.44589633  0.47476172 0.42761975 0.50206904 0.41641874
0.00039479 0.36283831 0.35232302 0.39930133 0.34523319 0.50234819  0.48417291 0.45702496 0.47508945 0.39693445 0.45000532 0.44589633  0.47476172 0.42761975 0.50206904 0.41641874
0.00039479 0.36283831 0.35232302 0.39930133 0.34523319 0.50234819  0.48417291 0.45702496 0.47508945 0.39693445 0.45000532 0.44589633  0.47476172 0.42761975 0.50206904 0.41641874
0.00039479 0.36283831 0.35232302 0.39930133 0.34523319 0.50234819  0.48417291 0.45702496 0.47508945 0.39693445 0.45000532 0.44589633  0.47476172 0.42761975 0.50206904 0.41641874
0.00039479 0.36283831 0.35232302 0.39930133 0.34523319 0.50234819  0.48417291 0.45702496 0.47508945 0.39693445 0.45000532 0.44589633  0.47476172 0.42761975 0.50206904 0.41641874
0.00039479 0.36283831 0.35232302 0.39930133 0.34523319 0.50234819  0.48417291 0.45702496 0.47508945 0.39693445 0.45000532 0.44589633  0.47476172 0.42761975 0.50206904 0.41641874
0.00039479 0.36283831 0.35232302 0.39930133 0.34523319 0.50234819  0.48417291 0.45702496 0.47508945 0.39693445 0.45000532 0.44589633  0.47476172 0.42761975 0.50206904 0.41641874
0.00039479 0.36283831 0.35232302 0.39930133 0.34523319 0.50234819  0.48417291 0.45702496 0.47508945 0.39693445 0.45000532 0.44589633  0.47476172 0.42761975 0.50206904 0.41641874
0.00039479 0.36283831 0.35232302 0.39930133 0.34523319 0.50234819  0.48417291 0.45702496 0.47508945 0.39693445 0.45000532 0.44589633  0.47476172 0.42761975 0.50206904 0.41641874
0.00039479 0.36283831 0.35232302 0.39930133 0.34523319 0.50234819  0.48417291 0.45702496 0.47508945 0.39693445 0.45000532 0.44589633  0.47476172 0.42761975 0.50206904 0.41641874
0.00039479 0.36283831 0.35232302 0.39930133 0.34523319 0.50234819  0.48417291 0.45702496 0.47508945 0.39693445 0.45000532 0.44589633  0.47476172 0.42761975 0.50206904 0.41641874
0.00039479 0.36283831 0.35232302 0.39930133 0.34523319 0.50234819  0.48417291 0.45702496 0.47508945 0.39693445 0.45000532 0.44589633  0.47476172 0.42761975 0.50206904 0.41641874
0.00039479 0.36283831 0.35232302 0.39930133 0.34523319 0.50234819  0.48417291 0.45702496 0.47508945 0.39693445 0.45000532 0.44589633  0.47476172 0.42761975 0.50206904 0.41641874
0.00039479 0.36283831 0.35232302 0.39930133 0.34523319 0.50234819  0.48417291 0.45702496 0.47508945 0.39693445 0.45000532 0.44589633  0.47476172 0.42761975 0.50206904 0.41641874
0.00039479 0.36283831 0.35232302 0.39930133 0.34523319 0.50234819  0.48417291 0.45702496 0.47508945 0.39693445 0.45000532 0.44589633  0.47476172 0.42761975 0.50206904 0.41641874
0.00039479 0.36283831 0.35232302 0.39930133 0.34523319 0.50234819  0.48417291 0.45702496 0.47508945 0.39693445 0.45000532 0.44589633  0.47476172 0.42761975 0.50206904 0.41641874
0.00039479 0.36283831 0.35232302 0.39930133 0.34523319 0.50234819  0.48417291 0.45702496 0.47508945 0.39693445 0.45000532 0.44589633  0.47476172 0.42761975 0.50206904 0.41641874
0.00039479 0.36283831 0.35232302 0.39930133 0.34523319 0.50234819  0.48417291 0.45702496 0.47508945 0.39693445 0.45000532 0.44589633  0.47476172 0.42761975 0.50206904 0.41641874
0.00039479 0.36283831 0.35232302 0.39930133 0.34523319 0.50234819  0.48417291 0.45702496 0.47508945 0.39693445 0.45000532 0.44589633  0.47476172 0.42761975 0.50206904 0.41641874
0.00039479 0.36283831 0.35232302 0.39930133 0.34523319 0.50234819  0.48417291 0.45702496 0.47508945 0.39693445 0.45000532 0.44589633  0.47476172 0.42761975 0.50206904 0.41641874
0.00039479 0.36283831 0.35232302 0.39930133 0.34523319 0.50234819  0.48417291 0.45702496 0.47508945 0.39693445 0.45000532 0.44589633  0.47476172 0.42761975 0.50206904 0.41641874
0.00039479 0.36283831 0.35232302 0.39930133 0.34523319 0.50234819  0.48417291 0.45702496 0.47508945 0.39693445 0.45000532 0.44589633  0.47476172 0.42761975 0.50206904 0.41641874
0.05453764 0.43523272 0.31911157 0.45542964 0.35189235 0.49992353  0.41465758 0.46894096 0.5502463  0.43470847 0.45405755 0.4674958  0.42295228 0.48104892 0.69194473 0.4426293 
0.12758314 0.52537597 0.27857432 0.5159118  0.35200443 0.52125932  0.34128315 0.46096207 0.64330031 0.47413884 0.47782864 0.48320569  0.37419029 0.54788585 0.86729179 0.43971946
0.23703355 0.65847931 0.21674494 0.60285323 0.36162605 0.5149401  0.2613506  0.4604218  0.70281065 0.49761459 0.47382522 0.4940262  0.37578073 0.58329747 0.93309129 0.43873674
0.3377189  0.77620639 0.37822939 0.64321041 0.4662027  0.40672359  0.27975474 0.47910092 0.77893397 0.66127671 0.2682103  0.27412818  0.44369978 0.55282526 0.64571005 0.3134684 
0.51978545 0.84918357 0.69560693 0.59986237 0.46302179 0.61633061  0.33920659 0.40814387 0.83083667 0.79950476 0.42626603 0.2247543  0.72065152 0.53454575 0.44293665 0.13258293
0.55447453 0.86361536 0.69623672 0.60413242 0.44527945 0.62034468  0.29970523 0.45232192 0.76981885 0.79492292 0.29735071 0.23551912  0.81701597 0.47440158 0.28047447 0.17031318
0.55447453 0.86361536 0.69623672 0.60413242 0.44527945 0.62034468  0.29970523 0.45232192 0.76981885 0.79492292 0.29735071 0.23551912  0.81701597 0.47440158 0.28047447 0.17031318
0.55447453 0.86361536 0.69623672 0.60413242 0.44527945 0.62034468  0.29970523 0.45232192 0.76981885 0.79492292 0.29735071 0.23551912  0.81701597 0.47440158 0.28047447 0.17031318
0.60342265 0.89863142 0.75011753 0.54942292 0.44167004 0.626913  0.41997032 0.39792778 0.70549872 0.67216161 0.34959662 0.16308599  0.67855958 0.4870685  0.18914938 0.18079323
0.63403362 0.89481421 0.7661253  0.5668249  0.41655516 0.59283623  0.46738343 0.37206209 0.5850106  0.73122589 0.36768033 0.19999829  0.5719016  0.48482439 0.15616125 0.1249328 
0.63810982 0.88428837 0.77623196 0.5941414  0.41951539 0.57337199  0.51363773 0.37522489 0.66599631 0.77202697 0.37909117 0.2188041  0.5946425  0.41093289 0.12730052 0.19616343
0.63810982 0.88428837 0.77623196 0.5941414  0.41951539 0.57337199  0.51363773 0.37522489 0.66599631 0.77202697 0.37909117 0.2188041  0.5946425  0.41093289 0.12730052 0.19616343
0.63810982 0.88428837 0.77623196 0.5941414  0.41951539 0.57337199  0.51363773 0.37522489 0.66599631 0.77202697 0.37909117 0.2188041  0.5946425  0.41093289 0.12730052 0.19616343
0.63231618 0.8712762  0.74180452 0.59215737 0.41744198 0.57263625  0.52479219 0.39874963 0.67297764 0.84044497 0.37998557 0.21851837  0.62591674 0.39603186 0.13190545 0.13900071
0.6497579  0.86443829 0.72869124 0.55716787 0.43346271 0.54583813  0.60285781 0.37701793 0.62122464 0.85342498 0.36767357 0.23009573  0.61871442 0.4082496  0.16358185 0.14946013
0.6497579  0.86443829 0.72869124 0.55716787 0.43346271 0.54583813  0.60285781 0.37701793 0.62122464 0.85342498 0.36767357 0.23009573  0.61871442 0.4082496  0.16358185 0.14946013
0.6497579  0.86443829 0.72869124 0.55716787 0.43346271 0.54583813  0.60285781 0.37701793 0.62122464 0.85342498 0.36767357 0.23009573  0.61871442 0.4082496  0.16358185 0.14946013
0.6497579  0.86443829 0.72869124 0.55716787 0.43346271 0.54583813  0.60285781 0.37701793 0.62122464 0.85342498 0.36767357 0.23009573  0.61871442 0.4082496  0.16358185 0.14946013
0.64312426 0.83181335 0.6618731  0.60735017 0.26849102 0.50905921  0.64019076 0.37638416 0.64156927 0.81022937 0.35142594 0.21566588  0.59474015 0.39373751 0.1895968  0.21478785
0.61144415 0.83267522 0.54031631 0.56461632 0.25215556 0.57672815  0.58405296 0.38031949 0.56346068 0.65793419 0.30981681 0.22790124  0.57444491 0.36352718 0.28094099 0.16727948
0.55215365 0.78135849 0.33694289 0.5791668  0.22532556 0.6761373  0.43949322 0.45844792 0.52825328 0.65473968 0.41550274 0.39716013  0.63611567 0.27088994 0.29736866 0.1671352 
0.49178072 0.79720243 0.16562707 0.52440646 0.25869771 0.72661057  0.37672974 0.4371956  0.49500461 0.45388873 0.47902188 0.43799519  0.436142   0.32384055 0.27678961 0.33974228
0.44040188 0.82034229 0.13390782 0.56752468 0.31175412 0.65393346  0.39916614 0.40180063 0.59057552 0.45478735 0.55829857 0.44628621  0.39278733 0.34402745 0.40483746 0.43352958
0.40307756 0.81066863 0.13036572 0.6070688  0.35547728 0.53572029  0.3994711  0.40250164 0.55409156 0.45207736 0.54193417 0.45336063  0.30873049 0.37515656 0.49168954 0.38170743
0.36516906 0.78879555 0.13731487 0.63658072 0.38522952 0.44167457  0.3755633  0.42609358 0.51020595 0.46175343 0.44831291 0.47588415  0.30011918 0.39822482 0.56576283 0.39273261
0.32817604 0.77091747 0.14555448 0.66188811 0.4058411  0.36726275  0.33383241 0.48436168 0.52873093 0.42934165 0.44877734 0.46560441  0.37306388 0.42667058 0.58311887 0.38819598
0.32817604 0.77091747 0.14555448 0.66188811 0.4058411  0.36726275  0.33383241 0.48436168 0.52873093 0.42934165 0.44877734 0.46560441  0.37306388 0.42667058 0.58311887 0.38819598
0.30910826 0.75802656 0.1509421  0.67541917 0.41736873 0.32753852  0.31307518 0.50236386 0.51461908 0.43792497 0.39228075 0.47987568  0.37939323 0.43843664 0.62909424 0.40870008
0.2905891  0.74350638 0.15382504 0.67461803 0.43475786 0.26801415  0.32752409 0.54218014 0.48558686 0.39258504 0.41411807 0.45543131  0.42393328 0.44464253 0.57446973 0.36941585
0.2905891  0.74350638 0.15382504 0.67461803 0.43475786 0.26801415  0.32752409 0.54218014 0.48558686 0.39258504 0.41411807 0.45543131  0.42393328 0.44464253 0.57446973 0.36941585
0.2905891  0.74350638 0.15382504 0.67461803 0.43475786 0.26801415  0.32752409 0.54218014 0.48558686 0.39258504 0.41411807 0.45543131  0.42393328 0.44464253 0.57446973 0.36941585
0.25348622 0.71136997 0.17563316 0.67688859 0.43151247 0.26742085  0.27495577 0.58244661 0.53373258 0.38449213 0.38678118 0.45763486  0.56439986 0.47958742 0.59795822 0.42736216
0.23495862 0.69119809 0.18297643 0.66695012 0.44078358 0.23352283  0.29568078 0.59814769 0.49606716 0.35125743 0.38118787 0.44124864  0.62903047 0.47589483 0.51035549 0.41189082
0.23495862 0.69119809 0.18297643 0.66695012 0.44078358 0.23352283  0.29568078 0.59814769 0.49606716 0.35125743 0.38118787 0.44124864  0.62903047 0.47589483 0.51035549 0.41189082
0.19778312 0.64508881 0.20605447 0.64177714 0.43596286 0.23865692  0.30669093 0.59850002 0.47197025 0.35707149 0.32676797 0.4518981  0.67633006 0.46233238 0.48470571 0.46637149
0.17952049 0.61987143 0.21812169 0.62263864 0.43176984 0.24349576  0.32881225 0.59151189 0.44108585 0.35023626 0.30726368 0.44996783  0.70139789 0.43489181 0.4111966  0.47423269
0.14282229 0.57075692 0.24330604 0.5871726  0.41924892 0.27402066  0.34946114 0.57930598 0.43103056 0.35857185 0.28798386 0.45549283  0.71592804 0.416078   0.38412458 0.51238936
0.03525649 0.41685964 0.32437467 0.45347996 0.36854765 0.43569141  0.43485985 0.4975719  0.47652552 0.39120509 0.39620065 0.45304628  0.55757342 0.45566594 0.52722734 0.46096477
0.03525649 0.41685964 0.32437467 0.45347996 0.36854765 0.43569141  0.43485985 0.4975719  0.47652552 0.39120509 0.39620065 0.45304628  0.55757342 0.45566594 0.52722734 0.46096477
0.0177474  0.38984345 0.33852207 0.42635267 0.35697043 0.47086435  0.45750391 0.47765391 0.48169648 0.39463854 0.42895995 0.44917931  0.51265071 0.44991576 0.53083289 0.43501917
0.00039479 0.36283831 0.35232302 0.39930133 0.34523319 0.50234819  0.48417291 0.45702496 0.47508945 0.39693445 0.45000532 0.44589633  0.47476172 0.42761975 0.50206904 0.41641874
0.00039479 0.36283831 0.35232302 0.39930133 0.34523319 0.50234819  0.48417291 0.45702496 0.47508945 0.39693445 0.45000532 0.44589633  0.47476172 0.42761975 0.50206904 0.41641874
0.00039479 0.36283831 0.35232302 0.39930133 0.34523319 0.50234819  0.48417291 0.45702496 0.47508945 0.39693445 0.45000532 0.44589633  0.47476172 0.42761975 0.50206904 0.41641874
0.00039479 0.36283831 0.35232302 0.39930133 0.34523319 0.50234819  0.48417291 0.45702496 0.47508945 0.39693445 0.45000532 0.44589633  0.47476172 0.42761975 0.50206904 0.41641874
0.00039479 0.36283831 0.35232302 0.39930133 0.34523319 0.50234819  0.48417291 0.45702496 0.47508945 0.39693445 0.45000532 0.44589633  0.47476172 0.42761975 0.50206904 0.41641874
0.00039479 0.36283831 0.35232302 0.39930133 0.34523319 0.50234819  0.48417291 0.45702496 0.47508945 0.39693445 0.45000532 0.44589633  0.47476172 0.42761975 0.50206904 0.41641874
0.00039479 0.36283831 0.35232302 0.39930133 0.34523319 0.50234819  0.48417291 0.45702496 0.47508945 0.39693445 0.45000532 0.44589633  0.47476172 0.42761975 0.50206904 0.41641874
0.00039479 0.36283831 0.35232302 0.39930133 0.34523319 0.50234819  0.48417291 0.45702496 0.47508945 0.39693445 0.45000532 0.44589633  0.47476172 0.42761975 0.50206904 0.41641874
0.00039479 0.36283831 0.35232302 0.39930133 0.34523319 0.50234819  0.48417291 0.45702496 0.47508945 0.39693445 0.45000532 0.44589633  0.47476172 0.42761975 0.50206904 0.41641874
0.00039479 0.36283831 0.35232302 0.39930133 0.34523319 0.50234819  0.48417291 0.45702496 0.47508945 0.39693445 0.45000532 0.44589633  0.47476172 0.42761975 0.50206904 0.41641874
0.00039479 0.36283831 0.35232302 0.39930133 0.34523319 0.50234819  0.48417291 0.45702496 0.47508945 0.39693445 0.45000532 0.44589633  0.47476172 0.42761975 0.50206904 0.41641874
0.00039479 0.36283831 0.35232302 0.39930133 0.34523319 0.50234819  0.48417291 0.45702496 0.47508945 0.39693445 0.45000532 0.44589633  0.47476172 0.42761975 0.50206904 0.41641874
0.00039479 0.36283831 0.35232302 0.39930133 0.34523319 0.50234819  0.48417291 0.45702496 0.47508945 0.39693445 0.45000532 0.44589633  0.47476172 0.42761975 0.50206904 0.41641874
0.00039479 0.36283831 0.35232302 0.39930133 0.34523319 0.50234819  0.48417291 0.45702496 0.47508945 0.39693445 0.45000532 0.44589633  0.47476172 0.42761975 0.50206904 0.41641874
0.00039479 0.36283831 0.35232302 0.39930133 0.34523319 0.50234819  0.48417291 0.45702496 0.47508945 0.39693445 0.45000532 0.44589633  0.47476172 0.42761975 0.50206904 0.41641874
0.00039479 0.36283831 0.35232302 0.39930133 0.34523319 0.50234819  0.48417291 0.45702496 0.47508945 0.39693445 0.45000532 0.44589633  0.47476172 0.42761975 0.50206904 0.41641874
0.00039479 0.36283831 0.35232302 0.39930133 0.34523319 0.50234819  0.48417291 0.45702496 0.47508945 0.39693445 0.45000532 0.44589633  0.47476172 0.42761975 0.50206904 0.41641874
0.00039479 0.36283831 0.35232302 0.39930133 0.34523319 0.50234819  0.48417291 0.45702496 0.47508945 0.39693445 0.45000532 0.44589633  0.47476172 0.42761975 0.50206904 0.41641874
0.00039479 0.36283831 0.35232302 0.39930133 0.34523319 0.50234819  0.48417291 0.45702496 0.47508945 0.39693445 0.45000532 0.44589633  0.47476172 0.42761975 0.50206904 0.41641874
0.00039479 0.36283831 0.35232302 0.39930133 0.34523319 0.50234819  0.48417291 0.45702496 0.47508945 0.39693445 0.45000532 0.44589633  0.47476172 0.42761975 0.50206904 0.41641874
0.00039479 0.36283831 0.35232302 0.39930133 0.34523319 0.50234819  0.48417291 0.45702496 0.47508945 0.39693445 0.45000532 0.44589633  0.47476172 0.42761975 0.50206904 0.41641874
0.00039479 0.36283831 0.35232302 0.39930133 0.34523319 0.50234819  0.48417291 0.45702496 0.47508945 0.39693445 0.45000532 0.44589633  0.47476172 0.42761975 0.50206904 0.41641874
