0.00039479 0.36283831 0.35232302 0.39930133 0.34523319 0.50234819  0.48417291 0.45702496 0.47508945 0.39693445 0.45000532 0.44589633  0.47476172 0.42761975 0.50206904 0.41641874
0.00039479 0.36283831 0.35232302 0.39930133 0.34523319 0.50234819  0.48417291 0.45702496 0.47508945 0.39693445 0.45000532 0.44589633  0.47476172 0.42761975 0.50206904 0.41641874
0.00039479 0.36283831 0.35232302 0.39930133 0.34523319 0.50234819  0.48417291 0.45702496 0.47508945 0.39693445 0.45000532 0.44589633  0.47476172 0.42761975 0.50206904 0.41641874
0.00039479 0.36283831 0.35232302 0.39930133 0.34523319 0.50234819  0.48417291 0.45702496 0.47508945 0.39693445 0.45000532 0.44589633  0.47476172 0.42761975 0.50206904 0.41641874
0.00039479 0.36283831 0.35232302 0.39930133 0.34523319 0.50234819  0.48417291 0.45702496 0.47508945 0.39693445 0.45000532 0.44589633  0.47476172 0.42761975 0.50206904 0.41641874
0.00039479 0.36283831 0.35232302 0.39930133 0.34523319 0.50234819  0.48417291 0.45702496 0.47508945 0.39693445 0.45000532 0.44589633  0.47476172 0.42761975 0.50206904 0.41641874
0.00039479 0.36283831 0.35232302 0.39930133 0.34523319 0.50234819  0.48417291 0.45702496 0.47508945 0.39693445 0.45000532 0.44589633  0.47476172 0.42761975 0.50206904 0.41641874
0.00039479 0.36283831 0.35232302 0.39930133 0.34523319 0.50234819  0.48417291 0.45702496 0.47508945 0.39693445 0.45000532 0.44589633  0.47476172 0.42761975 0.50206904 0.41641874
0.00039479 0.36283831 0.35232302 0.39930133 0.34523319 0.50234819  0.48417291 0.45702496 0.47508945 0.39693445 0.45000532 0.44589633  0.47476172 0.42761975 0.50206904 0.41641874
0.00039479 0.36283831 0.35232302 0.39930133 0.34523319 0.50234819  0.48417291 0.45702496 0.47508945 0.39693445 0.45000532 0.44589633  0.47476172 0.42761975 0.50206904 0.41641874
0.00039479 0.36283831 0.35232302 0.39930133 0.34523319 0.50234819  0.48417291 0.45702496 0.47508945 0.39693445 0.45000532 0.44589633  0.47476172 0.42761975 0.50206904 0.41641874
0.00039479 0.36283831 0.35232302 0.39930133 0.34523319 0.50234819  0.48417291 0.45702496 0.47508945 0.39693445 0.45000532 0.44589633  0.47476172 0.42761975 0.50206904 0.41641874
0.00039479 0.36283831 0.35232302 0.39930133 0.34523319 0.50234819  0.48417291 0.45702496 0.47508945 0.39693445 0.45000532 0.44589633  0.47476172 0.42761975 0.50206904 0.41641874
0.00039479 0.36283831 0.35232302 0.39930133 0.34523319 0.50234819  0.48417291 0.45702496 0.47508945 0.39693445 0.45000532 0.44589633  0.47476172 0.42761975 0.50206904 0.41641874
0.00039479 0.36283831 0.35232302 0.39930133 0.34523319 0.50234819  0.48417291 0.45702496 0.47508945 0.39693445 0.45000532 0.44589633  0.47476172 0.42761975 0.50206904 0.41641874
0.00039479 0.36283831 0.35232302 0.39930133 0.34523319 0.50234819  0.48417291 0.45702496 0.47508945 0.39693445 0.45000532 0.44589633  0.47476172 0.42761975 0.50206904 0.41641874
0.00039479 0.36283831 0.35232302 0.39930133 0.34523319 0.50234819  0.48417291 0.45702496 0.47508945 0.39693445 0.45000532 0.44589633  0.47476172 0.42761975 0.50206904 0.41641874
0.00039479 0.36283831 0.35232302 0.39930133 0.34523319 0.50234819  0.48417291 0.45702496 0.47508945 0.39693445 0.45000532 0.44589633  0.47476172 0.42761975 0.50206904 0.41641874
0.00039479 0.36283831 0.35232302 0.39930133 0.34523319 0.50234819  0.48417291 0.45702496 0.47508945 0.39693445 0.45000532 0.44589633  0.47476172 0.42761975 0.50206904 0.41641874
0.00039479 0.36283831 0.35232302 0.39930133 0.34523319 0.50234819  0.48417291 0.45702496 0.47508945 0.39693445 0.45000532 0.44589633  0.47476172 0.42761975 0.50206904 0.41641874
0.00039479 0.36283831 0.35232302 0.39930133 0.34523319 0.50234819  0.48417291 0.45702496 0.47508945 0.39693445 0.45000532 0.44589633  0.47476172 0.42761975 0.50206904 0.41641874
0.00039479 0.36283831 0.35232302 0.39930133 0.34523319 0.50234819  0.48417291 0.45702496 0.47508945 0.39693445 0.45000532 0.44589633  0.47476172 0.42761975 0.50206904 0.41641874
0.00039479 0.36283831 0.35232302 0.39930133 0.34523319 0.50234819  0.48417291 0.45702496 0.47508945 0.39693445 0.45000532 0.44589633  0.47476172 0.42761975 0.50206904 0.41641874
0.00039479 0.36283831 0.35232302 0.39930133 0.34523319 0.50234819  0.48417291 0.45702496 0.47508945 0.39693445 0.45000532 0.44589633  0.47476172 0.42761975 0.50206904 0.41641874
0.00039479 0.36283831 0.35232302 0.39930133 0.34523319 0.50234819  0.48417291 0.45702496 0.47508945 0.39693445 0.45000532 0.44589633  0.47476172 0.42761975 0.50206904 0.41641874
0.00039479 0.36283831 0.35232302 0.39930133 0.34523319 0.50234819  0.48417291 0.45702496 0.47508945 0.39693445 0.45000532 0.44589633  0.47476172 0.42761975 0.50206904 0.41641874
0.00039479 0.36283831 0.35232302 0.39930133 0.34523319 0.50234819  0.48417291 0.45702496 0.47508945 0.39693445 0.45000532 0.44589633  0.47476172 0.42761975 0.50206904 0.41641874
0.00039479 0.36283831 0.35232302 0.39930133 0.34523319 0.50234819  0.48417291 0.45702496 0.47508945 0.39693445 0.45000532 0.44589633  0.47476172 0.42761975 0.50206904 0.41641874
0.00039479 0.36283831 0.35232302 0.39930133 0.34523319 0.50234819  0.48417291 0.45702496 0.47508945 0.39693445 0.45000532 0.44589633  0.47476172 0.42761975 0.50206904 0.41641874
0.00039479 0.36283831 0.35232302 0.39930133 0.34523319 0.50234819  0.48417291 0.45702496 0.47508945 0.39693445 0.45000532 0.44589633  0.47476172 0.42761975 0.50206904 0.41641874
0.00039479 0.36283831 0.35232302 0.39930133 0.34523319 0.50234819  0.48417291 0.45702496 0.47508945 0.39693445 0.45000532 0.44589633  0.47476172 0.42761975 0.50206904 0.41641874
0.00039479 0.36283831 0.35232302 0.39930133 0.34523319 0.50234819  0.48417291 0.45702496 0.47508945 0.39693445 0.45000532 0.44589633  0.47476172 0.42761975 0.50206904 0.41641874
0.00039479 0.36283831 0.35232302 0.39930133 0.34523319 0.50234819  0.48417291 0.45702496 0.47508945 0.39693445 0.45000532 0.44589633  0.47476172 0.42761975 0.50206904 0.41641874
0.00039479 0.36283831 0.35232302 0.39930133 0.34523319 0.50234819  0.48417291 0.45702496 0.47508945 0.39693445 0.45000532 0.44589633  0.47476172 0.42761975 0.50206904 0.41641874
0.00039479 0.36283831 0.35232302 0.39930133 0.34523319 0.50234819  0.48417291 0.45702496 0.47508945 0.39693445 0.45000532 0.44589633  0.47476172 0.42761975 0.50206904 0.41641874
0.00039479 0.36283831 0.35232302 0.39930133 0.34523319 0.50234819  0.48417291 0.45702496 0.47508945 0.39693445 0.45000532 0.44589633  0.47476172 0.42761975 0.50206904 0.41641874
0.00039479 0.36283831 0.35232302 0.39930133 0.34523319 0.50234819  0.48417291 0.45702496 0.47508945 0.39693445 0.45000532 0.44589633  0.47476172 0.42761975 0.50206904 0.41641874
0.00039479 0.36283831 0.35232302 0.39930133 0.34523319 0.50234819  0.48417291 0.45702496 0.47508945 0.39693445 0.45000532 0.44589633  0.47476172 0.42761975 0.50206904 0.41641874
0.00039479 0.36283831 0.35232302 0.39930133 0.34523319 0.50234819  0.48417291 0.45702496 0.47508945 0.39693445 0.45000532 0.44589633  0.47476172 0.42761975 0.50206904 0.41641874
0.00039479 0.36283831 0.35232302 0.39930133 0.34523319 0.50234819  0.48417291 0.45702496 0.47508945 0.39693445 0.45000532 0.44589633  0.47476172 0.42761975 0.50206904 0.41641874
0.00039479 0.36283831 0.35232302 0.39930133 0.34523319 0.50234819  0.48417291 0.45702496 0.47508945 0.39693445 0.45000532 0.44589633  0.47476172 0.42761975 0.50206904 0.41641874
0.00039479 0.36283831 0.35232302 0.39930133 0.34523319 0.50234819  0.48417291 0.45702496 0.47508945 0.39693445 0.45000532 0.44589633  0.47476172 0.42761975 0.50206904 0.41641874
0.00039479 0.36283831 0.35232302 0.39930133 0.34523319 0.50234819  0.48417291 0.45702496 0.47508945 0.39693445 0.45000532 0.44589633  0.47476172 0.42761975 0.50206904 0.41641874
0.00039479 0.36283831 0.35232302 0.39930133 0.34523319 0.50234819  0.48417291 0.45702496 0.47508945 0.39693445 0.45000532 0.44589633  0.47476172 0.42761975 0.50206904 0.41641874
0.00039479 0.36283831 0.35232302 0.39930133 0.34523319 0.50234819  0.48417291 0.45702496 0.47508945 0.39693445 0.45000532 0.44589633  0.47476172 0.42761975 0.50206904 0.41641874
0.00039479 0.36283831 0.35232302 0.39930133 0.34523319 0.50234819  0.48417291 0.45702496 0.47508945 0.39693445 0.45000532 0.44589633  0.47476172 0.42761975 0.50206904 0.41641874
0.00039479 0.36283831 0.35232302 0.39930133 0.34523319 0.50234819  0.48417291 0.45702496 0.47508945 0.39693445 0.45000532 0.44589633  0.47476172 0.42761975 0.50206904 0.41641874
0.00039479 0.36283831 0.35232302 0.39930133 0.34523319 0.50234819  0.48417291 0.45702496 0.47508945 0.39693445 0.45000532 0.44589633  0.47476172 0.42761975 0.50206904 0.41641874
0.00039479 0.36283831 0.35232302 0.39930133 0.34523319 0.50234819  0.48417291 0.45702496 0.47508945 0.39693445 0.45000532 0.44589633  0.47476172 0.42761975 0.50206904 0.41641874
0.00039479 0.36283831 0.35232302 0.39930133 0.34523319 0.50234819  0.48417291 0.45702496 0.47508945 0.39693445 0.45000532 0.44589633  0.47476172 0.42761975 0.50206904 0.41641874
0.00039479 0.36283831 0.35232302 0.39930133 0.34523319 0.50234819  0.48417291 0.45702496 0.47508945 0.39693445 0.45000532 0.44589633  0.47476172 0.42761975 0.50206904 0.41641874
0.00039479 0.36283831 0.35232302 0.39930133 0.34523319 0.50234819  0.48417291 0.45702496 0.47508945 0.39693445 0.45000532 0.44589633  0.47476172 0.42761975 0.50206904 0.41641874
0.00039479 0.36283831 0.35232302 0.39930133 0.34523319 0.50234819  0.48417291 0.45702496 0.47508945 0.39693445 0.45000532 0.44589633  0.47476172 0.42761975 0.50206904 0.41641874
0.00039479 0.36283831 0.35232302 0.39930133 0.34523319 0.50234819  0.48417291 0.45702496 0.47508945 0.39693445 0.45000532 0.44589633  0.47476172 0.42761975 0.50206904 0.41641874
0.00039479 0.36283831 0.35232302 0.39930133 0.34523319 0.50234819  0.48417291 0.45702496 0.47508945 0.39693445 0.45000532 0.44589633  0.47476172 0.42761975 0.50206904 0.41641874
0.00039479 0.36283831 0.35232302 0.39930133 0.34523319 0.50234819  0.48417291 0.45702496 0.47508945 0.39693445 0.45000532 0.44589633  0.47476172 0.42761975 0.50206904 0.41641874
0.00039479 0.36283831 0.35232302 0.39930133 0.34523319 0.50234819  0.48417291 0.45702496 0.47508945 0.39693445 0.45000532 0.44589633  0.47476172 0.42761975 0.50206904 0.41641874
0.00039479 0.36283831 0.35232302 0.39930133 0.34523319 0.50234819  0.48417291 0.45702496 0.47508945 0.39693445 0.45000532 0.44589633  0.47476172 0.42761975 0.50206904 0.41641874
0.00039479 0.36283831 0.35232302 0.39930133 0.34523319 0.50234819  0.48417291 0.45702496 0.47508945 0.39693445 0.45000532 0.44589633  0.47476172 0.42761975 0.50206904 0.41641874
0.00039479 0.36283831 0.35232302 0.39930133 0.34523319 0.50234819  0.48417291 0.45702496 0.47508945 0.39693445 0.45000532 0.44589633  0.47476172 0.42761975 0.50206904 0.41641874
0.00039479 0.36283831 0.35232302 0.39930133 0.34523319 0.50234819  0.48417291 0.45702496 0.47508945 0.39693445 0.45000532 0.44589633  0.47476172 0.42761975 0.50206904 0.41641874
0.00039479 0.36283831 0.35232302 0.39930133 0.34523319 0.50234819  0.48417291 0.45702496 0.47508945 0.39693445 0.45000532 0.44589633  0.47476172 0.42761975 0.50206904 0.41641874
0.00039479 0.36283831 0.35232302 0.39930133 0.34523319 0.50234819  0.48417291 0.45702496 0.47508945 0.39693445 0.45000532 0.44589633  0.47476172 0.42761975 0.50206904 0.41641874
0.00039479 0.36283831 0.35232302 0.39930133 0.34523319 0.50234819  0.48417291 0.45702496 0.47508945 0.39693445 0.45000532 0.44589633  0.47476172 0.42761975 0.50206904 0.41641874
0.00039479 0.36283831 0.35232302 0.39930133 0.34523319 0.50234819  0.48417291 0.45702496 0.47508945 0.39693445 0.45000532 0.44589633  0.47476172 0.42761975 0.50206904 0.41641874
0.00039479 0.36283831 0.35232302 0.39930133 0.34523319 0.50234819  0.48417291 0.45702496 0.47508945 0.39693445 0.45000532 0.44589633  0.47476172 0.42761975 0.50206904 0.41641874
0.00039479 0.36283831 0.35232302 0.39930133 0.34523319 0.50234819  0.48417291 0.45702496 0.47508945 0.39693445 0.45000532 0.44589633  0.47476172 0.42761975 0.50206904 0.41641874
0.00039479 0.36283831 0.35232302 0.39930133 0.34523319 0.50234819  0.48417291 0.45702496 0.47508945 0.39693445 0.45000532 0.44589633  0.47476172 0.42761975 0.50206904 0.41641874
0.00039479 0.36283831 0.35232302 0.39930133 0.34523319 0.50234819  0.48417291 0.45702496 0.47508945 0.39693445 0.45000532 0.44589633  0.47476172 0.42761975 0.50206904 0.41641874
0.00039479 0.36283831 0.35232302 0.39930133 0.34523319 0.50234819  0.48417291 0.45702496 0.47508945 0.39693445 0.45000532 0.44589633  0.47476172 0.42761975 0.50206904 0.41641874
0.00039479 0.36283831 0.35232302 0.39930133 0.34523319 0.50234819  0.48417291 0.45702496 0.47508945 0.39693445 0.45000532 0.44589633  0.47476172 0.42761975 0.50206904 0.41641874
0.00039479 0.36283831 0.35232302 0.39930133 0.34523319 0.50234819  0.48417291 0.45702496 0.47508945 0.39693445 0.45000532 0.44589633  0.47476172 0.42761975 0.50206904 0.41641874
0.00039479 0.36283831 0.35232302 0.39930133 0.34523319 0.50234819  0.48417291 0.45702496 0.47508945 0.39693445 0.45000532 0.44589633  0.47476172 0.42761975 0.50206904 0.41641874
0.00039479 0.36283831 0.35232302 0.39930133 0.34523319 0.50234819  0.48417291 0.45702496 0.47508945 0.39693445 0.45000532 0.44589633  0.47476172 0.42761975 0.50206904 0.41641874
0.00039479 0.36283831 0.35232302 0.39930133 0.34523319 0.50234819  0.48417291 0.45702496 0.47508945 0.39693445 0.45000532 0.44589633  0.47476172 0.42761975 0.50206904 0.41641874
0.00039479 0.36283831 0.35232302 0.39930133 0.34523319 0.50234819  0.48417291 0.45702496 0.47508945 0.39693445 0.45000532 0.44589633  0.47476172 0.42761975 0.50206904 0.41641874
0.00039479 0.36283831 0.35232302 0.39930133 0.34523319 0.50234819  0.48417291 0.45702496 0.47508945 0.39693445 0.45000532 0.44589633  0.47476172 0.42761975 0.50206904 0.41641874
0.00039479 0.36283831 0.35232302 0.39930133 0.34523319 0.50234819  0.48417291 0.45702496 0.47508945 0.39693445 0.45000532 0.44589633  0.47476172 0.42761975 0.50206904 0.41641874
0.00039479 0.36283831 0.35232302 0.39930133 0.34523319 0.50234819  0.48417291 0.45702496 0.47508945 0.39693445 0.45000532 0.44589633  0.47476172 0.42761975 0.50206904 0.41641874
0.00039479 0.36283831 0.35232302 0.39930133 0.34523319 0.50234819  0.48417291 0.45702496 0.47508945 0.39693445 0.45000532 0.44589633  0.47476172 0.42761975 0.50206904 0.41641874
0.00039479 0.36283831 0.35232302 0.39930133 0.34523319 0.50234819  0.48417291 0.45702496 0.47508945 0.39693445 0.45000532 0.44589633  0.47476172 0.42761975 0.50206904 0.41641874
0.00039479 0.36283831 0.35232302 0.39930133 0.34523319 0.50234819  0.48417291 0.45702496 0.47508945 0.39693445 0.45000532 0.44589633  0.47476172 0.42761975 0.50206904 0.41641874
0.00039479 0.36283831 0.35232302 0.39930133 0.34523319 0.50234819  0.48417291 0.45702496 0.47508945 0.39693445 0.45000532 0.44589633  0.47476172 0.42761975 0.50206904 0.41641874
0.00039479 0.36283831 0.35232302 0.39930133 0.34523319 0.50234819  0.48417291 0.45702496 0.47508945 0.39693445 0.45000532 0.44589633  0.47476172 0.42761975 0.50206904 0.41641874
0.00039479 0.36283831 0.35232302 0.39930133 0.34523319 0.50234819  0.48417291 0.45702496 0.47508945 0.39693445 0.45000532 0.44589633  0.47476172 0.42761975 0.50206904 0.41641874
0.00039479 0.36283831 0.35232302 0.39930133 0.34523319 0.50234819  0.48417291 0.45702496 0.47508945 0.39693445 0.45000532 0.44589633  0.47476172 0.42761975 0.50206904 0.41641874
0.00039479 0.36283831 0.35232302 0.39930133 0.34523319 0.50234819  0.48417291 0.45702496 0.47508945 0.39693445 0.45000532 0.44589633  0.47476172 0.42761975 0.50206904 0.41641874
0.00039479 0.36283831 0.35232302 0.39930133 0.34523319 0.50234819  0.48417291 0.45702496 0.47508945 0.39693445 0.45000532 0.44589633  0.47476172 0.42761975 0.50206904 0.41641874
0.00039479 0.36283831 0.35232302 0.39930133 0.34523319 0.50234819  0.48417291 0.45702496 0.47508945 0.39693445 0.45000532 0.44589633  0.47476172 0.42761975 0.50206904 0.41641874
0.00039479 0.36283831 0.35232302 0.39930133 0.34523319 0.50234819  0.48417291 0.45702496 0.47508945 0.39693445 0.45000532 0.44589633  0.47476172 0.42761975 0.50206904 0.41641874
0.00039479 0.36283831 0.35232302 0.39930133 0.34523319 0.50234819  0.48417291 0.45702496 0.47508945 0.39693445 0.45000532 0.44589633  0.47476172 0.42761975 0.50206904 0.41641874
0.00039479 0.36283831 0.35232302 0.39930133 0.34523319 0.50234819  0.48417291 0.45702496 0.47508945 0.39693445 0.45000532 0.44589633  0.47476172 0.42761975 0.50206904 0.41641874
0.00039479 0.36283831 0.35232302 0.39930133 0.34523319 0.50234819  0.48417291 0.45702496 0.47508945 0.39693445 0.45000532 0.44589633  0.47476172 0.42761975 0.50206904 0.41641874
0.00039479 0.36283831 0.35232302 0.39930133 0.34523319 0.50234819  0.48417291 0.45702496 0.47508945 0.39693445 0.45000532 0.44589633  0.47476172 0.42761975 0.50206904 0.41641874
0.00039479 0.36283831 0.35232302 0.39930133 0.34523319 0.50234819  0.48417291 0.45702496 0.47508945 0.39693445 0.45000532 0.44589633  0.47476172 0.42761975 0.50206904 0.41641874
0.00039479 0.36283831 0.35232302 0.39930133 0.34523319 0.50234819  0.48417291 0.45702496 0.47508945 0.39693445 0.45000532 0.44589633  0.47476172 0.42761975 0.50206904 0.41641874
0.00039479 0.36283831 0.35232302 0.39930133 0.34523319 0.50234819  0.48417291 0.45702496 0.47508945 0.39693445 0.45000532 0.44589633  0.47476172 0.42761975 0.50206904 0.41641874
0.00039479 0.36283831 0.35232302 0.39930133 0.34523319 0.50234819  0.48417291 0.45702496 0.47508945 0.39693445 0.45000532 0.44589633  0.47476172 0.42761975 0.50206904 0.41641874
0.00039479 0.36283831 0.35232302 0.39930133 0.34523319 0.50234819  0.48417291 0.45702496 0.47508945 0.39693445 0.45000532 0.44589633  0.47476172 0.42761975 0.50206904 0.41641874
0.00039479 0.36283831 0.35232302 0.39930133 0.34523319 0.50234819  0.48417291 0.45702496 0.47508945 0.39693445 0.45000532 0.44589633  0.47476172 0.42761975 0.50206904 0.41641874
0.00039479 0.36283831 0.35232302 0.39930133 0.34523319 0.50234819  0.48417291 0.45702496 0.47508945 0.39693445 0.45000532 0.44589633  0.47476172 0.42761975 0.50206904 0.41641874
0.00039479 0.36283831 0.35232302 0.39930133 0.34523319 0.50234819  0.48417291 0.45702496 0.47508945 0.39693445 0.45000532 0.44589633  0.47476172 0.42761975 0.50206904 0.41641874
0.00039479 0.36283831 0.35232302 0.39930133 0.34523319 0.50234819  0.48417291 0.45702496 0.47508945 0.39693445 0.45000532 0.44589633  0.47476172 0.42761975 0.50206904 0.41641874
0.00039479 0.36283831 0.35232302 0.39930133 0.34523319 0.50234819  0.48417291 0.45702496 0.47508945 0.39693445 0.45000532 0.44589633  0.47476172 0.42761975 0.50206904 0.41641874
0.00039479 0.36283831 0.35232302 0.39930133 0.34523319 0.50234819  0.48417291 0.45702496 0.47508945 0.39693445 0.45000532 0.44589633  0.47476172 0.42761975 0.50206904 0.41641874
0.00039479 0.36283831 0.35232302 0.39930133 0.34523319 0.50234819  0.48417291 0.45702496 0.47508945 0.39693445 0.45000532 0.44589633  0.47476172 0.42761975 0.50206904 0.41641874
0.0177474  0.38984345 0.33852207 0.42635267 0.35697043 0.47086435  0.45750391 0.47765391 0.48169648 0.39463854 0.42895995 0.44917931  0.51265071 0.44991576 0.53083289 0.43501917
0.03525649 0.41685964 0.32437467 0.45347996 0.36854765 0.43569141  0.43485985 0.4975719  0.47652552 0.39120509 0.39620065 0.45304628  0.55757342 0.45566594 0.52722734 0.46096477
0.03525649 0.41685964 0.32437467 0.45347996 0.36854765 0.43569141  0.43485985 0.4975719  0.47652552 0.39120509 0.39620065 0.45304628  0.55757342 0.45566594 0.52722734 0.46096477
0.03525649 0.41685964 0.32437467 0.45347996 0.36854765 0.43569141  0.43485985 0.4975719  0.47652552 0.39120509 0.39620065 0.45304628  0.55757342 0.45566594 0.52722734 0.46096477
0.03525649 0.41685964 0.32437467 0.45347996 0.36854765 0.43569141  0.43485985 0.4975719  0.47652552 0.39120509 0.39620065 0.45304628  0.55757342 0.45566594 0.52722734 0.46096477
0.03525649 0.41685964 0.32437467 0.45347996 0.36854765 0.43569141  0.43485985 0.4975719  0.47652552 0.39120509 0.39620065 0.45304628  0.55757342 0.45566594 0.52722734 0.46096477
0.03525649 0.41685964 0.32437467 0.45347996 0.36854765 0.43569141  0.43485985 0.4975719  0.47652552 0.39120509 0.39620065 0.45304628  0.55757342 0.45566594 0.52722734 0.46096477
0.03525649 0.41685964 0.32437467 0.45347996 0.36854765 0.43569141  0.43485985 0.4975719  0.47652552 0.39120509 0.39620065 0.45304628  0.55757342 0.45566594 0.52722734 0.46096477
0.03525649 0.41685964 0.32437467 0.45347996 0.36854765 0.43569141  0.43485985 0.4975719  0.47652552 0.39120509 0.39620065 0.45304628  0.55757342 0.45566594 0.52722734 0.46096477
0.03525649 0.41685964 0.32437467 0.45347996 0.36854765 0.43569141  0.43485985 0.4975719  0.47652552 0.39120509 0.39620065 0.45304628  0.55757342 0.45566594 0.52722734 0.46096477
0.03525649 0.41685964 0.32437467 0.45347996 0.36854765 0.43569141  0.43485985 0.4975719  0.47652552 0.39120509 0.39620065 0.45304628  0.55757342 0.45566594 0.52722734 0.46096477
0.03525649 0.41685964 0.32437467 0.45347996 0.36854765 0.43569141  0.43485985 0.4975719  0.47652552 0.39120509 0.39620065 0.45304628  0.55757342 0.45566594 0.52722734 0.46096477
0.03525649 0.41685964 0.32437467 0.45347996 0.36854765 0.43569141  0.43485985 0.4975719  0.47652552 0.39120509 0.39620065 0.45304628  0.55757342 0.45566594 0.52722734 0.46096477
0.03525649 0.41685964 0.32437467 0.45347996 0.36854765 0.43569141  0.43485985 0.4975719  0.47652552 0.39120509 0.39620065 0.45304628  0.55757342 0.45566594 0.52722734 0.46096477
0.03525649 0.41685964 0.32437467 0.45347996 0.36854765 0.43569141  0.43485985 0.4975719  0.47652552 0.39120509 0.39620065 0.45304628  0.55757342 0.45566594 0.52722734 0.46096477
0.03525649 0.41685964 0.32437467 0.45347996 0.36854765 0.43569141  0.43485985 0.4975719  0.47652552 0.39120509 0.39620065 0.45304628  0.55757342 0.45566594 0.52722734 0.46096477
0.03525649 0.41685964 0.32437467 0.45347996 0.36854765 0.43569141  0.43485985 0.4975719  0.47652552 0.39120509 0.39620065 0.45304628  0.55757342 0.45566594 0.52722734 0.46096477
0.03525649 0.41685964 0.32437467 0.45347996 0.36854765 0.43569141  0.43485985 0.4975719  0.47652552 0.39120509 0.39620065 0.45304628  0.55757342 0.45566594 0.52722734 0.46096477
0.08948736 0.49521366 0.28518251 0.51992462 0.39140831 0.38269037  0.37354917 0.53067635 0.51969359 0.39491743 0.40176919 0.45701493  0.55467763 0.50816085 0.64166497 0.45742585
0.10790948 0.52006986 0.27295207 0.53758714 0.39565131 0.37686759  0.35640982 0.53644634 0.54757535 0.39453639 0.43258952 0.45227625  0.52979935 0.5365488  0.69603209 0.43060237
0.12643708 0.54024174 0.2656088  0.54752561 0.38638021 0.41076562  0.33568481 0.52074526 0.58524077 0.42777109 0.43818284 0.46866246  0.46516875 0.54024139 0.78363483 0.4460737 
0.16195612 0.59063604 0.2382716  0.5919273  0.40381672 0.34789337  0.31360213 0.55020339 0.5475288  0.4126003  0.37837128 0.47023332  0.54046215 0.50022482 0.67786294 0.47882122
0.18001915 0.6160657  0.22461097 0.61307898 0.41254251 0.31785307  0.30658972 0.56129783 0.52266386 0.40556944 0.34867363 0.47162608  0.57187095 0.4711165  0.61144849 0.49459014
0.197928   0.64193664 0.2107846  0.63649365 0.42165947 0.28614367  0.29248271 0.57746461 0.50796105 0.39757575 0.32108455 0.47261515  0.6132861  0.45876825 0.57035284 0.50717193
0.197928   0.64193664 0.2107846  0.63649365 0.42165947 0.28614367  0.29248271 0.57746461 0.50796105 0.39757575 0.32108455 0.47261515  0.6132861  0.45876825 0.57035284 0.50717193
0.23489862 0.67987752 0.19649177 0.6522512  0.40634954 0.34452825  0.26130489 0.54447097 0.56923031 0.43944402 0.33597415 0.48983118  0.55428684 0.48371997 0.67552066 0.51393573
0.30903383 0.74383038 0.16433424 0.65445828 0.39052487 0.41175797  0.30261831 0.45840288 0.53969553 0.48593281 0.34512886 0.50662715  0.38121755 0.42815695 0.65178171 0.48327659
0.30903383 0.74383038 0.16433424 0.65445828 0.39052487 0.41175797  0.30261831 0.45840288 0.53969553 0.48593281 0.34512886 0.50662715  0.38121755 0.42815695 0.65178171 0.48327659
0.32804533 0.75920825 0.15794568 0.6465016  0.38053494 0.45022443  0.31350879 0.44398181 0.56734037 0.48117029 0.41325641 0.49153716  0.35231288 0.42144922 0.62312414 0.45832212
0.44054965 0.82022789 0.12361278 0.55557381 0.33438396 0.60795342  0.46314807 0.39556488 0.55763478 0.4277996  0.63100969 0.42226633  0.33193637 0.36346912 0.41500279 0.3699135 
0.49362571 0.81124581 0.1016175  0.47514645 0.3390896  0.61266162  0.60791633 0.33866394 0.42945969 0.47868133 0.51729227 0.46887136  0.35637887 0.33670351 0.41965302 0.46160683
0.52906469 0.78820068 0.09336626 0.38841304 0.34732777 0.60797626  0.70061735 0.39068725 0.41489499 0.43795197 0.56221965 0.44478585  0.48337353 0.40582652 0.48947905 0.4686588 
0.62760188 0.67161847 0.10783265 0.22754056 0.31175622 0.63817842  0.64218288 0.4367139  0.46963661 0.40676036 0.31568156 0.4956063  0.73315632 0.57657376 0.56781093 0.52226816
0.69255431 0.55686545 0.11946465 0.11213253 0.30268892 0.54952093  0.532035   0.61946455 0.50152782 0.3931496  0.29642009 0.52733209  0.46349033 0.6549563  0.59170218 0.62963458
0.74647705 0.42699892 0.11269909 0.10075759 0.32730504 0.46152034  0.39511608 0.58333655 0.56616461 0.3606821  0.36494115 0.50672367  0.29834818 0.5049443  0.43941795 0.54767349
0.78743402 0.34532367 0.11693221 0.10924094 0.34124527 0.4476743  0.28979287 0.46258968 0.56986447 0.35974761 0.30242544 0.50503654  0.31027533 0.42624738 0.32024595 0.41571156
0.7952603  0.31580183 0.11533389 0.15555014 0.36153582 0.46322322  0.28717772 0.4563851  0.53037133 0.37560092 0.33923932 0.45612551  0.30530118 0.45133583 0.29738914 0.49777747
0.82452958 0.24249387 0.14684166 0.27336729 0.34695392 0.44412721  0.29356382 0.46766802 0.43625611 0.4963474  0.51649022 0.45740333  0.26850446 0.59264123 0.21798829 0.65757992
0.83214097 0.21263629 0.14072922 0.31796398 0.37213385 0.47378809  0.28670873 0.46761833 0.38732484 0.49086676 0.53062268 0.40341099  0.28137468 0.57041086 0.25691812 0.68471067
0.85506724 0.19359182 0.20378184 0.37300282 0.32135679 0.43356114  0.3000692  0.45741792 0.31723267 0.56484918 0.61003229 0.45837896  0.34767307 0.63403976 0.29191581 0.58093444
0.86282844 0.16348741 0.19645501 0.41644787 0.34811531 0.46760702  0.29315581 0.45167132 0.27365159 0.55900468 0.61003931 0.40249821  0.36463921 0.61167544 0.34784768 0.60097394
0.86282844 0.16348741 0.19645501 0.41644787 0.34811531 0.46760702  0.29315581 0.45167132 0.27365159 0.55900468 0.61003931 0.40249821  0.36463921 0.61167544 0.34784768 0.60097394
0.86282844 0.16348741 0.19645501 0.41644787 0.34811531 0.46760702  0.29315581 0.45167132 0.27365159 0.55900468 0.61003931 0.40249821  0.36463921 0.61167544 0.34784768 0.60097394
0.86428532 0.15668793 0.19712608 0.43963288 0.35577898 0.47931321  0.32035107 0.46879371 0.30043505 0.5419094  0.59105161 0.43559642  0.34481613 0.63464346 0.31345419 0.58233273
0.86282844 0.16348741 0.19645501 0.41644787 0.34811531 0.46760702  0.29315581 0.45167132 0.27365159 0.55900468 0.61003931 0.40249821  0.36463921 0.61167544 0.34784768 0.60097394
0.86282844 0.16348741 0.19645501 0.41644787 0.34811531 0.46760702  0.29315581 0.45167132 0.27365159 0.55900468 0.61003931 0.40249821  0.36463921 0.61167544 0.34784768 0.60097394
0.86282844 0.16348741 0.19645501 0.41644787 0.34811531 0.46760702  0.29315581 0.45167132 0.27365159 0.55900468 0.61003931 0.40249821  0.36463921 0.61167544 0.34784768 0.60097394
0.86282844 0.16348741 0.19645501 0.41644787 0.34811531 0.46760702  0.29315581 0.45167132 0.27365159 0.55900468 0.61003931 0.40249821  0.36463921 0.61167544 0.34784768 0.60097394
0.85128236 0.17754024 0.1678926  0.38818315 0.36854039 0.49238362  0.27995355 0.4474409  0.30855113 0.50538985 0.57169793 0.38179502  0.34466318 0.60277355 0.28786804 0.6695016 
0.85128236 0.17754024 0.1678926  0.38818315 0.36854039 0.49238362  0.27995355 0.4474409  0.30855113 0.50538985 0.57169793 0.38179502  0.34466318 0.60277355 0.28786804 0.6695016 
0.8030215  0.28569742 0.10800706 0.19899519 0.38829434 0.4972691  0.28026433 0.45063849 0.48679025 0.36975642 0.33924634 0.40024477  0.32226731 0.42897151 0.35332101 0.51781697
0.78743402 0.34532367 0.11693221 0.10924094 0.34124527 0.4476743  0.28979287 0.46258968 0.56986447 0.35974761 0.30242544 0.50503654  0.31027533 0.42624738 0.32024595 0.41571156
0.71332496 0.48695057 0.08661235 0.13638972 0.36105249 0.51712456  0.49607086 0.40191496 0.61871479 0.35531441 0.29841617 0.51618472  0.65608807 0.52230928 0.5458968  0.48297072
0.59521899 0.71231201 0.09946105 0.26900658 0.33004911 0.62165695  0.68773549 0.45743126 0.45097386 0.41028433 0.44240714 0.4661279  0.66740669 0.51360893 0.57316234 0.51305839
0.52906469 0.78820068 0.09336626 0.38841304 0.34732777 0.60797626  0.70061735 0.39068725 0.41489499 0.43795197 0.56221965 0.44478585  0.48337353 0.40582652 0.48947905 0.4686588 
0.47519548 0.81056876 0.09654784 0.49702408 0.36448215 0.55085511  0.61469541 0.33360884 0.42118648 0.47317538 0.54490054 0.46542886  0.29218941 0.35246694 0.45807609 0.42316772
0.42027876 0.8103488  0.1154471  0.58739732 0.37098644 0.5062475  0.46640962 0.36569205 0.48136623 0.48659072 0.48661598 0.4818624  0.25853725 0.3529315  0.50007316 0.42395598
0.38418056 0.80417342 0.13092631 0.62862403 0.37523959 0.48014103  0.38645378 0.41167251 0.53785078 0.45699091 0.51644047 0.46079417  0.27121451 0.3915171  0.53710526 0.36777814
0.34720959 0.78459453 0.15213045 0.65689475 0.36931807 0.48964022  0.27451741 0.46296826 0.65629284 0.45591761 0.5081479  0.4650596  0.4348531  0.45893406 0.61771805 0.43198952
0.36610368 0.79359113 0.15060289 0.63922827 0.35098746 0.54604688  0.28099153 0.45721214 0.68450359 0.45312166 0.55212056 0.45454268  0.45472048 0.44356838 0.56928905 0.44537256
0.40368542 0.80883655 0.14048396 0.59810457 0.33242514 0.60540724  0.35271339 0.42839982 0.65546832 0.43988161 0.61302499 0.43496825  0.41905408 0.40178506 0.48187421 0.41459107
0.44069365 0.81007625 0.14032823 0.54239843 0.30426988 0.68304022  0.40313717 0.43227428 0.639074   0.42390576 0.63051958 0.41783338  0.48658205 0.38969986 0.41519338 0.42785322
0.51699937 0.93283208 0.43385925 0.41174198 0.64260556 0.76779094  0.33347745 0.369299   0.49992359 0.3811926  0.53792831 0.41836331  0.37491605 0.48667581 0.18089475 0.44478281
0.59165319 0.96091487 0.65425842 0.35440046 0.78053604 0.82043808  0.31749064 0.37294195 0.4245071  0.22126213 0.53793957 0.47730118  0.58058163 0.38249876 0.29544779 0.45650755
0.65346996 0.91494511 0.70728703 0.30451543 0.73093411 0.81399471  0.34333172 0.44235786 0.32822229 0.22669087 0.56085965 0.49738581  0.73461002 0.48393482 0.28311551 0.36594473
0.6862124  0.91186052 0.76056676 0.30451759 0.72829923 0.73925962  0.48951072 0.40827749 0.35183012 0.26040012 0.53509348 0.49595088  0.76173903 0.40817128 0.38760174 0.38279298
0.72008229 0.88459644 0.73575327 0.24641869 0.70993426 0.67879428  0.59676713 0.40609416 0.30454127 0.26486412 0.44670429 0.47440212  0.77551885 0.43357545 0.46358295 0.42174993
0.74385982 0.89021149 0.8325425  0.26351629 0.70746957 0.59359934  0.67634255 0.43682831 0.40808155 0.46921641 0.42772586 0.38072905  0.72729496 0.46222211 0.44076653 0.4506626 
0.77461258 0.83453778 0.83396177 0.21282055 0.70950075 0.5561585  0.64323937 0.46245535 0.44391318 0.48080555 0.36954485 0.41262222  0.69203119 0.51910243 0.49990397 0.47227965
0.8207364  0.75773642 0.8596981  0.17017995 0.6855788  0.47782099  0.57858959 0.51759838 0.43470298 0.49246316 0.42615235 0.45632082  0.55341935 0.72117953 0.45622875 0.529182  
0.83542669 0.72836427 0.85273408 0.15148031 0.69356062 0.46094273  0.57089249 0.44795689 0.46471519 0.50247713 0.35863053 0.48563998  0.57067063 0.79545689 0.5165079  0.53614438
0.83594248 0.72549538 0.84277605 0.16021775 0.64507227 0.44749878  0.58560823 0.44657668 0.47797134 0.49413115 0.31651348 0.45176391  0.52499842 0.83425711 0.48739616 0.57565037
0.83594248 0.72549538 0.84277605 0.16021775 0.64507227 0.44749878  0.58560823 0.44657668 0.47797134 0.49413115 0.31651348 0.45176391  0.52499842 0.83425711 0.48739616 0.57565037
0.83594248 0.72549538 0.84277605 0.16021775 0.64507227 0.44749878  0.58560823 0.44657668 0.47797134 0.49413115 0.31651348 0.45176391  0.52499842 0.83425711 0.48739616 0.57565037
0.83643855 0.72983976 0.8527358  0.14860551 0.69296319 0.46107042  0.5698017  0.449529   0.46398325 0.50165527 0.35224833 0.50405363  0.53775259 0.81749274 0.49127618 0.59342617
0.86657582 0.67617363 0.87187028 0.12548056 0.66722562 0.4294075  0.50540456 0.55175719 0.4341389  0.5323325  0.3136172  0.5185352  0.32737128 0.69257767 0.58084087 0.57459317
0.86607976 0.67182925 0.86191052 0.13709281 0.6193347  0.41583586  0.5212111  0.54880487 0.44812699 0.52480838 0.27788235 0.46624547  0.3146171  0.70934205 0.57696086 0.55681737
0.87740488 0.63123985 0.84467227 0.14060356 0.62320908 0.39349621  0.48009386 0.49310649 0.47521713 0.48264409 0.30630892 0.45632174  0.32671609 0.68225886 0.51235019 0.48644973
0.87740488 0.63123985 0.84467227 0.14060356 0.62320908 0.39349621  0.48009386 0.49310649 0.47521713 0.48264409 0.30630892 0.45632174  0.32671609 0.68225886 0.51235019 0.48644973
0.89079171 0.53100769 0.73540581 0.17127349 0.5014402  0.36228681  0.39890056 0.40029892 0.46501923 0.31808071 0.29341915 0.4252546  0.33080702 0.67989659 0.4642475  0.34293815
0.89079171 0.53100769 0.73540581 0.17127349 0.5014402  0.36228681  0.39890056 0.40029892 0.46501923 0.31808071 0.29341915 0.4252546  0.33080702 0.67989659 0.4642475  0.34293815
0.87507615 0.49448185 0.63922234 0.20319692 0.40289921 0.39178294  0.35015407 0.38793892 0.34712473 0.18202505 0.38818393 0.55898374  0.34873333 0.65446832 0.53787293 0.35542377
0.8661762  0.38889685 0.47211715 0.2695963  0.22146447 0.34694105  0.33130197 0.39702728 0.36414212 0.20279132 0.5071671  0.61572172  0.40952868 0.58863697 0.44449463 0.36160059
0.86034685 0.31696829 0.3494149  0.27744675 0.18636004 0.33808899  0.33108753 0.37280088 0.41388667 0.39298838 0.47086393 0.62337438  0.52205303 0.53101963 0.42188022 0.21834951
0.86034685 0.31696829 0.3494149  0.27744675 0.18636004 0.33808899  0.33108753 0.37280088 0.41388667 0.39298838 0.47086393 0.62337438  0.52205303 0.53101963 0.42188022 0.21834951
0.83478094 0.30362033 0.23998455 0.22034983 0.23722605 0.38206682  0.29085414 0.44305986 0.40252891 0.48788449 0.45123974 0.60637114  0.42368392 0.55084891 0.36490896 0.19665631
0.83478094 0.30362033 0.23998455 0.22034983 0.23722605 0.38206682  0.29085414 0.44305986 0.40252891 0.48788449 0.45123974 0.60637114  0.42368392 0.55084891 0.36490896 0.19665631
0.83478094 0.30362033 0.23998455 0.22034983 0.23722605 0.38206682  0.29085414 0.44305986 0.40252891 0.48788449 0.45123974 0.60637114  0.42368392 0.55084891 0.36490896 0.19665631
0.83478094 0.30362033 0.23998455 0.22034983 0.23722605 0.38206682  0.29085414 0.44305986 0.40252891 0.48788449 0.45123974 0.60637114  0.42368392 0.55084891 0.36490896 0.19665631
0.83478094 0.30362033 0.23998455 0.22034983 0.23722605 0.38206682  0.29085414 0.44305986 0.40252891 0.48788449 0.45123974 0.60637114  0.42368392 0.55084891 0.36490896 0.19665631
0.82340075 0.30861196 0.20549434 0.19357571 0.26757802 0.39751717  0.29069593 0.45749069 0.43772154 0.4675169  0.41017151 0.57210636  0.37736155 0.49612189 0.38989091 0.23190488
0.82340075 0.30861196 0.20549434 0.19357571 0.26757802 0.39751717  0.29069593 0.45749069 0.43772154 0.4675169  0.41017151 0.57210636  0.37736155 0.49612189 0.38989091 0.23190488
0.83116196 0.27850755 0.19816751 0.23702076 0.29433654 0.43156305  0.28378253 0.45174409 0.39414046 0.46167241 0.41017853 0.51622562  0.39432769 0.47375757 0.44582278 0.25194438
0.83116196 0.27850755 0.19816751 0.23702076 0.29433654 0.43156305  0.28378253 0.45174409 0.39414046 0.46167241 0.41017853 0.51622562  0.39432769 0.47375757 0.44582278 0.25194438
0.83877335 0.24864997 0.19205507 0.28161745 0.31951647 0.46122393  0.27692744 0.4516944  0.34520919 0.45619177 0.424311   0.46223328  0.40719791 0.4515272  0.4847526  0.27907512
0.83877335 0.24864997 0.19205507 0.28161745 0.31951647 0.46122393  0.27692744 0.4516944  0.34520919 0.45619177 0.424311   0.46223328  0.40719791 0.4515272  0.4847526  0.27907512
0.83877335 0.24864997 0.19205507 0.28161745 0.31951647 0.46122393  0.27692744 0.4516944  0.34520919 0.45619177 0.424311   0.46223328  0.40719791 0.4515272  0.4847526  0.27907512
0.83877335 0.24864997 0.19205507 0.28161745 0.31951647 0.46122393  0.27692744 0.4516944  0.34520919 0.45619177 0.424311   0.46223328  0.40719791 0.4515272  0.4847526  0.27907512
0.85015353 0.24365833 0.22654528 0.30839157 0.28916449 0.44577358  0.27708566 0.43726357 0.31001656 0.47655936 0.46537923 0.49649805  0.45352027 0.50625421 0.45977066 0.24382655
0.86518695 0.1859721  0.22216429 0.40180741 0.33309389 0.48697389  0.27675766 0.4330644  0.23675109 0.50738395 0.5162481  0.39612589  0.44279978 0.55816963 0.43349932 0.39360078
0.87356203 0.16061259 0.2292656  0.4389555  0.32186532 0.46229051  0.29027417 0.43700161 0.24196564 0.56179752 0.61471107 0.42751762  0.45555272 0.57478687 0.39470997 0.47586499
0.87356203 0.16061259 0.2292656  0.4389555  0.32186532 0.46229051  0.29027417 0.43700161 0.24196564 0.56179752 0.61471107 0.42751762  0.45555272 0.57478687 0.39470997 0.47586499
0.87846341 0.13926264 0.22533257 0.485668   0.34648733 0.49902234  0.31242155 0.45950318 0.22749089 0.54842263 0.59514    0.41093854  0.45750384 0.5868716  0.4362134  0.45993778
0.87982572 0.13412447 0.22486813 0.49312617 0.34933157 0.4997548  0.3088227  0.45905487 0.20925556 0.55011977 0.61467107 0.40324892  0.42990229 0.64498273 0.39339088 0.50612753
0.87982572 0.13412447 0.22486813 0.49312617 0.34933157 0.4997548  0.3088227  0.45905487 0.20925556 0.55011977 0.61467107 0.40324892  0.42990229 0.64498273 0.39339088 0.50612753
0.87982572 0.13412447 0.22486813 0.49312617 0.34933157 0.4997548  0.3088227  0.45905487 0.20925556 0.55011977 0.61467107 0.40324892  0.42990229 0.64498273 0.39339088 0.50612753
0.88374767 0.11742713 0.22237084 0.53075814 0.37074778 0.52817227  0.33373414 0.48013081 0.21736839 0.54009293 0.58760809 0.39734358  0.4127117  0.68377571 0.38967222 0.49512888
0.87982572 0.13412447 0.22486813 0.49312617 0.34933157 0.4997548  0.3088227  0.45905487 0.20925556 0.55011977 0.61467107 0.40324892  0.42990229 0.64498273 0.39339088 0.50612753
0.87982572 0.13412447 0.22486813 0.49312617 0.34933157 0.4997548  0.3088227  0.45905487 0.20925556 0.55011977 0.61467107 0.40324892  0.42990229 0.64498273 0.39339088 0.50612753
0.87982572 0.13412447 0.22486813 0.49312617 0.34933157 0.4997548  0.3088227  0.45905487 0.20925556 0.55011977 0.61467107 0.40324892  0.42990229 0.64498273 0.39339088 0.50612753
0.87982572 0.13412447 0.22486813 0.49312617 0.34933157 0.4997548  0.3088227  0.45905487 0.20925556 0.55011977 0.61467107 0.40324892  0.42990229 0.64498273 0.39339088 0.50612753
0.87008833 0.16462215 0.21823127 0.4485199  0.3577159  0.52370572  0.29890504 0.45556597 0.22227634 0.49400906 0.49667703 0.37954681  0.4447509  0.57025436 0.47500275 0.37767356
0.87008833 0.16462215 0.21823127 0.4485199  0.3577159  0.52370572  0.29890504 0.45556597 0.22227634 0.49400906 0.49667703 0.37954681  0.4447509  0.57025436 0.47500275 0.37767356
0.87578227 0.14114471 0.21199541 0.49350879 0.38744175 0.56339149  0.31625461 0.46718595 0.20552962 0.47831215 0.46783125 0.34420643  0.4513911  0.57501108 0.5400015  0.36234182
0.86440209 0.14613635 0.17750519 0.46673467 0.41779372 0.57884184  0.31609639 0.48161678 0.24072224 0.45794456 0.42676302 0.30994166  0.40506873 0.52028406 0.56498345 0.39759039
0.86440209 0.14613635 0.17750519 0.46673467 0.41779372 0.57884184  0.31609639 0.48161678 0.24072224 0.45794456 0.42676302 0.30994166  0.40506873 0.52028406 0.56498345 0.39759039
0.84053127 0.17483508 0.12128921 0.41236571 0.46805522 0.62441492  0.30871286 0.47159775 0.3229439  0.35466524 0.34321978 0.26020162  0.40129447 0.47163211 0.49937827 0.50247787
0.81970341 0.21020631 0.09334494 0.3510206  0.46625686 0.59496639  0.32233174 0.46575636 0.42130163 0.36176614 0.34834258 0.27047882  0.4354171  0.31000487 0.52139324 0.51454842
0.7150525  0.42700375 0.0540391  0.21628062 0.43858662 0.4934386  0.47775489 0.28014591 0.62371729 0.30780478 0.40908699 0.41542363  0.60951428 0.36971467 0.58542089 0.42791792
0.5680064  0.68125753 0.06256963 0.37282711 0.40177751 0.54711309  0.62077512 0.15631411 0.51687925 0.45263737 0.41969776 0.49623891  0.51596199 0.41711392 0.59018643 0.41781684
0.31884735 0.67957371 0.12529597 0.61297718 0.48582345 0.19175114  0.45435019 0.40446498 0.34005949 0.44162106 0.23061514 0.51579802  0.45743339 0.39276934 0.61338333 0.43270481
0.23275447 0.61887336 0.17997326 0.5479407  0.46508806 0.17494564  0.55644953 0.48495661 0.19544966 0.40305047 0.18090901 0.50232338  0.56323261 0.33591235 0.33639558 0.51284955
0.00039479 0.36283831 0.35232302 0.39930133 0.34523319 0.50234819  0.48417291 0.45702496 0.47508945 0.39693445 0.45000532 0.44589633  0.47476172 0.42761975 0.50206904 0.41641874
0.00039479 0.36283831 0.35232302 0.39930133 0.34523319 0.50234819  0.48417291 0.45702496 0.47508945 0.39693445 0.45000532 0.44589633  0.47476172 0.42761975 0.50206904 0.41641874
0.00039479 0.36283831 0.35232302 0.39930133 0.34523319 0.50234819  0.48417291 0.45702496 0.47508945 0.39693445 0.45000532 0.44589633  0.47476172 0.42761975 0.50206904 0.41641874
0.00039479 0.36283831 0.35232302 0.39930133 0.34523319 0.50234819  0.48417291 0.45702496 0.47508945 0.39693445 0.45000532 0.44589633  0.47476172 0.42761975 0.50206904 0.41641874
0.00039479 0.36283831 0.35232302 0.39930133 0.34523319 0.50234819  0.48417291 0.45702496 0.47508945 0.39693445 0.45000532 0.44589633  0.47476172 0.42761975 0.50206904 0.41641874
0.00039479 0.36283831 0.35232302 0.39930133 0.34523319 0.50234819  0.48417291 0.45702496 0.47508945 0.39693445 0.45000532 0.44589633  0.47476172 0.42761975 0.50206904 0.41641874
0.00039479 0.36283831 0.35232302 0.39930133 0.34523319 0.50234819  0.48417291 0.45702496 0.47508945 0.39693445 0.45000532 0.44589633  0.47476172 0.42761975 0.50206904 0.41641874
0.00039479 0.36283831 0.35232302 0.39930133 0.34523319 0.50234819  0.48417291 0.45702496 0.47508945 0.39693445 0.45000532 0.44589633  0.47476172 0.42761975 0.50206904 0.41641874
0.00039479 0.36283831 0.35232302 0.39930133 0.34523319 0.50234819  0.48417291 0.45702496 0.47508945 0.39693445 0.45000532 0.44589633  0.47476172 0.42761975 0.50206904 0.41641874
0.00039479 0.36283831 0.35232302 0.39930133 0.34523319 0.50234819  0.48417291 0.45702496 0.47508945 0.39693445 0.45000532 0.44589633  0.47476172 0.42761975 0.50206904 0.41641874
0.0177474  0.38984345 0.33852207 0.42635267 0.35697043 0.47086435  0.45750391 0.47765391 0.48169648 0.39463854 0.42895995 0.44917931  0.51265071 0.44991576 0.53083289 0.43501917
0.05462097 0.43812034 0.31488174 0.45897161 0.36329265 0.46390177  0.42363564 0.49024654 0.54181527 0.39078584 0.4965072  0.43721229  0.47331322 0.50946131 0.63574332 0.37567525
0.23551263 0.68728843 0.18488133 0.65424332 0.43511442 0.25223525  0.3171386  0.58254739 0.49020305 0.34311532 0.41613863 0.42923937  0.60408793 0.45550354 0.45197155 0.38130632
0.30781666 0.67802742 0.14992407 0.52266617 0.45986964 0.23184998  0.5700339  0.54743565 0.35507877 0.31493325 0.50091421 0.40161111  0.57396026 0.48471801 0.4733556  0.31685184
0.30781666 0.67802742 0.14992407 0.52266617 0.45986964 0.23184998  0.5700339  0.54743565 0.35507877 0.31493325 0.50091421 0.40161111  0.57396026 0.48471801 0.4733556  0.31685184
0.43178621 0.67763967 0.10461635 0.40307912 0.46184858 0.25125479  0.66563969 0.5593882  0.42362627 0.24277806 0.66968496 0.36477982  0.56112919 0.56276546 0.49271919 0.26894795
0.45813518 0.60885985 0.09509772 0.39533506 0.48477986 0.19154562  0.59690948 0.55855048 0.48379243 0.19237243 0.78174617 0.33512722  0.50003881 0.50578111 0.332837   0.23919984
0.5424371  0.547035   0.08935124 0.27906211 0.46011181 0.26413708  0.57905629 0.61960464 0.59267131 0.12210669 0.88833379 0.29261231  0.60059023 0.42973829 0.23492104 0.26151173
0.5424371  0.547035   0.08935124 0.27906211 0.46011181 0.26413708  0.57905629 0.61960464 0.59267131 0.12210669 0.88833379 0.29261231  0.60059023 0.42973829 0.23492104 0.26151173
0.5424371  0.547035   0.08935124 0.27906211 0.46011181 0.26413708  0.57905629 0.61960464 0.59267131 0.12210669 0.88833379 0.29261231  0.60059023 0.42973829 0.23492104 0.26151173
0.5983883  0.54639078 0.10895062 0.23975848 0.39605035 0.3601399  0.55883024 0.80045101 0.62376812 0.19235276 0.79969717 0.37508305  0.44855205 0.36676954 0.40527281 0.35979117
0.6109951  0.51752155 0.13677398 0.30376007 0.35846955 0.35464859  0.56274939 0.88518925 0.56243366 0.27904821 0.85566043 0.45404611  0.22698502 0.39702536 0.30118905 0.50695586
0.63219188 0.54281484 0.17886929 0.25187068 0.26189859 0.52377518  0.42898572 0.93086096 0.55914129 0.3731701  0.65618096 0.4662422  0.39529292 0.46728048 0.42739301 0.60790426
0.64561731 0.6252082  0.16316556 0.19799724 0.24599024 0.63821704  0.46206995 0.83431235 0.44381818 0.40325401 0.45582097 0.44636667  0.34095299 0.41206043 0.53828722 0.55067385
0.66083163 0.61585986 0.18546725 0.21724757 0.21997347 0.6516411  0.41271663 0.82610817 0.36031723 0.4414101  0.35203288 0.47142458  0.30968718 0.36886145 0.46198434 0.51472996
0.67827335 0.60902196 0.17235397 0.18225807 0.2359942  0.62484298  0.49078224 0.80437646 0.30856423 0.45439012 0.33972089 0.48300195  0.30248486 0.38107919 0.49366074 0.52518938
0.66357064 0.63540819 0.15991651 0.18506033 0.25264614 0.63942723  0.52628296 0.76291293 0.33536374 0.43115304 0.36121697 0.47593341  0.420684   0.44423809 0.45656591 0.54605042
0.67826093 0.60603604 0.15295249 0.16636068 0.26062795 0.62254897  0.51858586 0.69327145 0.36537595 0.44116701 0.29369514 0.50525258  0.43793528 0.51851545 0.51684505 0.5530128 
0.67826093 0.60603604 0.15295249 0.16636068 0.26062795 0.62254897  0.51858586 0.69327145 0.36537595 0.44116701 0.29369514 0.50525258  0.43793528 0.51851545 0.51684505 0.5530128 
0.67826093 0.60603604 0.15295249 0.16636068 0.26062795 0.62254897  0.51858586 0.69327145 0.36537595 0.44116701 0.29369514 0.50525258  0.43793528 0.51851545 0.51684505 0.5530128 
0.67522293 0.60991686 0.1511185  0.17997027 0.26514969 0.62820217  0.54307382 0.68393202 0.39706568 0.43706097 0.29417501 0.49751918  0.54201006 0.3828675  0.60789856 0.4708324 
0.6125679  0.70197452 0.11326561 0.2518958  0.3038289  0.66158146  0.65286567 0.48371843 0.43062913 0.41212718 0.36033053 0.47336414  0.71334635 0.49750511 0.52939562 0.51272732
0.51122529 0.79950986 0.09455724 0.43195576 0.3493868  0.5994669  0.66683861 0.34610602 0.416032   0.46732754 0.53386627 0.462384  0.40329739 0.37544479 0.47961754 0.45658068
0.49362571 0.81124581 0.1016175  0.47514645 0.3390896  0.61266162  0.60791633 0.33866394 0.42945969 0.47868133 0.51729227 0.46887136  0.35637887 0.33670351 0.41965302 0.46160683
0.45775376 0.81740666 0.10966112 0.53201358 0.34846142 0.57765323  0.53662979 0.35534054 0.47293948 0.46019537 0.55721253 0.45385149  0.29939173 0.3402492  0.42639969 0.4127083 
0.42197165 0.81966524 0.12883817 0.58940231 0.33714667 0.59212695  0.40594522 0.39674552 0.58230231 0.4492814  0.58590683 0.4428437  0.32859787 0.35979088 0.44326054 0.39509047
0.42197165 0.81966524 0.12883817 0.58940231 0.33714667 0.59212695  0.40594522 0.39674552 0.58230231 0.4492814  0.58590683 0.4428437  0.32859787 0.35979088 0.44326054 0.39509047
0.44040188 0.82034229 0.13390782 0.56752468 0.31175412 0.65393346  0.39916614 0.40180063 0.59057552 0.45478735 0.55829857 0.44628621  0.39278733 0.34402745 0.40483746 0.43352958
0.44040188 0.82034229 0.13390782 0.56752468 0.31175412 0.65393346  0.39916614 0.40180063 0.59057552 0.45478735 0.55829857 0.44628621  0.39278733 0.34402745 0.40483746 0.43352958
0.49049094 0.78721431 0.18516541 0.54175865 0.23509275 0.75254475  0.28310577 0.46767083 0.49922095 0.48177286 0.35571143 0.46790342  0.47484512 0.30685605 0.25092183 0.37032862
0.52990201 0.81897274 0.28587886 0.52438336 0.20692978 0.74460801  0.34471169 0.40514309 0.47051331 0.33946411 0.38909839 0.42195908  0.44602036 0.38960214 0.1711104  0.44308903
0.57029107 0.82692548 0.43996106 0.60487067 0.15057175 0.70640185  0.34883061 0.31417622 0.37752447 0.19111915 0.44620599 0.47110218  0.52593187 0.4418896  0.22429211 0.42629847
0.62064612 0.84866444 0.65123516 0.6671642  0.13711209 0.63524391  0.38040563 0.29127459 0.33821325 0.23381265 0.47311227 0.42788025  0.44563745 0.48367155 0.32835746 0.32016396
0.62847945 0.85759394 0.68506571 0.64971021 0.14897575 0.6233321  0.36690599 0.29610562 0.33098855 0.22661112 0.43722289 0.38700673  0.31053855 0.60549775 0.25181197 0.39472409
0.63142998 0.87012937 0.7109097  0.63401515 0.19597444 0.63225672  0.35598804 0.29456205 0.32255114 0.22168721 0.43243961 0.38154276  0.29771469 0.60492824 0.25784102 0.37430991
0.63142998 0.87012937 0.7109097  0.63401515 0.19597444 0.63225672  0.35598804 0.29456205 0.32255114 0.22168721 0.43243961 0.38154276  0.29771469 0.60492824 0.25784102 0.37430991
0.64926938 0.85882019 0.70971871 0.59047242 0.1939154  0.64076609  0.38976677 0.33914328 0.32141413 0.19231164 0.460793   0.36394461  0.37779083 0.63530997 0.26770253 0.38638803
0.64926938 0.85882019 0.70971871 0.59047242 0.1939154  0.64076609  0.38976677 0.33914328 0.32141413 0.19231164 0.460793   0.36394461  0.37779083 0.63530997 0.26770253 0.38638803
0.66397209 0.83243396 0.72215617 0.58767017 0.17726346 0.62618183  0.35426606 0.38060681 0.29461462 0.21554871 0.43929692 0.37101315  0.25959168 0.57215106 0.30479736 0.365527  
0.68135717 0.81655679 0.72461475 0.54638064 0.17178981 0.6314574  0.36579608 0.44672303 0.29750878 0.19322332 0.44687771 0.35827025  0.32630268 0.58788014 0.31350589 0.38351815
0.68135717 0.81655679 0.72461475 0.54638064 0.17178981 0.6314574  0.36579608 0.44672303 0.29750878 0.19322332 0.44687771 0.35827025  0.32630268 0.58788014 0.31350589 0.38351815
0.68135717 0.81655679 0.72461475 0.54638064 0.17178981 0.6314574  0.36579608 0.44672303 0.29750878 0.19322332 0.44687771 0.35827025  0.32630268 0.58788014 0.31350589 0.38351815
0.68135717 0.81655679 0.72461475 0.54638064 0.17178981 0.6314574  0.36579608 0.44672303 0.29750878 0.19322332 0.44687771 0.35827025  0.32630268 0.58788014 0.31350589 0.38351815
0.68135717 0.81655679 0.72461475 0.54638064 0.17178981 0.6314574  0.36579608 0.44672303 0.29750878 0.19322332 0.44687771 0.35827025  0.32630268 0.58788014 0.31350589 0.38351815
0.68135717 0.81655679 0.72461475 0.54638064 0.17178981 0.6314574  0.36579608 0.44672303 0.29750878 0.19322332 0.44687771 0.35827025  0.32630268 0.58788014 0.31350589 0.38351815
0.68135717 0.81655679 0.72461475 0.54638064 0.17178981 0.6314574  0.36579608 0.44672303 0.29750878 0.19322332 0.44687771 0.35827025  0.32630268 0.58788014 0.31350589 0.38351815
0.71439132 0.77754094 0.72425151 0.48286726 0.17300138 0.60118402  0.39582194 0.51492977 0.28103625 0.18930969 0.44631664 0.35919591  0.28103903 0.56486526 0.42594028 0.38052004
0.71439132 0.77754094 0.72425151 0.48286726 0.17300138 0.60118402  0.39582194 0.51492977 0.28103625 0.18930969 0.44631664 0.35919591  0.28103903 0.56486526 0.42594028 0.38052004
0.73044108 0.75144585 0.72541509 0.44978385 0.17337743 0.58199505  0.38211634 0.57145869 0.30425215 0.17110702 0.45313115 0.36123679  0.26288214 0.54193345 0.48727459 0.39280015
0.73044108 0.75144585 0.72541509 0.44978385 0.17337743 0.58199505  0.38211634 0.57145869 0.30425215 0.17110702 0.45313115 0.36123679  0.26288214 0.54193345 0.48727459 0.39280015
0.74764519 0.74862463 0.71146343 0.42622362 0.18745489 0.55169485  0.45559807 0.53123436 0.21955685 0.20350279 0.379334   0.39282195  0.2303375  0.51871354 0.49867149 0.43559495
0.74764519 0.74862463 0.71146343 0.42622362 0.18745489 0.55169485  0.45559807 0.53123436 0.21955685 0.20350279 0.379334   0.39282195  0.2303375  0.51871354 0.49867149 0.43559495
0.73881856 0.72394689 0.61101664 0.46288879 0.09831203 0.5197514  0.57754456 0.45894287 0.15480338 0.24427746 0.40442794 0.47573283  0.30004537 0.52286859 0.48237529 0.50476823
0.73881856 0.72394689 0.61101664 0.46288879 0.09831203 0.5197514  0.57754456 0.45894287 0.15480338 0.24427746 0.40442794 0.47573283  0.30004537 0.52286859 0.48237529 0.50476823
0.70839202 0.71969146 0.51330546 0.48104006 0.09261075 0.5629017  0.57865279 0.41503921 0.09920641 0.29574118 0.48445029 0.55173583  0.50784403 0.60552106 0.40303509 0.44586567
0.62376631 0.7751668  0.41061306 0.52572995 0.11695223 0.66123778  0.51815599 0.40007369 0.32107533 0.26273267 0.42417961 0.48485858  0.76538706 0.37243068 0.34113927 0.38856919
0.58274114 0.75524898 0.2368764  0.44726921 0.19211548 0.73654796  0.45266399 0.49407023 0.33203045 0.4176019  0.40370591 0.48024784  0.69218733 0.39930411 0.22618533 0.35666611
0.55620837 0.76563357 0.19714352 0.470793   0.22094271 0.74199635  0.4410886  0.45572907 0.33879984 0.46780123 0.37957334 0.47864284  0.58902708 0.33891865 0.24796226 0.32110538
0.47626812 0.81147946 0.14299539 0.51721986 0.28262374 0.71152057  0.41994787 0.42991457 0.5454568  0.43970787 0.52519383 0.43503968  0.43816745 0.33439942 0.32245419 0.41376199
0.44040188 0.82034229 0.13390782 0.56752468 0.31175412 0.65393346  0.39916614 0.40180063 0.59057552 0.45478735 0.55829857 0.44628621  0.39278733 0.34402745 0.40483746 0.43352958
0.42197165 0.81966524 0.12883817 0.58940231 0.33714667 0.59212695  0.40594522 0.39674552 0.58230231 0.4492814  0.58590683 0.4428437  0.32859787 0.35979088 0.44326054 0.39509047
0.36511279 0.7912825  0.13631394 0.64215509 0.38676722 0.4404168  0.36569655 0.42967469 0.52373893 0.46557423 0.45994387 0.47506544  0.27754386 0.40328316 0.58308063 0.38828224
0.30910826 0.75802656 0.1509421  0.67541917 0.41736873 0.32753852  0.31307518 0.50236386 0.51461908 0.43792497 0.39228075 0.47987568  0.37939323 0.43843664 0.62909424 0.40870008
0.27243931 0.72387382 0.1746613  0.66889946 0.40761491 0.35440753  0.26636015 0.52868382 0.58611048 0.43579475 0.40812218 0.47633106  0.47143609 0.4731741  0.6657523  0.45352979
0.21637945 0.66535735 0.19937471 0.65145006 0.42373868 0.28500388  0.27575379 0.58428725 0.54019808 0.39410409 0.35781147 0.46538681  0.59882689 0.48992586 0.62089615 0.47465149
0.197928   0.64193664 0.2107846  0.63649365 0.42165947 0.28614367  0.29248271 0.57746461 0.50796105 0.39757575 0.32108455 0.47261515  0.6132861  0.45876825 0.57035284 0.50717193
0.17950588 0.61708045 0.22301504 0.61883112 0.41741646 0.29196645  0.30962206 0.57169462 0.4800793  0.39795679 0.29026422 0.47735383  0.63816438 0.43038031 0.51598572 0.53399541
0.16097828 0.59690857 0.23035831 0.60889265 0.42668757 0.25806842  0.33034707 0.5873957  0.44241388 0.36472209 0.2846709  0.46096762  0.70279498 0.42668771 0.42838298 0.51852408
0.12459978 0.54568845 0.25712989 0.56749689 0.41047314 0.3050449  0.35149159 0.56942968 0.45889815 0.37281898 0.30636546 0.46076903  0.68432969 0.44423894 0.46968103 0.51558272
0.07117188 0.46942321 0.29829345 0.49968054 0.38391967 0.39962655  0.38768127 0.52380478 0.51131292 0.39598347 0.3937661  0.4582091  0.56762114 0.49660376 0.61654857 0.47025342
0.05290925 0.44420582 0.31036068 0.48054205 0.37972666 0.40446539  0.40980259 0.51681666 0.48042852 0.38914823 0.37426181 0.45627883  0.59268897 0.4691632  0.54303946 0.47811462
0.03555663 0.41720068 0.32416163 0.4534907  0.36798941 0.43594923  0.43647159 0.49618771 0.47382149 0.39144415 0.39530718 0.45299584  0.55479998 0.44686718 0.51427561 0.45951419
0.01804755 0.39018449 0.33830903 0.42636341 0.35641219 0.47112218  0.45911565 0.47626972 0.47899245 0.39487759 0.42806648 0.44912887  0.50987727 0.441117   0.51788115 0.43356859
0.00039479 0.36283831 0.35232302 0.39930133 0.34523319 0.50234819  0.48417291 0.45702496 0.47508945 0.39693445 0.45000532 0.44589633  0.47476172 0.42761975 0.50206904 0.41641874
0.00039479 0.36283831 0.35232302 0.39930133 0.34523319 0.50234819  0.48417291 0.45702496 0.47508945 0.39693445 0.45000532 0.44589633  0.47476172 0.42761975 0.50206904 0.41641874
0.00039479 0.36283831 0.35232302 0.39930133 0.34523319 0.50234819  0.48417291 0.45702496 0.47508945 0.39693445 0.45000532 0.44589633  0.47476172 0.42761975 0.50206904 0.41641874
0.00039479 0.36283831 0.35232302 0.39930133 0.34523319 0.50234819  0.48417291 0.45702496 0.47508945 0.39693445 0.45000532 0.44589633  0.47476172 0.42761975 0.50206904 0.41641874
0.00039479 0.36283831 0.35232302 0.39930133 0.34523319 0.50234819  0.48417291 0.45702496 0.47508945 0.39693445 0.45000532 0.44589633  0.47476172 0.42761975 0.50206904 0.41641874
0.00039479 0.36283831 0.35232302 0.39930133 0.34523319 0.50234819  0.48417291 0.45702496 0.47508945 0.39693445 0.45000532 0.44589633  0.47476172 0.42761975 0.50206904 0.41641874
0.00039479 0.36283831 0.35232302 0.39930133 0.34523319 0.50234819  0.48417291 0.45702496 0.47508945 0.39693445 0.45000532 0.44589633  0.47476172 0.42761975 0.50206904 0.41641874
0.00039479 0.36283831 0.35232302 0.39930133 0.34523319 0.50234819  0.48417291 0.45702496 0.47508945 0.39693445 0.45000532 0.44589633  0.47476172 0.42761975 0.50206904 0.41641874
0.00039479 0.36283831 0.35232302 0.39930133 0.34523319 0.50234819  0.48417291 0.45702496 0.47508945 0.39693445 0.45000532 0.44589633  0.47476172 0.42761975 0.50206904 0.41641874
0.00039479 0.36283831 0.35232302 0.39930133 0.34523319 0.50234819  0.48417291 0.45702496 0.47508945 0.39693445 0.45000532 0.44589633  0.47476172 0.42761975 0.50206904 0.41641874
0.00039479 0.36283831 0.35232302 0.39930133 0.34523319 0.50234819  0.48417291 0.45702496 0.47508945 0.39693445 0.45000532 0.44589633  0.47476172 0.42761975 0.50206904 0.41641874
0.00039479 0.36283831 0.35232302 0.39930133 0.34523319 0.50234819  0.48417291 0.45702496 0.47508945 0.39693445 0.45000532 0.44589633  0.47476172 0.42761975 0.50206904 0.41641874
0.00039479 0.36283831 0.35232302 0.39930133 0.34523319 0.50234819  0.48417291 0.45702496 0.47508945 0.39693445 0.45000532 0.44589633  0.47476172 0.42761975 0.50206904 0.41641874
