0.00039479 0.36283831 0.35232302 0.39930133 0.34523319 0.50234819  0.48417291 0.45702496 0.47508945 0.39693445 0.45000532 0.44589633  0.47476172 0.42761975 0.50206904 0.41641874
0.00039479 0.36283831 0.35232302 0.39930133 0.34523319 0.50234819  0.48417291 0.45702496 0.47508945 0.39693445 0.45000532 0.44589633  0.47476172 0.42761975 0.50206904 0.41641874
0.00039479 0.36283831 0.35232302 0.39930133 0.34523319 0.50234819  0.48417291 0.45702496 0.47508945 0.39693445 0.45000532 0.44589633  0.47476172 0.42761975 0.50206904 0.41641874
0.00039479 0.36283831 0.35232302 0.39930133 0.34523319 0.50234819  0.48417291 0.45702496 0.47508945 0.39693445 0.45000532 0.44589633  0.47476172 0.42761975 0.50206904 0.41641874
0.00039479 0.36283831 0.35232302 0.39930133 0.34523319 0.50234819  0.48417291 0.45702496 0.47508945 0.39693445 0.45000532 0.44589633  0.47476172 0.42761975 0.50206904 0.41641874
0.00039479 0.36283831 0.35232302 0.39930133 0.34523319 0.50234819  0.48417291 0.45702496 0.47508945 0.39693445 0.45000532 0.44589633  0.47476172 0.42761975 0.50206904 0.41641874
0.00039479 0.36283831 0.35232302 0.39930133 0.34523319 0.50234819  0.48417291 0.45702496 0.47508945 0.39693445 0.45000532 0.44589633  0.47476172 0.42761975 0.50206904 0.41641874
0.00039479 0.36283831 0.35232302 0.39930133 0.34523319 0.50234819  0.48417291 0.45702496 0.47508945 0.39693445 0.45000532 0.44589633  0.47476172 0.42761975 0.50206904 0.41641874
0.00039479 0.36283831 0.35232302 0.39930133 0.34523319 0.50234819  0.48417291 0.45702496 0.47508945 0.39693445 0.45000532 0.44589633  0.47476172 0.42761975 0.50206904 0.41641874
0.00039479 0.36283831 0.35232302 0.39930133 0.34523319 0.50234819  0.48417291 0.45702496 0.47508945 0.39693445 0.45000532 0.44589633  0.47476172 0.42761975 0.50206904 0.41641874
0.00039479 0.36283831 0.35232302 0.39930133 0.34523319 0.50234819  0.48417291 0.45702496 0.47508945 0.39693445 0.45000532 0.44589633  0.47476172 0.42761975 0.50206904 0.41641874
0.00039479 0.36283831 0.35232302 0.39930133 0.34523319 0.50234819  0.48417291 0.45702496 0.47508945 0.39693445 0.45000532 0.44589633  0.47476172 0.42761975 0.50206904 0.41641874
0.00039479 0.36283831 0.35232302 0.39930133 0.34523319 0.50234819  0.48417291 0.45702496 0.47508945 0.39693445 0.45000532 0.44589633  0.47476172 0.42761975 0.50206904 0.41641874
0.00039479 0.36283831 0.35232302 0.39930133 0.34523319 0.50234819  0.48417291 0.45702496 0.47508945 0.39693445 0.45000532 0.44589633  0.47476172 0.42761975 0.50206904 0.41641874
0.00039479 0.36283831 0.35232302 0.39930133 0.34523319 0.50234819  0.48417291 0.45702496 0.47508945 0.39693445 0.45000532 0.44589633  0.47476172 0.42761975 0.50206904 0.41641874
0.00039479 0.36283831 0.35232302 0.39930133 0.34523319 0.50234819  0.48417291 0.45702496 0.47508945 0.39693445 0.45000532 0.44589633  0.47476172 0.42761975 0.50206904 0.41641874
0.00039479 0.36283831 0.35232302 0.39930133 0.34523319 0.50234819  0.48417291 0.45702496 0.47508945 0.39693445 0.45000532 0.44589633  0.47476172 0.42761975 0.50206904 0.41641874
0.00039479 0.36283831 0.35232302 0.39930133 0.34523319 0.50234819  0.48417291 0.45702496 0.47508945 0.39693445 0.45000532 0.44589633  0.47476172 0.42761975 0.50206904 0.41641874
0.00039479 0.36283831 0.35232302 0.39930133 0.34523319 0.50234819  0.48417291 0.45702496 0.47508945 0.39693445 0.45000532 0.44589633  0.47476172 0.42761975 0.50206904 0.41641874
0.00039479 0.36283831 0.35232302 0.39930133 0.34523319 0.50234819  0.48417291 0.45702496 0.47508945 0.39693445 0.45000532 0.44589633  0.47476172 0.42761975 0.50206904 0.41641874
0.00039479 0.36283831 0.35232302 0.39930133 0.34523319 0.50234819  0.48417291 0.45702496 0.47508945 0.39693445 0.45000532 0.44589633  0.47476172 0.42761975 0.50206904 0.41641874
0.00039479 0.36283831 0.35232302 0.39930133 0.34523319 0.50234819  0.48417291 0.45702496 0.47508945 0.39693445 0.45000532 0.44589633  0.47476172 0.42761975 0.50206904 0.41641874
0.00039479 0.36283831 0.35232302 0.39930133 0.34523319 0.50234819  0.48417291 0.45702496 0.47508945 0.39693445 0.45000532 0.44589633  0.47476172 0.42761975 0.50206904 0.41641874
0.00039479 0.36283831 0.35232302 0.39930133 0.34523319 0.50234819  0.48417291 0.45702496 0.47508945 0.39693445 0.45000532 0.44589633  0.47476172 0.42761975 0.50206904 0.41641874
0.00039479 0.36283831 0.35232302 0.39930133 0.34523319 0.50234819  0.48417291 0.45702496 0.47508945 0.39693445 0.45000532 0.44589633  0.47476172 0.42761975 0.50206904 0.41641874
0.00039479 0.36283831 0.35232302 0.39930133 0.34523319 0.50234819  0.48417291 0.45702496 0.47508945 0.39693445 0.45000532 0.44589633  0.47476172 0.42761975 0.50206904 0.41641874
0.00039479 0.36283831 0.35232302 0.39930133 0.34523319 0.50234819  0.48417291 0.45702496 0.47508945 0.39693445 0.45000532 0.44589633  0.47476172 0.42761975 0.50206904 0.41641874
0.00039479 0.36283831 0.35232302 0.39930133 0.34523319 0.50234819  0.48417291 0.45702496 0.47508945 0.39693445 0.45000532 0.44589633  0.47476172 0.42761975 0.50206904 0.41641874
0.00039479 0.36283831 0.35232302 0.39930133 0.34523319 0.50234819  0.48417291 0.45702496 0.47508945 0.39693445 0.45000532 0.44589633  0.47476172 0.42761975 0.50206904 0.41641874
0.00039479 0.36283831 0.35232302 0.39930133 0.34523319 0.50234819  0.48417291 0.45702496 0.47508945 0.39693445 0.45000532 0.44589633  0.47476172 0.42761975 0.50206904 0.41641874
0.00039479 0.36283831 0.35232302 0.39930133 0.34523319 0.50234819  0.48417291 0.45702496 0.47508945 0.39693445 0.45000532 0.44589633  0.47476172 0.42761975 0.50206904 0.41641874
0.00039479 0.36283831 0.35232302 0.39930133 0.34523319 0.50234819  0.48417291 0.45702496 0.47508945 0.39693445 0.45000532 0.44589633  0.47476172 0.42761975 0.50206904 0.41641874
0.00039479 0.36283831 0.35232302 0.39930133 0.34523319 0.50234819  0.48417291 0.45702496 0.47508945 0.39693445 0.45000532 0.44589633  0.47476172 0.42761975 0.50206904 0.41641874
0.00039479 0.36283831 0.35232302 0.39930133 0.34523319 0.50234819  0.48417291 0.45702496 0.47508945 0.39693445 0.45000532 0.44589633  0.47476172 0.42761975 0.50206904 0.41641874
0.00039479 0.36283831 0.35232302 0.39930133 0.34523319 0.50234819  0.48417291 0.45702496 0.47508945 0.39693445 0.45000532 0.44589633  0.47476172 0.42761975 0.50206904 0.41641874
0.00039479 0.36283831 0.35232302 0.39930133 0.34523319 0.50234819  0.48417291 0.45702496 0.47508945 0.39693445 0.45000532 0.44589633  0.47476172 0.42761975 0.50206904 0.41641874
0.00039479 0.36283831 0.35232302 0.39930133 0.34523319 0.50234819  0.48417291 0.45702496 0.47508945 0.39693445 0.45000532 0.44589633  0.47476172 0.42761975 0.50206904 0.41641874
0.00039479 0.36283831 0.35232302 0.39930133 0.34523319 0.50234819  0.48417291 0.45702496 0.47508945 0.39693445 0.45000532 0.44589633  0.47476172 0.42761975 0.50206904 0.41641874
0.00039479 0.36283831 0.35232302 0.39930133 0.34523319 0.50234819  0.48417291 0.45702496 0.47508945 0.39693445 0.45000532 0.44589633  0.47476172 0.42761975 0.50206904 0.41641874
0.00039479 0.36283831 0.35232302 0.39930133 0.34523319 0.50234819  0.48417291 0.45702496 0.47508945 0.39693445 0.45000532 0.44589633  0.47476172 0.42761975 0.50206904 0.41641874
0.00039479 0.36283831 0.35232302 0.39930133 0.34523319 0.50234819  0.48417291 0.45702496 0.47508945 0.39693445 0.45000532 0.44589633  0.47476172 0.42761975 0.50206904 0.41641874
0.00039479 0.36283831 0.35232302 0.39930133 0.34523319 0.50234819  0.48417291 0.45702496 0.47508945 0.39693445 0.45000532 0.44589633  0.47476172 0.42761975 0.50206904 0.41641874
0.00039479 0.36283831 0.35232302 0.39930133 0.34523319 0.50234819  0.48417291 0.45702496 0.47508945 0.39693445 0.45000532 0.44589633  0.47476172 0.42761975 0.50206904 0.41641874
0.00039479 0.36283831 0.35232302 0.39930133 0.34523319 0.50234819  0.48417291 0.45702496 0.47508945 0.39693445 0.45000532 0.44589633  0.47476172 0.42761975 0.50206904 0.41641874
0.00039479 0.36283831 0.35232302 0.39930133 0.34523319 0.50234819  0.48417291 0.45702496 0.47508945 0.39693445 0.45000532 0.44589633  0.47476172 0.42761975 0.50206904 0.41641874
0.00039479 0.36283831 0.35232302 0.39930133 0.34523319 0.50234819  0.48417291 0.45702496 0.47508945 0.39693445 0.45000532 0.44589633  0.47476172 0.42761975 0.50206904 0.41641874
0.00039479 0.36283831 0.35232302 0.39930133 0.34523319 0.50234819  0.48417291 0.45702496 0.47508945 0.39693445 0.45000532 0.44589633  0.47476172 0.42761975 0.50206904 0.41641874
0.00039479 0.36283831 0.35232302 0.39930133 0.34523319 0.50234819  0.48417291 0.45702496 0.47508945 0.39693445 0.45000532 0.44589633  0.47476172 0.42761975 0.50206904 0.41641874
0.00039479 0.36283831 0.35232302 0.39930133 0.34523319 0.50234819  0.48417291 0.45702496 0.47508945 0.39693445 0.45000532 0.44589633  0.47476172 0.42761975 0.50206904 0.41641874
0.00039479 0.36283831 0.35232302 0.39930133 0.34523319 0.50234819  0.48417291 0.45702496 0.47508945 0.39693445 0.45000532 0.44589633  0.47476172 0.42761975 0.50206904 0.41641874
0.00039479 0.36283831 0.35232302 0.39930133 0.34523319 0.50234819  0.48417291 0.45702496 0.47508945 0.39693445 0.45000532 0.44589633  0.47476172 0.42761975 0.50206904 0.41641874
0.00039479 0.36283831 0.35232302 0.39930133 0.34523319 0.50234819  0.48417291 0.45702496 0.47508945 0.39693445 0.45000532 0.44589633  0.47476172 0.42761975 0.50206904 0.41641874
0.00039479 0.36283831 0.35232302 0.39930133 0.34523319 0.50234819  0.48417291 0.45702496 0.47508945 0.39693445 0.45000532 0.44589633  0.47476172 0.42761975 0.50206904 0.41641874
0.00039479 0.36283831 0.35232302 0.39930133 0.34523319 0.50234819  0.48417291 0.45702496 0.47508945 0.39693445 0.45000532 0.44589633  0.47476172 0.42761975 0.50206904 0.41641874
0.05385162 0.44061033 0.31309819 0.46837117 0.37022865 0.43849854  0.41571774 0.50372131 0.51783651 0.38911002 0.44374802 0.44518352  0.53330705 0.49457062 0.59718832 0.41964858
0.14494614 0.56641594 0.24924673 0.56746414 0.4016251  0.35741312  0.33683084 0.55255519 0.56642913 0.37611434 0.46865647 0.43917024  0.54416002 0.55212894 0.68848927 0.37264321
0.21736134 0.66482413 0.20098447 0.64592566 0.42014565 0.30916172  0.27231725 0.57473812 0.58243932 0.39781871 0.41979592 0.45962201  0.54291742 0.54402049 0.73118842 0.41700151
0.25348622 0.71136997 0.17563316 0.67688859 0.43151247 0.26742085  0.27495577 0.58244661 0.53373258 0.38449213 0.38678118 0.45763486  0.56439986 0.47958742 0.59795822 0.42736216
0.29082203 0.74719787 0.16258789 0.68412143 0.4126472  0.34081881  0.25984336 0.53401816 0.58778509 0.42852519 0.41939891 0.47200023  0.46984945 0.48043082 0.66770791 0.42820069
0.30983353 0.76257574 0.15619934 0.67616474 0.40265727 0.37928527  0.27073384 0.51959709 0.61542993 0.42376266 0.48752646 0.45691024  0.44094478 0.47372309 0.63905033 0.40324622
0.32814182 0.77170362 0.15751807 0.67042581 0.3808457  0.44991599  0.25376018 0.48097045 0.64218099 0.46450094 0.4516513  0.47933088  0.44118245 0.47070012 0.66369342 0.45249362
0.36610368 0.79359113 0.15060289 0.63922827 0.35098746 0.54604688  0.28099153 0.45721214 0.68450359 0.45312166 0.55212056 0.45454268  0.45472048 0.44356838 0.56928905 0.44537256
0.38500068 0.80008635 0.1500423  0.61767303 0.33122515 0.60162614  0.29400884 0.44804128 0.70074437 0.44820811 0.57761426 0.44710914  0.49223646 0.42720784 0.52387333 0.45930185
0.40343091 0.8007634  0.15511196 0.5957954  0.3058326  0.66343265  0.28722977 0.45309638 0.70901758 0.45371406 0.550006   0.45055164  0.55642592 0.41144441 0.48545025 0.49774096
0.47504771 0.81068316 0.10684289 0.50897495 0.34185231 0.59683515  0.55071348 0.33984459 0.45412722 0.50016313 0.47218942 0.48944874  0.35304037 0.33302527 0.44791077 0.4867838 
0.51122529 0.79950986 0.09455724 0.43195576 0.3493868  0.5994669  0.66683861 0.34610602 0.416032   0.46732754 0.53386627 0.462384  0.40329739 0.37544479 0.47961754 0.45658068
0.51122529 0.79950986 0.09455724 0.43195576 0.3493868  0.5994669  0.66683861 0.34610602 0.416032   0.46732754 0.53386627 0.462384  0.40329739 0.37544479 0.47961754 0.45658068
0.52906469 0.78820068 0.09336626 0.38841304 0.34732777 0.60797626  0.70061735 0.39068725 0.41489499 0.43795197 0.56221965 0.44478585  0.48337353 0.40582652 0.48947905 0.4686588 
0.53001288 0.79120017 0.09739547 0.38647405 0.3516253  0.61028944  0.69814277 0.39362793 0.4068327  0.42188401 0.56587685 0.46457649  0.45973884 0.39397814 0.49988025 0.50619417
0.49374325 0.8018323  0.0935168  0.45189441 0.37907688 0.53997357  0.67114312 0.3439916  0.39969649 0.44575363 0.56513173 0.47873214  0.31547324 0.37935984 0.52844181 0.45567694
0.47550643 0.79376242 0.09289154 0.4560414  0.40669066 0.47230907  0.68425653 0.38518339 0.36903897 0.40428478 0.60978946 0.47627108  0.30753041 0.37321541 0.50908006 0.43125853
0.43771535 0.7782706  0.09497968 0.49526312 0.44478359 0.36032315  0.66476509 0.40011038 0.32458745 0.41199428 0.54032309 0.49422154  0.25014706 0.40494163 0.60292478 0.4039462 
0.3264164  0.72217623 0.13264086 0.57960443 0.46827435 0.21814991  0.55203032 0.45670068 0.26356318 0.41703803 0.33034994 0.51347194  0.30182847 0.36521158 0.5354018  0.44801509
0.25200468 0.64862237 0.17177821 0.56758076 0.47278932 0.18018592  0.52123107 0.49532105 0.2444789  0.40070626 0.22361412 0.52363645  0.49123846 0.37263577 0.4727174  0.54102934
0.1608387  0.55690767 0.23396824 0.5353086  0.43810243 0.23857615  0.49083946 0.50459805 0.2372252  0.38468049 0.15990541 0.51948278  0.59417077 0.31062759 0.3129419  0.60004241
0.10628198 0.51936369 0.26919051 0.54585476 0.40619473 0.30496913  0.38560293 0.55896134 0.40029415 0.36313951 0.26626736 0.46009462  0.71983574 0.38086872 0.3271927  0.5387862 
0.08892937 0.49235855 0.28299146 0.51880341 0.39445748 0.33645297  0.41227192 0.53833239 0.39368712 0.36543542 0.28731273 0.45681163  0.68194675 0.35857271 0.29842885 0.52018578
0.01779563 0.38669558 0.33863985 0.42004769 0.35385851 0.46460162  0.48109267 0.47190843 0.43452283 0.38595027 0.3992976  0.44733029  0.52908455 0.38078184 0.39373238 0.44873962
0.01779563 0.38669558 0.33863985 0.42004769 0.35385851 0.46460162  0.48109267 0.47190843 0.43452283 0.38595027 0.3992976  0.44733029  0.52908455 0.38078184 0.39373238 0.44873962
0.00039479 0.36283831 0.35232302 0.39930133 0.34523319 0.50234819  0.48417291 0.45702496 0.47508945 0.39693445 0.45000532 0.44589633  0.47476172 0.42761975 0.50206904 0.41641874
0.00039479 0.36283831 0.35232302 0.39930133 0.34523319 0.50234819  0.48417291 0.45702496 0.47508945 0.39693445 0.45000532 0.44589633  0.47476172 0.42761975 0.50206904 0.41641874
0.00039479 0.36283831 0.35232302 0.39930133 0.34523319 0.50234819  0.48417291 0.45702496 0.47508945 0.39693445 0.45000532 0.44589633  0.47476172 0.42761975 0.50206904 0.41641874
0.00039479 0.36283831 0.35232302 0.39930133 0.34523319 0.50234819  0.48417291 0.45702496 0.47508945 0.39693445 0.45000532 0.44589633  0.47476172 0.42761975 0.50206904 0.41641874
0.00039479 0.36283831 0.35232302 0.39930133 0.34523319 0.50234819  0.48417291 0.45702496 0.47508945 0.39693445 0.45000532 0.44589633  0.47476172 0.42761975 0.50206904 0.41641874
0.00039479 0.36283831 0.35232302 0.39930133 0.34523319 0.50234819  0.48417291 0.45702496 0.47508945 0.39693445 0.45000532 0.44589633  0.47476172 0.42761975 0.50206904 0.41641874
0.00039479 0.36283831 0.35232302 0.39930133 0.34523319 0.50234819  0.48417291 0.45702496 0.47508945 0.39693445 0.45000532 0.44589633  0.47476172 0.42761975 0.50206904 0.41641874
0.00039479 0.36283831 0.35232302 0.39930133 0.34523319 0.50234819  0.48417291 0.45702496 0.47508945 0.39693445 0.45000532 0.44589633  0.47476172 0.42761975 0.50206904 0.41641874
0.00039479 0.36283831 0.35232302 0.39930133 0.34523319 0.50234819  0.48417291 0.45702496 0.47508945 0.39693445 0.45000532 0.44589633  0.47476172 0.42761975 0.50206904 0.41641874
0.00039479 0.36283831 0.35232302 0.39930133 0.34523319 0.50234819  0.48417291 0.45702496 0.47508945 0.39693445 0.45000532 0.44589633  0.47476172 0.42761975 0.50206904 0.41641874
0.00039479 0.36283831 0.35232302 0.39930133 0.34523319 0.50234819  0.48417291 0.45702496 0.47508945 0.39693445 0.45000532 0.44589633  0.47476172 0.42761975 0.50206904 0.41641874
0.00039479 0.36283831 0.35232302 0.39930133 0.34523319 0.50234819  0.48417291 0.45702496 0.47508945 0.39693445 0.45000532 0.44589633  0.47476172 0.42761975 0.50206904 0.41641874
0.10779354 0.51421119 0.27498395 0.52598377 0.3876882  0.38614343  0.37579002 0.53203611 0.52696209 0.38320345 0.43254447 0.44444349  0.54749093 0.49581415 0.59731023 0.42608053
0.10779354 0.51421119 0.27498395 0.52598377 0.3876882  0.38614343  0.37579002 0.53203611 0.52696209 0.38320345 0.43254447 0.44444349  0.54749093 0.49581415 0.59731023 0.42608053
0.21657589 0.66787403 0.19504984 0.65172815 0.43575129 0.24711155  0.30219757 0.59281335 0.49439254 0.35852699 0.36991114 0.44557948  0.63061711 0.46863811 0.50839988 0.43721993
0.41903865 0.79225931 0.11285913 0.56808753 0.38437548 0.47484087  0.49231389 0.36018707 0.46291931 0.50577964 0.42041429 0.50866405  0.34216591 0.38957716 0.57676196 0.47967242
0.43772339 0.8010095  0.10330079 0.54851907 0.38557547 0.47862197  0.55101844 0.34054561 0.41764326 0.49745314 0.45582502 0.49652316  0.26898354 0.36415438 0.53476284 0.43496165
0.43772339 0.8010095  0.10330079 0.54851907 0.38557547 0.47862197  0.55101844 0.34054561 0.41764326 0.49745314 0.45582502 0.49652316  0.26898354 0.36415438 0.53476284 0.43496165
0.43772339 0.8010095  0.10330079 0.54851907 0.38557547 0.47862197  0.55101844 0.34054561 0.41764326 0.49745314 0.45582502 0.49652316  0.26898354 0.36415438 0.53476284 0.43496165
0.40138467 0.80135219 0.11697465 0.6050638  0.38931705 0.44984083  0.4599355  0.37144817 0.45315548 0.48938667 0.44264331 0.49237933  0.23866987 0.36829718 0.54850216 0.41057294
0.38269994 0.79260199 0.126533   0.62463227 0.38811706 0.44605974  0.40123095 0.39108963 0.49843153 0.49771317 0.40723258 0.50452022  0.31185225 0.39371996 0.59050128 0.45528372
0.38269994 0.79260199 0.126533   0.62463227 0.38811706 0.44605974  0.40123095 0.39108963 0.49843153 0.49771317 0.40723258 0.50452022  0.31185225 0.39371996 0.59050128 0.45528372
0.38269994 0.79260199 0.126533   0.62463227 0.38811706 0.44605974  0.40123095 0.39108963 0.49843153 0.49771317 0.40723258 0.50452022  0.31185225 0.39371996 0.59050128 0.45528372
0.38269994 0.79260199 0.126533   0.62463227 0.38811706 0.44605974  0.40123095 0.39108963 0.49843153 0.49771317 0.40723258 0.50452022  0.31185225 0.39371996 0.59050128 0.45528372
0.42049102 0.80809381 0.12444485 0.58541054 0.35002414 0.55804566  0.42072239 0.37616265 0.54288306 0.49000367 0.47669895 0.48656975  0.36923561 0.36199375 0.49665656 0.48259605
0.40328691 0.81091504 0.13839651 0.60897078 0.33594668 0.58834586  0.34724066 0.41638698 0.62757836 0.4576079  0.5504961  0.45498459  0.40178024 0.38521367 0.48525966 0.43980125
0.40328691 0.81091504 0.13839651 0.60897078 0.33594668 0.58834586  0.34724066 0.41638698 0.62757836 0.4576079  0.5504961  0.45498459  0.40178024 0.38521367 0.48525966 0.43980125
0.42211565 0.8095136  0.14555362 0.57622693 0.30703259 0.66721375  0.34593432 0.43345492 0.66374153 0.44538756 0.58541673 0.43841075  0.48324354 0.38602163 0.44345113 0.45303018
0.47669908 0.89825319 0.29917165 0.4229517  0.72269774 0.7808575  0.32045728 0.39517121 0.44237462 0.39007032 0.79858545 0.72052858  0.38672346 0.2553886  0.40718325 0.53645994
0.50131005 0.91041697 0.34833998 0.35377908 0.80581067 0.80472612  0.33598132 0.43486551 0.4228215  0.3190261  0.82911298 0.72487604  0.43148907 0.26155641 0.44542248 0.577446  
0.55265542 0.89307663 0.41517173 0.30053299 0.78486863 0.77743096  0.41160682 0.45413742 0.38733843 0.17374418 0.88686352 0.74934805  0.5831461  0.31558099 0.55534003 0.66282654
0.63080632 0.91983598 0.57953128 0.17645977 0.87288268 0.73676297  0.52587585 0.46824877 0.44601205 0.18470068 0.66670361 0.51894539  0.65095004 0.38662836 0.56322244 0.62126121
0.63080632 0.91983598 0.57953128 0.17645977 0.87288268 0.73676297  0.52587585 0.46824877 0.44601205 0.18470068 0.66670361 0.51894539  0.65095004 0.38662836 0.56322244 0.62126121
0.65443806 0.89526917 0.56164311 0.18369684 0.84742463 0.69547813  0.61004419 0.43548003 0.32575095 0.28985241 0.6009015  0.54051663  0.71362609 0.38070603 0.5800805  0.50969679
0.69861908 0.86657503 0.63307796 0.20118125 0.76677895 0.73687842  0.53056316 0.45762482 0.21965495 0.33080318 0.51759018 0.58706776  0.79996462 0.4115679  0.45530844 0.40583788
0.72013133 0.87696519 0.73094338 0.24682186 0.72632399 0.66461107  0.62324625 0.44260732 0.33801001 0.35911763 0.486409   0.54635751  0.7861579  0.33280111 0.51315661 0.46021099
0.72945674 0.89619568 0.78724958 0.23755018 0.73786501 0.63078687  0.65338069 0.43747998 0.41890489 0.4163929  0.4363347  0.43536449  0.76035942 0.38787138 0.44171502 0.50123561
0.73013449 0.89521221 0.78602903 0.24170244 0.70919229 0.61164438  0.6758718  0.44063999 0.45197709 0.44642373 0.39404872 0.36306631  0.75480427 0.40723091 0.41757357 0.48092165
0.74049575 0.86808783 0.78721969 0.29302024 0.58346573 0.56252509  0.70167081 0.43834523 0.43994938 0.49803109 0.37487355 0.29764464  0.73359862 0.47771987 0.40825896 0.40608379
0.75132732 0.84984325 0.80585141 0.33304494 0.51967961 0.52780135  0.72739646 0.43808243 0.41925129 0.54625262 0.38254682 0.27061792  0.74431356 0.50658116 0.45781389 0.32049052
0.76704609 0.8245256  0.81270364 0.30670445 0.51378348 0.51376356  0.70497606 0.51071399 0.41607544 0.56320858 0.36901478 0.28026894  0.68923982 0.48439284 0.47853604 0.33256672
0.76704609 0.8245256  0.81270364 0.30670445 0.51378348 0.51376356  0.70497606 0.51071399 0.41607544 0.56320858 0.36901478 0.28026894  0.68923982 0.48439284 0.47853604 0.33256672
0.78208007 0.79416954 0.80727068 0.2823492  0.5217108  0.49036052  0.69429327 0.46370946 0.45508292 0.55784176 0.32436582 0.3025111  0.70904979 0.56346148 0.51695134 0.34210757
0.78208007 0.79416954 0.80727068 0.2823492  0.5217108  0.49036052  0.69429327 0.46370946 0.45508292 0.55784176 0.32436582 0.3025111  0.70904979 0.56346148 0.51695134 0.34210757
0.81355568 0.74008665 0.81345013 0.21545396 0.57550803 0.44841982  0.64742678 0.50821768 0.51068311 0.52112214 0.36691941 0.35716936  0.69997559 0.57018114 0.56912879 0.37025498
0.81355568 0.74008665 0.81345013 0.21545396 0.57550803 0.44841982  0.64742678 0.50821768 0.51068311 0.52112214 0.36691941 0.35716936  0.69997559 0.57018114 0.56912879 0.37025498
0.84124087 0.67430572 0.79944648 0.18650626 0.58612046 0.39309843  0.61092847 0.44931513 0.58399865 0.52386066 0.34510435 0.36159611  0.69981827 0.66124214 0.55314911 0.33698945
0.85351418 0.6367158  0.78623743 0.18807802 0.59429238 0.37307196  0.56733666 0.39655743 0.60302649 0.46562842 0.37718813 0.37146303  0.68828257 0.62231058 0.49893964 0.30415717
0.89077414 0.53099775 0.74709145 0.20485771 0.46605765 0.33675038  0.46178053 0.39476066 0.54943112 0.3532039  0.28721843 0.37445006  0.46714712 0.48533795 0.60235776 0.21319163
0.86338369 0.46784058 0.56782794 0.24257588 0.29807458 0.36138043  0.42622131 0.41027517 0.42494151 0.27080627 0.35304749 0.49190481  0.50676412 0.47164072 0.67266122 0.19022168
0.85221479 0.35817796 0.39206067 0.30336778 0.15821175 0.33620234  0.39059385 0.42079826 0.4202466  0.30284934 0.51798887 0.61620702  0.6051869  0.39256818 0.57091069 0.20440304
0.82036275 0.31249278 0.20366035 0.20718529 0.27209976 0.40317037  0.31518389 0.44815126 0.46941127 0.46341087 0.41065137 0.56437297  0.48143634 0.36047393 0.48094441 0.14972449
0.80881667 0.32654561 0.17509794 0.17892057 0.29252484 0.42794697  0.30198164 0.44392084 0.50431082 0.40979603 0.37231    0.54366977  0.46146031 0.35157205 0.42096477 0.21825214
0.80881667 0.32654561 0.17509794 0.17892057 0.29252484 0.42794697  0.30198164 0.44392084 0.50431082 0.40979603 0.37231    0.54366977  0.46146031 0.35157205 0.42096477 0.21825214
0.78439602 0.34920449 0.11509822 0.12285053 0.34576701 0.4533275  0.31428084 0.45325025 0.60155421 0.35564157 0.3029053  0.49730314  0.41435012 0.29059942 0.41129945 0.33353117
0.79200741 0.31934691 0.10898578 0.16744722 0.37094694 0.48298838  0.30742575 0.45320057 0.55262294 0.35016093 0.31703777 0.4433108  0.42722034 0.26836905 0.45022928 0.36066191
0.79976861 0.28924249 0.10165895 0.21089227 0.39770546 0.51703425  0.30051236 0.44745396 0.50904186 0.34431643 0.31704479 0.38743006  0.44418647 0.24600473 0.50616115 0.38070141
0.79976861 0.28924249 0.10165895 0.21089227 0.39770546 0.51703425  0.30051236 0.44745396 0.50904186 0.34431643 0.31704479 0.38743006  0.44418647 0.24600473 0.50616115 0.38070141
0.79976861 0.28924249 0.10165895 0.21089227 0.39770546 0.51703425  0.30051236 0.44745396 0.50904186 0.34431643 0.31704479 0.38743006  0.44418647 0.24600473 0.50616115 0.38070141
0.79976861 0.28924249 0.10165895 0.21089227 0.39770546 0.51703425  0.30051236 0.44745396 0.50904186 0.34431643 0.31704479 0.38743006  0.44418647 0.24600473 0.50616115 0.38070141
0.79976861 0.28924249 0.10165895 0.21089227 0.39770546 0.51703425  0.30051236 0.44745396 0.50904186 0.34431643 0.31704479 0.38743006  0.44418647 0.24600473 0.50616115 0.38070141
0.79976861 0.28924249 0.10165895 0.21089227 0.39770546 0.51703425  0.30051236 0.44745396 0.50904186 0.34431643 0.31704479 0.38743006  0.44418647 0.24600473 0.50616115 0.38070141
0.78431669 0.30260751 0.07851888 0.2030712  0.42177896 0.50010812  0.34528178 0.43716552 0.55960051 0.32557609 0.35934772 0.38237994  0.45010996 0.25376605 0.56218454 0.44898067
0.7767053  0.33246509 0.08463132 0.15847451 0.39659903 0.47044724  0.35213687 0.4372152  0.60853177 0.33105673 0.34521525 0.43637228  0.43723974 0.27599642 0.52325471 0.42184993
0.7542414  0.38895574 0.07952069 0.11783172 0.38649245 0.45098562  0.39455098 0.40149828 0.67891237 0.31366416 0.36670431 0.48518449  0.53847275 0.36151965 0.43022801 0.42267147
0.6771454  0.51656762 0.05958373 0.21521011 0.41085359 0.50917025  0.53420219 0.24164179 0.62375748 0.33011937 0.42114405 0.45900389  0.68490873 0.40422427 0.49660071 0.4070487 
0.66245512 0.54593976 0.06654774 0.23390975 0.40287178 0.52604851  0.54189929 0.31128327 0.59374527 0.32010541 0.48866587 0.42968472  0.66765745 0.3299469  0.43632157 0.40008632
0.4997869  0.72203863 0.06685798 0.46208428 0.43441897 0.44803138  0.63251861 0.21855245 0.42821908 0.41813772 0.53236688 0.44562167  0.37625431 0.33054072 0.47486613 0.30913126
0.34299163 0.71068962 0.11748478 0.54337068 0.48562435 0.16760419  0.61742327 0.48372579 0.2527694  0.38504584 0.37440033 0.46357937  0.42255307 0.44326624 0.54790569 0.35746181
0.30670732 0.71367537 0.13410338 0.60612983 0.47412715 0.17701781  0.49979644 0.49592518 0.31147313 0.40472613 0.32241561 0.48220763  0.44881693 0.42994775 0.5299403  0.40719873
0.17871106 0.58909212 0.21784328 0.57138837 0.43685717 0.23196023  0.43928419 0.53147103 0.311988   0.3817367  0.21233608 0.48406472  0.67383466 0.3541317  0.31821644 0.5347183 
0.05376752 0.43799618 0.31115285 0.46461404 0.37170126 0.40285192  0.45997324 0.49916965 0.39495508 0.37092573 0.34201088 0.44971212  0.60190849 0.33932527 0.28622227 0.47709032
0.00039479 0.36283831 0.35232302 0.39930133 0.34523319 0.50234819  0.48417291 0.45702496 0.47508945 0.39693445 0.45000532 0.44589633  0.47476172 0.42761975 0.50206904 0.41641874
0.00039479 0.36283831 0.35232302 0.39930133 0.34523319 0.50234819  0.48417291 0.45702496 0.47508945 0.39693445 0.45000532 0.44589633  0.47476172 0.42761975 0.50206904 0.41641874
0.00039479 0.36283831 0.35232302 0.39930133 0.34523319 0.50234819  0.48417291 0.45702496 0.47508945 0.39693445 0.45000532 0.44589633  0.47476172 0.42761975 0.50206904 0.41641874
0.00039479 0.36283831 0.35232302 0.39930133 0.34523319 0.50234819  0.48417291 0.45702496 0.47508945 0.39693445 0.45000532 0.44589633  0.47476172 0.42761975 0.50206904 0.41641874
0.00039479 0.36283831 0.35232302 0.39930133 0.34523319 0.50234819  0.48417291 0.45702496 0.47508945 0.39693445 0.45000532 0.44589633  0.47476172 0.42761975 0.50206904 0.41641874
0.00039479 0.36283831 0.35232302 0.39930133 0.34523319 0.50234819  0.48417291 0.45702496 0.47508945 0.39693445 0.45000532 0.44589633  0.47476172 0.42761975 0.50206904 0.41641874
0.00039479 0.36283831 0.35232302 0.39930133 0.34523319 0.50234819  0.48417291 0.45702496 0.47508945 0.39693445 0.45000532 0.44589633  0.47476172 0.42761975 0.50206904 0.41641874
0.00039479 0.36283831 0.35232302 0.39930133 0.34523319 0.50234819  0.48417291 0.45702496 0.47508945 0.39693445 0.45000532 0.44589633  0.47476172 0.42761975 0.50206904 0.41641874
0.00039479 0.36283831 0.35232302 0.39930133 0.34523319 0.50234819  0.48417291 0.45702496 0.47508945 0.39693445 0.45000532 0.44589633  0.47476172 0.42761975 0.50206904 0.41641874
0.00039479 0.36283831 0.35232302 0.39930133 0.34523319 0.50234819  0.48417291 0.45702496 0.47508945 0.39693445 0.45000532 0.44589633  0.47476172 0.42761975 0.50206904 0.41641874
0.00039479 0.36283831 0.35232302 0.39930133 0.34523319 0.50234819  0.48417291 0.45702496 0.47508945 0.39693445 0.45000532 0.44589633  0.47476172 0.42761975 0.50206904 0.41641874
0.00039479 0.36283831 0.35232302 0.39930133 0.34523319 0.50234819  0.48417291 0.45702496 0.47508945 0.39693445 0.45000532 0.44589633  0.47476172 0.42761975 0.50206904 0.41641874
0.00039479 0.36283831 0.35232302 0.39930133 0.34523319 0.50234819  0.48417291 0.45702496 0.47508945 0.39693445 0.45000532 0.44589633  0.47476172 0.42761975 0.50206904 0.41641874
0.00039479 0.36283831 0.35232302 0.39930133 0.34523319 0.50234819  0.48417291 0.45702496 0.47508945 0.39693445 0.45000532 0.44589633  0.47476172 0.42761975 0.50206904 0.41641874
0.00039479 0.36283831 0.35232302 0.39930133 0.34523319 0.50234819  0.48417291 0.45702496 0.47508945 0.39693445 0.45000532 0.44589633  0.47476172 0.42761975 0.50206904 0.41641874
0.00039479 0.36283831 0.35232302 0.39930133 0.34523319 0.50234819  0.48417291 0.45702496 0.47508945 0.39693445 0.45000532 0.44589633  0.47476172 0.42761975 0.50206904 0.41641874
0.00039479 0.36283831 0.35232302 0.39930133 0.34523319 0.50234819  0.48417291 0.45702496 0.47508945 0.39693445 0.45000532 0.44589633  0.47476172 0.42761975 0.50206904 0.41641874
0.00039479 0.36283831 0.35232302 0.39930133 0.34523319 0.50234819  0.48417291 0.45702496 0.47508945 0.39693445 0.45000532 0.44589633  0.47476172 0.42761975 0.50206904 0.41641874
0.00039479 0.36283831 0.35232302 0.39930133 0.34523319 0.50234819  0.48417291 0.45702496 0.47508945 0.39693445 0.45000532 0.44589633  0.47476172 0.42761975 0.50206904 0.41641874
0.00039479 0.36283831 0.35232302 0.39930133 0.34523319 0.50234819  0.48417291 0.45702496 0.47508945 0.39693445 0.45000532 0.44589633  0.47476172 0.42761975 0.50206904 0.41641874
0.00039479 0.36283831 0.35232302 0.39930133 0.34523319 0.50234819  0.48417291 0.45702496 0.47508945 0.39693445 0.45000532 0.44589633  0.47476172 0.42761975 0.50206904 0.41641874
0.00039479 0.36283831 0.35232302 0.39930133 0.34523319 0.50234819  0.48417291 0.45702496 0.47508945 0.39693445 0.45000532 0.44589633  0.47476172 0.42761975 0.50206904 0.41641874
0.00039479 0.36283831 0.35232302 0.39930133 0.34523319 0.50234819  0.48417291 0.45702496 0.47508945 0.39693445 0.45000532 0.44589633  0.47476172 0.42761975 0.50206904 0.41641874
0.00039479 0.36283831 0.35232302 0.39930133 0.34523319 0.50234819  0.48417291 0.45702496 0.47508945 0.39693445 0.45000532 0.44589633  0.47476172 0.42761975 0.50206904 0.41641874
0.00039479 0.36283831 0.35232302 0.39930133 0.34523319 0.50234819  0.48417291 0.45702496 0.47508945 0.39693445 0.45000532 0.44589633  0.47476172 0.42761975 0.50206904 0.41641874
0.00039479 0.36283831 0.35232302 0.39930133 0.34523319 0.50234819  0.48417291 0.45702496 0.47508945 0.39693445 0.45000532 0.44589633  0.47476172 0.42761975 0.50206904 0.41641874
0.00039479 0.36283831 0.35232302 0.39930133 0.34523319 0.50234819  0.48417291 0.45702496 0.47508945 0.39693445 0.45000532 0.44589633  0.47476172 0.42761975 0.50206904 0.41641874
0.00039479 0.36283831 0.35232302 0.39930133 0.34523319 0.50234819  0.48417291 0.45702496 0.47508945 0.39693445 0.45000532 0.44589633  0.47476172 0.42761975 0.50206904 0.41641874
0.00039479 0.36283831 0.35232302 0.39930133 0.34523319 0.50234819  0.48417291 0.45702496 0.47508945 0.39693445 0.45000532 0.44589633  0.47476172 0.42761975 0.50206904 0.41641874
0.00039479 0.36283831 0.35232302 0.39930133 0.34523319 0.50234819  0.48417291 0.45702496 0.47508945 0.39693445 0.45000532 0.44589633  0.47476172 0.42761975 0.50206904 0.41641874
0.00039479 0.36283831 0.35232302 0.39930133 0.34523319 0.50234819  0.48417291 0.45702496 0.47508945 0.39693445 0.45000532 0.44589633  0.47476172 0.42761975 0.50206904 0.41641874
