0.00039479 0.36283831 0.35232302 0.39930133 0.34523319 0.50234819  0.48417291 0.45702496 0.47508945 0.39693445 0.45000532 0.44589633  0.47476172 0.42761975 0.50206904 0.41641874
0.00039479 0.36283831 0.35232302 0.39930133 0.34523319 0.50234819  0.48417291 0.45702496 0.47508945 0.39693445 0.45000532 0.44589633  0.47476172 0.42761975 0.50206904 0.41641874
0.00039479 0.36283831 0.35232302 0.39930133 0.34523319 0.50234819  0.48417291 0.45702496 0.47508945 0.39693445 0.45000532 0.44589633  0.47476172 0.42761975 0.50206904 0.41641874
0.00039479 0.36283831 0.35232302 0.39930133 0.34523319 0.50234819  0.48417291 0.45702496 0.47508945 0.39693445 0.45000532 0.44589633  0.47476172 0.42761975 0.50206904 0.41641874
0.00039479 0.36283831 0.35232302 0.39930133 0.34523319 0.50234819  0.48417291 0.45702496 0.47508945 0.39693445 0.45000532 0.44589633  0.47476172 0.42761975 0.50206904 0.41641874
0.00039479 0.36283831 0.35232302 0.39930133 0.34523319 0.50234819  0.48417291 0.45702496 0.47508945 0.39693445 0.45000532 0.44589633  0.47476172 0.42761975 0.50206904 0.41641874
0.00039479 0.36283831 0.35232302 0.39930133 0.34523319 0.50234819  0.48417291 0.45702496 0.47508945 0.39693445 0.45000532 0.44589633  0.47476172 0.42761975 0.50206904 0.41641874
0.00039479 0.36283831 0.35232302 0.39930133 0.34523319 0.50234819  0.48417291 0.45702496 0.47508945 0.39693445 0.45000532 0.44589633  0.47476172 0.42761975 0.50206904 0.41641874
0.00039479 0.36283831 0.35232302 0.39930133 0.34523319 0.50234819  0.48417291 0.45702496 0.47508945 0.39693445 0.45000532 0.44589633  0.47476172 0.42761975 0.50206904 0.41641874
0.00039479 0.36283831 0.35232302 0.39930133 0.34523319 0.50234819  0.48417291 0.45702496 0.47508945 0.39693445 0.45000532 0.44589633  0.47476172 0.42761975 0.50206904 0.41641874
0.00039479 0.36283831 0.35232302 0.39930133 0.34523319 0.50234819  0.48417291 0.45702496 0.47508945 0.39693445 0.45000532 0.44589633  0.47476172 0.42761975 0.50206904 0.41641874
0.00039479 0.36283831 0.35232302 0.39930133 0.34523319 0.50234819  0.48417291 0.45702496 0.47508945 0.39693445 0.45000532 0.44589633  0.47476172 0.42761975 0.50206904 0.41641874
0.00039479 0.36283831 0.35232302 0.39930133 0.34523319 0.50234819  0.48417291 0.45702496 0.47508945 0.39693445 0.45000532 0.44589633  0.47476172 0.42761975 0.50206904 0.41641874
0.00039479 0.36283831 0.35232302 0.39930133 0.34523319 0.50234819  0.48417291 0.45702496 0.47508945 0.39693445 0.45000532 0.44589633  0.47476172 0.42761975 0.50206904 0.41641874
0.00039479 0.36283831 0.35232302 0.39930133 0.34523319 0.50234819  0.48417291 0.45702496 0.47508945 0.39693445 0.45000532 0.44589633  0.47476172 0.42761975 0.50206904 0.41641874
0.00039479 0.36283831 0.35232302 0.39930133 0.34523319 0.50234819  0.48417291 0.45702496 0.47508945 0.39693445 0.45000532 0.44589633  0.47476172 0.42761975 0.50206904 0.41641874
0.00039479 0.36283831 0.35232302 0.39930133 0.34523319 0.50234819  0.48417291 0.45702496 0.47508945 0.39693445 0.45000532 0.44589633  0.47476172 0.42761975 0.50206904 0.41641874
0.00039479 0.36283831 0.35232302 0.39930133 0.34523319 0.50234819  0.48417291 0.45702496 0.47508945 0.39693445 0.45000532 0.44589633  0.47476172 0.42761975 0.50206904 0.41641874
0.00039479 0.36283831 0.35232302 0.39930133 0.34523319 0.50234819  0.48417291 0.45702496 0.47508945 0.39693445 0.45000532 0.44589633  0.47476172 0.42761975 0.50206904 0.41641874
0.00039479 0.36283831 0.35232302 0.39930133 0.34523319 0.50234819  0.48417291 0.45702496 0.47508945 0.39693445 0.45000532 0.44589633  0.47476172 0.42761975 0.50206904 0.41641874
0.00039479 0.36283831 0.35232302 0.39930133 0.34523319 0.50234819  0.48417291 0.45702496 0.47508945 0.39693445 0.45000532 0.44589633  0.47476172 0.42761975 0.50206904 0.41641874
0.00039479 0.36283831 0.35232302 0.39930133 0.34523319 0.50234819  0.48417291 0.45702496 0.47508945 0.39693445 0.45000532 0.44589633  0.47476172 0.42761975 0.50206904 0.41641874
0.00039479 0.36283831 0.35232302 0.39930133 0.34523319 0.50234819  0.48417291 0.45702496 0.47508945 0.39693445 0.45000532 0.44589633  0.47476172 0.42761975 0.50206904 0.41641874
0.00039479 0.36283831 0.35232302 0.39930133 0.34523319 0.50234819  0.48417291 0.45702496 0.47508945 0.39693445 0.45000532 0.44589633  0.47476172 0.42761975 0.50206904 0.41641874
0.00039479 0.36283831 0.35232302 0.39930133 0.34523319 0.50234819  0.48417291 0.45702496 0.47508945 0.39693445 0.45000532 0.44589633  0.47476172 0.42761975 0.50206904 0.41641874
0.00039479 0.36283831 0.35232302 0.39930133 0.34523319 0.50234819  0.48417291 0.45702496 0.47508945 0.39693445 0.45000532 0.44589633  0.47476172 0.42761975 0.50206904 0.41641874
0.00039479 0.36283831 0.35232302 0.39930133 0.34523319 0.50234819  0.48417291 0.45702496 0.47508945 0.39693445 0.45000532 0.44589633  0.47476172 0.42761975 0.50206904 0.41641874
0.00039479 0.36283831 0.35232302 0.39930133 0.34523319 0.50234819  0.48417291 0.45702496 0.47508945 0.39693445 0.45000532 0.44589633  0.47476172 0.42761975 0.50206904 0.41641874
0.00039479 0.36283831 0.35232302 0.39930133 0.34523319 0.50234819  0.48417291 0.45702496 0.47508945 0.39693445 0.45000532 0.44589633  0.47476172 0.42761975 0.50206904 0.41641874
0.00039479 0.36283831 0.35232302 0.39930133 0.34523319 0.50234819  0.48417291 0.45702496 0.47508945 0.39693445 0.45000532 0.44589633  0.47476172 0.42761975 0.50206904 0.41641874
0.00039479 0.36283831 0.35232302 0.39930133 0.34523319 0.50234819  0.48417291 0.45702496 0.47508945 0.39693445 0.45000532 0.44589633  0.47476172 0.42761975 0.50206904 0.41641874
0.00039479 0.36283831 0.35232302 0.39930133 0.34523319 0.50234819  0.48417291 0.45702496 0.47508945 0.39693445 0.45000532 0.44589633  0.47476172 0.42761975 0.50206904 0.41641874
0.00039479 0.36283831 0.35232302 0.39930133 0.34523319 0.50234819  0.48417291 0.45702496 0.47508945 0.39693445 0.45000532 0.44589633  0.47476172 0.42761975 0.50206904 0.41641874
0.00039479 0.36283831 0.35232302 0.39930133 0.34523319 0.50234819  0.48417291 0.45702496 0.47508945 0.39693445 0.45000532 0.44589633  0.47476172 0.42761975 0.50206904 0.41641874
0.00039479 0.36283831 0.35232302 0.39930133 0.34523319 0.50234819  0.48417291 0.45702496 0.47508945 0.39693445 0.45000532 0.44589633  0.47476172 0.42761975 0.50206904 0.41641874
0.00039479 0.36283831 0.35232302 0.39930133 0.34523319 0.50234819  0.48417291 0.45702496 0.47508945 0.39693445 0.45000532 0.44589633  0.47476172 0.42761975 0.50206904 0.41641874
0.00039479 0.36283831 0.35232302 0.39930133 0.34523319 0.50234819  0.48417291 0.45702496 0.47508945 0.39693445 0.45000532 0.44589633  0.47476172 0.42761975 0.50206904 0.41641874
0.00039479 0.36283831 0.35232302 0.39930133 0.34523319 0.50234819  0.48417291 0.45702496 0.47508945 0.39693445 0.45000532 0.44589633  0.47476172 0.42761975 0.50206904 0.41641874
0.00039479 0.36283831 0.35232302 0.39930133 0.34523319 0.50234819  0.48417291 0.45702496 0.47508945 0.39693445 0.45000532 0.44589633  0.47476172 0.42761975 0.50206904 0.41641874
0.00039479 0.36283831 0.35232302 0.39930133 0.34523319 0.50234819  0.48417291 0.45702496 0.47508945 0.39693445 0.45000532 0.44589633  0.47476172 0.42761975 0.50206904 0.41641874
0.00039479 0.36283831 0.35232302 0.39930133 0.34523319 0.50234819  0.48417291 0.45702496 0.47508945 0.39693445 0.45000532 0.44589633  0.47476172 0.42761975 0.50206904 0.41641874
0.00039479 0.36283831 0.35232302 0.39930133 0.34523319 0.50234819  0.48417291 0.45702496 0.47508945 0.39693445 0.45000532 0.44589633  0.47476172 0.42761975 0.50206904 0.41641874
0.00039479 0.36283831 0.35232302 0.39930133 0.34523319 0.50234819  0.48417291 0.45702496 0.47508945 0.39693445 0.45000532 0.44589633  0.47476172 0.42761975 0.50206904 0.41641874
0.00039479 0.36283831 0.35232302 0.39930133 0.34523319 0.50234819  0.48417291 0.45702496 0.47508945 0.39693445 0.45000532 0.44589633  0.47476172 0.42761975 0.50206904 0.41641874
0.00039479 0.36283831 0.35232302 0.39930133 0.34523319 0.50234819  0.48417291 0.45702496 0.47508945 0.39693445 0.45000532 0.44589633  0.47476172 0.42761975 0.50206904 0.41641874
0.00039479 0.36283831 0.35232302 0.39930133 0.34523319 0.50234819  0.48417291 0.45702496 0.47508945 0.39693445 0.45000532 0.44589633  0.47476172 0.42761975 0.50206904 0.41641874
0.00039479 0.36283831 0.35232302 0.39930133 0.34523319 0.50234819  0.48417291 0.45702496 0.47508945 0.39693445 0.45000532 0.44589633  0.47476172 0.42761975 0.50206904 0.41641874
0.00039479 0.36283831 0.35232302 0.39930133 0.34523319 0.50234819  0.48417291 0.45702496 0.47508945 0.39693445 0.45000532 0.44589633  0.47476172 0.42761975 0.50206904 0.41641874
0.00039479 0.36283831 0.35232302 0.39930133 0.34523319 0.50234819  0.48417291 0.45702496 0.47508945 0.39693445 0.45000532 0.44589633  0.47476172 0.42761975 0.50206904 0.41641874
0.00039479 0.36283831 0.35232302 0.39930133 0.34523319 0.50234819  0.48417291 0.45702496 0.47508945 0.39693445 0.45000532 0.44589633  0.47476172 0.42761975 0.50206904 0.41641874
0.00039479 0.36283831 0.35232302 0.39930133 0.34523319 0.50234819  0.48417291 0.45702496 0.47508945 0.39693445 0.45000532 0.44589633  0.47476172 0.42761975 0.50206904 0.41641874
0.03525649 0.41685964 0.32437467 0.45347996 0.36854765 0.43569141  0.43485985 0.4975719  0.47652552 0.39120509 0.39620065 0.45304628  0.55757342 0.45566594 0.52722734 0.46096477
0.03525649 0.41685964 0.32437467 0.45347996 0.36854765 0.43569141  0.43485985 0.4975719  0.47652552 0.39120509 0.39620065 0.45304628  0.55757342 0.45566594 0.52722734 0.46096477
0.08964684 0.49485247 0.28501929 0.51844865 0.3914583  0.38170643  0.37853114 0.52945821 0.51669095 0.38770116 0.41308523 0.45034598  0.55486718 0.50910823 0.62252298 0.43846357
0.1807707  0.61922259 0.22198837 0.61483551 0.42069095 0.30530399  0.30005467 0.57934475 0.56963884 0.37161487 0.44390026 0.44184305  0.57613922 0.56943621 0.71000013 0.38576126
0.32849468 0.76788085 0.14590893 0.64899486 0.40643732 0.36288728  0.34488868 0.52200295 0.54144243 0.38502656 0.52621828 0.4298244  0.41489599 0.42256913 0.49738316 0.35784442
0.44054965 0.82022789 0.12361278 0.55557381 0.33438396 0.60795342  0.46314807 0.39556488 0.55763478 0.4277996  0.63100969 0.42226633  0.33193637 0.36346912 0.41500279 0.3699135 
0.5288502  0.78405947 0.10288509 0.39031419 0.33155691 0.62644655  0.65322508 0.4493614  0.43121685 0.42698037 0.55322645 0.43853031  0.50316601 0.38281431 0.43822306 0.49167611
0.61359639 0.70602902 0.12708186 0.24425495 0.28995095 0.66442193  0.63814237 0.62599148 0.39744107 0.41906917 0.41432031 0.453696  0.64102134 0.40103942 0.48983862 0.51784114
0.68950769 0.56653959 0.13498293 0.14499171 0.28049857 0.57328874  0.54165975 0.66810258 0.4598323  0.43619088 0.27033289 0.52177976  0.44954438 0.40653856 0.73943208 0.52779147
0.75651503 0.39553532 0.10358462 0.11168889 0.35034925 0.44169248  0.384435   0.52733311 0.63617163 0.33454788 0.38814696 0.48512785  0.39703691 0.33218247 0.45635736 0.43022139
0.78439602 0.34920449 0.11509822 0.12285053 0.34576701 0.4533275  0.31428084 0.45325025 0.60155421 0.35564157 0.3029053  0.49730314  0.41435012 0.29059942 0.41129945 0.33353117
0.82012926 0.25151286 0.14547211 0.2795187  0.34863142 0.44904794  0.32165063 0.45877689 0.48618117 0.49054422 0.49743901 0.45735955  0.4001808  0.39888215 0.35186431 0.52920978
0.82774065 0.22165527 0.13935967 0.32411539 0.37381135 0.47870882  0.31479554 0.45872721 0.43724991 0.48506358 0.51157147 0.40336721  0.41305102 0.37665177 0.39079413 0.55634052
0.85096989 0.16080068 0.15809796 0.43345713 0.40156099 0.51639557  0.34599584 0.47828697 0.36688211 0.52280707 0.52285689 0.36228432  0.43280259 0.40198232 0.50298698 0.49685371
0.86804401 0.1323316  0.18635231 0.50522015 0.40093486 0.54063099  0.36350362 0.47547611 0.31494276 0.52747774 0.53507935 0.36120871  0.48576515 0.46146605 0.54300379 0.4462734 
0.87294539 0.11098165 0.18241928 0.55193264 0.42555687 0.57736282  0.385651   0.49797768 0.300468   0.51410286 0.51550827 0.34462964  0.48771627 0.47355078 0.58450721 0.43034618
0.88504129 0.10296867 0.21476543 0.58189845 0.40215112 0.57277877  0.37917052 0.48285967 0.25054673 0.51859284 0.5397111  0.36195943  0.55102823 0.49477334 0.58854699 0.35142699
0.88504129 0.10296867 0.21476543 0.58189845 0.40215112 0.57277877  0.37917052 0.48285967 0.25054673 0.51859284 0.5397111  0.36195943  0.55102823 0.49477334 0.58854699 0.35142699
0.88504129 0.10296867 0.21476543 0.58189845 0.40215112 0.57277877  0.37917052 0.48285967 0.25054673 0.51859284 0.5397111  0.36195943  0.55102823 0.49477334 0.58854699 0.35142699
0.88504129 0.10296867 0.21476543 0.58189845 0.40215112 0.57277877  0.37917052 0.48285967 0.25054673 0.51859284 0.5397111  0.36195943  0.55102823 0.49477334 0.58854699 0.35142699
0.88504129 0.10296867 0.21476543 0.58189845 0.40215112 0.57277877  0.37917052 0.48285967 0.25054673 0.51859284 0.5397111  0.36195943  0.55102823 0.49477334 0.58854699 0.35142699
0.87052403 0.16449341 0.22743161 0.45256509 0.32638706 0.46794371  0.31476214 0.42766218 0.27365537 0.55769148 0.61519093 0.41978422  0.5596275  0.43913891 0.48576347 0.3936846 
0.86291264 0.19435099 0.23354405 0.4079684  0.30120712 0.43828283  0.32161723 0.42771186 0.32258664 0.56317211 0.60105846 0.47377656  0.54675728 0.46136929 0.44683365 0.36655386
0.8280221  0.29015461 0.21290572 0.2411417  0.25392496 0.36762069  0.3353391  0.45277566 0.48935447 0.53370204 0.52597974 0.61269968  0.47719968 0.41059563 0.41313334 0.27565933
0.74593876 0.47293983 0.17785134 0.14467812 0.24357694 0.50058958  0.43915832 0.68134531 0.44377832 0.45734205 0.32766677 0.55565243  0.38619743 0.49307344 0.60359504 0.41926153
0.70347675 0.54125186 0.13106329 0.14169883 0.29915094 0.55304898  0.50937417 0.57332851 0.52094479 0.37700034 0.32109604 0.51213401  0.61278051 0.57823844 0.50840481 0.47445436
0.5285742  0.78917237 0.10836181 0.41484499 0.3231666  0.63939141  0.63196879 0.3723932  0.39568727 0.46917039 0.45178965 0.46962024  0.44923705 0.35934097 0.43585082 0.45624961
0.47632879 0.81056745 0.14248699 0.5165854  0.28277121 0.70968444  0.42149917 0.42690716 0.54556326 0.43514839 0.52132481 0.43294508  0.44206549 0.33160187 0.332813   0.40802154
0.27200539 0.72589014 0.17275022 0.67768973 0.41412334 0.32694522  0.26050686 0.54263034 0.5627648  0.42983206 0.36494386 0.48207923  0.51985981 0.47338154 0.65258273 0.46664639
0.25348622 0.71136997 0.17563316 0.67688859 0.43151247 0.26742085  0.27495577 0.58244661 0.53373258 0.38449213 0.38678118 0.45763486  0.56439986 0.47958742 0.59795822 0.42736216
0.19838051 0.64019024 0.20815461 0.62756754 0.42910193 0.25529785  0.3319342  0.58428799 0.45680208 0.34548824 0.35368049 0.44051254  0.6670418  0.43689718 0.41172997 0.43257959
0.19838051 0.64019024 0.20815461 0.62756754 0.42910193 0.25529785  0.3319342  0.58428799 0.45680208 0.34548824 0.35368049 0.44051254  0.6670418  0.43689718 0.41172997 0.43257959
0.21558463 0.63736902 0.19420295 0.60400731 0.44317938 0.22499765  0.40541592 0.54406366 0.37210679 0.377884   0.27988333 0.4720977  0.63449717 0.41367726 0.42312687 0.47537438
0.26962804 0.66715026 0.15633293 0.58055964 0.47141028 0.16798307  0.52258126 0.49754923 0.25556844 0.39919777 0.24845627 0.49035636  0.52389513 0.39545791 0.44130601 0.45350563
0.27006915 0.66528453 0.15564526 0.58645622 0.47638565 0.17397152  0.53037169 0.50397195 0.26394245 0.39044008 0.23137554 0.49969167  0.50163011 0.42419406 0.42247899 0.43514866
0.28581677 0.61707658 0.14144136 0.6339868  0.52157334 0.20406458  0.55296615 0.45860345 0.32358519 0.35871012 0.12740452 0.55202866  0.47997439 0.44125957 0.39399106 0.32478094
0.34370238 0.59428492 0.10852081 0.64713929 0.55900485 0.24452678  0.62065967 0.3723283  0.31659491 0.34339379 0.1209027  0.52378756  0.38067311 0.50192015 0.49239501 0.23325509
0.34394935 0.55554384 0.11526151 0.57689726 0.55756481 0.2628159  0.70625095 0.35914143 0.29656019 0.33433592 0.15852207 0.51401721  0.38970264 0.51836542 0.52359568 0.20962852
0.3795646  0.60776636 0.08939333 0.6230871  0.57349507 0.22649322  0.65746063 0.3867585  0.33405163 0.33887524 0.15698099 0.51923047  0.4025238  0.56810199 0.62586864 0.22036775
0.37387065 0.63124379 0.09562919 0.5780982  0.54376922 0.18680744  0.64011107 0.37513853 0.35079835 0.35457216 0.18582676 0.55457085  0.39588361 0.56334528 0.56086988 0.23569949
0.49759842 0.68878124 0.06686462 0.45923739 0.45324804 0.3860905  0.61815206 0.16138331 0.45664218 0.46777391 0.31981792 0.54491378  0.3197575  0.57119487 0.70271823 0.36056453
0.46712866 0.73534873 0.08623901 0.49319091 0.4184842  0.39858788  0.57682408 0.23188981 0.44575464 0.48553203 0.36326338 0.53494065  0.2718673  0.53753917 0.65061526 0.41235861
0.51034472 0.75771343 0.12401821 0.45035023 0.37064095 0.50302606  0.59203127 0.2211415  0.49484338 0.46370702 0.3522545  0.48786564  0.31858586 0.5259205  0.5472999  0.48738583
0.56179641 0.78677937 0.26496318 0.48212348 0.22898905 0.69742956  0.41049631 0.29527728 0.41583022 0.38187384 0.24777942 0.48286341  0.430727   0.44065958 0.24278645 0.4928462 
0.56179641 0.78677937 0.26496318 0.48212348 0.22898905 0.69742956  0.41049631 0.29527728 0.41583022 0.38187384 0.24777942 0.48286341  0.430727   0.44065958 0.24278645 0.4928462 
0.56064616 0.83736762 0.41304116 0.55824709 0.2109609  0.7399833  0.31913209 0.37116866 0.38362138 0.3596536  0.41493228 0.40564322  0.50972525 0.49711571 0.13077747 0.27834147
0.57918243 0.82935857 0.47216715 0.59500029 0.15932513 0.69485644  0.33788308 0.37428845 0.3792935  0.4169033  0.44240713 0.40698212  0.44538544 0.54608026 0.12144136 0.28996591
0.58820195 0.82967175 0.50788171 0.61978523 0.1399366  0.67367492  0.36453203 0.35814595 0.38980517 0.40858187 0.4526851  0.41673968  0.49183856 0.5147208  0.16692996 0.27480389
0.58820195 0.82967175 0.50788171 0.61978523 0.1399366  0.67367492  0.36453203 0.35814595 0.38980517 0.40858187 0.4526851  0.41673968  0.49183856 0.5147208  0.16692996 0.27480389
0.59553696 0.83403478 0.540735   0.63543725 0.12675783 0.66084396  0.37416565 0.33111146 0.38041659 0.32490223 0.45639145 0.42443089  0.49413434 0.47809558 0.2358724  0.31462685
0.59553696 0.83403478 0.540735   0.63543725 0.12675783 0.66084396  0.37416565 0.33111146 0.38041659 0.32490223 0.45639145 0.42443089  0.49413434 0.47809558 0.2358724  0.31462685
0.61612288 0.83614615 0.62429752 0.6601779  0.16044568 0.6364973  0.38921224 0.31109011 0.3503379  0.34536106 0.50174936 0.45416948  0.54909455 0.45729518 0.3262191  0.24799472
0.6445845  0.83651944 0.68943111 0.62525066 0.17209034 0.60875881  0.45319502 0.37649175 0.44254627 0.34077876 0.45018849 0.3700498  0.57265964 0.40258069 0.37675687 0.27991647
0.6715739  0.85732374 0.760783   0.52946002 0.31560362 0.61087037  0.50376128 0.43743702 0.51636959 0.47163698 0.42582523 0.23704426  0.70607532 0.47012161 0.29667378 0.20448083
0.71166447 0.83826379 0.85765567 0.45451752 0.43114519 0.58989127  0.43240089 0.55917376 0.49799061 0.53518575 0.40054198 0.25285498  0.49735737 0.37688153 0.35977945 0.22569238
0.71292532 0.84798181 0.87948415 0.42955905 0.53139737 0.61741382  0.40173347 0.56476581 0.46900667 0.55210323 0.4687954  0.35362459  0.52832877 0.34170439 0.36821547 0.25282303
0.77963935 0.76907772 0.89365157 0.26985901 0.62195014 0.57510924  0.41116834 0.73790305 0.47138952 0.51979491 0.55698122 0.44832482  0.54390339 0.28933869 0.62546685 0.31108185
0.79708107 0.76223981 0.88053829 0.23486951 0.63797087 0.54831112  0.48923395 0.71617135 0.41963652 0.53277493 0.54466923 0.45990219  0.53670107 0.30155643 0.65714325 0.32154127
0.85797357 0.66347368 0.85322843 0.15271514 0.67696393 0.42577907  0.5001196  0.62610816 0.45577549 0.51255022 0.48065805 0.51351521  0.48274472 0.41195129 0.62151626 0.36998606
0.87132836 0.62233642 0.81922486 0.16579004 0.55467053 0.37169414  0.53482078 0.54608746 0.52775999 0.50347354 0.31380512 0.39424589  0.46627592 0.54049428 0.66325386 0.3242325 
0.86423701 0.60149272 0.7635619  0.20933064 0.43410596 0.3910759  0.51047037 0.52059592 0.43829949 0.32152092 0.3287105  0.46326246  0.42478484 0.51882983 0.75087784 0.33065867
0.86385432 0.51337785 0.64516874 0.26764507 0.26687767 0.33630628  0.50556027 0.47211451 0.47888996 0.28031277 0.3694416  0.49282091  0.44282311 0.46805756 0.69184666 0.33674145
0.87792723 0.41266705 0.54924421 0.29272247 0.22028207 0.29907366  0.43648636 0.38496809 0.50674684 0.22271551 0.42579625 0.49965141  0.48060461 0.35596657 0.59770076 0.27828726
0.88663884 0.28334296 0.42036463 0.39214968 0.1888384  0.32251252  0.36495602 0.31063484 0.3949279  0.30705158 0.60943259 0.60609863  0.60492813 0.41535318 0.51562508 0.39748493
0.893846   0.25517857 0.41758196 0.43925632 0.21247724 0.3481639  0.36724317 0.31264025 0.36115557 0.32202286 0.62348758 0.55463749  0.5991818  0.44218014 0.51221056 0.46519324
0.90342495 0.1822044  0.36971525 0.52531402 0.26234229 0.41113492  0.36462915 0.33036871 0.27562455 0.37911572 0.63852146 0.44447868  0.6602924  0.38268442 0.61167718 0.45520076
0.90342495 0.1822044  0.36971525 0.52531402 0.26234229 0.41113492  0.36462915 0.33036871 0.27562455 0.37911572 0.63852146 0.44447868  0.6602924  0.38268442 0.61167718 0.45520076
0.88184469 0.15533827 0.26137581 0.50474329 0.33967937 0.48428881  0.35321265 0.42239669 0.29227785 0.4889639  0.58092238 0.40677667  0.55790365 0.44480569 0.52401294 0.40197159
0.88013992 0.12431862 0.21869846 0.53518596 0.37752911 0.53604695  0.35702314 0.46035809 0.26502148 0.53196772 0.55928218 0.3785385  0.54907711 0.48268861 0.54704356 0.3673542 
0.88013992 0.12431862 0.21869846 0.53518596 0.37752911 0.53604695  0.35702314 0.46035809 0.26502148 0.53196772 0.55928218 0.3785385  0.54907711 0.48268861 0.54704356 0.3673542 
0.86875974 0.12931026 0.18420824 0.50841183 0.40788109 0.5514973  0.35686493 0.47478893 0.30021411 0.51160013 0.51821395 0.34427373  0.50275474 0.4279616  0.57202551 0.40260277
0.86875974 0.12931026 0.18420824 0.50841183 0.40788109 0.5514973  0.35686493 0.47478893 0.30021411 0.51160013 0.51821395 0.34427373  0.50275474 0.4279616  0.57202551 0.40260277
0.84488892 0.15800899 0.12799226 0.45404287 0.45814259 0.59707038  0.34948139 0.46476989 0.38243577 0.40832082 0.4346707  0.29453369  0.49898048 0.37930964 0.50642033 0.50749025
0.82049598 0.20807883 0.0910421  0.349297   0.47136069 0.59792033  0.31753393 0.45487476 0.41902966 0.35944411 0.33906788 0.25171751  0.44010618 0.30267686 0.54488857 0.51514389
0.82049598 0.20807883 0.0910421  0.349297   0.47136069 0.59792033  0.31753393 0.45487476 0.41902966 0.35944411 0.33906788 0.25171751  0.44010618 0.30267686 0.54488857 0.51514389
0.78464741 0.27130751 0.06170043 0.29928929 0.48236029 0.55589268  0.3804545  0.39150281 0.51313455 0.33316361 0.43171267 0.27493924  0.55758862 0.36884037 0.49881837 0.61961593
0.6884509  0.46131626 0.03785393 0.198082   0.45406209 0.40041692  0.51715873 0.21252029 0.72592899 0.28102287 0.55765561 0.45155334  0.59774738 0.47487422 0.45492825 0.40348892
0.4955831  0.68366988 0.06142152 0.46105112 0.4607314  0.37474645  0.6183474  0.15466709 0.43002054 0.43094765 0.4208724  0.48545777  0.37363822 0.42018376 0.58357428 0.3027106 
0.342753   0.68994455 0.12242172 0.50311048 0.48433778 0.16955707  0.67528963 0.49115733 0.20308158 0.36487092 0.36504813 0.453081  0.47590194 0.4398952  0.50452277 0.37073054
0.25120592 0.64229407 0.16856337 0.56289712 0.46716728 0.17380585  0.53972061 0.49177925 0.22768669 0.39957881 0.21763593 0.49509504  0.5487734  0.36706996 0.38693889 0.48032912
0.08978092 0.48908811 0.28611435 0.50686246 0.38521196 0.376812  0.4116799  0.52502912 0.4513566  0.36896523 0.37617766 0.44491459  0.6048937  0.41194848 0.40918986 0.45101517
0.00039479 0.36283831 0.35232302 0.39930133 0.34523319 0.50234819  0.48417291 0.45702496 0.47508945 0.39693445 0.45000532 0.44589633  0.47476172 0.42761975 0.50206904 0.41641874
0.00039479 0.36283831 0.35232302 0.39930133 0.34523319 0.50234819  0.48417291 0.45702496 0.47508945 0.39693445 0.45000532 0.44589633  0.47476172 0.42761975 0.50206904 0.41641874
0.00039479 0.36283831 0.35232302 0.39930133 0.34523319 0.50234819  0.48417291 0.45702496 0.47508945 0.39693445 0.45000532 0.44589633  0.47476172 0.42761975 0.50206904 0.41641874
0.00039479 0.36283831 0.35232302 0.39930133 0.34523319 0.50234819  0.48417291 0.45702496 0.47508945 0.39693445 0.45000532 0.44589633  0.47476172 0.42761975 0.50206904 0.41641874
0.00039479 0.36283831 0.35232302 0.39930133 0.34523319 0.50234819  0.48417291 0.45702496 0.47508945 0.39693445 0.45000532 0.44589633  0.47476172 0.42761975 0.50206904 0.41641874
0.00039479 0.36283831 0.35232302 0.39930133 0.34523319 0.50234819  0.48417291 0.45702496 0.47508945 0.39693445 0.45000532 0.44589633  0.47476172 0.42761975 0.50206904 0.41641874
0.00039479 0.36283831 0.35232302 0.39930133 0.34523319 0.50234819  0.48417291 0.45702496 0.47508945 0.39693445 0.45000532 0.44589633  0.47476172 0.42761975 0.50206904 0.41641874
0.00039479 0.36283831 0.35232302 0.39930133 0.34523319 0.50234819  0.48417291 0.45702496 0.47508945 0.39693445 0.45000532 0.44589633  0.47476172 0.42761975 0.50206904 0.41641874
0.00039479 0.36283831 0.35232302 0.39930133 0.34523319 0.50234819  0.48417291 0.45702496 0.47508945 0.39693445 0.45000532 0.44589633  0.47476172 0.42761975 0.50206904 0.41641874
0.00039479 0.36283831 0.35232302 0.39930133 0.34523319 0.50234819  0.48417291 0.45702496 0.47508945 0.39693445 0.45000532 0.44589633  0.47476172 0.42761975 0.50206904 0.41641874
0.00039479 0.36283831 0.35232302 0.39930133 0.34523319 0.50234819  0.48417291 0.45702496 0.47508945 0.39693445 0.45000532 0.44589633  0.47476172 0.42761975 0.50206904 0.41641874
0.00039479 0.36283831 0.35232302 0.39930133 0.34523319 0.50234819  0.48417291 0.45702496 0.47508945 0.39693445 0.45000532 0.44589633  0.47476172 0.42761975 0.50206904 0.41641874
0.12842078 0.52488255 0.27325057 0.49807283 0.3656609  0.48143473  0.3965508  0.48986506 0.6157348  0.38567401 0.60502429 0.41802483  0.42702122 0.54568235 0.69421435 0.32601409
0.3639461  0.68197117 0.14797339 0.44807635 0.42242086 0.36177862  0.55805999 0.61440467 0.54252616 0.25529268 0.75475186 0.33900557  0.6046433  0.58976893 0.62757468 0.24686658
0.39878865 0.69899053 0.12117695 0.43383322 0.44706691 0.29723393  0.63304536 0.60755643 0.45020654 0.25728852 0.69173214 0.3520169  0.65176381 0.55514875 0.55091442 0.28964687
0.45813518 0.60885985 0.09509772 0.39533506 0.48477986 0.19154562  0.59690948 0.55855048 0.48379243 0.19237243 0.78174617 0.33512722  0.50003881 0.50578111 0.332837   0.23919984
0.48859625 0.55763827 0.09027582 0.35136724 0.49782867 0.17134012  0.57327045 0.5780027  0.52500389 0.14801886 0.81205291 0.3085219  0.56136376 0.48439631 0.26743145 0.22191929
0.54733982 0.50360001 0.06325121 0.33038197 0.52668277 0.20370443  0.63568841 0.48496803 0.45859555 0.16677121 0.75171192 0.29783996  0.58136669 0.50264899 0.30774448 0.31476871
0.56338958 0.47750492 0.06441478 0.29729856 0.52705882 0.18451546  0.62198281 0.54149696 0.48181145 0.14856855 0.75852643 0.29988083  0.5632098  0.47971718 0.36907878 0.32704881
0.56338958 0.47750492 0.06441478 0.29729856 0.52705882 0.18451546  0.62198281 0.54149696 0.48181145 0.14856855 0.75852643 0.29988083  0.5632098  0.47971718 0.36907878 0.32704881
0.58228658 0.48400014 0.06385419 0.27574332 0.50729651 0.24009472  0.63500013 0.53232609 0.49805223 0.143655   0.78402013 0.2924473  0.60072578 0.46335665 0.32366307 0.34097811
0.59079455 0.49161622 0.08894883 0.20883869 0.4592075  0.20272043  0.60122119 0.71277653 0.50175532 0.17889857 0.78386954 0.34126152  0.42078968 0.32257389 0.31950995 0.31841076
0.59079455 0.49161622 0.08894883 0.20883869 0.4592075  0.20272043  0.60122119 0.71277653 0.50175532 0.17889857 0.78386954 0.34126152  0.42078968 0.32257389 0.31950995 0.31841076
0.62775239 0.51246516 0.08667522 0.19689953 0.42454384 0.29842496  0.5737171  0.70213056 0.54769395 0.21763922 0.76185459 0.36109024  0.42034854 0.31050305 0.36868961 0.37232121
0.6424551  0.48607892 0.09911268 0.19409727 0.4078919  0.28384071  0.53821639 0.74359409 0.52089444 0.24087629 0.74035851 0.36815878  0.3021494  0.24734415 0.40578444 0.35146017
0.6678241  0.54836009 0.13654255 0.18604146 0.30933228 0.48323016  0.50828309 0.82253751 0.42422771 0.34039983 0.53044005 0.41814521  0.35115508 0.19923118 0.45621235 0.43229274
0.65978342 0.62626779 0.14737991 0.18804659 0.26458943 0.61357004  0.56003964 0.78474859 0.39081261 0.43154374 0.38250368 0.47021844  0.41248313 0.25319255 0.64073763 0.51128825
0.67523534 0.61290278 0.17051998 0.19586766 0.24051593 0.63049618  0.51527021 0.79503703 0.34025396 0.45028408 0.34020075 0.47526855  0.40655964 0.24543123 0.58471424 0.44300899
0.68766441 0.57993696 0.15889351 0.19920823 0.26000719 0.62520506  0.48988548 0.71066573 0.35619518 0.45263743 0.29726202 0.48239373  0.42979634 0.2116095  0.59567972 0.41459803
0.62395161 0.65631504 0.11765473 0.26407265 0.3086878  0.62839161  0.55879728 0.54170096 0.43786621 0.42307963 0.34623968 0.47822221  0.52891657 0.27433632 0.58402462 0.479584  
0.57248425 0.70562052 0.0860586  0.35654495 0.35722052 0.60074478  0.6185933  0.25935509 0.46526439 0.45977916 0.35966522 0.50149952  0.54775429 0.43087884 0.57591658 0.44883771
0.55513534 0.71595802 0.07225404 0.37365573 0.38344072 0.56082027  0.65346312 0.23306792 0.48560912 0.45793632 0.44174183 0.49426327  0.50181463 0.44698266 0.6196833  0.44916878
0.53834465 0.73717189 0.07596676 0.4165967  0.37685988 0.57729752  0.63375678 0.19209324 0.46198543 0.47969486 0.42340571 0.49882834  0.44378537 0.41590042 0.55086216 0.4351321 
0.52365436 0.76654404 0.08293078 0.43529634 0.36887806 0.59417578  0.64145388 0.26173472 0.43197322 0.46968089 0.49092753 0.46950918  0.42653409 0.34162306 0.49058301 0.42816972
0.51122529 0.79950986 0.09455724 0.43195576 0.3493868  0.5994669  0.66683861 0.34610602 0.416032   0.46732754 0.53386627 0.462384  0.40329739 0.37544479 0.47961754 0.45658068
0.54270627 0.74892383 0.0838805  0.37031516 0.36394946 0.56611138  0.67884785 0.31743922 0.4696679  0.45558296 0.48468056 0.4871381  0.47857793 0.48080439 0.60871783 0.47757974
0.54270627 0.74892383 0.0838805  0.37031516 0.36394946 0.56611138  0.67884785 0.31743922 0.4696679  0.45558296 0.48468056 0.4871381  0.47857793 0.48080439 0.60871783 0.47757974
0.66473952 0.55193814 0.06609192 0.21076713 0.39485047 0.53274946  0.57165661 0.25615912 0.59883235 0.35718159 0.35844681 0.48355472  0.70495582 0.46614387 0.59062528 0.43410428
0.70986821 0.47986224 0.08059369 0.1784111  0.37540029 0.53385223  0.46888466 0.33170103 0.60026144 0.34396186 0.3258014  0.47574776  0.63476818 0.32916184 0.49494505 0.41448611
0.74029831 0.42236503 0.08253112 0.13001876 0.3795643  0.48711557  0.42582677 0.38781866 0.64367133 0.33700756 0.31734034 0.49028625  0.57951604 0.35658439 0.49608563 0.425364  
0.7767053  0.33246509 0.08463132 0.15847451 0.39659903 0.47044724  0.35213687 0.4372152  0.60853177 0.33105673 0.34521525 0.43637228  0.43723974 0.27599642 0.52325471 0.42184993
0.81659166 0.22090332 0.09014313 0.34061977 0.47248636 0.61078887  0.34506051 0.48215528 0.46663564 0.33356396 0.27519102 0.2947232  0.42788974 0.31638139 0.56402672 0.42207932
0.82441793 0.19138148 0.08854481 0.38692897 0.49277691 0.6263378  0.34244536 0.4759507  0.4271425  0.34941727 0.3120049  0.24581217  0.42291558 0.34146984 0.54116991 0.50414523
0.8293193  0.17003153 0.08461179 0.43364147 0.51739892 0.66306963  0.36459274 0.49845228 0.41266774 0.33604239 0.29243383 0.2292331  0.42486671 0.35355457 0.58267333 0.48821802
0.84418865 0.14378587 0.11018756 0.49200098 0.50644401 0.66834259  0.39127711 0.53055824 0.39124985 0.36328601 0.29747093 0.28293499  0.38439618 0.42258194 0.57388565 0.39842328
0.85256373 0.11842636 0.11728886 0.52914907 0.49521544 0.64365921  0.40479362 0.53449545 0.3964644  0.41769958 0.3959339  0.31432672  0.39714912 0.43919918 0.5350963  0.48068749
0.85256373 0.11842636 0.11728886 0.52914907 0.49521544 0.64365921  0.40479362 0.53449545 0.3964644  0.41769958 0.3959339  0.31432672  0.39714912 0.43919918 0.5350963  0.48068749
0.85256373 0.11842636 0.11728886 0.52914907 0.49521544 0.64365921  0.40479362 0.53449545 0.3964644  0.41769958 0.3959339  0.31432672  0.39714912 0.43919918 0.5350963  0.48068749
0.85256373 0.11842636 0.11728886 0.52914907 0.49521544 0.64365921  0.40479362 0.53449545 0.3964644  0.41769958 0.3959339  0.31432672  0.39714912 0.43919918 0.5350963  0.48068749
0.85256373 0.11842636 0.11728886 0.52914907 0.49521544 0.64365921  0.40479362 0.53449545 0.3964644  0.41769958 0.3959339  0.31432672  0.39714912 0.43919918 0.5350963  0.48068749
0.84418865 0.14378587 0.11018756 0.49200098 0.50644401 0.66834259  0.39127711 0.53055824 0.39124985 0.36328601 0.29747093 0.28293499  0.38439618 0.42258194 0.57388565 0.39842328
0.84418865 0.14378587 0.11018756 0.49200098 0.50644401 0.66834259  0.39127711 0.53055824 0.39124985 0.36328601 0.29747093 0.28293499  0.38439618 0.42258194 0.57388565 0.39842328
0.8293193  0.17003153 0.08461179 0.43364147 0.51739892 0.66306963  0.36459274 0.49845228 0.41266774 0.33604239 0.29243383 0.2292331  0.42486671 0.35355457 0.58267333 0.48821802
0.80896601 0.2047465  0.06540474 0.37910791 0.51685041 0.60941167  0.38721479 0.46566226 0.47770114 0.33067693 0.35430784 0.24076206  0.42883908 0.34923117 0.59719329 0.5724245 
0.78643703 0.26065457 0.0545656  0.33560096 0.5132118  0.60844699  0.42533065 0.43040331 0.5439938  0.29158654 0.33899003 0.28260454  0.55201238 0.38730162 0.58295527 0.51121962
0.66210193 0.53009608 0.04737255 0.20582606 0.43113082 0.46012609  0.58588894 0.21335801 0.66576282 0.3314285  0.4455944  0.48120594  0.65883775 0.53185857 0.61481044 0.43323704
0.53278548 0.70179436 0.0612127  0.43764571 0.42058922 0.50178384  0.60784785 0.11028432 0.48498235 0.46888997 0.4289699  0.49736148  0.39374327 0.40179511 0.55978836 0.36534105
0.46381504 0.71187514 0.07166651 0.48343498 0.46215692 0.33287437  0.63801808 0.24059176 0.38250962 0.44116014 0.41742276 0.49091567  0.32197487 0.46641304 0.65848687 0.32013325
0.30696993 0.69756938 0.13677547 0.56889884 0.47108414 0.18662169  0.57564034 0.47051373 0.23831533 0.39678067 0.327006   0.47480542  0.40051283 0.37613702 0.43357405 0.38931144
0.27084348 0.69565708 0.15944709 0.6234568  0.45386342 0.20963872  0.43887017 0.5118869  0.33534438 0.39212715 0.30390727 0.47536895  0.48089753 0.38934206 0.44389678 0.4235628 
0.27084348 0.69565708 0.15944709 0.6234568  0.45386342 0.20963872  0.43887017 0.5118869  0.33534438 0.39212715 0.30390727 0.47536895  0.48089753 0.38934206 0.44389678 0.4235628 
0.01779563 0.38669558 0.33863985 0.42004769 0.35385851 0.46460162  0.48109267 0.47190843 0.43452283 0.38595027 0.3992976  0.44733029  0.52908455 0.38078184 0.39373238 0.44873962
0.00039479 0.36283831 0.35232302 0.39930133 0.34523319 0.50234819  0.48417291 0.45702496 0.47508945 0.39693445 0.45000532 0.44589633  0.47476172 0.42761975 0.50206904 0.41641874
0.00039479 0.36283831 0.35232302 0.39930133 0.34523319 0.50234819  0.48417291 0.45702496 0.47508945 0.39693445 0.45000532 0.44589633  0.47476172 0.42761975 0.50206904 0.41641874
0.00039479 0.36283831 0.35232302 0.39930133 0.34523319 0.50234819  0.48417291 0.45702496 0.47508945 0.39693445 0.45000532 0.44589633  0.47476172 0.42761975 0.50206904 0.41641874
0.00039479 0.36283831 0.35232302 0.39930133 0.34523319 0.50234819  0.48417291 0.45702496 0.47508945 0.39693445 0.45000532 0.44589633  0.47476172 0.42761975 0.50206904 0.41641874
0.00039479 0.36283831 0.35232302 0.39930133 0.34523319 0.50234819  0.48417291 0.45702496 0.47508945 0.39693445 0.45000532 0.44589633  0.47476172 0.42761975 0.50206904 0.41641874
0.00039479 0.36283831 0.35232302 0.39930133 0.34523319 0.50234819  0.48417291 0.45702496 0.47508945 0.39693445 0.45000532 0.44589633  0.47476172 0.42761975 0.50206904 0.41641874
0.00039479 0.36283831 0.35232302 0.39930133 0.34523319 0.50234819  0.48417291 0.45702496 0.47508945 0.39693445 0.45000532 0.44589633  0.47476172 0.42761975 0.50206904 0.41641874
0.00039479 0.36283831 0.35232302 0.39930133 0.34523319 0.50234819  0.48417291 0.45702496 0.47508945 0.39693445 0.45000532 0.44589633  0.47476172 0.42761975 0.50206904 0.41641874
0.00039479 0.36283831 0.35232302 0.39930133 0.34523319 0.50234819  0.48417291 0.45702496 0.47508945 0.39693445 0.45000532 0.44589633  0.47476172 0.42761975 0.50206904 0.41641874
0.00039479 0.36283831 0.35232302 0.39930133 0.34523319 0.50234819  0.48417291 0.45702496 0.47508945 0.39693445 0.45000532 0.44589633  0.47476172 0.42761975 0.50206904 0.41641874
0.00039479 0.36283831 0.35232302 0.39930133 0.34523319 0.50234819  0.48417291 0.45702496 0.47508945 0.39693445 0.45000532 0.44589633  0.47476172 0.42761975 0.50206904 0.41641874
0.00039479 0.36283831 0.35232302 0.39930133 0.34523319 0.50234819  0.48417291 0.45702496 0.47508945 0.39693445 0.45000532 0.44589633  0.47476172 0.42761975 0.50206904 0.41641874
0.00039479 0.36283831 0.35232302 0.39930133 0.34523319 0.50234819  0.48417291 0.45702496 0.47508945 0.39693445 0.45000532 0.44589633  0.47476172 0.42761975 0.50206904 0.41641874
0.00039479 0.36283831 0.35232302 0.39930133 0.34523319 0.50234819  0.48417291 0.45702496 0.47508945 0.39693445 0.45000532 0.44589633  0.47476172 0.42761975 0.50206904 0.41641874
0.00039479 0.36283831 0.35232302 0.39930133 0.34523319 0.50234819  0.48417291 0.45702496 0.47508945 0.39693445 0.45000532 0.44589633  0.47476172 0.42761975 0.50206904 0.41641874
0.00039479 0.36283831 0.35232302 0.39930133 0.34523319 0.50234819  0.48417291 0.45702496 0.47508945 0.39693445 0.45000532 0.44589633  0.47476172 0.42761975 0.50206904 0.41641874
0.00039479 0.36283831 0.35232302 0.39930133 0.34523319 0.50234819  0.48417291 0.45702496 0.47508945 0.39693445 0.45000532 0.44589633  0.47476172 0.42761975 0.50206904 0.41641874
0.00039479 0.36283831 0.35232302 0.39930133 0.34523319 0.50234819  0.48417291 0.45702496 0.47508945 0.39693445 0.45000532 0.44589633  0.47476172 0.42761975 0.50206904 0.41641874
0.00039479 0.36283831 0.35232302 0.39930133 0.34523319 0.50234819  0.48417291 0.45702496 0.47508945 0.39693445 0.45000532 0.44589633  0.47476172 0.42761975 0.50206904 0.41641874
0.00039479 0.36283831 0.35232302 0.39930133 0.34523319 0.50234819  0.48417291 0.45702496 0.47508945 0.39693445 0.45000532 0.44589633  0.47476172 0.42761975 0.50206904 0.41641874
0.00039479 0.36283831 0.35232302 0.39930133 0.34523319 0.50234819  0.48417291 0.45702496 0.47508945 0.39693445 0.45000532 0.44589633  0.47476172 0.42761975 0.50206904 0.41641874
0.00039479 0.36283831 0.35232302 0.39930133 0.34523319 0.50234819  0.48417291 0.45702496 0.47508945 0.39693445 0.45000532 0.44589633  0.47476172 0.42761975 0.50206904 0.41641874
0.00039479 0.36283831 0.35232302 0.39930133 0.34523319 0.50234819  0.48417291 0.45702496 0.47508945 0.39693445 0.45000532 0.44589633  0.47476172 0.42761975 0.50206904 0.41641874
0.00039479 0.36283831 0.35232302 0.39930133 0.34523319 0.50234819  0.48417291 0.45702496 0.47508945 0.39693445 0.45000532 0.44589633  0.47476172 0.42761975 0.50206904 0.41641874
0.00039479 0.36283831 0.35232302 0.39930133 0.34523319 0.50234819  0.48417291 0.45702496 0.47508945 0.39693445 0.45000532 0.44589633  0.47476172 0.42761975 0.50206904 0.41641874
0.00039479 0.36283831 0.35232302 0.39930133 0.34523319 0.50234819  0.48417291 0.45702496 0.47508945 0.39693445 0.45000532 0.44589633  0.47476172 0.42761975 0.50206904 0.41641874
0.00039479 0.36283831 0.35232302 0.39930133 0.34523319 0.50234819  0.48417291 0.45702496 0.47508945 0.39693445 0.45000532 0.44589633  0.47476172 0.42761975 0.50206904 0.41641874
0.00039479 0.36283831 0.35232302 0.39930133 0.34523319 0.50234819  0.48417291 0.45702496 0.47508945 0.39693445 0.45000532 0.44589633  0.47476172 0.42761975 0.50206904 0.41641874
0.00039479 0.36283831 0.35232302 0.39930133 0.34523319 0.50234819  0.48417291 0.45702496 0.47508945 0.39693445 0.45000532 0.44589633  0.47476172 0.42761975 0.50206904 0.41641874
0.00039479 0.36283831 0.35232302 0.39930133 0.34523319 0.50234819  0.48417291 0.45702496 0.47508945 0.39693445 0.45000532 0.44589633  0.47476172 0.42761975 0.50206904 0.41641874
0.00039479 0.36283831 0.35232302 0.39930133 0.34523319 0.50234819  0.48417291 0.45702496 0.47508945 0.39693445 0.45000532 0.44589633  0.47476172 0.42761975 0.50206904 0.41641874
0.00039479 0.36283831 0.35232302 0.39930133 0.34523319 0.50234819  0.48417291 0.45702496 0.47508945 0.39693445 0.45000532 0.44589633  0.47476172 0.42761975 0.50206904 0.41641874
0.00039479 0.36283831 0.35232302 0.39930133 0.34523319 0.50234819  0.48417291 0.45702496 0.47508945 0.39693445 0.45000532 0.44589633  0.47476172 0.42761975 0.50206904 0.41641874
0.00039479 0.36283831 0.35232302 0.39930133 0.34523319 0.50234819  0.48417291 0.45702496 0.47508945 0.39693445 0.45000532 0.44589633  0.47476172 0.42761975 0.50206904 0.41641874
0.00039479 0.36283831 0.35232302 0.39930133 0.34523319 0.50234819  0.48417291 0.45702496 0.47508945 0.39693445 0.45000532 0.44589633  0.47476172 0.42761975 0.50206904 0.41641874
