0.00039479 0.36283831 0.35232302 0.39930133 0.34523319 0.50234819  0.48417291 0.45702496 0.47508945 0.39693445 0.45000532 0.44589633  0.47476172 0.42761975 0.50206904 0.41641874
0.00039479 0.36283831 0.35232302 0.39930133 0.34523319 0.50234819  0.48417291 0.45702496 0.47508945 0.39693445 0.45000532 0.44589633  0.47476172 0.42761975 0.50206904 0.41641874
0.00039479 0.36283831 0.35232302 0.39930133 0.34523319 0.50234819  0.48417291 0.45702496 0.47508945 0.39693445 0.45000532 0.44589633  0.47476172 0.42761975 0.50206904 0.41641874
0.00039479 0.36283831 0.35232302 0.39930133 0.34523319 0.50234819  0.48417291 0.45702496 0.47508945 0.39693445 0.45000532 0.44589633  0.47476172 0.42761975 0.50206904 0.41641874
0.00039479 0.36283831 0.35232302 0.39930133 0.34523319 0.50234819  0.48417291 0.45702496 0.47508945 0.39693445 0.45000532 0.44589633  0.47476172 0.42761975 0.50206904 0.41641874
0.00039479 0.36283831 0.35232302 0.39930133 0.34523319 0.50234819  0.48417291 0.45702496 0.47508945 0.39693445 0.45000532 0.44589633  0.47476172 0.42761975 0.50206904 0.41641874
0.00039479 0.36283831 0.35232302 0.39930133 0.34523319 0.50234819  0.48417291 0.45702496 0.47508945 0.39693445 0.45000532 0.44589633  0.47476172 0.42761975 0.50206904 0.41641874
0.00039479 0.36283831 0.35232302 0.39930133 0.34523319 0.50234819  0.48417291 0.45702496 0.47508945 0.39693445 0.45000532 0.44589633  0.47476172 0.42761975 0.50206904 0.41641874
0.00039479 0.36283831 0.35232302 0.39930133 0.34523319 0.50234819  0.48417291 0.45702496 0.47508945 0.39693445 0.45000532 0.44589633  0.47476172 0.42761975 0.50206904 0.41641874
0.00039479 0.36283831 0.35232302 0.39930133 0.34523319 0.50234819  0.48417291 0.45702496 0.47508945 0.39693445 0.45000532 0.44589633  0.47476172 0.42761975 0.50206904 0.41641874
0.00039479 0.36283831 0.35232302 0.39930133 0.34523319 0.50234819  0.48417291 0.45702496 0.47508945 0.39693445 0.45000532 0.44589633  0.47476172 0.42761975 0.50206904 0.41641874
0.00039479 0.36283831 0.35232302 0.39930133 0.34523319 0.50234819  0.48417291 0.45702496 0.47508945 0.39693445 0.45000532 0.44589633  0.47476172 0.42761975 0.50206904 0.41641874
0.00039479 0.36283831 0.35232302 0.39930133 0.34523319 0.50234819  0.48417291 0.45702496 0.47508945 0.39693445 0.45000532 0.44589633  0.47476172 0.42761975 0.50206904 0.41641874
0.00039479 0.36283831 0.35232302 0.39930133 0.34523319 0.50234819  0.48417291 0.45702496 0.47508945 0.39693445 0.45000532 0.44589633  0.47476172 0.42761975 0.50206904 0.41641874
0.00039479 0.36283831 0.35232302 0.39930133 0.34523319 0.50234819  0.48417291 0.45702496 0.47508945 0.39693445 0.45000532 0.44589633  0.47476172 0.42761975 0.50206904 0.41641874
0.00039479 0.36283831 0.35232302 0.39930133 0.34523319 0.50234819  0.48417291 0.45702496 0.47508945 0.39693445 0.45000532 0.44589633  0.47476172 0.42761975 0.50206904 0.41641874
0.00039479 0.36283831 0.35232302 0.39930133 0.34523319 0.50234819  0.48417291 0.45702496 0.47508945 0.39693445 0.45000532 0.44589633  0.47476172 0.42761975 0.50206904 0.41641874
0.00039479 0.36283831 0.35232302 0.39930133 0.34523319 0.50234819  0.48417291 0.45702496 0.47508945 0.39693445 0.45000532 0.44589633  0.47476172 0.42761975 0.50206904 0.41641874
0.00039479 0.36283831 0.35232302 0.39930133 0.34523319 0.50234819  0.48417291 0.45702496 0.47508945 0.39693445 0.45000532 0.44589633  0.47476172 0.42761975 0.50206904 0.41641874
0.00039479 0.36283831 0.35232302 0.39930133 0.34523319 0.50234819  0.48417291 0.45702496 0.47508945 0.39693445 0.45000532 0.44589633  0.47476172 0.42761975 0.50206904 0.41641874
0.00039479 0.36283831 0.35232302 0.39930133 0.34523319 0.50234819  0.48417291 0.45702496 0.47508945 0.39693445 0.45000532 0.44589633  0.47476172 0.42761975 0.50206904 0.41641874
0.00039479 0.36283831 0.35232302 0.39930133 0.34523319 0.50234819  0.48417291 0.45702496 0.47508945 0.39693445 0.45000532 0.44589633  0.47476172 0.42761975 0.50206904 0.41641874
0.00039479 0.36283831 0.35232302 0.39930133 0.34523319 0.50234819  0.48417291 0.45702496 0.47508945 0.39693445 0.45000532 0.44589633  0.47476172 0.42761975 0.50206904 0.41641874
0.00039479 0.36283831 0.35232302 0.39930133 0.34523319 0.50234819  0.48417291 0.45702496 0.47508945 0.39693445 0.45000532 0.44589633  0.47476172 0.42761975 0.50206904 0.41641874
0.00039479 0.36283831 0.35232302 0.39930133 0.34523319 0.50234819  0.48417291 0.45702496 0.47508945 0.39693445 0.45000532 0.44589633  0.47476172 0.42761975 0.50206904 0.41641874
0.00039479 0.36283831 0.35232302 0.39930133 0.34523319 0.50234819  0.48417291 0.45702496 0.47508945 0.39693445 0.45000532 0.44589633  0.47476172 0.42761975 0.50206904 0.41641874
0.00039479 0.36283831 0.35232302 0.39930133 0.34523319 0.50234819  0.48417291 0.45702496 0.47508945 0.39693445 0.45000532 0.44589633  0.47476172 0.42761975 0.50206904 0.41641874
0.00039479 0.36283831 0.35232302 0.39930133 0.34523319 0.50234819  0.48417291 0.45702496 0.47508945 0.39693445 0.45000532 0.44589633  0.47476172 0.42761975 0.50206904 0.41641874
0.00039479 0.36283831 0.35232302 0.39930133 0.34523319 0.50234819  0.48417291 0.45702496 0.47508945 0.39693445 0.45000532 0.44589633  0.47476172 0.42761975 0.50206904 0.41641874
0.00039479 0.36283831 0.35232302 0.39930133 0.34523319 0.50234819  0.48417291 0.45702496 0.47508945 0.39693445 0.45000532 0.44589633  0.47476172 0.42761975 0.50206904 0.41641874
0.00039479 0.36283831 0.35232302 0.39930133 0.34523319 0.50234819  0.48417291 0.45702496 0.47508945 0.39693445 0.45000532 0.44589633  0.47476172 0.42761975 0.50206904 0.41641874
0.00039479 0.36283831 0.35232302 0.39930133 0.34523319 0.50234819  0.48417291 0.45702496 0.47508945 0.39693445 0.45000532 0.44589633  0.47476172 0.42761975 0.50206904 0.41641874
0.00039479 0.36283831 0.35232302 0.39930133 0.34523319 0.50234819  0.48417291 0.45702496 0.47508945 0.39693445 0.45000532 0.44589633  0.47476172 0.42761975 0.50206904 0.41641874
0.00039479 0.36283831 0.35232302 0.39930133 0.34523319 0.50234819  0.48417291 0.45702496 0.47508945 0.39693445 0.45000532 0.44589633  0.47476172 0.42761975 0.50206904 0.41641874
0.00039479 0.36283831 0.35232302 0.39930133 0.34523319 0.50234819  0.48417291 0.45702496 0.47508945 0.39693445 0.45000532 0.44589633  0.47476172 0.42761975 0.50206904 0.41641874
0.00039479 0.36283831 0.35232302 0.39930133 0.34523319 0.50234819  0.48417291 0.45702496 0.47508945 0.39693445 0.45000532 0.44589633  0.47476172 0.42761975 0.50206904 0.41641874
0.00039479 0.36283831 0.35232302 0.39930133 0.34523319 0.50234819  0.48417291 0.45702496 0.47508945 0.39693445 0.45000532 0.44589633  0.47476172 0.42761975 0.50206904 0.41641874
0.00039479 0.36283831 0.35232302 0.39930133 0.34523319 0.50234819  0.48417291 0.45702496 0.47508945 0.39693445 0.45000532 0.44589633  0.47476172 0.42761975 0.50206904 0.41641874
0.00039479 0.36283831 0.35232302 0.39930133 0.34523319 0.50234819  0.48417291 0.45702496 0.47508945 0.39693445 0.45000532 0.44589633  0.47476172 0.42761975 0.50206904 0.41641874
0.00039479 0.36283831 0.35232302 0.39930133 0.34523319 0.50234819  0.48417291 0.45702496 0.47508945 0.39693445 0.45000532 0.44589633  0.47476172 0.42761975 0.50206904 0.41641874
0.00039479 0.36283831 0.35232302 0.39930133 0.34523319 0.50234819  0.48417291 0.45702496 0.47508945 0.39693445 0.45000532 0.44589633  0.47476172 0.42761975 0.50206904 0.41641874
0.00039479 0.36283831 0.35232302 0.39930133 0.34523319 0.50234819  0.48417291 0.45702496 0.47508945 0.39693445 0.45000532 0.44589633  0.47476172 0.42761975 0.50206904 0.41641874
0.00039479 0.36283831 0.35232302 0.39930133 0.34523319 0.50234819  0.48417291 0.45702496 0.47508945 0.39693445 0.45000532 0.44589633  0.47476172 0.42761975 0.50206904 0.41641874
0.00039479 0.36283831 0.35232302 0.39930133 0.34523319 0.50234819  0.48417291 0.45702496 0.47508945 0.39693445 0.45000532 0.44589633  0.47476172 0.42761975 0.50206904 0.41641874
0.00039479 0.36283831 0.35232302 0.39930133 0.34523319 0.50234819  0.48417291 0.45702496 0.47508945 0.39693445 0.45000532 0.44589633  0.47476172 0.42761975 0.50206904 0.41641874
0.00039479 0.36283831 0.35232302 0.39930133 0.34523319 0.50234819  0.48417291 0.45702496 0.47508945 0.39693445 0.45000532 0.44589633  0.47476172 0.42761975 0.50206904 0.41641874
0.00039479 0.36283831 0.35232302 0.39930133 0.34523319 0.50234819  0.48417291 0.45702496 0.47508945 0.39693445 0.45000532 0.44589633  0.47476172 0.42761975 0.50206904 0.41641874
0.00039479 0.36283831 0.35232302 0.39930133 0.34523319 0.50234819  0.48417291 0.45702496 0.47508945 0.39693445 0.45000532 0.44589633  0.47476172 0.42761975 0.50206904 0.41641874
0.00039479 0.36283831 0.35232302 0.39930133 0.34523319 0.50234819  0.48417291 0.45702496 0.47508945 0.39693445 0.45000532 0.44589633  0.47476172 0.42761975 0.50206904 0.41641874
0.00039479 0.36283831 0.35232302 0.39930133 0.34523319 0.50234819  0.48417291 0.45702496 0.47508945 0.39693445 0.45000532 0.44589633  0.47476172 0.42761975 0.50206904 0.41641874
0.00039479 0.36283831 0.35232302 0.39930133 0.34523319 0.50234819  0.48417291 0.45702496 0.47508945 0.39693445 0.45000532 0.44589633  0.47476172 0.42761975 0.50206904 0.41641874
0.00039479 0.36283831 0.35232302 0.39930133 0.34523319 0.50234819  0.48417291 0.45702496 0.47508945 0.39693445 0.45000532 0.44589633  0.47476172 0.42761975 0.50206904 0.41641874
0.00039479 0.36283831 0.35232302 0.39930133 0.34523319 0.50234819  0.48417291 0.45702496 0.47508945 0.39693445 0.45000532 0.44589633  0.47476172 0.42761975 0.50206904 0.41641874
0.00039479 0.36283831 0.35232302 0.39930133 0.34523319 0.50234819  0.48417291 0.45702496 0.47508945 0.39693445 0.45000532 0.44589633  0.47476172 0.42761975 0.50206904 0.41641874
0.03525649 0.41685964 0.32437467 0.45347996 0.36854765 0.43569141  0.43485985 0.4975719  0.47652552 0.39120509 0.39620065 0.45304628  0.55757342 0.45566594 0.52722734 0.46096477
0.09044553 0.49092699 0.28762339 0.50634298 0.3823585  0.41179265  0.38685948 0.51703609 0.54502498 0.38628636 0.47175099 0.43988509  0.50529243 0.52676858 0.65725418 0.38879329
0.16286184 0.59335165 0.23581475 0.59142084 0.411574   0.33701339  0.31416168 0.56317797 0.58434165 0.37960856 0.47148933 0.44085397  0.53472407 0.58178446 0.75109579 0.37317947
0.27230287 0.73267769 0.16547083 0.68332028 0.43003633 0.28129444  0.27429226 0.57383444 0.55875287 0.38318526 0.44123623 0.44755586  0.5143895  0.4866367  0.6130834  0.38891645
0.32872762 0.77157234 0.15467178 0.65849826 0.38432666 0.43569193  0.27720796 0.51384097 0.64364067 0.4209667  0.53149912 0.44639332  0.46081215 0.45835741 0.59062133 0.41662925
0.44008288 0.81440972 0.12924302 0.55525142 0.32875372 0.61418067  0.44335167 0.40979085 0.54966721 0.43821909 0.57790772 0.43314237  0.35860985 0.36406623 0.42199544 0.39442332
0.52906469 0.78820068 0.09336626 0.38841304 0.34732777 0.60797626  0.70061735 0.39068725 0.41489499 0.43795197 0.56221965 0.44478585  0.48337353 0.40582652 0.48947905 0.4686588 
0.56324047 0.75110964 0.09211211 0.30418254 0.34843496 0.59677457  0.7318537  0.49777815 0.44141285 0.39386804 0.58813656 0.42747788  0.60811379 0.45263783 0.56700873 0.50068664
0.68802483 0.55461687 0.10792322 0.13387776 0.32322444 0.53612285  0.5541436  0.56304007 0.57150344 0.35826    0.36339897 0.5070839  0.61870401 0.58599976 0.56442819 0.54273362
0.7689441  0.36256951 0.09195815 0.11502946 0.36984051 0.43640136  0.35905026 0.4429618  0.65211285 0.33690123 0.34520823 0.49225303  0.42027361 0.29836074 0.46732284 0.40181043
0.80509584 0.30919908 0.14985309 0.18610286 0.30470202 0.40784764  0.32197863 0.46297607 0.55944664 0.45971962 0.44657014 0.55773172  0.41090129 0.34696673 0.37813564 0.37943556
0.83150944 0.24652122 0.17996232 0.30629283 0.31827944 0.43359759  0.32180885 0.44434606 0.45098854 0.5109118  0.53850723 0.49162432  0.44650316 0.45360916 0.32688236 0.49396121
0.85841473 0.24459781 0.27727144 0.36297225 0.25270143 0.37376666  0.35962617 0.4181326  0.44941967 0.54423791 0.57567339 0.49897747  0.45479039 0.51638191 0.34141488 0.49098741
0.88270263 0.23661488 0.35610711 0.41876593 0.25580778 0.3636708  0.4117213  0.42438143 0.46347252 0.57258946 0.5280257  0.42516873  0.44755455 0.61435509 0.30152474 0.44219621
0.91395456 0.21551979 0.45613128 0.51469715 0.28259845 0.32997726  0.51754623 0.4083354  0.58757944 0.63553715 0.49279439 0.31814495  0.49598514 0.45451732 0.38708138 0.51207504
0.93814171 0.26846253 0.60569566 0.49083014 0.39150698 0.29705961  0.55862464 0.37186843 0.69897052 0.66226854 0.40135155 0.15277812  0.51531693 0.46019909 0.34297895 0.51380356
0.94410135 0.3061817  0.67919614 0.48550979 0.39824999 0.26664999  0.5973408  0.35634222 0.76836244 0.58365303 0.41062476 0.23980628  0.50629202 0.40152276 0.3330057  0.55566722
0.94410135 0.3061817  0.67919614 0.48550979 0.39824999 0.26664999  0.5973408  0.35634222 0.76836244 0.58365303 0.41062476 0.23980628  0.50629202 0.40152276 0.3330057  0.55566722
0.94410135 0.3061817  0.67919614 0.48550979 0.39824999 0.26664999  0.5973408  0.35634222 0.76836244 0.58365303 0.41062476 0.23980628  0.50629202 0.40152276 0.3330057  0.55566722
0.94490403 0.3084272  0.68512471 0.48125975 0.40860055 0.2611954  0.60576356 0.36243591 0.78765188 0.61985709 0.40126694 0.21607694  0.51244167 0.40334045 0.31310107 0.55322779
0.93038051 0.29856694 0.61302249 0.44738509 0.36474846 0.26301373  0.56553804 0.37761504 0.74255161 0.66811304 0.40134453 0.20865887  0.49835079 0.48256341 0.28704708 0.49376406
0.91287947 0.2621842  0.50750159 0.46028819 0.288121   0.27688051  0.55315119 0.4193736  0.69658749 0.6946668  0.44089993 0.28791174  0.46143701 0.46517366 0.31107448 0.48085382
0.8917563  0.30144176 0.48451051 0.42205764 0.23431628 0.27830087  0.55470585 0.41732339 0.63908449 0.74306343 0.44067519 0.36697484  0.52969881 0.50212204 0.3943097  0.52652831
0.86438596 0.2753955  0.34680423 0.39870178 0.21402548 0.36600639  0.43206455 0.42132574 0.43942244 0.60484077 0.51344683 0.51808823  0.52602765 0.54290226 0.46680045 0.46067465
0.79569505 0.36493748 0.1837502  0.17128591 0.26957549 0.44065988  0.34607475 0.45912536 0.49411434 0.45273586 0.32647815 0.58515559  0.46451781 0.4469961  0.48596761 0.28897835
0.71481644 0.49307996 0.09631979 0.12825407 0.3450387  0.53617585  0.49845024 0.449      0.58042891 0.38609797 0.23191715 0.52869951  0.60494917 0.45561787 0.66422429 0.48769129
0.60589135 0.67020402 0.08611435 0.29093288 0.35088684 0.60944006  0.63196163 0.28508075 0.48229888 0.42902941 0.33648332 0.5000603  0.6524241  0.52777361 0.55372198 0.48015159
0.52146465 0.71879883 0.07742718 0.38490226 0.40696006 0.44948179  0.68254242 0.27474226 0.44743073 0.43988913 0.43368446 0.50342159  0.43637794 0.59030164 0.67502557 0.43333987
0.48859126 0.76046406 0.08405113 0.45280024 0.40109178 0.46437546  0.65944647 0.27716556 0.40956025 0.47463152 0.44998004 0.49877759  0.33649183 0.48085126 0.62674876 0.41172091
0.26965136 0.66332836 0.16144327 0.57443611 0.45676434 0.21511822  0.51059594 0.47514207 0.28350056 0.4438054  0.22882386 0.51709534  0.46159941 0.38387638 0.52675814 0.50646377
0.10597701 0.48952627 0.26938625 0.49516724 0.40869497 0.30984188  0.48172871 0.49881902 0.32076981 0.39896872 0.22522951 0.48781281  0.6423684  0.35189862 0.34219515 0.55563539
0.05351142 0.43947142 0.31096524 0.46826146 0.37376331 0.40333531  0.449023   0.50224764 0.41356088 0.37686256 0.34766111 0.45195559  0.59560889 0.36517078 0.34313004 0.48165838
0.03544839 0.41404176 0.32462587 0.44710978 0.36503751 0.43337561  0.45603541 0.49115319 0.43842582 0.38389341 0.37735876 0.45056284  0.56420009 0.3942791  0.4095445  0.46588946
0.03544839 0.41404176 0.32462587 0.44710978 0.36503751 0.43337561  0.45603541 0.49115319 0.43842582 0.38389341 0.37735876 0.45056284  0.56420009 0.3942791  0.4095445  0.46588946
0.01779563 0.38669558 0.33863985 0.42004769 0.35385851 0.46460162  0.48109267 0.47190843 0.43452283 0.38595027 0.3992976  0.44733029  0.52908455 0.38078184 0.39373238 0.44873962
0.01779563 0.38669558 0.33863985 0.42004769 0.35385851 0.46460162  0.48109267 0.47190843 0.43452283 0.38595027 0.3992976  0.44733029  0.52908455 0.38078184 0.39373238 0.44873962
0.00039479 0.36283831 0.35232302 0.39930133 0.34523319 0.50234819  0.48417291 0.45702496 0.47508945 0.39693445 0.45000532 0.44589633  0.47476172 0.42761975 0.50206904 0.41641874
0.01779563 0.38669558 0.33863985 0.42004769 0.35385851 0.46460162  0.48109267 0.47190843 0.43452283 0.38595027 0.3992976  0.44733029  0.52908455 0.38078184 0.39373238 0.44873962
0.01779563 0.38669558 0.33863985 0.42004769 0.35385851 0.46460162  0.48109267 0.47190843 0.43452283 0.38595027 0.3992976  0.44733029  0.52908455 0.38078184 0.39373238 0.44873962
0.01779563 0.38669558 0.33863985 0.42004769 0.35385851 0.46460162  0.48109267 0.47190843 0.43452283 0.38595027 0.3992976  0.44733029  0.52908455 0.38078184 0.39373238 0.44873962
0.01779563 0.38669558 0.33863985 0.42004769 0.35385851 0.46460162  0.48109267 0.47190843 0.43452283 0.38595027 0.3992976  0.44733029  0.52908455 0.38078184 0.39373238 0.44873962
0.03570449 0.41256652 0.32481348 0.44346236 0.36297546 0.43289222  0.46698566 0.4880752  0.41982002 0.37795658 0.37170853 0.44831936  0.5704997  0.36843359 0.35263673 0.4613214 
0.10674741 0.51855454 0.26955047 0.542448   0.40382691 0.31106946  0.39165775 0.55429124 0.39924581 0.36100975 0.27910237 0.45699897  0.70569077 0.3741928  0.31394535 0.522063  
0.19693003 0.60238721 0.20515994 0.56770823 0.44403505 0.21533248  0.4849007  0.50135397 0.24552805 0.39734001 0.18194428 0.49507685  0.57202158 0.3164379  0.30276357 0.52771924
0.56088936 0.73663075 0.08422058 0.32111682 0.36183593 0.56809597  0.7096409  0.3846574  0.47752617 0.41082661 0.5359068  0.46246293  0.56121276 0.5159774  0.59671549 0.49223632
0.64332066 0.64630081 0.11468488 0.20120006 0.30586009 0.62414063  0.61976248 0.50934547 0.46646076 0.42371632 0.30214952 0.50525732  0.67808258 0.55438544 0.58853307 0.53434437
0.78126884 0.34792361 0.11961172 0.14113371 0.34000409 0.41560488  0.35323155 0.44875042 0.60479074 0.38656572 0.3904101  0.52128987  0.40407184 0.33811081 0.47294838 0.3654506 
0.83150944 0.24652122 0.17996232 0.30629283 0.31827944 0.43359759  0.32180885 0.44434606 0.45098854 0.5109118  0.53850723 0.49162432  0.44650316 0.45360916 0.32688236 0.49396121
0.84548217 0.22305365 0.20410791 0.36038683 0.32323861 0.44331309  0.33946516 0.43593063 0.45040169 0.51265252 0.52078724 0.40804563  0.41533125 0.44045932 0.36785258 0.56198498
0.87033359 0.1556658  0.22032201 0.47823713 0.3577193  0.48788314  0.36316189 0.45173134 0.34982416 0.5450898  0.54441531 0.33941611  0.45481769 0.43188755 0.5317608  0.50525632
0.87915691 0.1176185  0.2138917  0.5625816  0.40375752 0.55303244  0.4102207  0.49530886 0.34346223 0.52168808 0.49778126 0.31693169  0.43957822 0.48276526 0.56954556 0.47833045
0.87915691 0.1176185  0.2138917  0.5625816  0.40375752 0.55303244  0.4102207  0.49530886 0.34346223 0.52168808 0.49778126 0.31693169  0.43957822 0.48276526 0.56954556 0.47833045
0.87294539 0.11098165 0.18241928 0.55193264 0.42555687 0.57736282  0.385651   0.49797768 0.300468   0.51410286 0.51550827 0.34462964  0.48771627 0.47355078 0.58450721 0.43034618
0.87548999 0.09938189 0.18034148 0.58418791 0.44443838 0.60343227  0.41815408 0.52429504 0.32637223 0.491682   0.47534351 0.36929469  0.46344751 0.50282808 0.57009399 0.37691127
0.87548999 0.09938189 0.18034148 0.58418791 0.44443838 0.60343227  0.41815408 0.52429504 0.32637223 0.491682   0.47534351 0.36929469  0.46344751 0.50282808 0.57009399 0.37691127
0.86394391 0.11343472 0.15177907 0.5559232  0.46486346 0.62820886  0.40495183 0.52006462 0.36127177 0.43806717 0.43700213 0.34859149  0.44347148 0.49392619 0.51011435 0.44543893
0.85256373 0.11842636 0.11728886 0.52914907 0.49521544 0.64365921  0.40479362 0.53449545 0.3964644  0.41769958 0.3959339  0.31432672  0.39714912 0.43919918 0.5350963  0.48068749
0.85256373 0.11842636 0.11728886 0.52914907 0.49521544 0.64365921  0.40479362 0.53449545 0.3964644  0.41769958 0.3959339  0.31432672  0.39714912 0.43919918 0.5350963  0.48068749
0.85256373 0.11842636 0.11728886 0.52914907 0.49521544 0.64365921  0.40479362 0.53449545 0.3964644  0.41769958 0.3959339  0.31432672  0.39714912 0.43919918 0.5350963  0.48068749
0.83186391 0.15843177 0.08253399 0.46589673 0.53628042 0.68913907  0.39709582 0.52476963 0.43857196 0.31362152 0.25226907 0.25389814  0.40059795 0.38283187 0.56826011 0.43478311
0.81641199 0.17179678 0.05939391 0.45807567 0.56035393 0.67221294  0.44186525 0.51448119 0.48913061 0.29488118 0.294572   0.24884803  0.40652144 0.39059319 0.62428349 0.50306237
0.79388301 0.22770485 0.04855477 0.41456873 0.55671532 0.67124827  0.47998111 0.47922224 0.55542326 0.2557908  0.27925419 0.29069052  0.52969474 0.42866364 0.61004548 0.4418575 
0.67063642 0.45774758 0.02736633 0.41208203 0.53229418 0.60711556  0.6372293  0.1857838  0.55655962 0.33303418 0.39693315 0.33057745  0.67766405 0.60280272 0.66727357 0.48237434
0.59703672 0.53891725 0.03397244 0.36473201 0.50967742 0.39551209  0.60571905 0.10303386 0.58642208 0.35354964 0.38598894 0.463642  0.53286701 0.57494712 0.69661842 0.33581188
0.33299878 0.57932968 0.12747156 0.45513247 0.50548864 0.15435027  0.67607606 0.32455192 0.18891622 0.38109093 0.18704033 0.50149237  0.5557274  0.42080528 0.47085696 0.40862588
0.26344617 0.61112493 0.15627957 0.57041977 0.48877234 0.16481569  0.50894347 0.40757343 0.24227528 0.41223906 0.15747457 0.51137883  0.56140148 0.32953119 0.42087016 0.47657739
0.05306277 0.40930401 0.31102756 0.41763914 0.37666176 0.40426113  0.54756198 0.44277854 0.32496259 0.41131519 0.2958028  0.48030821  0.52794871 0.3284536  0.33871483 0.50730334
0.01779563 0.38669558 0.33863985 0.42004769 0.35385851 0.46460162  0.48109267 0.47190843 0.43452283 0.38595027 0.3992976  0.44733029  0.52908455 0.38078184 0.39373238 0.44873962
0.00039479 0.36283831 0.35232302 0.39930133 0.34523319 0.50234819  0.48417291 0.45702496 0.47508945 0.39693445 0.45000532 0.44589633  0.47476172 0.42761975 0.50206904 0.41641874
0.00039479 0.36283831 0.35232302 0.39930133 0.34523319 0.50234819  0.48417291 0.45702496 0.47508945 0.39693445 0.45000532 0.44589633  0.47476172 0.42761975 0.50206904 0.41641874
0.00039479 0.36283831 0.35232302 0.39930133 0.34523319 0.50234819  0.48417291 0.45702496 0.47508945 0.39693445 0.45000532 0.44589633  0.47476172 0.42761975 0.50206904 0.41641874
0.00039479 0.36283831 0.35232302 0.39930133 0.34523319 0.50234819  0.48417291 0.45702496 0.47508945 0.39693445 0.45000532 0.44589633  0.47476172 0.42761975 0.50206904 0.41641874
0.00039479 0.36283831 0.35232302 0.39930133 0.34523319 0.50234819  0.48417291 0.45702496 0.47508945 0.39693445 0.45000532 0.44589633  0.47476172 0.42761975 0.50206904 0.41641874
0.00039479 0.36283831 0.35232302 0.39930133 0.34523319 0.50234819  0.48417291 0.45702496 0.47508945 0.39693445 0.45000532 0.44589633  0.47476172 0.42761975 0.50206904 0.41641874
0.00039479 0.36283831 0.35232302 0.39930133 0.34523319 0.50234819  0.48417291 0.45702496 0.47508945 0.39693445 0.45000532 0.44589633  0.47476172 0.42761975 0.50206904 0.41641874
0.00039479 0.36283831 0.35232302 0.39930133 0.34523319 0.50234819  0.48417291 0.45702496 0.47508945 0.39693445 0.45000532 0.44589633  0.47476172 0.42761975 0.50206904 0.41641874
0.00039479 0.36283831 0.35232302 0.39930133 0.34523319 0.50234819  0.48417291 0.45702496 0.47508945 0.39693445 0.45000532 0.44589633  0.47476172 0.42761975 0.50206904 0.41641874
0.00039479 0.36283831 0.35232302 0.39930133 0.34523319 0.50234819  0.48417291 0.45702496 0.47508945 0.39693445 0.45000532 0.44589633  0.47476172 0.42761975 0.50206904 0.41641874
0.00039479 0.36283831 0.35232302 0.39930133 0.34523319 0.50234819  0.48417291 0.45702496 0.47508945 0.39693445 0.45000532 0.44589633  0.47476172 0.42761975 0.50206904 0.41641874
0.00039479 0.36283831 0.35232302 0.39930133 0.34523319 0.50234819  0.48417291 0.45702496 0.47508945 0.39693445 0.45000532 0.44589633  0.47476172 0.42761975 0.50206904 0.41641874
0.16477525 0.58379472 0.2417857  0.55728649 0.39245096 0.4071913  0.36086344 0.51289818 0.60353812 0.38357934 0.5855005  0.42334999  0.38598004 0.55866706 0.7423682  0.28640129
0.27438423 0.6797372  0.18735647 0.56419031 0.39798858 0.40355243  0.37763097 0.57064325 0.61697655 0.326207   0.66691724 0.38178719  0.52812424 0.55403821 0.61014153 0.29516201
0.37769045 0.68415509 0.13834005 0.49982636 0.42767712 0.30109683  0.46478167 0.63552567 0.55062827 0.23231889 0.73683411 0.34182512  0.57100432 0.50912499 0.39341588 0.28152107
0.43011683 0.64970407 0.1206251  0.38035665 0.4485214  0.26637955  0.61329958 0.68735227 0.48834174 0.21161972 0.7486769  0.33417223  0.67743152 0.57581309 0.49376533 0.3049455 
0.50749034 0.56663488 0.08874826 0.33370076 0.47949806 0.22774679  0.57974457 0.57224658 0.55321463 0.1452229  0.85602558 0.29800497  0.58123114 0.46903064 0.21900245 0.23530233
0.5235401  0.54053978 0.08991184 0.30061735 0.47987412 0.20855782  0.56603897 0.6287755  0.57643053 0.12702024 0.86284008 0.30004585  0.56307425 0.44609883 0.28033676 0.24758243
0.53857407 0.51018373 0.08447888 0.2762621  0.48780143 0.18515478  0.55535618 0.58177097 0.61543801 0.12165342 0.81819112 0.32228801  0.58288422 0.52516748 0.31875206 0.25712327
0.57467519 0.51385772 0.06996663 0.23114663 0.48211658 0.21043384  0.64185522 0.53237577 0.5469835  0.14913564 0.76988767 0.34643963  0.58785556 0.48558702 0.28473324 0.31384736
0.59039396 0.48854007 0.07681886 0.20480614 0.47622045 0.19639605  0.61943482 0.60500734 0.54380764 0.1660916  0.75635563 0.35609065  0.53278182 0.4633987  0.30545538 0.32592357
0.59039396 0.48854007 0.07681886 0.20480614 0.47622045 0.19639605  0.61943482 0.60500734 0.54380764 0.1660916  0.75635563 0.35609065  0.53278182 0.4633987  0.30545538 0.32592357
0.62775239 0.51246516 0.08667522 0.19689953 0.42454384 0.29842496  0.5737171  0.70213056 0.54769395 0.21763922 0.76185459 0.36109024  0.42034854 0.31050305 0.36868961 0.37232121
0.62305149 0.52245005 0.101057   0.23672591 0.39479281 0.29922265  0.62240266 0.75273177 0.5145912  0.29408097 0.8375916  0.40634439  0.43848753 0.36423417 0.40401435 0.48985714
0.69450747 0.53212846 0.14496259 0.21745063 0.27629214 0.5291775  0.50482594 0.78784808 0.45619332 0.43555168 0.59302786 0.47195757  0.3641457  0.21282544 0.44206609 0.56380436
0.67372651 0.5928585  0.14436948 0.17585955 0.27151758 0.5774401  0.52876385 0.7984282  0.42605365 0.40820033 0.43186765 0.46511667  0.37143985 0.2581278  0.57488    0.50859572
0.65763576 0.62463872 0.17758023 0.23905834 0.23021873 0.6436909  0.45634793 0.78759496 0.35368165 0.46163787 0.32362676 0.48175592  0.35964112 0.20668995 0.52474972 0.44803514
0.56176441 0.74581675 0.15096811 0.3653761  0.25705218 0.72089203  0.48144813 0.59930643 0.43899807 0.43920149 0.39172219 0.45317106  0.54327588 0.31899817 0.32937656 0.4983712 
0.56348734 0.7642965  0.13100261 0.3567271  0.27896904 0.7081317  0.58193414 0.50494316 0.39042092 0.43522554 0.39294224 0.45509741  0.59114729 0.35340423 0.34033081 0.49675441
0.51091394 0.80182033 0.11593045 0.45867013 0.31272193 0.65442226  0.57149521 0.36795853 0.4090085  0.48508366 0.43908468 0.47820221  0.3984205  0.32339724 0.36552749 0.4670162 
0.49362571 0.81124581 0.1016175  0.47514645 0.3390896  0.61266162  0.60791633 0.33866394 0.42945969 0.47868133 0.51729227 0.46887136  0.35637887 0.33670351 0.41965302 0.46160683
0.47519548 0.81056876 0.09654784 0.49702408 0.36448215 0.55085511  0.61469541 0.33360884 0.42118648 0.47317538 0.54490054 0.46542886  0.29218941 0.35246694 0.45807609 0.42316772
0.47519548 0.81056876 0.09654784 0.49702408 0.36448215 0.55085511  0.61469541 0.33360884 0.42118648 0.47317538 0.54490054 0.46542886  0.29218941 0.35246694 0.45807609 0.42316772
0.49362571 0.81124581 0.1016175  0.47514645 0.3390896  0.61266162  0.60791633 0.33866394 0.42945969 0.47868133 0.51729227 0.46887136  0.35637887 0.33670351 0.41965302 0.46160683
0.49362571 0.81124581 0.1016175  0.47514645 0.3390896  0.61266162  0.60791633 0.33866394 0.42945969 0.47868133 0.51729227 0.46887136  0.35637887 0.33670351 0.41965302 0.46160683
0.51146511 0.79993663 0.10042651 0.43160372 0.33703057 0.62117098  0.64169506 0.38324518 0.42832268 0.44930576 0.54564566 0.45127321  0.43645501 0.36708524 0.42951453 0.47368495
0.60535887 0.76412346 0.26014428 0.40579146 0.1970699  0.68510854  0.55288045 0.46297842 0.30761087 0.42192452 0.38088604 0.4687596  0.63065715 0.46453674 0.21237672 0.43400123
0.65491801 0.77720862 0.45260976 0.48945747 0.12044079 0.61461363  0.57901607 0.41019939 0.2682335  0.41418665 0.4087523  0.44053504  0.6192004  0.54266474 0.23363974 0.38092703
0.72556587 0.753263   0.66175104 0.51810356 0.11215509 0.51600465  0.5858187  0.45925548 0.28080539 0.36191147 0.33957949 0.39395813  0.38309006 0.29362125 0.53085745 0.34380593
0.74554375 0.74556341 0.6694405  0.46640534 0.13166827 0.48265564  0.66289302 0.47703577 0.31063422 0.40898109 0.33873923 0.34223817  0.41398964 0.35080974 0.56707401 0.35670137
0.74849427 0.75809884 0.69528449 0.45071028 0.17866696 0.49158026  0.65197507 0.4754922  0.30219681 0.40405718 0.33395595 0.33677421  0.40116577 0.35024022 0.57310306 0.33628719
0.71031926 0.77274976 0.66817291 0.5512376  0.13920096 0.46887071  0.61758427 0.36633831 0.30887707 0.46068205 0.30280506 0.37257922  0.2672025  0.30469893 0.54850397 0.32663209
0.69287755 0.77958766 0.68128618 0.5862271  0.12318023 0.49566883  0.53951865 0.38807002 0.36063007 0.44770203 0.31511706 0.36100186  0.27440482 0.29248119 0.51682757 0.31617267
0.71031926 0.77274976 0.66817291 0.5512376  0.13920096 0.46887071  0.61758427 0.36633831 0.30887707 0.46068205 0.30280506 0.37257922  0.2672025  0.30469893 0.54850397 0.32663209
0.70794097 0.7687134  0.6534232  0.55974513 0.12998498 0.48902499  0.59943224 0.35600011 0.26562055 0.40225864 0.32021931 0.41781182  0.28322144 0.28625173 0.57225192 0.3087105 
0.70794097 0.7687134  0.6534232  0.55974513 0.12998498 0.48902499  0.59943224 0.35600011 0.26562055 0.40225864 0.32021931 0.41781182  0.28322144 0.28625173 0.57225192 0.3087105 
0.70794097 0.7687134  0.6534232  0.55974513 0.12998498 0.48902499  0.59943224 0.35600011 0.26562055 0.40225864 0.32021931 0.41781182  0.28322144 0.28625173 0.57225192 0.3087105 
0.74420842 0.73534548 0.66814549 0.47461147 0.13751798 0.4581911  0.6376574  0.46744847 0.33095596 0.41310382 0.33797295 0.35702195  0.32912175 0.31214885 0.61969978 0.35099032
0.74715895 0.74788091 0.69398948 0.45891641 0.18451667 0.46711572  0.62673945 0.4659049  0.32251854 0.4081799  0.33318967 0.35155798  0.31629789 0.31157934 0.62572883 0.33057614
0.74715895 0.74788091 0.69398948 0.45891641 0.18451667 0.46711572  0.62673945 0.4659049  0.32251854 0.4081799  0.33318967 0.35155798  0.31629789 0.31157934 0.62572883 0.33057614
0.79341817 0.66789838 0.66145839 0.36602572 0.14655249 0.42358637  0.65821097 0.52753484 0.39648129 0.36365307 0.31924088 0.36195614  0.47367198 0.43802881 0.73564477 0.39255899
0.80573017 0.63448988 0.63974466 0.35583361 0.14531833 0.4268624  0.63236184 0.44755515 0.38323698 0.31524362 0.26913332 0.4365079  0.50694219 0.49385897 0.81967187 0.38159979
0.80573017 0.63448988 0.63974466 0.35583361 0.14531833 0.4268624  0.63236184 0.44755515 0.38323698 0.31524362 0.26913332 0.4365079  0.50694219 0.49385897 0.81967187 0.38159979
0.80257591 0.61887223 0.61027005 0.36888784 0.10325702 0.4111145  0.64998979 0.45086718 0.39635645 0.32717358 0.27537549 0.44748179  0.52726385 0.48669429 0.8247383  0.40439944
0.72370827 0.63747401 0.42125119 0.45720135 0.11978847 0.51860002  0.63369889 0.21915144 0.3110167  0.46590358 0.33544197 0.56298597  0.81874163 0.63740564 0.52414119 0.28536855
0.6415018  0.68783246 0.23633753 0.3940978  0.20946423 0.6355479  0.5599002  0.28258754 0.29778265 0.46656825 0.32928456 0.58390684  0.74857614 0.64260708 0.38283022 0.32536288
0.52376792 0.76850864 0.11779355 0.46426787 0.32299791 0.61270948  0.5554498  0.27931091 0.40891325 0.50743563 0.40746752 0.50324064  0.36770666 0.40321955 0.42390878 0.40028994
0.48988577 0.78119661 0.08958382 0.47832444 0.37246396 0.53397684  0.60699831 0.26396736 0.45119868 0.48318935 0.47737872 0.49474803  0.30944069 0.4267443  0.51835524 0.4301301 
0.42055139 0.79928218 0.10986994 0.55541899 0.3886036  0.45061584  0.54712933 0.39972331 0.41797767 0.42225304 0.54911502 0.44194778  0.27928668 0.35863785 0.45018561 0.35007786
0.2891337  0.70795575 0.14782064 0.61511917 0.46078255 0.19372344  0.48109887 0.5066276  0.2929298  0.38472649 0.31568328 0.46856837  0.43284724 0.38525795 0.4411396  0.39047424
0.16100187 0.58251987 0.23077974 0.5810519  0.42721608 0.24962698  0.40570021 0.54875328 0.33836346 0.36728664 0.23804845 0.4669128  0.6374066  0.35725297 0.3162602  0.50688468
0.12440017 0.54590072 0.25553648 0.56951008 0.41500592 0.27984344  0.36660049 0.573536   0.4031488  0.35895289 0.25716352 0.46023151  0.74080632 0.38769006 0.32975746 0.53921284
0.12440017 0.54590072 0.25553648 0.56951008 0.41500592 0.27984344  0.36660049 0.573536   0.4031488  0.35895289 0.25716352 0.46023151  0.74080632 0.38769006 0.32975746 0.53921284
0.00039479 0.36283831 0.35232302 0.39930133 0.34523319 0.50234819  0.48417291 0.45702496 0.47508945 0.39693445 0.45000532 0.44589633  0.47476172 0.42761975 0.50206904 0.41641874
0.00039479 0.36283831 0.35232302 0.39930133 0.34523319 0.50234819  0.48417291 0.45702496 0.47508945 0.39693445 0.45000532 0.44589633  0.47476172 0.42761975 0.50206904 0.41641874
0.00039479 0.36283831 0.35232302 0.39930133 0.34523319 0.50234819  0.48417291 0.45702496 0.47508945 0.39693445 0.45000532 0.44589633  0.47476172 0.42761975 0.50206904 0.41641874
0.00039479 0.36283831 0.35232302 0.39930133 0.34523319 0.50234819  0.48417291 0.45702496 0.47508945 0.39693445 0.45000532 0.44589633  0.47476172 0.42761975 0.50206904 0.41641874
0.00039479 0.36283831 0.35232302 0.39930133 0.34523319 0.50234819  0.48417291 0.45702496 0.47508945 0.39693445 0.45000532 0.44589633  0.47476172 0.42761975 0.50206904 0.41641874
0.00039479 0.36283831 0.35232302 0.39930133 0.34523319 0.50234819  0.48417291 0.45702496 0.47508945 0.39693445 0.45000532 0.44589633  0.47476172 0.42761975 0.50206904 0.41641874
0.00039479 0.36283831 0.35232302 0.39930133 0.34523319 0.50234819  0.48417291 0.45702496 0.47508945 0.39693445 0.45000532 0.44589633  0.47476172 0.42761975 0.50206904 0.41641874
0.00039479 0.36283831 0.35232302 0.39930133 0.34523319 0.50234819  0.48417291 0.45702496 0.47508945 0.39693445 0.45000532 0.44589633  0.47476172 0.42761975 0.50206904 0.41641874
0.00039479 0.36283831 0.35232302 0.39930133 0.34523319 0.50234819  0.48417291 0.45702496 0.47508945 0.39693445 0.45000532 0.44589633  0.47476172 0.42761975 0.50206904 0.41641874
0.00039479 0.36283831 0.35232302 0.39930133 0.34523319 0.50234819  0.48417291 0.45702496 0.47508945 0.39693445 0.45000532 0.44589633  0.47476172 0.42761975 0.50206904 0.41641874
0.00039479 0.36283831 0.35232302 0.39930133 0.34523319 0.50234819  0.48417291 0.45702496 0.47508945 0.39693445 0.45000532 0.44589633  0.47476172 0.42761975 0.50206904 0.41641874
0.00039479 0.36283831 0.35232302 0.39930133 0.34523319 0.50234819  0.48417291 0.45702496 0.47508945 0.39693445 0.45000532 0.44589633  0.47476172 0.42761975 0.50206904 0.41641874
0.00039479 0.36283831 0.35232302 0.39930133 0.34523319 0.50234819  0.48417291 0.45702496 0.47508945 0.39693445 0.45000532 0.44589633  0.47476172 0.42761975 0.50206904 0.41641874
0.00039479 0.36283831 0.35232302 0.39930133 0.34523319 0.50234819  0.48417291 0.45702496 0.47508945 0.39693445 0.45000532 0.44589633  0.47476172 0.42761975 0.50206904 0.41641874
0.00039479 0.36283831 0.35232302 0.39930133 0.34523319 0.50234819  0.48417291 0.45702496 0.47508945 0.39693445 0.45000532 0.44589633  0.47476172 0.42761975 0.50206904 0.41641874
0.00039479 0.36283831 0.35232302 0.39930133 0.34523319 0.50234819  0.48417291 0.45702496 0.47508945 0.39693445 0.45000532 0.44589633  0.47476172 0.42761975 0.50206904 0.41641874
0.00039479 0.36283831 0.35232302 0.39930133 0.34523319 0.50234819  0.48417291 0.45702496 0.47508945 0.39693445 0.45000532 0.44589633  0.47476172 0.42761975 0.50206904 0.41641874
0.00039479 0.36283831 0.35232302 0.39930133 0.34523319 0.50234819  0.48417291 0.45702496 0.47508945 0.39693445 0.45000532 0.44589633  0.47476172 0.42761975 0.50206904 0.41641874
0.00039479 0.36283831 0.35232302 0.39930133 0.34523319 0.50234819  0.48417291 0.45702496 0.47508945 0.39693445 0.45000532 0.44589633  0.47476172 0.42761975 0.50206904 0.41641874
0.00039479 0.36283831 0.35232302 0.39930133 0.34523319 0.50234819  0.48417291 0.45702496 0.47508945 0.39693445 0.45000532 0.44589633  0.47476172 0.42761975 0.50206904 0.41641874
0.00039479 0.36283831 0.35232302 0.39930133 0.34523319 0.50234819  0.48417291 0.45702496 0.47508945 0.39693445 0.45000532 0.44589633  0.47476172 0.42761975 0.50206904 0.41641874
0.00039479 0.36283831 0.35232302 0.39930133 0.34523319 0.50234819  0.48417291 0.45702496 0.47508945 0.39693445 0.45000532 0.44589633  0.47476172 0.42761975 0.50206904 0.41641874
0.00039479 0.36283831 0.35232302 0.39930133 0.34523319 0.50234819  0.48417291 0.45702496 0.47508945 0.39693445 0.45000532 0.44589633  0.47476172 0.42761975 0.50206904 0.41641874
0.00039479 0.36283831 0.35232302 0.39930133 0.34523319 0.50234819  0.48417291 0.45702496 0.47508945 0.39693445 0.45000532 0.44589633  0.47476172 0.42761975 0.50206904 0.41641874
0.00039479 0.36283831 0.35232302 0.39930133 0.34523319 0.50234819  0.48417291 0.45702496 0.47508945 0.39693445 0.45000532 0.44589633  0.47476172 0.42761975 0.50206904 0.41641874
0.00039479 0.36283831 0.35232302 0.39930133 0.34523319 0.50234819  0.48417291 0.45702496 0.47508945 0.39693445 0.45000532 0.44589633  0.47476172 0.42761975 0.50206904 0.41641874
0.00039479 0.36283831 0.35232302 0.39930133 0.34523319 0.50234819  0.48417291 0.45702496 0.47508945 0.39693445 0.45000532 0.44589633  0.47476172 0.42761975 0.50206904 0.41641874
0.00039479 0.36283831 0.35232302 0.39930133 0.34523319 0.50234819  0.48417291 0.45702496 0.47508945 0.39693445 0.45000532 0.44589633  0.47476172 0.42761975 0.50206904 0.41641874
0.00039479 0.36283831 0.35232302 0.39930133 0.34523319 0.50234819  0.48417291 0.45702496 0.47508945 0.39693445 0.45000532 0.44589633  0.47476172 0.42761975 0.50206904 0.41641874
0.00039479 0.36283831 0.35232302 0.39930133 0.34523319 0.50234819  0.48417291 0.45702496 0.47508945 0.39693445 0.45000532 0.44589633  0.47476172 0.42761975 0.50206904 0.41641874
0.00039479 0.36283831 0.35232302 0.39930133 0.34523319 0.50234819  0.48417291 0.45702496 0.47508945 0.39693445 0.45000532 0.44589633  0.47476172 0.42761975 0.50206904 0.41641874
0.00039479 0.36283831 0.35232302 0.39930133 0.34523319 0.50234819  0.48417291 0.45702496 0.47508945 0.39693445 0.45000532 0.44589633  0.47476172 0.42761975 0.50206904 0.41641874
0.00039479 0.36283831 0.35232302 0.39930133 0.34523319 0.50234819  0.48417291 0.45702496 0.47508945 0.39693445 0.45000532 0.44589633  0.47476172 0.42761975 0.50206904 0.41641874
0.00039479 0.36283831 0.35232302 0.39930133 0.34523319 0.50234819  0.48417291 0.45702496 0.47508945 0.39693445 0.45000532 0.44589633  0.47476172 0.42761975 0.50206904 0.41641874
0.00039479 0.36283831 0.35232302 0.39930133 0.34523319 0.50234819  0.48417291 0.45702496 0.47508945 0.39693445 0.45000532 0.44589633  0.47476172 0.42761975 0.50206904 0.41641874
0.00039479 0.36283831 0.35232302 0.39930133 0.34523319 0.50234819  0.48417291 0.45702496 0.47508945 0.39693445 0.45000532 0.44589633  0.47476172 0.42761975 0.50206904 0.41641874
0.00039479 0.36283831 0.35232302 0.39930133 0.34523319 0.50234819  0.48417291 0.45702496 0.47508945 0.39693445 0.45000532 0.44589633  0.47476172 0.42761975 0.50206904 0.41641874
0.00039479 0.36283831 0.35232302 0.39930133 0.34523319 0.50234819  0.48417291 0.45702496 0.47508945 0.39693445 0.45000532 0.44589633  0.47476172 0.42761975 0.50206904 0.41641874
0.00039479 0.36283831 0.35232302 0.39930133 0.34523319 0.50234819  0.48417291 0.45702496 0.47508945 0.39693445 0.45000532 0.44589633  0.47476172 0.42761975 0.50206904 0.41641874
0.00039479 0.36283831 0.35232302 0.39930133 0.34523319 0.50234819  0.48417291 0.45702496 0.47508945 0.39693445 0.45000532 0.44589633  0.47476172 0.42761975 0.50206904 0.41641874
0.00039479 0.36283831 0.35232302 0.39930133 0.34523319 0.50234819  0.48417291 0.45702496 0.47508945 0.39693445 0.45000532 0.44589633  0.47476172 0.42761975 0.50206904 0.41641874
0.00039479 0.36283831 0.35232302 0.39930133 0.34523319 0.50234819  0.48417291 0.45702496 0.47508945 0.39693445 0.45000532 0.44589633  0.47476172 0.42761975 0.50206904 0.41641874
0.00039479 0.36283831 0.35232302 0.39930133 0.34523319 0.50234819  0.48417291 0.45702496 0.47508945 0.39693445 0.45000532 0.44589633  0.47476172 0.42761975 0.50206904 0.41641874
0.00039479 0.36283831 0.35232302 0.39930133 0.34523319 0.50234819  0.48417291 0.45702496 0.47508945 0.39693445 0.45000532 0.44589633  0.47476172 0.42761975 0.50206904 0.41641874
0.00039479 0.36283831 0.35232302 0.39930133 0.34523319 0.50234819  0.48417291 0.45702496 0.47508945 0.39693445 0.45000532 0.44589633  0.47476172 0.42761975 0.50206904 0.41641874
