0.00039479 0.36283831 0.35232302 0.39930133 0.34523319 0.50234819  0.48417291 0.45702496 0.47508945 0.39693445 0.45000532 0.44589633  0.47476172 0.42761975 0.50206904 0.41641874
0.00039479 0.36283831 0.35232302 0.39930133 0.34523319 0.50234819  0.48417291 0.45702496 0.47508945 0.39693445 0.45000532 0.44589633  0.47476172 0.42761975 0.50206904 0.41641874
0.00039479 0.36283831 0.35232302 0.39930133 0.34523319 0.50234819  0.48417291 0.45702496 0.47508945 0.39693445 0.45000532 0.44589633  0.47476172 0.42761975 0.50206904 0.41641874
0.00039479 0.36283831 0.35232302 0.39930133 0.34523319 0.50234819  0.48417291 0.45702496 0.47508945 0.39693445 0.45000532 0.44589633  0.47476172 0.42761975 0.50206904 0.41641874
0.00039479 0.36283831 0.35232302 0.39930133 0.34523319 0.50234819  0.48417291 0.45702496 0.47508945 0.39693445 0.45000532 0.44589633  0.47476172 0.42761975 0.50206904 0.41641874
0.00039479 0.36283831 0.35232302 0.39930133 0.34523319 0.50234819  0.48417291 0.45702496 0.47508945 0.39693445 0.45000532 0.44589633  0.47476172 0.42761975 0.50206904 0.41641874
0.00039479 0.36283831 0.35232302 0.39930133 0.34523319 0.50234819  0.48417291 0.45702496 0.47508945 0.39693445 0.45000532 0.44589633  0.47476172 0.42761975 0.50206904 0.41641874
0.00039479 0.36283831 0.35232302 0.39930133 0.34523319 0.50234819  0.48417291 0.45702496 0.47508945 0.39693445 0.45000532 0.44589633  0.47476172 0.42761975 0.50206904 0.41641874
0.00039479 0.36283831 0.35232302 0.39930133 0.34523319 0.50234819  0.48417291 0.45702496 0.47508945 0.39693445 0.45000532 0.44589633  0.47476172 0.42761975 0.50206904 0.41641874
0.00039479 0.36283831 0.35232302 0.39930133 0.34523319 0.50234819  0.48417291 0.45702496 0.47508945 0.39693445 0.45000532 0.44589633  0.47476172 0.42761975 0.50206904 0.41641874
0.00039479 0.36283831 0.35232302 0.39930133 0.34523319 0.50234819  0.48417291 0.45702496 0.47508945 0.39693445 0.45000532 0.44589633  0.47476172 0.42761975 0.50206904 0.41641874
0.00039479 0.36283831 0.35232302 0.39930133 0.34523319 0.50234819  0.48417291 0.45702496 0.47508945 0.39693445 0.45000532 0.44589633  0.47476172 0.42761975 0.50206904 0.41641874
0.00039479 0.36283831 0.35232302 0.39930133 0.34523319 0.50234819  0.48417291 0.45702496 0.47508945 0.39693445 0.45000532 0.44589633  0.47476172 0.42761975 0.50206904 0.41641874
0.00039479 0.36283831 0.35232302 0.39930133 0.34523319 0.50234819  0.48417291 0.45702496 0.47508945 0.39693445 0.45000532 0.44589633  0.47476172 0.42761975 0.50206904 0.41641874
0.00039479 0.36283831 0.35232302 0.39930133 0.34523319 0.50234819  0.48417291 0.45702496 0.47508945 0.39693445 0.45000532 0.44589633  0.47476172 0.42761975 0.50206904 0.41641874
0.00039479 0.36283831 0.35232302 0.39930133 0.34523319 0.50234819  0.48417291 0.45702496 0.47508945 0.39693445 0.45000532 0.44589633  0.47476172 0.42761975 0.50206904 0.41641874
0.00039479 0.36283831 0.35232302 0.39930133 0.34523319 0.50234819  0.48417291 0.45702496 0.47508945 0.39693445 0.45000532 0.44589633  0.47476172 0.42761975 0.50206904 0.41641874
0.00039479 0.36283831 0.35232302 0.39930133 0.34523319 0.50234819  0.48417291 0.45702496 0.47508945 0.39693445 0.45000532 0.44589633  0.47476172 0.42761975 0.50206904 0.41641874
0.00039479 0.36283831 0.35232302 0.39930133 0.34523319 0.50234819  0.48417291 0.45702496 0.47508945 0.39693445 0.45000532 0.44589633  0.47476172 0.42761975 0.50206904 0.41641874
0.00039479 0.36283831 0.35232302 0.39930133 0.34523319 0.50234819  0.48417291 0.45702496 0.47508945 0.39693445 0.45000532 0.44589633  0.47476172 0.42761975 0.50206904 0.41641874
0.00039479 0.36283831 0.35232302 0.39930133 0.34523319 0.50234819  0.48417291 0.45702496 0.47508945 0.39693445 0.45000532 0.44589633  0.47476172 0.42761975 0.50206904 0.41641874
0.00039479 0.36283831 0.35232302 0.39930133 0.34523319 0.50234819  0.48417291 0.45702496 0.47508945 0.39693445 0.45000532 0.44589633  0.47476172 0.42761975 0.50206904 0.41641874
0.00039479 0.36283831 0.35232302 0.39930133 0.34523319 0.50234819  0.48417291 0.45702496 0.47508945 0.39693445 0.45000532 0.44589633  0.47476172 0.42761975 0.50206904 0.41641874
0.00039479 0.36283831 0.35232302 0.39930133 0.34523319 0.50234819  0.48417291 0.45702496 0.47508945 0.39693445 0.45000532 0.44589633  0.47476172 0.42761975 0.50206904 0.41641874
0.00039479 0.36283831 0.35232302 0.39930133 0.34523319 0.50234819  0.48417291 0.45702496 0.47508945 0.39693445 0.45000532 0.44589633  0.47476172 0.42761975 0.50206904 0.41641874
0.00039479 0.36283831 0.35232302 0.39930133 0.34523319 0.50234819  0.48417291 0.45702496 0.47508945 0.39693445 0.45000532 0.44589633  0.47476172 0.42761975 0.50206904 0.41641874
0.00039479 0.36283831 0.35232302 0.39930133 0.34523319 0.50234819  0.48417291 0.45702496 0.47508945 0.39693445 0.45000532 0.44589633  0.47476172 0.42761975 0.50206904 0.41641874
0.00039479 0.36283831 0.35232302 0.39930133 0.34523319 0.50234819  0.48417291 0.45702496 0.47508945 0.39693445 0.45000532 0.44589633  0.47476172 0.42761975 0.50206904 0.41641874
0.00039479 0.36283831 0.35232302 0.39930133 0.34523319 0.50234819  0.48417291 0.45702496 0.47508945 0.39693445 0.45000532 0.44589633  0.47476172 0.42761975 0.50206904 0.41641874
0.00039479 0.36283831 0.35232302 0.39930133 0.34523319 0.50234819  0.48417291 0.45702496 0.47508945 0.39693445 0.45000532 0.44589633  0.47476172 0.42761975 0.50206904 0.41641874
0.00039479 0.36283831 0.35232302 0.39930133 0.34523319 0.50234819  0.48417291 0.45702496 0.47508945 0.39693445 0.45000532 0.44589633  0.47476172 0.42761975 0.50206904 0.41641874
0.00039479 0.36283831 0.35232302 0.39930133 0.34523319 0.50234819  0.48417291 0.45702496 0.47508945 0.39693445 0.45000532 0.44589633  0.47476172 0.42761975 0.50206904 0.41641874
0.00039479 0.36283831 0.35232302 0.39930133 0.34523319 0.50234819  0.48417291 0.45702496 0.47508945 0.39693445 0.45000532 0.44589633  0.47476172 0.42761975 0.50206904 0.41641874
0.00039479 0.36283831 0.35232302 0.39930133 0.34523319 0.50234819  0.48417291 0.45702496 0.47508945 0.39693445 0.45000532 0.44589633  0.47476172 0.42761975 0.50206904 0.41641874
0.00039479 0.36283831 0.35232302 0.39930133 0.34523319 0.50234819  0.48417291 0.45702496 0.47508945 0.39693445 0.45000532 0.44589633  0.47476172 0.42761975 0.50206904 0.41641874
0.00039479 0.36283831 0.35232302 0.39930133 0.34523319 0.50234819  0.48417291 0.45702496 0.47508945 0.39693445 0.45000532 0.44589633  0.47476172 0.42761975 0.50206904 0.41641874
0.00039479 0.36283831 0.35232302 0.39930133 0.34523319 0.50234819  0.48417291 0.45702496 0.47508945 0.39693445 0.45000532 0.44589633  0.47476172 0.42761975 0.50206904 0.41641874
0.00039479 0.36283831 0.35232302 0.39930133 0.34523319 0.50234819  0.48417291 0.45702496 0.47508945 0.39693445 0.45000532 0.44589633  0.47476172 0.42761975 0.50206904 0.41641874
0.00039479 0.36283831 0.35232302 0.39930133 0.34523319 0.50234819  0.48417291 0.45702496 0.47508945 0.39693445 0.45000532 0.44589633  0.47476172 0.42761975 0.50206904 0.41641874
0.00039479 0.36283831 0.35232302 0.39930133 0.34523319 0.50234819  0.48417291 0.45702496 0.47508945 0.39693445 0.45000532 0.44589633  0.47476172 0.42761975 0.50206904 0.41641874
0.00039479 0.36283831 0.35232302 0.39930133 0.34523319 0.50234819  0.48417291 0.45702496 0.47508945 0.39693445 0.45000532 0.44589633  0.47476172 0.42761975 0.50206904 0.41641874
0.00039479 0.36283831 0.35232302 0.39930133 0.34523319 0.50234819  0.48417291 0.45702496 0.47508945 0.39693445 0.45000532 0.44589633  0.47476172 0.42761975 0.50206904 0.41641874
0.00039479 0.36283831 0.35232302 0.39930133 0.34523319 0.50234819  0.48417291 0.45702496 0.47508945 0.39693445 0.45000532 0.44589633  0.47476172 0.42761975 0.50206904 0.41641874
0.00039479 0.36283831 0.35232302 0.39930133 0.34523319 0.50234819  0.48417291 0.45702496 0.47508945 0.39693445 0.45000532 0.44589633  0.47476172 0.42761975 0.50206904 0.41641874
0.00039479 0.36283831 0.35232302 0.39930133 0.34523319 0.50234819  0.48417291 0.45702496 0.47508945 0.39693445 0.45000532 0.44589633  0.47476172 0.42761975 0.50206904 0.41641874
0.00039479 0.36283831 0.35232302 0.39930133 0.34523319 0.50234819  0.48417291 0.45702496 0.47508945 0.39693445 0.45000532 0.44589633  0.47476172 0.42761975 0.50206904 0.41641874
0.00039479 0.36283831 0.35232302 0.39930133 0.34523319 0.50234819  0.48417291 0.45702496 0.47508945 0.39693445 0.45000532 0.44589633  0.47476172 0.42761975 0.50206904 0.41641874
0.00039479 0.36283831 0.35232302 0.39930133 0.34523319 0.50234819  0.48417291 0.45702496 0.47508945 0.39693445 0.45000532 0.44589633  0.47476172 0.42761975 0.50206904 0.41641874
0.00039479 0.36283831 0.35232302 0.39930133 0.34523319 0.50234819  0.48417291 0.45702496 0.47508945 0.39693445 0.45000532 0.44589633  0.47476172 0.42761975 0.50206904 0.41641874
0.00039479 0.36283831 0.35232302 0.39930133 0.34523319 0.50234819  0.48417291 0.45702496 0.47508945 0.39693445 0.45000532 0.44589633  0.47476172 0.42761975 0.50206904 0.41641874
0.00039479 0.36283831 0.35232302 0.39930133 0.34523319 0.50234819  0.48417291 0.45702496 0.47508945 0.39693445 0.45000532 0.44589633  0.47476172 0.42761975 0.50206904 0.41641874
0.00039479 0.36283831 0.35232302 0.39930133 0.34523319 0.50234819  0.48417291 0.45702496 0.47508945 0.39693445 0.45000532 0.44589633  0.47476172 0.42761975 0.50206904 0.41641874
0.00039479 0.36283831 0.35232302 0.39930133 0.34523319 0.50234819  0.48417291 0.45702496 0.47508945 0.39693445 0.45000532 0.44589633  0.47476172 0.42761975 0.50206904 0.41641874
0.00039479 0.36283831 0.35232302 0.39930133 0.34523319 0.50234819  0.48417291 0.45702496 0.47508945 0.39693445 0.45000532 0.44589633  0.47476172 0.42761975 0.50206904 0.41641874
0.00039479 0.36283831 0.35232302 0.39930133 0.34523319 0.50234819  0.48417291 0.45702496 0.47508945 0.39693445 0.45000532 0.44589633  0.47476172 0.42761975 0.50206904 0.41641874
0.00039479 0.36283831 0.35232302 0.39930133 0.34523319 0.50234819  0.48417291 0.45702496 0.47508945 0.39693445 0.45000532 0.44589633  0.47476172 0.42761975 0.50206904 0.41641874
0.00039479 0.36283831 0.35232302 0.39930133 0.34523319 0.50234819  0.48417291 0.45702496 0.47508945 0.39693445 0.45000532 0.44589633  0.47476172 0.42761975 0.50206904 0.41641874
0.00039479 0.36283831 0.35232302 0.39930133 0.34523319 0.50234819  0.48417291 0.45702496 0.47508945 0.39693445 0.45000532 0.44589633  0.47476172 0.42761975 0.50206904 0.41641874
0.00039479 0.36283831 0.35232302 0.39930133 0.34523319 0.50234819  0.48417291 0.45702496 0.47508945 0.39693445 0.45000532 0.44589633  0.47476172 0.42761975 0.50206904 0.41641874
0.00039479 0.36283831 0.35232302 0.39930133 0.34523319 0.50234819  0.48417291 0.45702496 0.47508945 0.39693445 0.45000532 0.44589633  0.47476172 0.42761975 0.50206904 0.41641874
0.00039479 0.36283831 0.35232302 0.39930133 0.34523319 0.50234819  0.48417291 0.45702496 0.47508945 0.39693445 0.45000532 0.44589633  0.47476172 0.42761975 0.50206904 0.41641874
0.00039479 0.36283831 0.35232302 0.39930133 0.34523319 0.50234819  0.48417291 0.45702496 0.47508945 0.39693445 0.45000532 0.44589633  0.47476172 0.42761975 0.50206904 0.41641874
0.00039479 0.36283831 0.35232302 0.39930133 0.34523319 0.50234819  0.48417291 0.45702496 0.47508945 0.39693445 0.45000532 0.44589633  0.47476172 0.42761975 0.50206904 0.41641874
0.00039479 0.36283831 0.35232302 0.39930133 0.34523319 0.50234819  0.48417291 0.45702496 0.47508945 0.39693445 0.45000532 0.44589633  0.47476172 0.42761975 0.50206904 0.41641874
0.00039479 0.36283831 0.35232302 0.39930133 0.34523319 0.50234819  0.48417291 0.45702496 0.47508945 0.39693445 0.45000532 0.44589633  0.47476172 0.42761975 0.50206904 0.41641874
0.00039479 0.36283831 0.35232302 0.39930133 0.34523319 0.50234819  0.48417291 0.45702496 0.47508945 0.39693445 0.45000532 0.44589633  0.47476172 0.42761975 0.50206904 0.41641874
0.00039479 0.36283831 0.35232302 0.39930133 0.34523319 0.50234819  0.48417291 0.45702496 0.47508945 0.39693445 0.45000532 0.44589633  0.47476172 0.42761975 0.50206904 0.41641874
0.00039479 0.36283831 0.35232302 0.39930133 0.34523319 0.50234819  0.48417291 0.45702496 0.47508945 0.39693445 0.45000532 0.44589633  0.47476172 0.42761975 0.50206904 0.41641874
0.00039479 0.36283831 0.35232302 0.39930133 0.34523319 0.50234819  0.48417291 0.45702496 0.47508945 0.39693445 0.45000532 0.44589633  0.47476172 0.42761975 0.50206904 0.41641874
0.00039479 0.36283831 0.35232302 0.39930133 0.34523319 0.50234819  0.48417291 0.45702496 0.47508945 0.39693445 0.45000532 0.44589633  0.47476172 0.42761975 0.50206904 0.41641874
0.00039479 0.36283831 0.35232302 0.39930133 0.34523319 0.50234819  0.48417291 0.45702496 0.47508945 0.39693445 0.45000532 0.44589633  0.47476172 0.42761975 0.50206904 0.41641874
0.00039479 0.36283831 0.35232302 0.39930133 0.34523319 0.50234819  0.48417291 0.45702496 0.47508945 0.39693445 0.45000532 0.44589633  0.47476172 0.42761975 0.50206904 0.41641874
0.00039479 0.36283831 0.35232302 0.39930133 0.34523319 0.50234819  0.48417291 0.45702496 0.47508945 0.39693445 0.45000532 0.44589633  0.47476172 0.42761975 0.50206904 0.41641874
0.00039479 0.36283831 0.35232302 0.39930133 0.34523319 0.50234819  0.48417291 0.45702496 0.47508945 0.39693445 0.45000532 0.44589633  0.47476172 0.42761975 0.50206904 0.41641874
0.0177474  0.38984345 0.33852207 0.42635267 0.35697043 0.47086435  0.45750391 0.47765391 0.48169648 0.39463854 0.42895995 0.44917931  0.51265071 0.44991576 0.53083289 0.43501917
0.09075788 0.48824094 0.28991467 0.49671268 0.37550753 0.43890337  0.39493568 0.50171782 0.56031197 0.39635241 0.50098032 0.44015887  0.45761695 0.51854373 0.67022874 0.38783438
0.29379757 0.69507861 0.20326886 0.56345834 0.32208364 0.64295373  0.30436786 0.42383454 0.75522061 0.47766571 0.62393679 0.45500018  0.38085866 0.53028842 0.76636893 0.41881635
0.43381276 0.84153195 0.45145229 0.57849041 0.37616766 0.65134253  0.24240652 0.39860929 0.72942481 0.45355974 0.4698909  0.36055229  0.47208848 0.65885008 0.428739   0.46946218
0.68892413 0.85752653 0.80773049 0.44192284 0.46533793 0.61650622  0.45921829 0.5422534  0.54048916 0.61448866 0.4222081  0.24440633  0.63922825 0.4722274  0.24723804 0.19538308
0.7320842  0.82915194 0.87039704 0.35193914 0.56082687 0.58725275  0.45494083 0.62844047 0.56172186 0.52297819 0.50101752 0.31574271  0.68905686 0.41163638 0.44791616 0.29685125
0.76362169 0.78565612 0.86390551 0.31929243 0.50211087 0.54552287  0.49322328 0.67470635 0.5364905  0.52546811 0.46357687 0.267844  0.59955901 0.40563152 0.54041951 0.26160921
0.79608558 0.76367115 0.81040673 0.286104   0.44084881 0.46372625  0.67310521 0.60312604 0.43554996 0.57491759 0.31815744 0.22110783  0.55830125 0.42856326 0.56200797 0.27709557
0.86527441 0.59384674 0.78873386 0.29134511 0.40324107 0.29796622  0.67427759 0.48865605 0.67828548 0.60198099 0.35607331 0.30651478  0.5701172  0.57575723 0.51921422 0.46059291
0.86527441 0.59384674 0.78873386 0.29134511 0.40324107 0.29796622  0.67427759 0.48865605 0.67828548 0.60198099 0.35607331 0.30651478  0.5701172  0.57575723 0.51921422 0.46059291
0.88070898 0.56656684 0.79543087 0.27102241 0.39415543 0.28088755  0.64538117 0.54942071 0.67524063 0.60942114 0.33893826 0.3139278  0.47793503 0.51400106 0.57168409 0.46262095
0.87092867 0.52823021 0.71369759 0.31201759 0.26086913 0.25754818  0.67036647 0.55446667 0.67942448 0.61074773 0.35602131 0.34647605  0.50378287 0.51738423 0.57867862 0.49648747
0.86592065 0.50801076 0.67085601 0.34227999 0.17077879 0.24900968  0.6779284  0.55329662 0.66762399 0.56612853 0.37433637 0.38669685  0.49075606 0.49843752 0.60649857 0.54704279
0.85787581 0.48685424 0.61877419 0.35516197 0.12911909 0.25041798  0.68243666 0.57142737 0.65240742 0.58352467 0.39315443 0.42409068  0.49515969 0.46743778 0.63864511 0.52327704
0.84896668 0.45826209 0.5559263  0.36882835 0.09700617 0.25701481  0.6730777  0.57704932 0.61660093 0.58757036 0.46175895 0.52963414  0.55179158 0.45686023 0.63846142 0.55867744
0.84163167 0.45389906 0.52307301 0.35317633 0.11018493 0.26984577  0.66344408 0.6040838  0.62598951 0.67125    0.4580526  0.52194293  0.5494958  0.49348545 0.56951897 0.51885448
0.83234218 0.44260716 0.4745846  0.34574962 0.10241315 0.29471039  0.63220176 0.62062524 0.57451794 0.66535801 0.48173609 0.56655218  0.52058694 0.52449787 0.56213389 0.5031303 
0.83240183 0.40103508 0.40898294 0.3346802  0.11036016 0.32452469  0.51482886 0.60265421 0.46259606 0.56360629 0.57781002 0.60842873  0.53115616 0.49851213 0.5371813  0.36371744
0.8448309  0.36806927 0.39735647 0.33802078 0.12985142 0.31923358  0.48944413 0.5182829  0.47853728 0.56595965 0.53487129 0.61555391  0.55439286 0.4646904  0.54814677 0.33530648
0.87077794 0.29802437 0.38039159 0.33451387 0.16671068 0.28004535  0.42158707 0.39486509 0.5481247  0.53863252 0.53555317 0.60366712  0.56315418 0.39770778 0.44453581 0.26868282
0.86449674 0.29458424 0.34971314 0.32430716 0.16597775 0.30680079  0.38012264 0.39107126 0.48327554 0.50958186 0.55928531 0.62643698  0.57527597 0.45432959 0.41721459 0.24713197
0.86449674 0.29458424 0.34971314 0.32430716 0.16597775 0.30680079  0.38012264 0.39107126 0.48327554 0.50958186 0.55928531 0.62643698  0.57527597 0.45432959 0.41721459 0.24713197
0.84913753 0.28245481 0.28096643 0.29589246 0.21113068 0.34185513  0.35550756 0.42151514 0.44994486 0.52987059 0.56046054 0.63978703  0.58696476 0.40045873 0.46266171 0.18157812
0.84913753 0.28245481 0.28096643 0.29589246 0.21113068 0.34185513  0.35550756 0.42151514 0.44994486 0.52987059 0.56046054 0.63978703  0.58696476 0.40045873 0.46266171 0.18157812
0.84011801 0.28214163 0.24525186 0.27110751 0.23051921 0.36303664  0.32885862 0.43765764 0.43943319 0.53819202 0.55018257 0.63002947  0.54051164 0.43181819 0.41717311 0.19674014
0.80826684 0.32050576 0.1713142  0.17721948 0.2955055  0.40775442  0.32166438 0.46326928 0.51933255 0.45892089 0.38644855 0.54704318  0.41812438 0.33925137 0.47690463 0.22864369
0.78439602 0.34920449 0.11509822 0.12285053 0.34576701 0.4533275  0.31428084 0.45325025 0.60155421 0.35564157 0.3029053  0.49730314  0.41435012 0.29059942 0.41129945 0.33353117
0.72877688 0.47358556 0.10975242 0.14421078 0.33697899 0.53405069  0.45130144 0.4122034  0.56815614 0.37405475 0.25611323 0.52123483  0.65016457 0.51454796 0.48987341 0.41469146
0.55714942 0.70658155 0.0721869  0.32429481 0.39521029 0.48941119  0.70872288 0.30996082 0.49926516 0.41533463 0.49599324 0.48833959  0.51427458 0.6060182  0.69541771 0.46075959
0.45559268 0.78070833 0.08969641 0.47723881 0.41492153 0.410623  0.68411723 0.38543368 0.35279698 0.42387927 0.55337702 0.44703778  0.31900288 0.40959687 0.54182653 0.35551113
0.32647795 0.74943536 0.13031504 0.63148933 0.45003531 0.24149506  0.45971036 0.48231435 0.35561551 0.41665432 0.37573165 0.47487558  0.31820627 0.39599982 0.54386751 0.36749987
0.16109837 0.59501524 0.23035213 0.60497612 0.42752684 0.24931854  0.3459516  0.58574191 0.41320409 0.3506173  0.27644334 0.45470652  0.72627617 0.40650386 0.35682948 0.50105617
0.08882806 0.49345488 0.28334452 0.52123111 0.3947029  0.34505669  0.39625697 0.54252357 0.4331847  0.36941719 0.31962047 0.45497179  0.66447481 0.41104819 0.39977746 0.49749831
0.00039479 0.36283831 0.35232302 0.39930133 0.34523319 0.50234819  0.48417291 0.45702496 0.47508945 0.39693445 0.45000532 0.44589633  0.47476172 0.42761975 0.50206904 0.41641874
0.00039479 0.36283831 0.35232302 0.39930133 0.34523319 0.50234819  0.48417291 0.45702496 0.47508945 0.39693445 0.45000532 0.44589633  0.47476172 0.42761975 0.50206904 0.41641874
0.00039479 0.36283831 0.35232302 0.39930133 0.34523319 0.50234819  0.48417291 0.45702496 0.47508945 0.39693445 0.45000532 0.44589633  0.47476172 0.42761975 0.50206904 0.41641874
0.00039479 0.36283831 0.35232302 0.39930133 0.34523319 0.50234819  0.48417291 0.45702496 0.47508945 0.39693445 0.45000532 0.44589633  0.47476172 0.42761975 0.50206904 0.41641874
0.00039479 0.36283831 0.35232302 0.39930133 0.34523319 0.50234819  0.48417291 0.45702496 0.47508945 0.39693445 0.45000532 0.44589633  0.47476172 0.42761975 0.50206904 0.41641874
0.00039479 0.36283831 0.35232302 0.39930133 0.34523319 0.50234819  0.48417291 0.45702496 0.47508945 0.39693445 0.45000532 0.44589633  0.47476172 0.42761975 0.50206904 0.41641874
0.00039479 0.36283831 0.35232302 0.39930133 0.34523319 0.50234819  0.48417291 0.45702496 0.47508945 0.39693445 0.45000532 0.44589633  0.47476172 0.42761975 0.50206904 0.41641874
0.00039479 0.36283831 0.35232302 0.39930133 0.34523319 0.50234819  0.48417291 0.45702496 0.47508945 0.39693445 0.45000532 0.44589633  0.47476172 0.42761975 0.50206904 0.41641874
0.00039479 0.36283831 0.35232302 0.39930133 0.34523319 0.50234819  0.48417291 0.45702496 0.47508945 0.39693445 0.45000532 0.44589633  0.47476172 0.42761975 0.50206904 0.41641874
0.00039479 0.36283831 0.35232302 0.39930133 0.34523319 0.50234819  0.48417291 0.45702496 0.47508945 0.39693445 0.45000532 0.44589633  0.47476172 0.42761975 0.50206904 0.41641874
0.0732488  0.46122475 0.30406207 0.46958539 0.36393031 0.47407631  0.41757974 0.48179984 0.56548293 0.39978585 0.53373963 0.4362919  0.41269424 0.51279355 0.67383429 0.36188878
0.12718073 0.48169037 0.29097911 0.43769146 0.35130505 0.50453253  0.41052662 0.5614047  0.60049083 0.37260764 0.56335424 0.41626462  0.53438816 0.52665421 0.64992594 0.41041282
0.31149737 0.6539222  0.20138754 0.46252738 0.34569621 0.55085422  0.41566484 0.61073804 0.68918718 0.30320296 0.77366205 0.34970107  0.6208098  0.56714939 0.5914198  0.32469657
0.45073367 0.64159476 0.1585747  0.33764813 0.36286311 0.47593028  0.47352588 0.79869478 0.69285336 0.26557228 0.79526406 0.3485312  0.6640588  0.55776704 0.7540968  0.37670849
0.47595588 0.57650033 0.14271618 0.34071196 0.40369081 0.34457652  0.42244044 0.8284416  0.67478748 0.17094777 0.85102424 0.30392636  0.72192186 0.45025218 0.39827522 0.36380992
0.49464062 0.58525053 0.13315783 0.3211435  0.4048908  0.34835761  0.48114499 0.80880014 0.62951144 0.16262128 0.88643497 0.29178547  0.64873948 0.4248294  0.3562761  0.31909914
0.51208233 0.57841262 0.12004456 0.286154   0.42091153 0.32155949  0.55921061 0.78706844 0.57775843 0.17560129 0.87412297 0.30336283  0.64153716 0.43704714 0.3879525  0.32955856
0.5335334  0.5177087  0.11986538 0.32062381 0.42820543 0.27139505  0.53755807 0.74434164 0.62129027 0.20798668 0.9953119  0.32089214  0.64890405 0.41655051 0.27504906 0.37655107
0.54896797 0.4904288  0.1265624  0.30030111 0.4191198  0.25431639  0.50866165 0.8051063  0.61824543 0.21542683 0.97817684 0.32830517  0.55672188 0.35479434 0.32751893 0.3785791 
0.58469969 0.50777946 0.10526747 0.28667935 0.42392615 0.25791422  0.56141836 0.74918089 0.57121555 0.2810573  0.909973   0.37627654  0.45954664 0.33526702 0.42651857 0.43684524
0.62041815 0.49903103 0.12465008 0.24832541 0.37216593 0.36148138  0.51821816 0.78353058 0.55903757 0.29296558 0.80415714 0.3890499  0.56577772 0.30619733 0.33396996 0.48069372
0.6403311  0.5188179  0.13272223 0.23949919 0.34171305 0.3590979  0.57111832 0.84000382 0.42075476 0.34763062 0.73281695 0.41785631  0.36250841 0.23815812 0.40656521 0.47560379
0.67943076 0.51063465 0.1474896  0.25871646 0.3027227  0.4592661  0.56159669 0.83554843 0.47776113 0.40596299 0.64071907 0.48396702  0.38987512 0.1642683  0.39950561 0.55943681
0.68371482 0.57389646 0.18598053 0.28682584 0.22814343 0.56880951  0.60753453 0.80354812 0.39702393 0.54677138 0.53798457 0.5650771  0.43500141 0.25797974 0.58965642 0.60207249
0.71478902 0.53595277 0.24778967 0.35022811 0.18660508 0.5414948  0.62222166 0.82122977 0.39255145 0.65992763 0.54543386 0.60963621  0.47179485 0.18522881 0.56475195 0.53649622
0.70748124 0.55884454 0.23383726 0.28738471 0.17902586 0.56023972  0.53617026 0.80899328 0.26324685 0.60797696 0.52220696 0.55640032  0.42308684 0.31070042 0.61153007 0.42038572
0.73457742 0.49410186 0.22036505 0.27312805 0.2030108  0.51978224  0.49101874 0.72483447 0.31818419 0.59092871 0.51738239 0.56116866  0.42029102 0.32305818 0.57778465 0.40029252
0.77598355 0.3973707  0.20029519 0.23992633 0.23735753 0.45495814  0.42367543 0.60713824 0.40837393 0.56457183 0.47915865 0.58543423  0.42229441 0.37324036 0.56130781 0.37872987
0.82873783 0.28713327 0.21076165 0.24433339 0.26087119 0.37848699  0.3287004  0.45208847 0.47462582 0.51782443 0.50911434 0.5957647  0.49418927 0.37709117 0.44215506 0.23198871
0.85121249 0.2338646  0.23291353 0.35755227 0.29796701 0.43103713  0.36578553 0.44181935 0.42480968 0.48796158 0.49055356 0.51430113  0.56424872 0.32812411 0.60857429 0.22153444
0.87402919 0.14861943 0.23162778 0.51420408 0.37116223 0.49530261  0.43238333 0.4680138  0.43120463 0.52822647 0.50308888 0.42174812  0.57692293 0.29762219 0.61151019 0.37660548
0.89169058 0.14706794 0.29679645 0.55118491 0.34154318 0.45309682  0.47400598 0.4573768  0.46086117 0.57764471 0.52042497 0.43324303  0.6111235  0.29572739 0.61384947 0.36290776
0.89659195 0.12571799 0.29286342 0.5978974  0.3661652  0.48982864  0.49615336 0.47987837 0.44638642 0.56426983 0.5008539  0.41666396  0.61307462 0.30781212 0.65535289 0.34698055
0.91504851 0.09137243 0.33155234 0.69427973 0.38295084 0.49402453  0.54687438 0.45640607 0.4657218  0.532572   0.54227826 0.3950808  0.6495343  0.24819425 0.65654681 0.49321196
0.92394727 0.1209117  0.39255644 0.67056043 0.38153848 0.47421564  0.52769924 0.41578947 0.43247938 0.4264352  0.49875904 0.319735  0.59483886 0.24932739 0.75791466 0.4805348 
0.92394727 0.1209117  0.39255644 0.67056043 0.38153848 0.47421564  0.52769924 0.41578947 0.43247938 0.4264352  0.49875904 0.319735  0.59483886 0.24932739 0.75791466 0.4805348 
0.90879454 0.11518709 0.31977478 0.63688164 0.36145993 0.52669393  0.42899216 0.41334126 0.26217946 0.36789103 0.54648985 0.37230598  0.61524387 0.39366246 0.74494616 0.39537357
0.8841379  0.16688819 0.28211629 0.52624692 0.37841846 0.53009583  0.39317006 0.40133331 0.3066323  0.30648476 0.42652973 0.32322855  0.55421744 0.31023347 0.76721403 0.36428514
0.83651384 0.1833685  0.12089096 0.41689478 0.46937116 0.62175375  0.33596488 0.46083268 0.37722122 0.35390725 0.33620773 0.26314196  0.48622754 0.3626924  0.54520968 0.42522604
0.78213239 0.32094029 0.0946833  0.23762497 0.4081475  0.54109694  0.34713741 0.38649205 0.54440225 0.31714419 0.28759858 0.39643099  0.49303018 0.29518014 0.51150794 0.32616272
0.69490276 0.50639357 0.08431719 0.19653635 0.38083711 0.51697673  0.5062497  0.24993363 0.59485945 0.35201168 0.32121485 0.4934923  0.69885392 0.50799343 0.51502033 0.3646267 
0.60319471 0.65961086 0.07518321 0.3121736  0.37349828 0.59554697  0.61968403 0.22718251 0.49539751 0.42510465 0.36597453 0.48587701  0.64197779 0.43139183 0.55628122 0.42956388
0.55618405 0.72586272 0.07477577 0.37305397 0.37480085 0.58580689  0.66753552 0.23667447 0.46084842 0.45031929 0.4517591  0.48123019  0.5238615  0.44628215 0.56072367 0.44721022
0.54375498 0.75882854 0.08640224 0.36971339 0.35530959 0.591098  0.69292025 0.32104577 0.4449072  0.44796593 0.49469783 0.47410501  0.50062481 0.48010388 0.54975819 0.47562118
0.50748535 0.76946066 0.08252357 0.43513376 0.38276117 0.52078212  0.66592059 0.27140944 0.43777099 0.47183556 0.49395271 0.48826066  0.35635921 0.46548558 0.57831976 0.42510395
0.48988577 0.78119661 0.08958382 0.47832444 0.37246396 0.53397684  0.60699831 0.26396736 0.45119868 0.48318935 0.47737872 0.49474803  0.30944069 0.4267443  0.51835524 0.4301301 
0.48988577 0.78119661 0.08958382 0.47832444 0.37246396 0.53397684  0.60699831 0.26396736 0.45119868 0.48318935 0.47737872 0.49474803  0.30944069 0.4267443  0.51835524 0.4301301 
0.48988577 0.78119661 0.08958382 0.47832444 0.37246396 0.53397684  0.60699831 0.26396736 0.45119868 0.48318935 0.47737872 0.49474803  0.30944069 0.4267443  0.51835524 0.4301301 
0.48988577 0.78119661 0.08958382 0.47832444 0.37246396 0.53397684  0.60699831 0.26396736 0.45119868 0.48318935 0.47737872 0.49474803  0.30944069 0.4267443  0.51835524 0.4301301 
0.48988577 0.78119661 0.08958382 0.47832444 0.37246396 0.53397684  0.60699831 0.26396736 0.45119868 0.48318935 0.47737872 0.49474803  0.30944069 0.4267443  0.51835524 0.4301301 
0.48988577 0.78119661 0.08958382 0.47832444 0.37246396 0.53397684  0.60699831 0.26396736 0.45119868 0.48318935 0.47737872 0.49474803  0.30944069 0.4267443  0.51835524 0.4301301 
0.48988577 0.78119661 0.08958382 0.47832444 0.37246396 0.53397684  0.60699831 0.26396736 0.45119868 0.48318935 0.47737872 0.49474803  0.30944069 0.4267443  0.51835524 0.4301301 
0.48988577 0.78119661 0.08958382 0.47832444 0.37246396 0.53397684  0.60699831 0.26396736 0.45119868 0.48318935 0.47737872 0.49474803  0.30944069 0.4267443  0.51835524 0.4301301 
0.48988577 0.78119661 0.08958382 0.47832444 0.37246396 0.53397684  0.60699831 0.26396736 0.45119868 0.48318935 0.47737872 0.49474803  0.30944069 0.4267443  0.51835524 0.4301301 
0.48988577 0.78119661 0.08958382 0.47832444 0.37246396 0.53397684  0.60699831 0.26396736 0.45119868 0.48318935 0.47737872 0.49474803  0.30944069 0.4267443  0.51835524 0.4301301 
0.48988577 0.78119661 0.08958382 0.47832444 0.37246396 0.53397684  0.60699831 0.26396736 0.45119868 0.48318935 0.47737872 0.49474803  0.30944069 0.4267443  0.51835524 0.4301301 
0.47098877 0.77470139 0.09014441 0.49987968 0.39222627 0.47839758  0.59398099 0.27313822 0.4349579  0.4881029  0.45188501 0.50218156  0.27192471 0.44310484 0.56377096 0.4162008 
0.4190961  0.78594906 0.09731725 0.54198473 0.42438664 0.36823846  0.61217763 0.38716247 0.34998388 0.44014661 0.51130932 0.46095869  0.23456838 0.38721613 0.52727773 0.34660798
0.36400861 0.7793334  0.12104354 0.62433379 0.42265625 0.33948589  0.45615193 0.428077   0.41229257 0.45723172 0.42202187 0.48422997  0.24476155 0.38308621 0.56983444 0.38182963
0.32828533 0.76763445 0.13787814 0.64709288 0.42596792 0.31026171  0.39711911 0.50811761 0.46795564 0.37949602 0.51765635 0.42820043  0.32184623 0.41251202 0.50381303 0.29975061
0.2905891  0.74350638 0.15382504 0.67461803 0.43475786 0.26801415  0.32752409 0.54218014 0.48558686 0.39258504 0.41411807 0.45543131  0.42393328 0.44464253 0.57446973 0.36941585
0.2905891  0.74350638 0.15382504 0.67461803 0.43475786 0.26801415  0.32752409 0.54218014 0.48558686 0.39258504 0.41411807 0.45543131  0.42393328 0.44464253 0.57446973 0.36941585
0.25333745 0.70064593 0.17283645 0.654463   0.44128746 0.23811043  0.34253033 0.56505619 0.45606156 0.36169274 0.39083178 0.44246622  0.52140427 0.45854508 0.51176053 0.37590475
0.2345208  0.67933821 0.18299878 0.6480313  0.4427636  0.22423684  0.34319384 0.57366837 0.43104127 0.36299962 0.33637673 0.45254522  0.57141463 0.45149581 0.49663536 0.41435045
0.14307474 0.57111772 0.24385573 0.586265   0.41801176 0.28712478  0.34234146 0.57508311 0.46427617 0.36453667 0.3256846  0.45290591  0.67157574 0.45674341 0.47565544 0.48379287
0.1075557  0.52072342 0.27119292 0.54186332 0.40057525 0.34999703  0.36442413 0.54562498 0.50198814 0.37970746 0.38549616 0.45133505  0.59628233 0.49675998 0.58142733 0.45104535
0.07129198 0.46752987 0.29828728 0.49576401 0.38475895 0.39087667  0.4032858  0.52215099 0.48210314 0.38187867 0.38553854 0.45194799  0.59110232 0.47641992 0.54499507 0.45278551
0.05290925 0.44420582 0.31036068 0.48054205 0.37972666 0.40446539  0.40980259 0.51681666 0.48042852 0.38914823 0.37426181 0.45627883  0.59268897 0.4691632  0.54303946 0.47811462
0.05290925 0.44420582 0.31036068 0.48054205 0.37972666 0.40446539  0.40980259 0.51681666 0.48042852 0.38914823 0.37426181 0.45627883  0.59268897 0.4691632  0.54303946 0.47811462
0.10821866 0.50411527 0.28806724 0.51042015 0.35725944 0.49304895  0.35250736 0.46828743 0.57801057 0.4745581  0.37752209 0.49903969  0.45845048 0.49409047 0.75877581 0.52500898
0.12653413 0.52990572 0.2749563  0.53066423 0.36474807 0.47611277  0.33837526 0.475159   0.58639124 0.47349206 0.38552518 0.49784552  0.44550698 0.50564756 0.78389222 0.51218142
0.23752661 0.61890682 0.2447373  0.52924198 0.30935969 0.64705438  0.29083455 0.44414906 0.69341301 0.50894821 0.42370701 0.50159433  0.49353203 0.51275918 0.79675357 0.54895468
0.3641398  0.71478269 0.2155617  0.55002342 0.26553065 0.7267967  0.27981306 0.43506107 0.6392501  0.4911893  0.4872885  0.46617185  0.52513313 0.37761702 0.4180236  0.47472945
0.44372303 0.73138243 0.33390072 0.58956658 0.17737381 0.76220019  0.17682554 0.44039179 0.5171852  0.39963882 0.33927543 0.51569144  0.72301654 0.41663866 0.24798508 0.48820265
0.52949872 0.79391256 0.50483662 0.69493868 0.09471647 0.65159973  0.21302076 0.41393438 0.54603423 0.44092034 0.40553185 0.45255638  0.67246031 0.57129484 0.28086693 0.38699189
0.55933104 0.79068842 0.52175324 0.71450114 0.07901292 0.61354285  0.27945483 0.38651051 0.43796868 0.50393496 0.41675507 0.48113502  0.60198012 0.53820255 0.3022329  0.29896363
0.55933104 0.79068842 0.52175324 0.71450114 0.07901292 0.61354285  0.27945483 0.38651051 0.43796868 0.50393496 0.41675507 0.48113502  0.60198012 0.53820255 0.3022329  0.29896363
0.57406476 0.80259366 0.59104802 0.74469939 0.05771026 0.58863953  0.30262753 0.33313459 0.43908974 0.36155458 0.41325585 0.48172402  0.61974264 0.46845112 0.41314347 0.35807223
0.58034596 0.8060338  0.62172647 0.75490609 0.05844319 0.56188409  0.34409196 0.33692842 0.50393891 0.39060524 0.38952371 0.45895416  0.60762085 0.41182931 0.44046469 0.37962309
0.58350022 0.82165144 0.65120108 0.74185186 0.1005045  0.57763199  0.32646401 0.33361639 0.49081944 0.37867529 0.38328154 0.44798028  0.58729919 0.418994   0.43539826 0.35682344
0.61498455 0.76827645 0.65906167 0.68844576 0.09179492 0.54136436  0.28386199 0.45090997 0.51099049 0.36791278 0.37296099 0.45743418  0.47696012 0.33430603 0.54920244 0.37113158
0.61498455 0.76827645 0.65906167 0.68844576 0.09179492 0.54136436  0.28386199 0.45090997 0.51099049 0.36791278 0.37296099 0.45743418  0.47696012 0.33430603 0.54920244 0.37113158
0.65224729 0.7775893  0.64427794 0.6350488  0.0902322  0.56097192  0.3997694  0.43008787 0.44104692 0.33810448 0.45347457 0.42471591  0.40711625 0.31256148 0.47894557 0.30124384
0.65224729 0.7775893  0.64427794 0.6350488  0.0902322  0.56097192  0.3997694  0.43008787 0.44104692 0.33810448 0.45347457 0.42471591  0.40711625 0.31256148 0.47894557 0.30124384
0.64909303 0.76197165 0.61480332 0.64810302 0.04817089 0.54522402  0.41739735 0.4333999  0.45416639 0.35003443 0.45971674 0.4356898  0.42743791 0.30539679 0.484012   0.32404349
0.64909303 0.76197165 0.61480332 0.64810302 0.04817089 0.54522402  0.41739735 0.4333999  0.45416639 0.35003443 0.45971674 0.4356898  0.42743791 0.30539679 0.484012   0.32404349
0.60399249 0.80754347 0.543411   0.6756504  0.0693263  0.62107806  0.40890131 0.33934697 0.37853474 0.41542592 0.49006308 0.44131454  0.54760298 0.4833318  0.27394416 0.24836153
0.59247997 0.78421942 0.47611818 0.67092615 0.06172266 0.63348863  0.39699161 0.36680195 0.35668365 0.46686478 0.53046365 0.5053533  0.55774402 0.49205868 0.24630035 0.25685603
0.54031883 0.77688104 0.27532441 0.5927041  0.1720589  0.69148621  0.3503106  0.37012259 0.31974819 0.51115225 0.36373712 0.56543104  0.58838406 0.40424208 0.21089109 0.31652524
0.50769506 0.78439308 0.17121375 0.51819842 0.2491702  0.72224455  0.3565875  0.4274465  0.41452565 0.51416863 0.28191428 0.49948858  0.44230048 0.28363613 0.26231873 0.41312342
0.45760599 0.81752107 0.11995617 0.54396445 0.32583158 0.62363327  0.47264786 0.36157629 0.50588022 0.48718311 0.48450142 0.47787137  0.36024269 0.32080754 0.41623437 0.47632438
0.41970041 0.7931466  0.12787228 0.56958762 0.35415212 0.52876015  0.45528326 0.38175348 0.45002465 0.4947416  0.3724012  0.50347828  0.36927999 0.34288094 0.49332094 0.48789581
0.38381156 0.78721762 0.15138228 0.61271631 0.33887467 0.55527924  0.32309699 0.44161928 0.57999599 0.47067233 0.41078763 0.48403401  0.475007   0.39152364 0.52392316 0.48981179
0.27156758 0.71403026 0.17277257 0.65877091 0.41610336 0.31765924  0.30801992 0.51815101 0.49773891 0.44157425 0.32013272 0.4933758  0.46224398 0.44898252 0.6388626  0.46910602
0.1427829  0.56922478 0.24346308 0.58473204 0.42003821 0.26625472  0.3600837  0.57887034 0.40482342 0.35168333 0.26844025 0.45590068  0.73921967 0.39494678 0.33171307 0.51388374
0.12471987 0.54379512 0.25712371 0.56358036 0.41131241 0.29629502  0.36709612 0.56777589 0.42968836 0.35871419 0.2981379  0.45450793  0.70781088 0.42405509 0.39812753 0.49811482
0.03570449 0.41256652 0.32481348 0.44346236 0.36297546 0.43289222  0.46698566 0.4880752  0.41982002 0.37795658 0.37170853 0.44831936  0.5704997  0.36843359 0.35263673 0.4613214 
0.00039479 0.36283831 0.35232302 0.39930133 0.34523319 0.50234819  0.48417291 0.45702496 0.47508945 0.39693445 0.45000532 0.44589633  0.47476172 0.42761975 0.50206904 0.41641874
0.00039479 0.36283831 0.35232302 0.39930133 0.34523319 0.50234819  0.48417291 0.45702496 0.47508945 0.39693445 0.45000532 0.44589633  0.47476172 0.42761975 0.50206904 0.41641874
0.00039479 0.36283831 0.35232302 0.39930133 0.34523319 0.50234819  0.48417291 0.45702496 0.47508945 0.39693445 0.45000532 0.44589633  0.47476172 0.42761975 0.50206904 0.41641874
0.00039479 0.36283831 0.35232302 0.39930133 0.34523319 0.50234819  0.48417291 0.45702496 0.47508945 0.39693445 0.45000532 0.44589633  0.47476172 0.42761975 0.50206904 0.41641874
0.00039479 0.36283831 0.35232302 0.39930133 0.34523319 0.50234819  0.48417291 0.45702496 0.47508945 0.39693445 0.45000532 0.44589633  0.47476172 0.42761975 0.50206904 0.41641874
0.00039479 0.36283831 0.35232302 0.39930133 0.34523319 0.50234819  0.48417291 0.45702496 0.47508945 0.39693445 0.45000532 0.44589633  0.47476172 0.42761975 0.50206904 0.41641874
0.00039479 0.36283831 0.35232302 0.39930133 0.34523319 0.50234819  0.48417291 0.45702496 0.47508945 0.39693445 0.45000532 0.44589633  0.47476172 0.42761975 0.50206904 0.41641874
0.00039479 0.36283831 0.35232302 0.39930133 0.34523319 0.50234819  0.48417291 0.45702496 0.47508945 0.39693445 0.45000532 0.44589633  0.47476172 0.42761975 0.50206904 0.41641874
0.00039479 0.36283831 0.35232302 0.39930133 0.34523319 0.50234819  0.48417291 0.45702496 0.47508945 0.39693445 0.45000532 0.44589633  0.47476172 0.42761975 0.50206904 0.41641874
0.00039479 0.36283831 0.35232302 0.39930133 0.34523319 0.50234819  0.48417291 0.45702496 0.47508945 0.39693445 0.45000532 0.44589633  0.47476172 0.42761975 0.50206904 0.41641874
0.07237034 0.46435248 0.30121858 0.48386225 0.37235961 0.43317632  0.40454667 0.50763145 0.5301151  0.39000842 0.45760208 0.44487032  0.51453882 0.49616568 0.61378966 0.40721932
0.19781245 0.64365332 0.20687501 0.63907103 0.43379907 0.24333991  0.30710137 0.59955268 0.47632552 0.35398087 0.33267455 0.44940845  0.68674913 0.46510203 0.48088191 0.46067454
0.43892126 0.80877087 0.12951451 0.56353291 0.32463159 0.61985217  0.41394331 0.38121775 0.55115627 0.49550961 0.44909069 0.49001226  0.43342507 0.34623032 0.45823349 0.52103516
0.5805287  0.74168416 0.10642507 0.28770622 0.32206729 0.63853522  0.69543258 0.52707274 0.42096165 0.40027037 0.50992896 0.43680873  0.65015541 0.43933157 0.5128832  0.50609601
0.67220007 0.59031605 0.11635196 0.17548978 0.30871445 0.60598492  0.56245852 0.58927228 0.46356555 0.42067398 0.29353921 0.49959425  0.57117025 0.35680709 0.67488742 0.51070071
0.75804705 0.41798431 0.12461685 0.13059459 0.32283573 0.51303666  0.38301105 0.45408797 0.54138804 0.4060472  0.19084409 0.52695574  0.47544049 0.34758377 0.57118164 0.36327928
0.78439602 0.34920449 0.11509822 0.12285053 0.34576701 0.4533275  0.31428084 0.45325025 0.60155421 0.35564157 0.3029053  0.49730314  0.41435012 0.29059942 0.41129945 0.33353117
0.81778729 0.25111916 0.12307666 0.2819854  0.39759488 0.53592355  0.31204321 0.46486255 0.44497302 0.378284   0.33340088 0.38112652  0.4346249  0.29051151 0.57678545 0.32900984
0.84491561 0.18354243 0.1559577  0.39450485 0.38958008 0.51211495  0.34104912 0.47503558 0.3815157  0.50128368 0.48426022 0.38176031  0.46160753 0.34285761 0.59456122 0.41045471
0.85274188 0.15402059 0.15435939 0.44081405 0.40987062 0.52766388  0.33843397 0.468831   0.34202256 0.51713699 0.5210741  0.33284928  0.45663337 0.36794606 0.5717044  0.49252062
0.88111934 0.11966602 0.21726272 0.54426647 0.38073491 0.54436131  0.35425908 0.46178373 0.2424339  0.52861968 0.56677408 0.36786477  0.56821882 0.45598036 0.59226566 0.36242564
0.88111934 0.11966602 0.21726272 0.54426647 0.38073491 0.54436131  0.35425908 0.46178373 0.2424339  0.52861968 0.56677408 0.36786477  0.56821882 0.45598036 0.59226566 0.36242564
0.88111934 0.11966602 0.21726272 0.54426647 0.38073491 0.54436131  0.35425908 0.46178373 0.2424339  0.52861968 0.56677408 0.36786477  0.56821882 0.45598036 0.59226566 0.36242564
0.8835033  0.1084956  0.21693301 0.57784342 0.39382517 0.56504222  0.38753556 0.48796459 0.26719746 0.51203516 0.54322241 0.40514266  0.553326   0.4745776  0.56710392 0.32585044
0.86973916 0.12465766 0.18277251 0.51749235 0.41108689 0.55981166  0.35410087 0.47621456 0.27762652 0.50825209 0.52570585 0.33359999  0.52189645 0.40125334 0.6172476  0.39767421
0.81036393 0.2444151  0.09149006 0.30259365 0.45205331 0.59345185  0.3400093  0.48157551 0.47782038 0.31524463 0.26862794 0.3355106  0.45277779 0.26284617 0.61266333 0.34944245
0.81036393 0.2444151  0.09149006 0.30259365 0.45205331 0.59345185  0.3400093  0.48157551 0.47782038 0.31524463 0.26862794 0.3355106  0.45277779 0.26284617 0.61266333 0.34944245
0.72835783 0.37366873 0.0416908  0.3058662  0.4934924  0.56278525  0.48824937 0.2917162  0.55803931 0.28662722 0.39437369 0.32609092  0.6290247  0.35224101 0.68934947 0.43971692
0.66488393 0.48049831 0.03107895 0.29500362 0.47936611 0.46531719  0.52999112 0.12697785 0.6442127  0.32084717 0.50071788 0.41351726  0.5890458  0.43184557 0.56800921 0.4082298 
0.46188132 0.69766416 0.07477409 0.48770745 0.46273951 0.35315826  0.61515402 0.23872964 0.3723635  0.42569621 0.42026667 0.47122859  0.38529161 0.35261412 0.5519527  0.32070269
0.30582903 0.66127688 0.14394417 0.51425852 0.47150717 0.1945912  0.63123003 0.46404427 0.20529574 0.42344012 0.25799134 0.50201161  0.44727032 0.38036401 0.51547282 0.47072276
0.17967391 0.58787744 0.21853328 0.5645811  0.43260856 0.24650789  0.45182109 0.51771366 0.31376164 0.38296658 0.24138454 0.47958757  0.62300216 0.34339278 0.31456899 0.50329031
0.07142028 0.46534236 0.29713886 0.49167612 0.38288026 0.37162591  0.43491599 0.51841441 0.39885807 0.36886886 0.32007203 0.45294466  0.63702404 0.35282253 0.30203439 0.49424017
0.00039479 0.36283831 0.35232302 0.39930133 0.34523319 0.50234819  0.48417291 0.45702496 0.47508945 0.39693445 0.45000532 0.44589633  0.47476172 0.42761975 0.50206904 0.41641874
0.00039479 0.36283831 0.35232302 0.39930133 0.34523319 0.50234819  0.48417291 0.45702496 0.47508945 0.39693445 0.45000532 0.44589633  0.47476172 0.42761975 0.50206904 0.41641874
0.00039479 0.36283831 0.35232302 0.39930133 0.34523319 0.50234819  0.48417291 0.45702496 0.47508945 0.39693445 0.45000532 0.44589633  0.47476172 0.42761975 0.50206904 0.41641874
0.00039479 0.36283831 0.35232302 0.39930133 0.34523319 0.50234819  0.48417291 0.45702496 0.47508945 0.39693445 0.45000532 0.44589633  0.47476172 0.42761975 0.50206904 0.41641874
0.00039479 0.36283831 0.35232302 0.39930133 0.34523319 0.50234819  0.48417291 0.45702496 0.47508945 0.39693445 0.45000532 0.44589633  0.47476172 0.42761975 0.50206904 0.41641874
0.00039479 0.36283831 0.35232302 0.39930133 0.34523319 0.50234819  0.48417291 0.45702496 0.47508945 0.39693445 0.45000532 0.44589633  0.47476172 0.42761975 0.50206904 0.41641874
0.00039479 0.36283831 0.35232302 0.39930133 0.34523319 0.50234819  0.48417291 0.45702496 0.47508945 0.39693445 0.45000532 0.44589633  0.47476172 0.42761975 0.50206904 0.41641874
0.00039479 0.36283831 0.35232302 0.39930133 0.34523319 0.50234819  0.48417291 0.45702496 0.47508945 0.39693445 0.45000532 0.44589633  0.47476172 0.42761975 0.50206904 0.41641874
0.00039479 0.36283831 0.35232302 0.39930133 0.34523319 0.50234819  0.48417291 0.45702496 0.47508945 0.39693445 0.45000532 0.44589633  0.47476172 0.42761975 0.50206904 0.41641874
0.00039479 0.36283831 0.35232302 0.39930133 0.34523319 0.50234819  0.48417291 0.45702496 0.47508945 0.39693445 0.45000532 0.44589633  0.47476172 0.42761975 0.50206904 0.41641874
0.00039479 0.36283831 0.35232302 0.39930133 0.34523319 0.50234819  0.48417291 0.45702496 0.47508945 0.39693445 0.45000532 0.44589633  0.47476172 0.42761975 0.50206904 0.41641874
0.00039479 0.36283831 0.35232302 0.39930133 0.34523319 0.50234819  0.48417291 0.45702496 0.47508945 0.39693445 0.45000532 0.44589633  0.47476172 0.42761975 0.50206904 0.41641874
0.00039479 0.36283831 0.35232302 0.39930133 0.34523319 0.50234819  0.48417291 0.45702496 0.47508945 0.39693445 0.45000532 0.44589633  0.47476172 0.42761975 0.50206904 0.41641874
0.00039479 0.36283831 0.35232302 0.39930133 0.34523319 0.50234819  0.48417291 0.45702496 0.47508945 0.39693445 0.45000532 0.44589633  0.47476172 0.42761975 0.50206904 0.41641874
0.00039479 0.36283831 0.35232302 0.39930133 0.34523319 0.50234819  0.48417291 0.45702496 0.47508945 0.39693445 0.45000532 0.44589633  0.47476172 0.42761975 0.50206904 0.41641874
0.00039479 0.36283831 0.35232302 0.39930133 0.34523319 0.50234819  0.48417291 0.45702496 0.47508945 0.39693445 0.45000532 0.44589633  0.47476172 0.42761975 0.50206904 0.41641874
0.00039479 0.36283831 0.35232302 0.39930133 0.34523319 0.50234819  0.48417291 0.45702496 0.47508945 0.39693445 0.45000532 0.44589633  0.47476172 0.42761975 0.50206904 0.41641874
0.00039479 0.36283831 0.35232302 0.39930133 0.34523319 0.50234819  0.48417291 0.45702496 0.47508945 0.39693445 0.45000532 0.44589633  0.47476172 0.42761975 0.50206904 0.41641874
0.00039479 0.36283831 0.35232302 0.39930133 0.34523319 0.50234819  0.48417291 0.45702496 0.47508945 0.39693445 0.45000532 0.44589633  0.47476172 0.42761975 0.50206904 0.41641874
0.00039479 0.36283831 0.35232302 0.39930133 0.34523319 0.50234819  0.48417291 0.45702496 0.47508945 0.39693445 0.45000532 0.44589633  0.47476172 0.42761975 0.50206904 0.41641874
0.00039479 0.36283831 0.35232302 0.39930133 0.34523319 0.50234819  0.48417291 0.45702496 0.47508945 0.39693445 0.45000532 0.44589633  0.47476172 0.42761975 0.50206904 0.41641874
0.00039479 0.36283831 0.35232302 0.39930133 0.34523319 0.50234819  0.48417291 0.45702496 0.47508945 0.39693445 0.45000532 0.44589633  0.47476172 0.42761975 0.50206904 0.41641874
0.00039479 0.36283831 0.35232302 0.39930133 0.34523319 0.50234819  0.48417291 0.45702496 0.47508945 0.39693445 0.45000532 0.44589633  0.47476172 0.42761975 0.50206904 0.41641874
0.00039479 0.36283831 0.35232302 0.39930133 0.34523319 0.50234819  0.48417291 0.45702496 0.47508945 0.39693445 0.45000532 0.44589633  0.47476172 0.42761975 0.50206904 0.41641874
0.00039479 0.36283831 0.35232302 0.39930133 0.34523319 0.50234819  0.48417291 0.45702496 0.47508945 0.39693445 0.45000532 0.44589633  0.47476172 0.42761975 0.50206904 0.41641874
0.00039479 0.36283831 0.35232302 0.39930133 0.34523319 0.50234819  0.48417291 0.45702496 0.47508945 0.39693445 0.45000532 0.44589633  0.47476172 0.42761975 0.50206904 0.41641874
0.00039479 0.36283831 0.35232302 0.39930133 0.34523319 0.50234819  0.48417291 0.45702496 0.47508945 0.39693445 0.45000532 0.44589633  0.47476172 0.42761975 0.50206904 0.41641874
0.00039479 0.36283831 0.35232302 0.39930133 0.34523319 0.50234819  0.48417291 0.45702496 0.47508945 0.39693445 0.45000532 0.44589633  0.47476172 0.42761975 0.50206904 0.41641874
0.00039479 0.36283831 0.35232302 0.39930133 0.34523319 0.50234819  0.48417291 0.45702496 0.47508945 0.39693445 0.45000532 0.44589633  0.47476172 0.42761975 0.50206904 0.41641874
0.00039479 0.36283831 0.35232302 0.39930133 0.34523319 0.50234819  0.48417291 0.45702496 0.47508945 0.39693445 0.45000532 0.44589633  0.47476172 0.42761975 0.50206904 0.41641874
0.00039479 0.36283831 0.35232302 0.39930133 0.34523319 0.50234819  0.48417291 0.45702496 0.47508945 0.39693445 0.45000532 0.44589633  0.47476172 0.42761975 0.50206904 0.41641874
0.00039479 0.36283831 0.35232302 0.39930133 0.34523319 0.50234819  0.48417291 0.45702496 0.47508945 0.39693445 0.45000532 0.44589633  0.47476172 0.42761975 0.50206904 0.41641874
0.00039479 0.36283831 0.35232302 0.39930133 0.34523319 0.50234819  0.48417291 0.45702496 0.47508945 0.39693445 0.45000532 0.44589633  0.47476172 0.42761975 0.50206904 0.41641874
0.00039479 0.36283831 0.35232302 0.39930133 0.34523319 0.50234819  0.48417291 0.45702496 0.47508945 0.39693445 0.45000532 0.44589633  0.47476172 0.42761975 0.50206904 0.41641874
0.00039479 0.36283831 0.35232302 0.39930133 0.34523319 0.50234819  0.48417291 0.45702496 0.47508945 0.39693445 0.45000532 0.44589633  0.47476172 0.42761975 0.50206904 0.41641874
0.00039479 0.36283831 0.35232302 0.39930133 0.34523319 0.50234819  0.48417291 0.45702496 0.47508945 0.39693445 0.45000532 0.44589633  0.47476172 0.42761975 0.50206904 0.41641874
0.00039479 0.36283831 0.35232302 0.39930133 0.34523319 0.50234819  0.48417291 0.45702496 0.47508945 0.39693445 0.45000532 0.44589633  0.47476172 0.42761975 0.50206904 0.41641874
