0.00039479 0.36283831 0.35232302 0.39930133 0.34523319 0.50234819  0.48417291 0.45702496 0.47508945 0.39693445 0.45000532 0.44589633  0.47476172 0.42761975 0.50206904 0.41641874
0.00039479 0.36283831 0.35232302 0.39930133 0.34523319 0.50234819  0.48417291 0.45702496 0.47508945 0.39693445 0.45000532 0.44589633  0.47476172 0.42761975 0.50206904 0.41641874
0.00039479 0.36283831 0.35232302 0.39930133 0.34523319 0.50234819  0.48417291 0.45702496 0.47508945 0.39693445 0.45000532 0.44589633  0.47476172 0.42761975 0.50206904 0.41641874
0.00039479 0.36283831 0.35232302 0.39930133 0.34523319 0.50234819  0.48417291 0.45702496 0.47508945 0.39693445 0.45000532 0.44589633  0.47476172 0.42761975 0.50206904 0.41641874
0.00039479 0.36283831 0.35232302 0.39930133 0.34523319 0.50234819  0.48417291 0.45702496 0.47508945 0.39693445 0.45000532 0.44589633  0.47476172 0.42761975 0.50206904 0.41641874
0.00039479 0.36283831 0.35232302 0.39930133 0.34523319 0.50234819  0.48417291 0.45702496 0.47508945 0.39693445 0.45000532 0.44589633  0.47476172 0.42761975 0.50206904 0.41641874
0.00039479 0.36283831 0.35232302 0.39930133 0.34523319 0.50234819  0.48417291 0.45702496 0.47508945 0.39693445 0.45000532 0.44589633  0.47476172 0.42761975 0.50206904 0.41641874
0.00039479 0.36283831 0.35232302 0.39930133 0.34523319 0.50234819  0.48417291 0.45702496 0.47508945 0.39693445 0.45000532 0.44589633  0.47476172 0.42761975 0.50206904 0.41641874
0.00039479 0.36283831 0.35232302 0.39930133 0.34523319 0.50234819  0.48417291 0.45702496 0.47508945 0.39693445 0.45000532 0.44589633  0.47476172 0.42761975 0.50206904 0.41641874
0.00039479 0.36283831 0.35232302 0.39930133 0.34523319 0.50234819  0.48417291 0.45702496 0.47508945 0.39693445 0.45000532 0.44589633  0.47476172 0.42761975 0.50206904 0.41641874
0.00039479 0.36283831 0.35232302 0.39930133 0.34523319 0.50234819  0.48417291 0.45702496 0.47508945 0.39693445 0.45000532 0.44589633  0.47476172 0.42761975 0.50206904 0.41641874
0.00039479 0.36283831 0.35232302 0.39930133 0.34523319 0.50234819  0.48417291 0.45702496 0.47508945 0.39693445 0.45000532 0.44589633  0.47476172 0.42761975 0.50206904 0.41641874
0.00039479 0.36283831 0.35232302 0.39930133 0.34523319 0.50234819  0.48417291 0.45702496 0.47508945 0.39693445 0.45000532 0.44589633  0.47476172 0.42761975 0.50206904 0.41641874
0.00039479 0.36283831 0.35232302 0.39930133 0.34523319 0.50234819  0.48417291 0.45702496 0.47508945 0.39693445 0.45000532 0.44589633  0.47476172 0.42761975 0.50206904 0.41641874
0.00039479 0.36283831 0.35232302 0.39930133 0.34523319 0.50234819  0.48417291 0.45702496 0.47508945 0.39693445 0.45000532 0.44589633  0.47476172 0.42761975 0.50206904 0.41641874
0.00039479 0.36283831 0.35232302 0.39930133 0.34523319 0.50234819  0.48417291 0.45702496 0.47508945 0.39693445 0.45000532 0.44589633  0.47476172 0.42761975 0.50206904 0.41641874
0.00039479 0.36283831 0.35232302 0.39930133 0.34523319 0.50234819  0.48417291 0.45702496 0.47508945 0.39693445 0.45000532 0.44589633  0.47476172 0.42761975 0.50206904 0.41641874
0.00039479 0.36283831 0.35232302 0.39930133 0.34523319 0.50234819  0.48417291 0.45702496 0.47508945 0.39693445 0.45000532 0.44589633  0.47476172 0.42761975 0.50206904 0.41641874
0.00039479 0.36283831 0.35232302 0.39930133 0.34523319 0.50234819  0.48417291 0.45702496 0.47508945 0.39693445 0.45000532 0.44589633  0.47476172 0.42761975 0.50206904 0.41641874
0.00039479 0.36283831 0.35232302 0.39930133 0.34523319 0.50234819  0.48417291 0.45702496 0.47508945 0.39693445 0.45000532 0.44589633  0.47476172 0.42761975 0.50206904 0.41641874
0.00039479 0.36283831 0.35232302 0.39930133 0.34523319 0.50234819  0.48417291 0.45702496 0.47508945 0.39693445 0.45000532 0.44589633  0.47476172 0.42761975 0.50206904 0.41641874
0.00039479 0.36283831 0.35232302 0.39930133 0.34523319 0.50234819  0.48417291 0.45702496 0.47508945 0.39693445 0.45000532 0.44589633  0.47476172 0.42761975 0.50206904 0.41641874
0.00039479 0.36283831 0.35232302 0.39930133 0.34523319 0.50234819  0.48417291 0.45702496 0.47508945 0.39693445 0.45000532 0.44589633  0.47476172 0.42761975 0.50206904 0.41641874
0.00039479 0.36283831 0.35232302 0.39930133 0.34523319 0.50234819  0.48417291 0.45702496 0.47508945 0.39693445 0.45000532 0.44589633  0.47476172 0.42761975 0.50206904 0.41641874
0.00039479 0.36283831 0.35232302 0.39930133 0.34523319 0.50234819  0.48417291 0.45702496 0.47508945 0.39693445 0.45000532 0.44589633  0.47476172 0.42761975 0.50206904 0.41641874
0.00039479 0.36283831 0.35232302 0.39930133 0.34523319 0.50234819  0.48417291 0.45702496 0.47508945 0.39693445 0.45000532 0.44589633  0.47476172 0.42761975 0.50206904 0.41641874
0.00039479 0.36283831 0.35232302 0.39930133 0.34523319 0.50234819  0.48417291 0.45702496 0.47508945 0.39693445 0.45000532 0.44589633  0.47476172 0.42761975 0.50206904 0.41641874
0.00039479 0.36283831 0.35232302 0.39930133 0.34523319 0.50234819  0.48417291 0.45702496 0.47508945 0.39693445 0.45000532 0.44589633  0.47476172 0.42761975 0.50206904 0.41641874
0.00039479 0.36283831 0.35232302 0.39930133 0.34523319 0.50234819  0.48417291 0.45702496 0.47508945 0.39693445 0.45000532 0.44589633  0.47476172 0.42761975 0.50206904 0.41641874
0.00039479 0.36283831 0.35232302 0.39930133 0.34523319 0.50234819  0.48417291 0.45702496 0.47508945 0.39693445 0.45000532 0.44589633  0.47476172 0.42761975 0.50206904 0.41641874
0.00039479 0.36283831 0.35232302 0.39930133 0.34523319 0.50234819  0.48417291 0.45702496 0.47508945 0.39693445 0.45000532 0.44589633  0.47476172 0.42761975 0.50206904 0.41641874
0.00039479 0.36283831 0.35232302 0.39930133 0.34523319 0.50234819  0.48417291 0.45702496 0.47508945 0.39693445 0.45000532 0.44589633  0.47476172 0.42761975 0.50206904 0.41641874
0.00039479 0.36283831 0.35232302 0.39930133 0.34523319 0.50234819  0.48417291 0.45702496 0.47508945 0.39693445 0.45000532 0.44589633  0.47476172 0.42761975 0.50206904 0.41641874
0.00039479 0.36283831 0.35232302 0.39930133 0.34523319 0.50234819  0.48417291 0.45702496 0.47508945 0.39693445 0.45000532 0.44589633  0.47476172 0.42761975 0.50206904 0.41641874
0.00039479 0.36283831 0.35232302 0.39930133 0.34523319 0.50234819  0.48417291 0.45702496 0.47508945 0.39693445 0.45000532 0.44589633  0.47476172 0.42761975 0.50206904 0.41641874
0.00039479 0.36283831 0.35232302 0.39930133 0.34523319 0.50234819  0.48417291 0.45702496 0.47508945 0.39693445 0.45000532 0.44589633  0.47476172 0.42761975 0.50206904 0.41641874
0.00039479 0.36283831 0.35232302 0.39930133 0.34523319 0.50234819  0.48417291 0.45702496 0.47508945 0.39693445 0.45000532 0.44589633  0.47476172 0.42761975 0.50206904 0.41641874
0.00039479 0.36283831 0.35232302 0.39930133 0.34523319 0.50234819  0.48417291 0.45702496 0.47508945 0.39693445 0.45000532 0.44589633  0.47476172 0.42761975 0.50206904 0.41641874
0.00039479 0.36283831 0.35232302 0.39930133 0.34523319 0.50234819  0.48417291 0.45702496 0.47508945 0.39693445 0.45000532 0.44589633  0.47476172 0.42761975 0.50206904 0.41641874
0.00039479 0.36283831 0.35232302 0.39930133 0.34523319 0.50234819  0.48417291 0.45702496 0.47508945 0.39693445 0.45000532 0.44589633  0.47476172 0.42761975 0.50206904 0.41641874
0.00039479 0.36283831 0.35232302 0.39930133 0.34523319 0.50234819  0.48417291 0.45702496 0.47508945 0.39693445 0.45000532 0.44589633  0.47476172 0.42761975 0.50206904 0.41641874
0.00039479 0.36283831 0.35232302 0.39930133 0.34523319 0.50234819  0.48417291 0.45702496 0.47508945 0.39693445 0.45000532 0.44589633  0.47476172 0.42761975 0.50206904 0.41641874
0.00039479 0.36283831 0.35232302 0.39930133 0.34523319 0.50234819  0.48417291 0.45702496 0.47508945 0.39693445 0.45000532 0.44589633  0.47476172 0.42761975 0.50206904 0.41641874
0.00039479 0.36283831 0.35232302 0.39930133 0.34523319 0.50234819  0.48417291 0.45702496 0.47508945 0.39693445 0.45000532 0.44589633  0.47476172 0.42761975 0.50206904 0.41641874
0.00039479 0.36283831 0.35232302 0.39930133 0.34523319 0.50234819  0.48417291 0.45702496 0.47508945 0.39693445 0.45000532 0.44589633  0.47476172 0.42761975 0.50206904 0.41641874
0.00039479 0.36283831 0.35232302 0.39930133 0.34523319 0.50234819  0.48417291 0.45702496 0.47508945 0.39693445 0.45000532 0.44589633  0.47476172 0.42761975 0.50206904 0.41641874
0.00039479 0.36283831 0.35232302 0.39930133 0.34523319 0.50234819  0.48417291 0.45702496 0.47508945 0.39693445 0.45000532 0.44589633  0.47476172 0.42761975 0.50206904 0.41641874
0.00039479 0.36283831 0.35232302 0.39930133 0.34523319 0.50234819  0.48417291 0.45702496 0.47508945 0.39693445 0.45000532 0.44589633  0.47476172 0.42761975 0.50206904 0.41641874
0.00039479 0.36283831 0.35232302 0.39930133 0.34523319 0.50234819  0.48417291 0.45702496 0.47508945 0.39693445 0.45000532 0.44589633  0.47476172 0.42761975 0.50206904 0.41641874
0.00039479 0.36283831 0.35232302 0.39930133 0.34523319 0.50234819  0.48417291 0.45702496 0.47508945 0.39693445 0.45000532 0.44589633  0.47476172 0.42761975 0.50206904 0.41641874
0.00039479 0.36283831 0.35232302 0.39930133 0.34523319 0.50234819  0.48417291 0.45702496 0.47508945 0.39693445 0.45000532 0.44589633  0.47476172 0.42761975 0.50206904 0.41641874
0.00039479 0.36283831 0.35232302 0.39930133 0.34523319 0.50234819  0.48417291 0.45702496 0.47508945 0.39693445 0.45000532 0.44589633  0.47476172 0.42761975 0.50206904 0.41641874
0.00039479 0.36283831 0.35232302 0.39930133 0.34523319 0.50234819  0.48417291 0.45702496 0.47508945 0.39693445 0.45000532 0.44589633  0.47476172 0.42761975 0.50206904 0.41641874
0.0177474  0.38984345 0.33852207 0.42635267 0.35697043 0.47086435  0.45750391 0.47765391 0.48169648 0.39463854 0.42895995 0.44917931  0.51265071 0.44991576 0.53083289 0.43501917
0.07213006 0.46513653 0.30073434 0.48609891 0.37486987 0.42872883  0.40099158 0.51016452 0.53664431 0.3873524  0.4637479  0.44107926  0.51823593 0.5152115  0.63213778 0.40162085
0.14517757 0.56479829 0.25137985 0.55897526 0.39625438 0.38960139  0.3390174  0.5346568  0.60483267 0.38975786 0.52377149 0.43496891  0.46532978 0.57475568 0.76170058 0.35963623
0.23654446 0.67495658 0.19663785 0.6247524  0.40961    0.34554394  0.29885288 0.57607089 0.59800493 0.36048118 0.51263032 0.42263987  0.57740503 0.53201149 0.61028186 0.37646751
0.36610368 0.79359113 0.15060289 0.63922827 0.35098746 0.54604688  0.28099153 0.45721214 0.68450359 0.45312166 0.55212056 0.45454268  0.45472048 0.44356838 0.56928905 0.44537256
0.42165265 0.81373267 0.12417337 0.57712905 0.35414627 0.55237416  0.45013075 0.40473574 0.541394   0.43271315 0.60551598 0.42969986  0.29442039 0.37982966 0.46041851 0.35598421
0.57945679 0.73758039 0.11699002 0.30430669 0.30959032 0.64097468  0.65330585 0.55872963 0.39416211 0.43898487 0.47806081 0.45102482  0.53705242 0.386061   0.4647842  0.50413554
0.61359639 0.70602902 0.12708186 0.24425495 0.28995095 0.66442193  0.63814237 0.62599148 0.39744107 0.41906917 0.41432031 0.453696  0.64102134 0.40103942 0.48983862 0.51784114
0.73361402 0.48758572 0.15019776 0.11857388 0.27341336 0.52138606  0.44497704 0.6755567  0.49110043 0.40767756 0.28246491 0.52661558  0.4023992  0.45332337 0.5979695  0.45562136
0.79672076 0.33455859 0.14275179 0.14895477 0.31593059 0.43253101  0.30846212 0.45903886 0.55423209 0.40530606 0.34810717 0.52633999  0.39814835 0.33034949 0.41692499 0.29717134
0.81647602 0.30420745 0.18434331 0.21287699 0.27435005 0.39239729  0.32213685 0.44854524 0.52425401 0.48008721 0.48763836 0.59199649  0.45722365 0.40169374 0.3531537  0.34418699
0.84305553 0.23246839 0.20852473 0.33455754 0.29785436 0.408821  0.3350111  0.44857648 0.416089   0.56452663 0.57684861 0.51232752  0.46647919 0.46251105 0.386862   0.42543356
0.86276283 0.19459782 0.23475844 0.40912004 0.29962854 0.43389783  0.32167553 0.43340878 0.31723646 0.56353598 0.61518391 0.47566497  0.54266137 0.46150323 0.4298316  0.3736451 
0.88588323 0.17662283 0.29617832 0.48097979 0.28123413 0.43288937  0.33937721 0.39721829 0.30698605 0.53740275 0.6140157  0.40643417  0.54793871 0.49300977 0.44031636 0.45923845
0.89490276 0.17693601 0.33189288 0.50576474 0.2618456  0.41170785  0.36602615 0.38107579 0.31749772 0.52908132 0.62429367 0.41619173  0.59439183 0.46165032 0.48580495 0.44407643
0.90118396 0.18037615 0.36257133 0.51597145 0.26257852 0.38495241  0.40749059 0.38486962 0.38234689 0.55813198 0.60056153 0.39342187  0.58227004 0.40502851 0.51312618 0.46562729
0.89490276 0.17693601 0.33189288 0.50576474 0.2618456  0.41170785  0.36602615 0.38107579 0.31749772 0.52908132 0.62429367 0.41619173  0.59439183 0.46165032 0.48580495 0.44407643
0.87953016 0.23689801 0.34533215 0.417723   0.20990715 0.34800109  0.37979464 0.38687208 0.41001007 0.54040645 0.61015419 0.52606482  0.56455548 0.50624501 0.39094326 0.39690619
0.85828521 0.28794739 0.31824072 0.3136582  0.1877771  0.33113117  0.35555293 0.39374008 0.44028131 0.50199664 0.57701233 0.65413493  0.62341402 0.44511511 0.43217624 0.1991477 
0.80779096 0.3569245  0.21609635 0.20125172 0.24616974 0.43607584  0.33959427 0.44400734 0.44419306 0.45722584 0.35068098 0.60248538  0.52782976 0.46821866 0.49000739 0.21005915
0.6734839  0.60075624 0.13291015 0.18696928 0.29184673 0.6083679  0.55435557 0.50311998 0.46248785 0.41854641 0.26491757 0.5151949  0.67198068 0.59623499 0.51292812 0.46486678
0.61359639 0.70602902 0.12708186 0.24425495 0.28995095 0.66442193  0.63814237 0.62599148 0.39744107 0.41906917 0.41432031 0.453696  0.64102134 0.40103942 0.48983862 0.51784114
0.47489423 0.80809559 0.13426912 0.52748813 0.29946391 0.66539391  0.43622674 0.39087088 0.48542903 0.49358544 0.40629382 0.48720222  0.40228431 0.30750127 0.36210883 0.48173376
0.45769011 0.81091681 0.14822078 0.55104837 0.28538645 0.69569411  0.36274502 0.43109521 0.57012433 0.46118968 0.48009098 0.45561706  0.43482895 0.33072119 0.35071193 0.43893896
0.42071915 0.79133793 0.16942491 0.57931908 0.27946493 0.70519329  0.25080865 0.48239097 0.68856639 0.46011638 0.47179841 0.45988249  0.59846754 0.39813815 0.43132472 0.50315034
0.43806806 0.78100043 0.18322947 0.56220831 0.25324473 0.7451178  0.21593883 0.50867814 0.66822166 0.46195923 0.38972179 0.46711874  0.6444072  0.38203433 0.387558   0.50281926
0.45351998 0.76763542 0.20636954 0.57002937 0.22917123 0.76204393  0.1711694  0.51896659 0.61766301 0.48069957 0.34741886 0.47216885  0.63848371 0.374273   0.33153462 0.43454   
0.50426213 0.75848965 0.37256121 0.67262332 0.12429692 0.71122485  0.14791933 0.44390655 0.46858211 0.45892968 0.47354917 0.56743389  0.73709128 0.54953006 0.28112759 0.35874471
0.57048123 0.76537874 0.61513127 0.75059939 0.03633679 0.58733556  0.21389499 0.40625242 0.48545624 0.37539187 0.41887793 0.4809171  0.59199971 0.44728639 0.48885197 0.3567118 
0.60014659 0.76996694 0.71397791 0.72358477 0.08643078 0.55299075  0.21982339 0.46299047 0.55860613 0.38864515 0.33635905 0.40597947  0.43634997 0.32225135 0.57808464 0.34987078
0.67263382 0.75209344 0.70046177 0.58535554 0.07733538 0.58638325  0.38103954 0.55286582 0.49041971 0.30713589 0.4528068  0.34292015  0.51329323 0.34661761 0.52639782 0.31005232
0.69073089 0.73081215 0.72206371 0.55050751 0.08065522 0.55219117  0.37677118 0.63583559 0.53050037 0.38251527 0.42186051 0.30733857  0.44220055 0.34287649 0.523372   0.34005011
0.75945714 0.68259591 0.70080852 0.4225902  0.10263085 0.49004993  0.49492602 0.70912697 0.49074625 0.34060006 0.43646696 0.30620247  0.43853523 0.34777402 0.67487831 0.34184014
0.79410297 0.67293678 0.67374358 0.36404047 0.13272904 0.43295162  0.64647336 0.64717093 0.35429795 0.38597585 0.35035781 0.349365  0.39878827 0.33677184 0.71795161 0.39509436
0.82790344 0.60268274 0.67145326 0.34830208 0.1515984  0.37320607  0.67434778 0.53368771 0.50430335 0.43142407 0.24959787 0.41973213  0.45859042 0.41622636 0.78778533 0.48282821
0.87420774 0.46315091 0.62952824 0.36760609 0.13478808 0.25865487  0.62819423 0.45373133 0.62040537 0.45286729 0.36579922 0.46900862  0.47368003 0.44640331 0.6795887  0.55559027
0.94435072 0.23189379 0.59721069 0.61044656 0.29514353 0.31400553  0.61730989 0.36704359 0.68743432 0.39950899 0.44491136 0.35124765  0.43630298 0.37698739 0.42075113 0.63738231
0.94435072 0.23189379 0.59721069 0.61044656 0.29514353 0.31400553  0.61730989 0.36704359 0.68743432 0.39950899 0.44491136 0.35124765  0.43630298 0.37698739 0.42075113 0.63738231
0.96806266 0.13227358 0.57611237 0.82018015 0.41890051 0.48350239  0.73472016 0.46573146 0.6953408  0.29952774 0.28322337 0.33443181  0.3507998  0.50218447 0.47180531 0.48308439
0.95861294 0.09088442 0.49782896 0.86921454 0.3902869  0.52960412  0.73661245 0.48681506 0.64366159 0.22699304 0.33866082 0.52067936  0.39825776 0.4989585  0.46246764 0.45415197
0.90337381 0.06577758 0.2480518  0.73184482 0.44651198 0.65855895  0.53034757 0.57654402 0.38925743 0.3820613  0.378382   0.54727959  0.41420647 0.73853685 0.36155524 0.14419197
0.90337381 0.06577758 0.2480518  0.73184482 0.44651198 0.65855895  0.53034757 0.57654402 0.38925743 0.3820613  0.378382   0.54727959  0.41420647 0.73853685 0.36155524 0.14419197
0.88585105 0.08564451 0.20367621 0.67693098 0.48109412 0.69396628  0.51678569 0.60038186 0.39370643 0.35552168 0.26336725 0.50153996  0.36500427 0.67726323 0.43083005 0.04435818
0.82741997 0.17362346 0.08693874 0.46858788 0.53769971 0.69620867  0.46301494 0.57348469 0.55271751 0.27149462 0.15604784 0.38154865  0.29323644 0.51407516 0.4240742  0.30919423
0.79291273 0.29807894 0.1026565  0.29186714 0.43585196 0.61743587  0.43941265 0.5371978  0.57305636 0.31260145 0.11458974 0.47547939  0.38483368 0.43809683 0.57300057 0.26317511
0.76792665 0.38119985 0.1200736  0.21026473 0.36666368 0.57745772  0.45223307 0.56505436 0.56526658 0.35495174 0.12760403 0.54558782  0.40153103 0.44527685 0.60498346 0.29856994
0.72491831 0.46956647 0.11062353 0.2342183  0.37406447 0.62282781  0.5493182  0.53957999 0.5638408  0.32957346 0.18827924 0.52913062  0.59776499 0.60006066 0.54491563 0.34875489
0.6482695  0.60357545 0.08789252 0.30812529 0.37985483 0.69864253  0.6666508  0.39027993 0.49473533 0.37099593 0.20373229 0.49205614  0.73876445 0.57678605 0.62936193 0.42509055
0.6310346  0.64454736 0.09693434 0.29456967 0.35299151 0.68945135  0.64184482 0.43360406 0.4388189  0.38340283 0.31141887 0.43807193  0.74578194 0.47323138 0.58349601 0.47156308
0.61600062 0.67490342 0.1023673  0.31892491 0.34506419 0.71285439  0.6525276  0.48060859 0.39981142 0.38876965 0.35606784 0.41582977  0.72597197 0.39416273 0.54508071 0.46202224
0.61600062 0.67490342 0.1023673  0.31892491 0.34506419 0.71285439  0.6525276  0.48060859 0.39981142 0.38876965 0.35606784 0.41582977  0.72597197 0.39416273 0.54508071 0.46202224
0.61600062 0.67490342 0.1023673  0.31892491 0.34506419 0.71285439  0.6525276  0.48060859 0.39981142 0.38876965 0.35606784 0.41582977  0.72597197 0.39416273 0.54508071 0.46202224
0.73779394 0.46455176 0.13534587 0.17909039 0.31570232 0.59191067  0.46821767 0.58912576 0.45505389 0.41767741 0.16131644 0.50350214  0.47331937 0.4193231  0.73979136 0.41457119
0.75173703 0.43114247 0.13233544 0.16690335 0.32263047 0.55578072  0.43694188 0.60280537 0.49029493 0.394334   0.2106804  0.49840038  0.43227609 0.42425836 0.67393373 0.41187866
0.79008996 0.32572705 0.10886236 0.16783942 0.37549285 0.49301327  0.33163041 0.46487022 0.58480748 0.33994465 0.27405953 0.46196276  0.42099031 0.29535614 0.47629821 0.31819943
0.79008996 0.32572705 0.10886236 0.16783942 0.37549285 0.49301327  0.33163041 0.46487022 0.58480748 0.33994465 0.27405953 0.46196276  0.42099031 0.29535614 0.47629821 0.31819943
0.8334346  0.19817784 0.13312381 0.36910428 0.40353719 0.51839459  0.33214511 0.47034719 0.42050318 0.46936666 0.4827257  0.36802683  0.41969122 0.38140849 0.45579289 0.54100878
0.8411958  0.16807342 0.12579698 0.41254933 0.43029571 0.55244047  0.32523172 0.46460058 0.3769221  0.46352216 0.48273272 0.31214609  0.43665735 0.35904417 0.51172476 0.56104827
0.85528649 0.14242083 0.15228158 0.47306932 0.42875213 0.55373332  0.37093706 0.49514836 0.36792678 0.49471613 0.48090933 0.35751433  0.43236462 0.39722335 0.55729118 0.43908571
0.86410981 0.10437353 0.14585127 0.55741379 0.47479035 0.61888261  0.41799587 0.53872587 0.36156486 0.47131441 0.43427528 0.33502991  0.41712515 0.44810106 0.59507594 0.41215984
0.86410981 0.10437353 0.14585127 0.55741379 0.47479035 0.61888261  0.41799587 0.53872587 0.36156486 0.47131441 0.43427528 0.33502991  0.41712515 0.44810106 0.59507594 0.41215984
0.86410981 0.10437353 0.14585127 0.55741379 0.47479035 0.61888261  0.41799587 0.53872587 0.36156486 0.47131441 0.43427528 0.33502991  0.41712515 0.44810106 0.59507594 0.41215984
0.85256373 0.11842636 0.11728886 0.52914907 0.49521544 0.64365921  0.40479362 0.53449545 0.3964644  0.41769958 0.3959339  0.31432672  0.39714912 0.43919918 0.5350963  0.48068749
0.84023899 0.13307226 0.08963529 0.50304483 0.52505186 0.6644557  0.41061233 0.52870684 0.44378651 0.36803509 0.35073203 0.28528987  0.41335089 0.39944911 0.52947076 0.51704732
0.83186391 0.15843177 0.08253399 0.46589673 0.53628042 0.68913907  0.39709582 0.52476963 0.43857196 0.31362152 0.25226907 0.25389814  0.40059795 0.38283187 0.56826011 0.43478311
0.83186391 0.15843177 0.08253399 0.46589673 0.53628042 0.68913907  0.39709582 0.52476963 0.43857196 0.31362152 0.25226907 0.25389814  0.40059795 0.38283187 0.56826011 0.43478311
0.80994543 0.20009389 0.063969   0.38818843 0.52005621 0.61772603  0.38445073 0.46708789 0.45511356 0.32732888 0.36179974 0.23008832  0.44798079 0.32252291 0.64241538 0.56749594
0.70531187 0.43080621 0.04110623 0.28159221 0.4773981  0.55020303  0.52400088 0.23100123 0.61001541 0.28466771 0.39737627 0.37267023  0.70833665 0.43622754 0.59794978 0.41055814
0.63436103 0.5485909  0.03751454 0.3251879  0.46595426 0.51372527  0.6054141  0.10233284 0.62290604 0.35625963 0.40235334 0.45656758  0.61692384 0.54381801 0.60976635 0.38763403
0.54781946 0.67143831 0.05577974 0.41329046 0.42851654 0.4783808  0.59716507 0.0632798  0.52398983 0.46352315 0.38432094 0.51960363  0.41355324 0.48086376 0.59820366 0.37488189
0.44912475 0.74124729 0.07863053 0.50213462 0.4541751  0.34975263  0.64571518 0.31023324 0.35249741 0.43114617 0.48494458 0.4615965  0.3047236  0.39213568 0.59820772 0.31317087
0.30058236 0.64329583 0.13531133 0.56580772 0.49205154 0.16745699  0.55091911 0.39475461 0.22923626 0.4004409  0.22961222 0.4920096  0.47375989 0.33526601 0.42941436 0.39934618
0.21485135 0.62824009 0.19268745 0.59185213 0.45051884 0.20089922  0.45054383 0.52085141 0.28622718 0.39924809 0.19503232 0.49609741  0.57820748 0.36873033 0.40312182 0.51648917
0.10731209 0.51568261 0.27091806 0.53402537 0.39948977 0.32286425  0.40575513 0.54366673 0.39536173 0.35816586 0.29858946 0.4524808  0.68036011 0.36582943 0.30038446 0.49485667
0.10731209 0.51568261 0.27091806 0.53402537 0.39948977 0.32286425  0.40575513 0.54366673 0.39536173 0.35816586 0.29858946 0.4524808  0.68036011 0.36582943 0.30038446 0.49485667
0.03530472 0.41371177 0.32449245 0.44717499 0.36543573 0.42942868  0.4584486  0.49182641 0.42935187 0.38251683 0.3665383  0.45119726  0.57400726 0.38653202 0.39012683 0.47468522
0.00039479 0.36283831 0.35232302 0.39930133 0.34523319 0.50234819  0.48417291 0.45702496 0.47508945 0.39693445 0.45000532 0.44589633  0.47476172 0.42761975 0.50206904 0.41641874
0.00039479 0.36283831 0.35232302 0.39930133 0.34523319 0.50234819  0.48417291 0.45702496 0.47508945 0.39693445 0.45000532 0.44589633  0.47476172 0.42761975 0.50206904 0.41641874
0.00039479 0.36283831 0.35232302 0.39930133 0.34523319 0.50234819  0.48417291 0.45702496 0.47508945 0.39693445 0.45000532 0.44589633  0.47476172 0.42761975 0.50206904 0.41641874
0.00039479 0.36283831 0.35232302 0.39930133 0.34523319 0.50234819  0.48417291 0.45702496 0.47508945 0.39693445 0.45000532 0.44589633  0.47476172 0.42761975 0.50206904 0.41641874
0.00039479 0.36283831 0.35232302 0.39930133 0.34523319 0.50234819  0.48417291 0.45702496 0.47508945 0.39693445 0.45000532 0.44589633  0.47476172 0.42761975 0.50206904 0.41641874
0.00039479 0.36283831 0.35232302 0.39930133 0.34523319 0.50234819  0.48417291 0.45702496 0.47508945 0.39693445 0.45000532 0.44589633  0.47476172 0.42761975 0.50206904 0.41641874
0.00039479 0.36283831 0.35232302 0.39930133 0.34523319 0.50234819  0.48417291 0.45702496 0.47508945 0.39693445 0.45000532 0.44589633  0.47476172 0.42761975 0.50206904 0.41641874
0.00039479 0.36283831 0.35232302 0.39930133 0.34523319 0.50234819  0.48417291 0.45702496 0.47508945 0.39693445 0.45000532 0.44589633  0.47476172 0.42761975 0.50206904 0.41641874
0.00039479 0.36283831 0.35232302 0.39930133 0.34523319 0.50234819  0.48417291 0.45702496 0.47508945 0.39693445 0.45000532 0.44589633  0.47476172 0.42761975 0.50206904 0.41641874
0.00039479 0.36283831 0.35232302 0.39930133 0.34523319 0.50234819  0.48417291 0.45702496 0.47508945 0.39693445 0.45000532 0.44589633  0.47476172 0.42761975 0.50206904 0.41641874
0.00039479 0.36283831 0.35232302 0.39930133 0.34523319 0.50234819  0.48417291 0.45702496 0.47508945 0.39693445 0.45000532 0.44589633  0.47476172 0.42761975 0.50206904 0.41641874
0.00039479 0.36283831 0.35232302 0.39930133 0.34523319 0.50234819  0.48417291 0.45702496 0.47508945 0.39693445 0.45000532 0.44589633  0.47476172 0.42761975 0.50206904 0.41641874
0.00039479 0.36283831 0.35232302 0.39930133 0.34523319 0.50234819  0.48417291 0.45702496 0.47508945 0.39693445 0.45000532 0.44589633  0.47476172 0.42761975 0.50206904 0.41641874
0.00039479 0.36283831 0.35232302 0.39930133 0.34523319 0.50234819  0.48417291 0.45702496 0.47508945 0.39693445 0.45000532 0.44589633  0.47476172 0.42761975 0.50206904 0.41641874
0.00039479 0.36283831 0.35232302 0.39930133 0.34523319 0.50234819  0.48417291 0.45702496 0.47508945 0.39693445 0.45000532 0.44589633  0.47476172 0.42761975 0.50206904 0.41641874
0.00039479 0.36283831 0.35232302 0.39930133 0.34523319 0.50234819  0.48417291 0.45702496 0.47508945 0.39693445 0.45000532 0.44589633  0.47476172 0.42761975 0.50206904 0.41641874
0.00039479 0.36283831 0.35232302 0.39930133 0.34523319 0.50234819  0.48417291 0.45702496 0.47508945 0.39693445 0.45000532 0.44589633  0.47476172 0.42761975 0.50206904 0.41641874
0.00039479 0.36283831 0.35232302 0.39930133 0.34523319 0.50234819  0.48417291 0.45702496 0.47508945 0.39693445 0.45000532 0.44589633  0.47476172 0.42761975 0.50206904 0.41641874
0.00039479 0.36283831 0.35232302 0.39930133 0.34523319 0.50234819  0.48417291 0.45702496 0.47508945 0.39693445 0.45000532 0.44589633  0.47476172 0.42761975 0.50206904 0.41641874
0.00039479 0.36283831 0.35232302 0.39930133 0.34523319 0.50234819  0.48417291 0.45702496 0.47508945 0.39693445 0.45000532 0.44589633  0.47476172 0.42761975 0.50206904 0.41641874
0.00039479 0.36283831 0.35232302 0.39930133 0.34523319 0.50234819  0.48417291 0.45702496 0.47508945 0.39693445 0.45000532 0.44589633  0.47476172 0.42761975 0.50206904 0.41641874
