0.00039479 0.36283831 0.35232302 0.39930133 0.34523319 0.50234819  0.48417291 0.45702496 0.47508945 0.39693445 0.45000532 0.44589633  0.47476172 0.42761975 0.50206904 0.41641874
0.00039479 0.36283831 0.35232302 0.39930133 0.34523319 0.50234819  0.48417291 0.45702496 0.47508945 0.39693445 0.45000532 0.44589633  0.47476172 0.42761975 0.50206904 0.41641874
0.00039479 0.36283831 0.35232302 0.39930133 0.34523319 0.50234819  0.48417291 0.45702496 0.47508945 0.39693445 0.45000532 0.44589633  0.47476172 0.42761975 0.50206904 0.41641874
0.00039479 0.36283831 0.35232302 0.39930133 0.34523319 0.50234819  0.48417291 0.45702496 0.47508945 0.39693445 0.45000532 0.44589633  0.47476172 0.42761975 0.50206904 0.41641874
0.00039479 0.36283831 0.35232302 0.39930133 0.34523319 0.50234819  0.48417291 0.45702496 0.47508945 0.39693445 0.45000532 0.44589633  0.47476172 0.42761975 0.50206904 0.41641874
0.00039479 0.36283831 0.35232302 0.39930133 0.34523319 0.50234819  0.48417291 0.45702496 0.47508945 0.39693445 0.45000532 0.44589633  0.47476172 0.42761975 0.50206904 0.41641874
0.00039479 0.36283831 0.35232302 0.39930133 0.34523319 0.50234819  0.48417291 0.45702496 0.47508945 0.39693445 0.45000532 0.44589633  0.47476172 0.42761975 0.50206904 0.41641874
0.00039479 0.36283831 0.35232302 0.39930133 0.34523319 0.50234819  0.48417291 0.45702496 0.47508945 0.39693445 0.45000532 0.44589633  0.47476172 0.42761975 0.50206904 0.41641874
0.00039479 0.36283831 0.35232302 0.39930133 0.34523319 0.50234819  0.48417291 0.45702496 0.47508945 0.39693445 0.45000532 0.44589633  0.47476172 0.42761975 0.50206904 0.41641874
0.00039479 0.36283831 0.35232302 0.39930133 0.34523319 0.50234819  0.48417291 0.45702496 0.47508945 0.39693445 0.45000532 0.44589633  0.47476172 0.42761975 0.50206904 0.41641874
0.00039479 0.36283831 0.35232302 0.39930133 0.34523319 0.50234819  0.48417291 0.45702496 0.47508945 0.39693445 0.45000532 0.44589633  0.47476172 0.42761975 0.50206904 0.41641874
0.00039479 0.36283831 0.35232302 0.39930133 0.34523319 0.50234819  0.48417291 0.45702496 0.47508945 0.39693445 0.45000532 0.44589633  0.47476172 0.42761975 0.50206904 0.41641874
0.00039479 0.36283831 0.35232302 0.39930133 0.34523319 0.50234819  0.48417291 0.45702496 0.47508945 0.39693445 0.45000532 0.44589633  0.47476172 0.42761975 0.50206904 0.41641874
0.00039479 0.36283831 0.35232302 0.39930133 0.34523319 0.50234819  0.48417291 0.45702496 0.47508945 0.39693445 0.45000532 0.44589633  0.47476172 0.42761975 0.50206904 0.41641874
0.00039479 0.36283831 0.35232302 0.39930133 0.34523319 0.50234819  0.48417291 0.45702496 0.47508945 0.39693445 0.45000532 0.44589633  0.47476172 0.42761975 0.50206904 0.41641874
0.00039479 0.36283831 0.35232302 0.39930133 0.34523319 0.50234819  0.48417291 0.45702496 0.47508945 0.39693445 0.45000532 0.44589633  0.47476172 0.42761975 0.50206904 0.41641874
0.00039479 0.36283831 0.35232302 0.39930133 0.34523319 0.50234819  0.48417291 0.45702496 0.47508945 0.39693445 0.45000532 0.44589633  0.47476172 0.42761975 0.50206904 0.41641874
0.00039479 0.36283831 0.35232302 0.39930133 0.34523319 0.50234819  0.48417291 0.45702496 0.47508945 0.39693445 0.45000532 0.44589633  0.47476172 0.42761975 0.50206904 0.41641874
0.00039479 0.36283831 0.35232302 0.39930133 0.34523319 0.50234819  0.48417291 0.45702496 0.47508945 0.39693445 0.45000532 0.44589633  0.47476172 0.42761975 0.50206904 0.41641874
0.00039479 0.36283831 0.35232302 0.39930133 0.34523319 0.50234819  0.48417291 0.45702496 0.47508945 0.39693445 0.45000532 0.44589633  0.47476172 0.42761975 0.50206904 0.41641874
0.00039479 0.36283831 0.35232302 0.39930133 0.34523319 0.50234819  0.48417291 0.45702496 0.47508945 0.39693445 0.45000532 0.44589633  0.47476172 0.42761975 0.50206904 0.41641874
0.00039479 0.36283831 0.35232302 0.39930133 0.34523319 0.50234819  0.48417291 0.45702496 0.47508945 0.39693445 0.45000532 0.44589633  0.47476172 0.42761975 0.50206904 0.41641874
0.00039479 0.36283831 0.35232302 0.39930133 0.34523319 0.50234819  0.48417291 0.45702496 0.47508945 0.39693445 0.45000532 0.44589633  0.47476172 0.42761975 0.50206904 0.41641874
0.00039479 0.36283831 0.35232302 0.39930133 0.34523319 0.50234819  0.48417291 0.45702496 0.47508945 0.39693445 0.45000532 0.44589633  0.47476172 0.42761975 0.50206904 0.41641874
0.00039479 0.36283831 0.35232302 0.39930133 0.34523319 0.50234819  0.48417291 0.45702496 0.47508945 0.39693445 0.45000532 0.44589633  0.47476172 0.42761975 0.50206904 0.41641874
0.00039479 0.36283831 0.35232302 0.39930133 0.34523319 0.50234819  0.48417291 0.45702496 0.47508945 0.39693445 0.45000532 0.44589633  0.47476172 0.42761975 0.50206904 0.41641874
0.00039479 0.36283831 0.35232302 0.39930133 0.34523319 0.50234819  0.48417291 0.45702496 0.47508945 0.39693445 0.45000532 0.44589633  0.47476172 0.42761975 0.50206904 0.41641874
0.00039479 0.36283831 0.35232302 0.39930133 0.34523319 0.50234819  0.48417291 0.45702496 0.47508945 0.39693445 0.45000532 0.44589633  0.47476172 0.42761975 0.50206904 0.41641874
0.00039479 0.36283831 0.35232302 0.39930133 0.34523319 0.50234819  0.48417291 0.45702496 0.47508945 0.39693445 0.45000532 0.44589633  0.47476172 0.42761975 0.50206904 0.41641874
0.00039479 0.36283831 0.35232302 0.39930133 0.34523319 0.50234819  0.48417291 0.45702496 0.47508945 0.39693445 0.45000532 0.44589633  0.47476172 0.42761975 0.50206904 0.41641874
0.00039479 0.36283831 0.35232302 0.39930133 0.34523319 0.50234819  0.48417291 0.45702496 0.47508945 0.39693445 0.45000532 0.44589633  0.47476172 0.42761975 0.50206904 0.41641874
0.00039479 0.36283831 0.35232302 0.39930133 0.34523319 0.50234819  0.48417291 0.45702496 0.47508945 0.39693445 0.45000532 0.44589633  0.47476172 0.42761975 0.50206904 0.41641874
0.00039479 0.36283831 0.35232302 0.39930133 0.34523319 0.50234819  0.48417291 0.45702496 0.47508945 0.39693445 0.45000532 0.44589633  0.47476172 0.42761975 0.50206904 0.41641874
0.00039479 0.36283831 0.35232302 0.39930133 0.34523319 0.50234819  0.48417291 0.45702496 0.47508945 0.39693445 0.45000532 0.44589633  0.47476172 0.42761975 0.50206904 0.41641874
0.00039479 0.36283831 0.35232302 0.39930133 0.34523319 0.50234819  0.48417291 0.45702496 0.47508945 0.39693445 0.45000532 0.44589633  0.47476172 0.42761975 0.50206904 0.41641874
0.00039479 0.36283831 0.35232302 0.39930133 0.34523319 0.50234819  0.48417291 0.45702496 0.47508945 0.39693445 0.45000532 0.44589633  0.47476172 0.42761975 0.50206904 0.41641874
0.00039479 0.36283831 0.35232302 0.39930133 0.34523319 0.50234819  0.48417291 0.45702496 0.47508945 0.39693445 0.45000532 0.44589633  0.47476172 0.42761975 0.50206904 0.41641874
0.00039479 0.36283831 0.35232302 0.39930133 0.34523319 0.50234819  0.48417291 0.45702496 0.47508945 0.39693445 0.45000532 0.44589633  0.47476172 0.42761975 0.50206904 0.41641874
0.00039479 0.36283831 0.35232302 0.39930133 0.34523319 0.50234819  0.48417291 0.45702496 0.47508945 0.39693445 0.45000532 0.44589633  0.47476172 0.42761975 0.50206904 0.41641874
0.00039479 0.36283831 0.35232302 0.39930133 0.34523319 0.50234819  0.48417291 0.45702496 0.47508945 0.39693445 0.45000532 0.44589633  0.47476172 0.42761975 0.50206904 0.41641874
0.00039479 0.36283831 0.35232302 0.39930133 0.34523319 0.50234819  0.48417291 0.45702496 0.47508945 0.39693445 0.45000532 0.44589633  0.47476172 0.42761975 0.50206904 0.41641874
0.00039479 0.36283831 0.35232302 0.39930133 0.34523319 0.50234819  0.48417291 0.45702496 0.47508945 0.39693445 0.45000532 0.44589633  0.47476172 0.42761975 0.50206904 0.41641874
0.0177474  0.38984345 0.33852207 0.42635267 0.35697043 0.47086435  0.45750391 0.47765391 0.48169648 0.39463854 0.42895995 0.44917931  0.51265071 0.44991576 0.53083289 0.43501917
0.0177474  0.38984345 0.33852207 0.42635267 0.35697043 0.47086435  0.45750391 0.47765391 0.48169648 0.39463854 0.42895995 0.44917931  0.51265071 0.44991576 0.53083289 0.43501917
0.20109268 0.60057539 0.2474937  0.54106284 0.33571343 0.59326076  0.31448922 0.41926909 0.69368919 0.50777989 0.50305296 0.49035848  0.34195134 0.53135409 0.84937002 0.47120517
0.35570403 0.74988314 0.29508268 0.46536476 0.52464505 0.81314875  0.19478316 0.45593691 0.7043445  0.54793162 0.63920979 0.57878867  0.48223804 0.48299903 0.67468909 0.39887206
0.47966484 0.89114943 0.63601621 0.43891775 0.77621017 0.81766519  0.05005104 0.44846929 0.55775032 0.49491642 0.48123289 0.57723626  0.57514202 0.51748339 0.39222374 0.38385906
0.63340842 0.915558   0.69709588 0.3381055  0.71658369 0.80002428  0.30129252 0.49092209 0.39459604 0.40278108 0.58090548 0.53882863  0.59654221 0.43288711 0.18930856 0.43219846
0.71005806 0.84675792 0.81202655 0.28305763 0.69100884 0.68599552  0.34764247 0.63303679 0.4870556  0.38806024 0.57928685 0.502974  0.61880785 0.36527195 0.41674165 0.47096766
0.78688292 0.7976757  0.81845772 0.188595   0.68887371 0.57177743  0.56187727 0.62219386 0.35202058 0.42104894 0.48579243 0.52976177  0.58088485 0.31087149 0.61455439 0.48778445
0.84285597 0.69750843 0.84706061 0.17100257 0.66770582 0.49213528  0.52119892 0.5512418  0.35934121 0.50254799 0.39046694 0.60909483  0.51972298 0.40996049 0.81032331 0.41489898
0.85432679 0.65649581 0.8153291  0.17023189 0.61388268 0.46428941  0.50191137 0.5197152  0.38011096 0.41671822 0.36473629 0.58210693  0.53191129 0.47827426 0.8017472  0.34740632
0.90214795 0.49781197 0.73814676 0.21443591 0.48812282 0.33672451  0.41246217 0.37504328 0.51748312 0.27478387 0.37119497 0.43197439  0.4225884  0.38597463 0.59370466 0.23992042
0.91130039 0.44683304 0.69430482 0.24207461 0.41887409 0.31041021  0.38893916 0.28776441 0.54786166 0.22793006 0.33843238 0.4294608  0.41761544 0.35398169 0.58068927 0.22126322
0.91208228 0.38868439 0.63321127 0.32617275 0.2690076  0.26503404  0.42379005 0.28886937 0.54895992 0.21995618 0.44760055 0.49238533  0.41168022 0.33885223 0.57717277 0.37383565
0.90502332 0.30611099 0.51675259 0.40970877 0.16365188 0.2576517  0.44650232 0.30171255 0.51537607 0.31915245 0.54060016 0.51563023  0.50733002 0.38745628 0.51152136 0.49022513
0.92760306 0.2179846  0.50053065 0.54485715 0.23922918 0.34700984  0.43502098 0.29792167 0.38909139 0.3227986  0.56879463 0.35429601  0.53142004 0.36968855 0.60296854 0.60510368
0.92760306 0.2179846  0.50053065 0.54485715 0.23922918 0.34700984  0.43502098 0.29792167 0.38909139 0.3227986  0.56879463 0.35429601  0.53142004 0.36968855 0.60296854 0.60510368
0.93093775 0.17436968 0.46111906 0.61727131 0.28963831 0.44186852  0.43581755 0.32682376 0.31560833 0.26802418 0.53661802 0.33582015  0.53299144 0.46986006 0.6369274  0.55722243
0.93093775 0.17436968 0.46111906 0.61727131 0.28963831 0.44186852  0.43581755 0.32682376 0.31560833 0.26802418 0.53661802 0.33582015  0.53299144 0.46986006 0.6369274  0.55722243
0.92504601 0.16167864 0.42688196 0.62056788 0.2937584  0.45564351  0.4203054  0.33687105 0.30300356 0.29255919 0.5639913  0.37582074  0.57032971 0.45034963 0.6533907  0.53401736
0.91304085 0.14202962 0.3609821  0.60793489 0.31348434 0.47923815  0.40689015 0.36306462 0.26699066 0.35339197 0.58261271 0.40323295  0.649742   0.42623411 0.67295727 0.42887036
0.8892876  0.1298112  0.25597275 0.5529517  0.35417554 0.525323  0.35706851 0.43258304 0.25535793 0.50409378 0.57583396 0.3928864  0.58552636 0.52734499 0.5165581  0.38492378
0.86021876 0.16373097 0.18303475 0.46977314 0.40918277 0.58550692  0.33030437 0.45219046 0.29470648 0.42393932 0.42247783 0.32644358  0.51634814 0.45716948 0.52585327 0.35361764
0.80425313 0.31108709 0.14011754 0.19626138 0.34911978 0.48278933  0.30088696 0.43238562 0.50805184 0.35428705 0.32711515 0.45875218  0.49462821 0.28945766 0.4712711  0.27465147
0.79215722 0.31910008 0.10777139 0.16629558 0.37252552 0.48737338  0.30736745 0.44750364 0.55797312 0.34979707 0.30291232 0.44142239  0.43131625 0.2682351  0.46723133 0.35357067
0.7542414  0.38895574 0.07952069 0.11783172 0.38649245 0.45098562  0.39455098 0.40149828 0.67891237 0.31366416 0.36670431 0.48518449  0.53847275 0.36151965 0.43022801 0.42267147
0.73852262 0.41427339 0.07266845 0.14417221 0.39238858 0.46502341  0.41697137 0.32886671 0.68208822 0.2967082  0.38023635 0.47553346  0.59354649 0.38370797 0.40950586 0.41059526
0.68366309 0.54567752 0.08277055 0.17491726 0.36002047 0.56729231  0.54976705 0.31560378 0.58664961 0.36170185 0.26258424 0.51163546  0.75220509 0.53956235 0.59103227 0.47358705
0.63745404 0.61589857 0.07697842 0.2253056  0.3676753  0.55842781  0.63258178 0.30653408 0.55261477 0.37880113 0.3560214  0.49828809  0.71417299 0.60566917 0.61332037 0.48724951
0.62010513 0.62623606 0.06317386 0.24241638 0.3938955  0.5185033  0.66745159 0.2802469  0.5729595  0.37695829 0.43809802 0.49105185  0.66823333 0.62177299 0.65708709 0.48758058
0.59296473 0.69138144 0.07971514 0.26112765 0.3643441  0.55649327  0.71347382 0.38113214 0.51043254 0.39851518 0.47596577 0.4790392  0.64517503 0.60598385 0.66570318 0.51718986
0.59296473 0.69138144 0.07971514 0.26112765 0.3643441  0.55649327  0.71347382 0.38113214 0.51043254 0.39851518 0.47596577 0.4790392  0.64517503 0.60598385 0.66570318 0.51718986
0.60767606 0.65920188 0.07480033 0.23907581 0.37440424 0.52379441  0.69283633 0.36461821 0.55701828 0.37460493 0.48103675 0.48392667  0.64499663 0.65559472 0.64612161 0.51599154
0.65836296 0.61334382 0.10408142 0.1724053  0.32219242 0.58629059  0.60783979 0.47672889 0.53943825 0.36464744 0.32756704 0.50253464  0.71482103 0.60325283 0.60956367 0.53334995
0.70194538 0.52778045 0.10600419 0.12908269 0.32670192 0.54988302  0.53113824 0.52575381 0.54915878 0.39139691 0.25396122 0.52672387  0.59080181 0.48548661 0.69372116 0.51904323
0.72875953 0.45967067 0.09330936 0.11606702 0.35196685 0.5000459  0.46717444 0.46267961 0.61566995 0.36275456 0.28128111 0.52359774  0.56390589 0.46055312 0.59836666 0.48499876
0.78439602 0.34920449 0.11509822 0.12285053 0.34576701 0.4533275  0.31428084 0.45325025 0.60155421 0.35564157 0.3029053  0.49730314  0.41435012 0.29059942 0.41129945 0.33353117
0.82934589 0.27851758 0.20433343 0.27979369 0.30770866 0.43395059  0.33286204 0.43774002 0.48876822 0.46408345 0.42231725 0.43253465  0.38561217 0.4462064  0.35071006 0.45968126
0.89496933 0.28554638 0.45456162 0.38350272 0.25292543 0.30889541  0.41549048 0.38246103 0.52456897 0.55051084 0.49726714 0.3516534  0.39574134 0.55824065 0.31363539 0.5041283 
0.94546143 0.33970505 0.719753   0.41621753 0.50286652 0.28735758  0.53493102 0.3478146  0.70591735 0.59312427 0.40824752 0.21604983  0.4870185  0.45595729 0.34535107 0.47298307
0.95133394 0.33796993 0.74831222 0.42843661 0.57850962 0.29115103  0.57514061 0.36483814 0.77198931 0.67005875 0.41897345 0.23601671  0.54391374 0.41011833 0.2981816  0.49028555
0.95133394 0.33796993 0.74831222 0.42843661 0.57850962 0.29115103  0.57514061 0.36483814 0.77198931 0.67005875 0.41897345 0.23601671  0.54391374 0.41011833 0.2981816  0.49028555
0.94949568 0.32958463 0.72952732 0.44749439 0.51783606 0.28262231  0.58315088 0.36298199 0.77352568 0.64047792 0.41070575 0.22675058  0.51913526 0.40619486 0.30752905 0.5154235 
0.94167245 0.32079313 0.68127896 0.44573284 0.40398156 0.26047607  0.56596647 0.3533622  0.739333   0.6087075  0.38945088 0.18164685  0.48647457 0.45492057 0.33101847 0.50834794
0.93861858 0.31040327 0.65769602 0.4648489  0.35404472 0.26807472  0.5508975  0.34187452 0.69784565 0.52148159 0.41673237 0.24305576  0.4534543  0.43700418 0.37846471 0.54418434
0.91387778 0.26238606 0.50993247 0.46611663 0.27380902 0.28387486  0.5310084  0.40035725 0.66514112 0.63755638 0.47541506 0.33680439  0.46118689 0.49389645 0.29196155 0.5456368 
0.90619336 0.2456242  0.46345811 0.4712521  0.25583994 0.29593138  0.52445962 0.41408201 0.63116052 0.64138165 0.49278738 0.37402569  0.47901901 0.47688164 0.33114951 0.49203554
0.85027848 0.30147719 0.3177241  0.34218588 0.19300201 0.37721291  0.39321526 0.42373649 0.41406641 0.55993679 0.50036509 0.58976911  0.5431236  0.57443562 0.46233604 0.35705788
0.85027848 0.30147719 0.3177241  0.34218588 0.19300201 0.37721291  0.39321526 0.42373649 0.41406641 0.55993679 0.50036509 0.58976911  0.5431236  0.57443562 0.46233604 0.35705788
0.75891415 0.41991942 0.12888689 0.12108583 0.31124141 0.50238778  0.3869043  0.51443159 0.53831179 0.40473197 0.2174821  0.53571639  0.43978326 0.38963289 0.57943811 0.39585846
0.75891415 0.41991942 0.12888689 0.12108583 0.31124141 0.50238778  0.3869043  0.51443159 0.53831179 0.40473197 0.2174821  0.53571639  0.43978326 0.38963289 0.57943811 0.39585846
0.66761333 0.57177261 0.08160697 0.20800067 0.35964442 0.58648128  0.56347265 0.25907486 0.56343371 0.37990452 0.25576974 0.50959458  0.77036197 0.56249416 0.52969797 0.46130694
0.43186612 0.71728325 0.1011626  0.47588047 0.43232016 0.35645615  0.63620218 0.30936967 0.34065434 0.48561447 0.30190374 0.53138012  0.37789089 0.49687025 0.68569688 0.46119179
0.28815329 0.67626165 0.1469378  0.56246714 0.47256028 0.1727481  0.57630384 0.47912591 0.21329504 0.39808755 0.27255095 0.48488442  0.4505232  0.36908774 0.41844888 0.42775714
0.28815329 0.67626165 0.1469378  0.56246714 0.47256028 0.1727481  0.57630384 0.47912591 0.21329504 0.39808755 0.27255095 0.48488442  0.4505232  0.36908774 0.41844888 0.42775714
0.23286685 0.6308923  0.18125289 0.57049378 0.45915013 0.19918347  0.47849957 0.5235501  0.32335643 0.3980803  0.25625529 0.49034403  0.62710529 0.42494761 0.47394526 0.50479608
0.14247793 0.53938736 0.24365882 0.53404452 0.42253844 0.27112747  0.45620949 0.51872802 0.32529908 0.38751254 0.2274024  0.48361888  0.66175233 0.36597668 0.34671552 0.53073293
0.08953847 0.4918794  0.28348484 0.51533144 0.39169145 0.34650023  0.41591355 0.53298907 0.40171273 0.36468225 0.3109682  0.45308156  0.65799462 0.35964386 0.30459916 0.49466681
0.07147544 0.46644974 0.29714547 0.49417976 0.38296566 0.37654053  0.42292597 0.52189462 0.42657767 0.3717131  0.34066585 0.45168881  0.62658582 0.38875218 0.37101361 0.47889789
0.07147544 0.46644974 0.29714547 0.49417976 0.38296566 0.37654053  0.42292597 0.52189462 0.42657767 0.3717131  0.34066585 0.45168881  0.62658582 0.38875218 0.37101361 0.47889789
0.01779563 0.38669558 0.33863985 0.42004769 0.35385851 0.46460162  0.48109267 0.47190843 0.43452283 0.38595027 0.3992976  0.44733029  0.52908455 0.38078184 0.39373238 0.44873962
0.01779563 0.38669558 0.33863985 0.42004769 0.35385851 0.46460162  0.48109267 0.47190843 0.43452283 0.38595027 0.3992976  0.44733029  0.52908455 0.38078184 0.39373238 0.44873962
0.03591382 0.41323261 0.32498583 0.44370302 0.3626697  0.43947594  0.46209023 0.48648309 0.43737748 0.38176366 0.39019376 0.44746719  0.55005512 0.38760318 0.39629714 0.44916626
0.03591382 0.41323261 0.32498583 0.44370302 0.3626697  0.43947594  0.46209023 0.48648309 0.43737748 0.38176366 0.39019376 0.44746719  0.55005512 0.38760318 0.39629714 0.44916626
0.03591382 0.41323261 0.32498583 0.44370302 0.3626697  0.43947594  0.46209023 0.48648309 0.43737748 0.38176366 0.39019376 0.44746719  0.55005512 0.38760318 0.39629714 0.44916626
0.03570449 0.41256652 0.32481348 0.44346236 0.36297546 0.43289222  0.46698566 0.4880752  0.41982002 0.37795658 0.37170853 0.44831936  0.5704997  0.36843359 0.35263673 0.4613214 
0.03570449 0.41256652 0.32481348 0.44346236 0.36297546 0.43289222  0.46698566 0.4880752  0.41982002 0.37795658 0.37170853 0.44831936  0.5704997  0.36843359 0.35263673 0.4613214 
0.05382268 0.43910356 0.31115946 0.46711768 0.37178665 0.40776654  0.44798323 0.50264986 0.42267467 0.37376997 0.36260469 0.44845626  0.59147027 0.37525493 0.35520149 0.46174804
0.17972592 0.60520844 0.2191116  0.59126847 0.42995759 0.24563268  0.41141898 0.54157831 0.33022334 0.36494424 0.25574143 0.46349168  0.60456622 0.33965781 0.29136667 0.48492444
0.17972592 0.60520844 0.2191116  0.59126847 0.42995759 0.24563268  0.41141898 0.54157831 0.33022334 0.36494424 0.25574143 0.46349168  0.60456622 0.33965781 0.29136667 0.48492444
0.4727284  0.76296287 0.09975246 0.44356775 0.3891558  0.46753638  0.62542653 0.46016168 0.43930846 0.39818314 0.56832451 0.43939863  0.47149636 0.41645855 0.51039198 0.43517525
0.61093777 0.68699436 0.10631328 0.24266608 0.32415297 0.60761916  0.66531509 0.53006282 0.447798   0.42724029 0.4288751  0.47577892  0.61233295 0.49142061 0.59388449 0.5251346 
0.76883977 0.38088943 0.13123819 0.13779313 0.32051283 0.42089599  0.37861628 0.53312172 0.58884952 0.38421236 0.43334883 0.5141647  0.38083515 0.37193254 0.4619829  0.39386156
0.81964702 0.31551413 0.20580441 0.20399361 0.26515353 0.39230407  0.32182259 0.44883845 0.48413992 0.47928847 0.42751677 0.58130796  0.46444674 0.39397839 0.45192268 0.19339512
0.8280221  0.29015461 0.21290572 0.2411417  0.25392496 0.36762069  0.3353391  0.45277566 0.48935447 0.53370204 0.52597974 0.61269968  0.47719968 0.41059563 0.41313334 0.27565933
0.85842812 0.17250639 0.19508546 0.42259928 0.3497928  0.47252775  0.32124262 0.44278019 0.32357665 0.5532015  0.5909881  0.40245444  0.49631554 0.41791635 0.4817237  0.4726038 
0.87212021 0.12180576 0.19645897 0.53253665 0.40389509 0.52116675  0.40975793 0.4786389  0.39592847 0.56827882 0.54649019 0.38001452  0.50850605 0.38757455 0.51414306 0.51750404
0.86804401 0.1323316  0.18635231 0.50522015 0.40093486 0.54063099  0.36350362 0.47547611 0.31494276 0.52747774 0.53507935 0.36120871  0.48576515 0.46146605 0.54300379 0.4462734 
0.85666383 0.13732324 0.1518621  0.47844603 0.43128684 0.55608134  0.36334541 0.48990694 0.35013539 0.50711016 0.49401112 0.32694394  0.43944278 0.40673904 0.56798574 0.48152197
0.83674267 0.17673558 0.11619839 0.41303321 0.46294049 0.60554132  0.33662664 0.48173931 0.37982038 0.39908176 0.35720677 0.27484902  0.40671382 0.38121991 0.54679544 0.4677854 
0.82441793 0.19138148 0.08854481 0.38692897 0.49277691 0.6263378  0.34244536 0.4759507  0.4271425  0.34941727 0.3120049  0.24581217  0.42291558 0.34146984 0.54116991 0.50414523
0.79352835 0.26412592 0.0731155  0.28820202 0.47137993 0.56420186  0.39668502 0.47191652 0.56612555 0.32030425 0.30336149 0.34366542  0.42094301 0.34637309 0.58112028 0.46322785
0.77161849 0.31867654 0.06346071 0.24389763 0.46439302 0.55313474  0.42989859 0.42844759 0.62669739 0.2820959  0.31080257 0.38805802  0.54488849 0.38270502 0.54743997 0.41638057
0.69682794 0.44947939 0.04511714 0.3147812  0.48281119 0.60219972  0.58636673 0.2665945  0.59320312 0.30170309 0.30761605 0.39131572  0.71119315 0.53694013 0.68825568 0.42661506
0.65174612 0.53271374 0.03997312 0.28389836 0.46048061 0.51900083  0.61694411 0.16844906 0.6258002  0.33393424 0.40993412 0.44382468  0.68363484 0.55954709 0.61847489 0.40562518
0.61826486 0.62371514 0.05840427 0.2636396  0.40217215 0.53749498  0.65540108 0.22000703 0.55764389 0.3955696  0.41098296 0.48814002  0.68255909 0.54229337 0.64717178 0.45742696
0.60087978 0.6395923  0.05594569 0.30492914 0.4076458  0.53221942  0.64387106 0.15389081 0.55474973 0.41789498 0.40340217 0.50088291  0.6158481  0.52656429 0.63846324 0.4394358 
0.60087978 0.6395923  0.05594569 0.30492914 0.4076458  0.53221942  0.64387106 0.15389081 0.55474973 0.41789498 0.40340217 0.50088291  0.6158481  0.52656429 0.63846324 0.4394358 
0.60087978 0.6395923  0.05594569 0.30492914 0.4076458  0.53221942  0.64387106 0.15389081 0.55474973 0.41789498 0.40340217 0.50088291  0.6158481  0.52656429 0.63846324 0.4394358 
0.57121803 0.69550666 0.06934282 0.34869872 0.38272817 0.56240385  0.65685273 0.18966994 0.49985591 0.44495247 0.40711013 0.50347235  0.54367147 0.5253508  0.59913897 0.45675106
0.55878896 0.72847248 0.08096928 0.34535815 0.3632369  0.56769496  0.68223746 0.27404124 0.48391469 0.44259912 0.45004886 0.49634717  0.52043477 0.55917253 0.58817349 0.48516202
0.55878896 0.72847248 0.08096928 0.34535815 0.3632369  0.56769496  0.68223746 0.27404124 0.48391469 0.44259912 0.45004886 0.49634717  0.52043477 0.55917253 0.58817349 0.48516202
0.50748535 0.76946066 0.08252357 0.43513376 0.38276117 0.52078212  0.66592059 0.27140944 0.43777099 0.47183556 0.49395271 0.48826066  0.35635921 0.46548558 0.57831976 0.42510395
0.47519548 0.81056876 0.09654784 0.49702408 0.36448215 0.55085511  0.61469541 0.33360884 0.42118648 0.47317538 0.54490054 0.46542886  0.29218941 0.35246694 0.45807609 0.42316772
0.43740439 0.79507694 0.09863599 0.5362458  0.40257507 0.43886918  0.59520397 0.34853583 0.37673495 0.48088489 0.47543417 0.48337932  0.23480606 0.38419315 0.55192081 0.39585539
0.3823169  0.78846128 0.12236228 0.61859486 0.40084468 0.41011661  0.43917827 0.38945036 0.43904364 0.49797    0.38614672 0.5066506  0.24499922 0.38006324 0.59447753 0.43107704
0.3823169  0.78846128 0.12236228 0.61859486 0.40084468 0.41011661  0.43917827 0.38945036 0.43904364 0.49797    0.38614672 0.5066506  0.24499922 0.38006324 0.59447753 0.43107704
0.36511279 0.7912825  0.13631394 0.64215509 0.38676722 0.4404168  0.36569655 0.42967469 0.52373893 0.46557423 0.45994387 0.47506544  0.27754386 0.40328316 0.58308063 0.38828224
0.36511279 0.7912825  0.13631394 0.64215509 0.38676722 0.4404168  0.36569655 0.42967469 0.52373893 0.46557423 0.45994387 0.47506544  0.27754386 0.40328316 0.58308063 0.38828224
0.36511279 0.7912825  0.13631394 0.64215509 0.38676722 0.4404168  0.36569655 0.42967469 0.52373893 0.46557423 0.45994387 0.47506544  0.27754386 0.40328316 0.58308063 0.38828224
0.36511279 0.7912825  0.13631394 0.64215509 0.38676722 0.4404168  0.36569655 0.42967469 0.52373893 0.46557423 0.45994387 0.47506544  0.27754386 0.40328316 0.58308063 0.38828224
0.38400688 0.80027911 0.13478638 0.62448861 0.36843661 0.49682347  0.37217067 0.42391857 0.55194968 0.46277827 0.50391654 0.46454851  0.29741123 0.38791748 0.53465163 0.40166528
0.42150488 0.81384707 0.13446841 0.58907992 0.33151643 0.5983542  0.38614882 0.41097149 0.57433474 0.45970089 0.53280487 0.45371974  0.35527134 0.36038799 0.45025318 0.41960029
0.45775079 0.8100048  0.14771238 0.5504139  0.28553392 0.69385797  0.36429632 0.4280878  0.57023079 0.45663019 0.47622195 0.45352245  0.43872699 0.32792364 0.36107074 0.43319851
0.49353291 0.80774622 0.12853534 0.49302517 0.29684866 0.67938425  0.49498089 0.38668282 0.46086796 0.46754416 0.44752765 0.46453024  0.40952085 0.30838195 0.3442099  0.45081634
0.5320667  0.7979679  0.2004158  0.48635395 0.2484809  0.73880676  0.40263589 0.40274111 0.38287679 0.42426883 0.32612273 0.47919693  0.41436474 0.3022154  0.22945606 0.44510917
0.56541356 0.81477539 0.33574576 0.54143789 0.17580213 0.68539339  0.43628263 0.34713191 0.37889096 0.38393507 0.32177705 0.44317608  0.42864963 0.39681926 0.17158542 0.4549489 
0.63795232 0.79973552 0.55470574 0.57719406 0.13681024 0.60760497  0.40260803 0.36098528 0.32370869 0.27961    0.29155573 0.43435856  0.28287689 0.25708433 0.37317659 0.39423412
0.7710433  0.7555113  0.75288373 0.3796707  0.32153445 0.48240929  0.61117002 0.50441652 0.31032969 0.34731759 0.3846393  0.39818815  0.34963998 0.31582196 0.72133301 0.36443544
0.7710433  0.7555113  0.75288373 0.3796707  0.32153445 0.48240929  0.61117002 0.50441652 0.31032969 0.34731759 0.3846393  0.39818815  0.34963998 0.31582196 0.72133301 0.36443544
0.7710433  0.7555113  0.75288373 0.3796707  0.32153445 0.48240929  0.61117002 0.50441652 0.31032969 0.34731759 0.3846393  0.39818815  0.34963998 0.31582196 0.72133301 0.36443544
0.7710433  0.7555113  0.75288373 0.3796707  0.32153445 0.48240929  0.61117002 0.50441652 0.31032969 0.34731759 0.3846393  0.39818815  0.34963998 0.31582196 0.72133301 0.36443544
0.78842839 0.73963414 0.75534231 0.33838117 0.31606079 0.48768485  0.62270004 0.57053275 0.31322385 0.3249922  0.39222009 0.38544525  0.41635098 0.33155104 0.73004155 0.3824266 
0.78842839 0.73963414 0.75534231 0.33838117 0.31606079 0.48768485  0.62270004 0.57053275 0.31322385 0.3249922  0.39222009 0.38544525  0.41635098 0.33155104 0.73004155 0.3824266 
0.78842839 0.73963414 0.75534231 0.33838117 0.31606079 0.48768485  0.62270004 0.57053275 0.31322385 0.3249922  0.39222009 0.38544525  0.41635098 0.33155104 0.73004155 0.3824266 
0.78605009 0.73559778 0.7405926  0.3468887  0.30684482 0.50783914  0.60454801 0.56019454 0.26996734 0.26656879 0.40963435 0.43067785  0.43236992 0.31310384 0.75378951 0.36450502
0.78294155 0.71884169 0.70553082 0.37856031 0.19660876 0.48058568  0.63205393 0.55297384 0.29696243 0.25049104 0.36677007 0.37237145  0.42060277 0.32365443 0.75433044 0.3611929 
0.79468131 0.67693411 0.67272282 0.37555573 0.15759189 0.4547828  0.63527478 0.48487592 0.33541206 0.26542892 0.30403153 0.40715459  0.45067791 0.39850131 0.80858054 0.38856946
0.80573017 0.63448988 0.63974466 0.35583361 0.14531833 0.4268624  0.63236184 0.44755515 0.38323698 0.31524362 0.26913332 0.4365079  0.50694219 0.49385897 0.81967187 0.38159979
0.75730323 0.60890181 0.42905532 0.30732959 0.14247202 0.51437023  0.56721316 0.4453451  0.33492823 0.19130407 0.30189591 0.55375301  0.64038132 0.47487211 0.74658986 0.47515219
0.72873814 0.59430964 0.30054951 0.26520992 0.23247583 0.57407023  0.53500983 0.36013089 0.38974514 0.1829092  0.25648034 0.5497879  0.72637995 0.46133129 0.71641715 0.49480779
0.67091744 0.59800773 0.12604327 0.2183795  0.29808835 0.63273478  0.5431323  0.4233957  0.43197434 0.43529421 0.21330484 0.51519461  0.65828735 0.47323455 0.57522288 0.42760597
0.60535763 0.66395529 0.07943465 0.28864698 0.36308881 0.5858511  0.64168925 0.25693179 0.50313486 0.42503677 0.34336963 0.50614352  0.64764039 0.54032922 0.62419339 0.47045667
0.56054567 0.73761466 0.08268952 0.32677243 0.36189043 0.57462075  0.71262659 0.36202045 0.46853089 0.42620739 0.51303395 0.46953994  0.55865407 0.51118612 0.61857934 0.48965786
0.52591558 0.77013771 0.08759323 0.41325612 0.35736862 0.58258863  0.65914151 0.27646454 0.44604421 0.47734151 0.46634445 0.49170317  0.42054867 0.44972215 0.53989668 0.46354306
0.508316   0.78187366 0.09465348 0.45644681 0.34707141 0.59578335  0.60021923 0.26902246 0.4594719  0.4886953  0.44977045 0.49819053  0.37363015 0.41098087 0.47993216 0.46856921
0.49362571 0.81124581 0.1016175  0.47514645 0.3390896  0.61266162  0.60791633 0.33866394 0.42945969 0.47868133 0.51729227 0.46887136  0.35637887 0.33670351 0.41965302 0.46160683
0.49362571 0.81124581 0.1016175  0.47514645 0.3390896  0.61266162  0.60791633 0.33866394 0.42945969 0.47868133 0.51729227 0.46887136  0.35637887 0.33670351 0.41965302 0.46160683
0.49362571 0.81124581 0.1016175  0.47514645 0.3390896  0.61266162  0.60791633 0.33866394 0.42945969 0.47868133 0.51729227 0.46887136  0.35637887 0.33670351 0.41965302 0.46160683
0.49362571 0.81124581 0.1016175  0.47514645 0.3390896  0.61266162  0.60791633 0.33866394 0.42945969 0.47868133 0.51729227 0.46887136  0.35637887 0.33670351 0.41965302 0.46160683
0.49362571 0.81124581 0.1016175  0.47514645 0.3390896  0.61266162  0.60791633 0.33866394 0.42945969 0.47868133 0.51729227 0.46887136  0.35637887 0.33670351 0.41965302 0.46160683
0.52906469 0.78820068 0.09336626 0.38841304 0.34732777 0.60797626  0.70061735 0.39068725 0.41489499 0.43795197 0.56221965 0.44478585  0.48337353 0.40582652 0.48947905 0.4686588 
0.52906469 0.78820068 0.09336626 0.38841304 0.34732777 0.60797626  0.70061735 0.39068725 0.41489499 0.43795197 0.56221965 0.44478585  0.48337353 0.40582652 0.48947905 0.4686588 
0.54644978 0.77232352 0.09582484 0.34712351 0.34185412 0.61325183  0.71214736 0.45680348 0.41778916 0.41562658 0.56980044 0.43204295  0.55008453 0.4215556  0.49818758 0.48664996
0.54644978 0.77232352 0.09582484 0.34712351 0.34185412 0.61325183  0.71214736 0.45680348 0.41778916 0.41562658 0.56980044 0.43204295  0.55008453 0.4215556  0.49818758 0.48664996
0.52906469 0.78820068 0.09336626 0.38841304 0.34732777 0.60797626  0.70061735 0.39068725 0.41489499 0.43795197 0.56221965 0.44478585  0.48337353 0.40582652 0.48947905 0.4686588 
0.52906469 0.78820068 0.09336626 0.38841304 0.34732777 0.60797626  0.70061735 0.39068725 0.41489499 0.43795197 0.56221965 0.44478585  0.48337353 0.40582652 0.48947905 0.4686588 
0.52906469 0.78820068 0.09336626 0.38841304 0.34732777 0.60797626  0.70061735 0.39068725 0.41489499 0.43795197 0.56221965 0.44478585  0.48337353 0.40582652 0.48947905 0.4686588 
0.51122529 0.79950986 0.09455724 0.43195576 0.3493868  0.5994669  0.66683861 0.34610602 0.416032   0.46732754 0.53386627 0.462384  0.40329739 0.37544479 0.47961754 0.45658068
0.49362571 0.81124581 0.1016175  0.47514645 0.3390896  0.61266162  0.60791633 0.33866394 0.42945969 0.47868133 0.51729227 0.46887136  0.35637887 0.33670351 0.41965302 0.46160683
0.45760599 0.81752107 0.11995617 0.54396445 0.32583158 0.62363327  0.47264786 0.36157629 0.50588022 0.48718311 0.48450142 0.47787137  0.36024269 0.32080754 0.41623437 0.47632438
0.38418056 0.80417342 0.13092631 0.62862403 0.37523959 0.48014103  0.38645378 0.41167251 0.53785078 0.45699091 0.51644047 0.46079417  0.27121451 0.3915171  0.53710526 0.36777814
0.34642805 0.7825323  0.14587228 0.66172356 0.38556723 0.43663571  0.306992   0.44931615 0.56901498 0.47390073 0.42453314 0.48720633  0.35072624 0.42870594 0.62507975 0.43299302
0.32811976 0.77340442 0.14455354 0.66746248 0.4073788  0.36600498  0.32396566 0.48794279 0.54226391 0.43316245 0.4604083  0.4647857  0.35048856 0.43172892 0.60043666 0.38374561
0.27209799 0.7245093  0.17425604 0.67390486 0.40990569 0.34481311  0.2541246  0.54119313 0.59592521 0.43086759 0.40170593 0.47542135  0.50268983 0.49802597 0.69260144 0.45016092
0.25494241 0.68435026 0.20291857 0.62626789 0.370743   0.4832307  0.2472436  0.47658857 0.68810784 0.4896209  0.44623614 0.49501527  0.41719588 0.57094922 0.89199564 0.45131853
0.25494241 0.68435026 0.20291857 0.62626789 0.370743   0.4832307  0.2472436  0.47658857 0.68810784 0.4896209  0.44623614 0.49501527  0.41719588 0.57094922 0.89199564 0.45131853
0.25494241 0.68435026 0.20291857 0.62626789 0.370743   0.4832307  0.2472436  0.47658857 0.68810784 0.4896209  0.44623614 0.49501527  0.41719588 0.57094922 0.89199564 0.45131853
0.31956433 0.76693638 0.28312883 0.50902705 0.62246765 0.70203986  0.19549578 0.4508436  0.67519401 0.50071759 0.75263664 0.65180804  0.43595094 0.48100488 0.77599917 0.44476063
0.31956433 0.76693638 0.28312883 0.50902705 0.62246765 0.70203986  0.19549578 0.4508436  0.67519401 0.50071759 0.75263664 0.65180804  0.43595094 0.48100488 0.77599917 0.44476063
0.50194825 0.87037164 0.62052031 0.47843832 0.68739233 0.87370676  0.06236355 0.39368256 0.51619939 0.2994749  0.56046203 0.68515068  0.68450549 0.334441   0.55137693 0.44794255
0.50194825 0.87037164 0.62052031 0.47843832 0.68739233 0.87370676  0.06236355 0.39368256 0.51619939 0.2994749  0.56046203 0.68515068  0.68450549 0.334441   0.55137693 0.44794255
0.5760578  0.91711789 0.78676018 0.49253738 0.68559378 0.76091806  0.18458509 0.4169694  0.56622224 0.33232994 0.47451951 0.53148704  0.86309726 0.3591326  0.4329095  0.41048829
0.5760578  0.91711789 0.78676018 0.49253738 0.68559378 0.76091806  0.18458509 0.4169694  0.56622224 0.33232994 0.47451951 0.53148704  0.86309726 0.3591326  0.4329095  0.41048829
0.71001709 0.8139256  0.81213197 0.27945834 0.68219647 0.68229273  0.37895461 0.64200426 0.53560227 0.35452897 0.6090669  0.46762351  0.88799124 0.34926834 0.6393476  0.30982126
0.74665009 0.76885856 0.86289408 0.26096455 0.63784905 0.6293403  0.3456032  0.75343053 0.54862113 0.40230722 0.55631177 0.45664512  0.66658031 0.27313559 0.68220293 0.3490207 
0.81437333 0.75747234 0.86258451 0.21881922 0.61903785 0.50260919  0.58366183 0.67754747 0.36843212 0.59598146 0.43084615 0.4200281  0.50104499 0.30011361 0.63821082 0.34483102
0.81437333 0.75747234 0.86258451 0.21881922 0.61903785 0.50260919  0.58366183 0.67754747 0.36843212 0.59598146 0.43084615 0.4200281  0.50104499 0.30011361 0.63821082 0.34483102
0.8105675  0.71822687 0.80465169 0.27776754 0.48501126 0.44039851  0.68675666 0.69321796 0.50547632 0.70097018 0.34584619 0.29552081  0.53835145 0.2596018  0.59477803 0.30254638
0.8105675  0.71822687 0.80465169 0.27776754 0.48501126 0.44039851  0.68675666 0.69321796 0.50547632 0.70097018 0.34584619 0.29552081  0.53835145 0.2596018  0.59477803 0.30254638
0.8105675  0.71822687 0.80465169 0.27776754 0.48501126 0.44039851  0.68675666 0.69321796 0.50547632 0.70097018 0.34584619 0.29552081  0.53835145 0.2596018  0.59477803 0.30254638
0.80980271 0.71285323 0.79278296 0.29111377 0.43265    0.4264476  0.70161755 0.69057823 0.52047216 0.69157682 0.31332763 0.24704093  0.52013422 0.27801457 0.59022203 0.29319152
0.83954801 0.65031762 0.78243519 0.24470668 0.45063746 0.3703457  0.67029727 0.62705977 0.60606539 0.66229975 0.27374964 0.27417055  0.53976578 0.40669409 0.60905577 0.30153404
0.86731429 0.58560106 0.7681907  0.22332875 0.47714175 0.32798638  0.62743112 0.51075428 0.67439489 0.65028554 0.22895377 0.2896273  0.55163101 0.44385758 0.59522083 0.27322471
0.86731429 0.58560106 0.7681907  0.22332875 0.47714175 0.32798638  0.62743112 0.51075428 0.67439489 0.65028554 0.22895377 0.2896273  0.55163101 0.44385758 0.59522083 0.27322471
0.89412844 0.51749129 0.75549586 0.21031308 0.50240668 0.27814925  0.56346733 0.44768008 0.74090606 0.62164318 0.25627366 0.28650117  0.52473509 0.41892409 0.49986633 0.23918024
0.90257238 0.47243729 0.7163242  0.21828679 0.50169706 0.26834079  0.54585244 0.37299253 0.76566472 0.67917806 0.22308569 0.30073751  0.58442611 0.40139138 0.48350783 0.19425877
0.90684058 0.43045823 0.67103415 0.21132779 0.5205284  0.26304712  0.49034164 0.37941601 0.78068898 0.69959142 0.29143441 0.29222481  0.55593359 0.37427931 0.34044544 0.12981966
0.89777613 0.39843254 0.59620428 0.25807935 0.3911186  0.26774347  0.48380906 0.36050019 0.71527879 0.56296049 0.31734666 0.36980071  0.55931462 0.34312972 0.41544394 0.15564931
0.84260071 0.31619962 0.29265003 0.23968658 0.2830328  0.37506722  0.33398079 0.41943408 0.44319394 0.50503785 0.47026527 0.61766144  0.59899031 0.38776497 0.4921036  0.07417595
0.82036275 0.31249278 0.20366035 0.20718529 0.27209976 0.40317037  0.31518389 0.44815126 0.46941127 0.46341087 0.41065137 0.56437297  0.48143634 0.36047393 0.48094441 0.14972449
0.80826684 0.32050576 0.1713142  0.17721948 0.2955055  0.40775442  0.32166438 0.46326928 0.51933255 0.45892089 0.38644855 0.54704318  0.41812438 0.33925137 0.47690463 0.22864369
0.82384907 0.26698186 0.17563283 0.26147422 0.30791578 0.40872242  0.33746803 0.4692119  0.49077477 0.52830573 0.4989665  0.52697377  0.42513098 0.38269558 0.43470076 0.37861621
0.85096989 0.16080068 0.15809796 0.43345713 0.40156099 0.51639557  0.34599584 0.47828697 0.36688211 0.52280707 0.52285689 0.36228432  0.43280259 0.40198232 0.50298698 0.49685371
0.84433909 0.15196914 0.12420853 0.45234178 0.46112325 0.57687782  0.36916412 0.48411833 0.3974575  0.45744567 0.44880925 0.29790709  0.45564455 0.36698897 0.5623602  0.5178818 
0.83279301 0.16602197 0.09564612 0.42407707 0.48154834 0.60165442  0.35596187 0.47988791 0.43235704 0.40383084 0.41046787 0.2772039  0.43566852 0.35808708 0.50238056 0.58640945
0.83279301 0.16602197 0.09564612 0.42407707 0.48154834 0.60165442  0.35596187 0.47988791 0.43235704 0.40383084 0.41046787 0.2772039  0.43566852 0.35808708 0.50238056 0.58640945
0.83279301 0.16602197 0.09564612 0.42407707 0.48154834 0.60165442  0.35596187 0.47988791 0.43235704 0.40383084 0.41046787 0.2772039  0.43566852 0.35808708 0.50238056 0.58640945
0.8293193  0.17003153 0.08461179 0.43364147 0.51739892 0.66306963  0.36459274 0.49845228 0.41266774 0.33604239 0.29243383 0.2292331  0.42486671 0.35355457 0.58267333 0.48821802
0.8293193  0.17003153 0.08461179 0.43364147 0.51739892 0.66306963  0.36459274 0.49845228 0.41266774 0.33604239 0.29243383 0.2292331  0.42486671 0.35355457 0.58267333 0.48821802
0.8293193  0.17003153 0.08461179 0.43364147 0.51739892 0.66306963  0.36459274 0.49845228 0.41266774 0.33604239 0.29243383 0.2292331  0.42486671 0.35355457 0.58267333 0.48821802
0.8293193  0.17003153 0.08461179 0.43364147 0.51739892 0.66306963  0.36459274 0.49845228 0.41266774 0.33604239 0.29243383 0.2292331  0.42486671 0.35355457 0.58267333 0.48821802
0.8293193  0.17003153 0.08461179 0.43364147 0.51739892 0.66306963  0.36459274 0.49845228 0.41266774 0.33604239 0.29243383 0.2292331  0.42486671 0.35355457 0.58267333 0.48821802
0.8293193  0.17003153 0.08461179 0.43364147 0.51739892 0.66306963  0.36459274 0.49845228 0.41266774 0.33604239 0.29243383 0.2292331  0.42486671 0.35355457 0.58267333 0.48821802
0.77405017 0.24873009 0.03631962 0.39878977 0.56420148 0.60341818  0.48389914 0.4236103  0.54997023 0.27180933 0.39762655 0.25669462  0.51192188 0.41269261 0.67858423 0.48988303
0.71100892 0.38400622 0.02788624 0.32297698 0.5197126  0.52286074  0.52311919 0.26542903 0.57838404 0.28478438 0.4764503  0.31885467  0.58308504 0.36834483 0.73311619 0.44004799
0.62428283 0.52979566 0.0313787  0.41217567 0.49477181 0.53926178  0.56472197 0.052005   0.58046196 0.3797907  0.37400697 0.41828499  0.55381383 0.49107197 0.65583671 0.39559541
0.39792908 0.539899   0.09734779 0.43243127 0.5196861  0.1991039  0.63825282 0.16071343 0.32326578 0.34269787 0.35644614 0.45474399  0.4558008  0.35796748 0.35817527 0.23193157
0.3515848  0.60405291 0.11681768 0.48763771 0.49594452 0.22563675  0.62391611 0.27819956 0.27960381 0.37619389 0.35613915 0.45986462  0.44059707 0.31712575 0.40026796 0.28541786
0.16068196 0.52871204 0.23218498 0.48569221 0.43232946 0.26177163  0.56302124 0.47453572 0.25077331 0.40119925 0.23017329 0.49222221  0.60777277 0.33723209 0.31856422 0.52615065
0.05306277 0.40930401 0.31102756 0.41763914 0.37666176 0.40426113  0.54756198 0.44277854 0.32496259 0.41131519 0.2958028  0.48030821  0.52794871 0.3284536  0.33871483 0.50730334
0.01779563 0.38669558 0.33863985 0.42004769 0.35385851 0.46460162  0.48109267 0.47190843 0.43452283 0.38595027 0.3992976  0.44733029  0.52908455 0.38078184 0.39373238 0.44873962
0.00039479 0.36283831 0.35232302 0.39930133 0.34523319 0.50234819  0.48417291 0.45702496 0.47508945 0.39693445 0.45000532 0.44589633  0.47476172 0.42761975 0.50206904 0.41641874
0.00039479 0.36283831 0.35232302 0.39930133 0.34523319 0.50234819  0.48417291 0.45702496 0.47508945 0.39693445 0.45000532 0.44589633  0.47476172 0.42761975 0.50206904 0.41641874
0.00039479 0.36283831 0.35232302 0.39930133 0.34523319 0.50234819  0.48417291 0.45702496 0.47508945 0.39693445 0.45000532 0.44589633  0.47476172 0.42761975 0.50206904 0.41641874
0.00039479 0.36283831 0.35232302 0.39930133 0.34523319 0.50234819  0.48417291 0.45702496 0.47508945 0.39693445 0.45000532 0.44589633  0.47476172 0.42761975 0.50206904 0.41641874
0.00039479 0.36283831 0.35232302 0.39930133 0.34523319 0.50234819  0.48417291 0.45702496 0.47508945 0.39693445 0.45000532 0.44589633  0.47476172 0.42761975 0.50206904 0.41641874
0.00039479 0.36283831 0.35232302 0.39930133 0.34523319 0.50234819  0.48417291 0.45702496 0.47508945 0.39693445 0.45000532 0.44589633  0.47476172 0.42761975 0.50206904 0.41641874
0.00039479 0.36283831 0.35232302 0.39930133 0.34523319 0.50234819  0.48417291 0.45702496 0.47508945 0.39693445 0.45000532 0.44589633  0.47476172 0.42761975 0.50206904 0.41641874
0.00039479 0.36283831 0.35232302 0.39930133 0.34523319 0.50234819  0.48417291 0.45702496 0.47508945 0.39693445 0.45000532 0.44589633  0.47476172 0.42761975 0.50206904 0.41641874
0.00039479 0.36283831 0.35232302 0.39930133 0.34523319 0.50234819  0.48417291 0.45702496 0.47508945 0.39693445 0.45000532 0.44589633  0.47476172 0.42761975 0.50206904 0.41641874
0.00039479 0.36283831 0.35232302 0.39930133 0.34523319 0.50234819  0.48417291 0.45702496 0.47508945 0.39693445 0.45000532 0.44589633  0.47476172 0.42761975 0.50206904 0.41641874
0.00039479 0.36283831 0.35232302 0.39930133 0.34523319 0.50234819  0.48417291 0.45702496 0.47508945 0.39693445 0.45000532 0.44589633  0.47476172 0.42761975 0.50206904 0.41641874
0.00039479 0.36283831 0.35232302 0.39930133 0.34523319 0.50234819  0.48417291 0.45702496 0.47508945 0.39693445 0.45000532 0.44589633  0.47476172 0.42761975 0.50206904 0.41641874
0.00039479 0.36283831 0.35232302 0.39930133 0.34523319 0.50234819  0.48417291 0.45702496 0.47508945 0.39693445 0.45000532 0.44589633  0.47476172 0.42761975 0.50206904 0.41641874
0.00039479 0.36283831 0.35232302 0.39930133 0.34523319 0.50234819  0.48417291 0.45702496 0.47508945 0.39693445 0.45000532 0.44589633  0.47476172 0.42761975 0.50206904 0.41641874
0.00039479 0.36283831 0.35232302 0.39930133 0.34523319 0.50234819  0.48417291 0.45702496 0.47508945 0.39693445 0.45000532 0.44589633  0.47476172 0.42761975 0.50206904 0.41641874
0.00039479 0.36283831 0.35232302 0.39930133 0.34523319 0.50234819  0.48417291 0.45702496 0.47508945 0.39693445 0.45000532 0.44589633  0.47476172 0.42761975 0.50206904 0.41641874
0.00039479 0.36283831 0.35232302 0.39930133 0.34523319 0.50234819  0.48417291 0.45702496 0.47508945 0.39693445 0.45000532 0.44589633  0.47476172 0.42761975 0.50206904 0.41641874
0.00039479 0.36283831 0.35232302 0.39930133 0.34523319 0.50234819  0.48417291 0.45702496 0.47508945 0.39693445 0.45000532 0.44589633  0.47476172 0.42761975 0.50206904 0.41641874
0.00039479 0.36283831 0.35232302 0.39930133 0.34523319 0.50234819  0.48417291 0.45702496 0.47508945 0.39693445 0.45000532 0.44589633  0.47476172 0.42761975 0.50206904 0.41641874
0.00039479 0.36283831 0.35232302 0.39930133 0.34523319 0.50234819  0.48417291 0.45702496 0.47508945 0.39693445 0.45000532 0.44589633  0.47476172 0.42761975 0.50206904 0.41641874
0.00039479 0.36283831 0.35232302 0.39930133 0.34523319 0.50234819  0.48417291 0.45702496 0.47508945 0.39693445 0.45000532 0.44589633  0.47476172 0.42761975 0.50206904 0.41641874
0.00039479 0.36283831 0.35232302 0.39930133 0.34523319 0.50234819  0.48417291 0.45702496 0.47508945 0.39693445 0.45000532 0.44589633  0.47476172 0.42761975 0.50206904 0.41641874
0.00039479 0.36283831 0.35232302 0.39930133 0.34523319 0.50234819  0.48417291 0.45702496 0.47508945 0.39693445 0.45000532 0.44589633  0.47476172 0.42761975 0.50206904 0.41641874
0.00039479 0.36283831 0.35232302 0.39930133 0.34523319 0.50234819  0.48417291 0.45702496 0.47508945 0.39693445 0.45000532 0.44589633  0.47476172 0.42761975 0.50206904 0.41641874
0.00039479 0.36283831 0.35232302 0.39930133 0.34523319 0.50234819  0.48417291 0.45702496 0.47508945 0.39693445 0.45000532 0.44589633  0.47476172 0.42761975 0.50206904 0.41641874
0.00039479 0.36283831 0.35232302 0.39930133 0.34523319 0.50234819  0.48417291 0.45702496 0.47508945 0.39693445 0.45000532 0.44589633  0.47476172 0.42761975 0.50206904 0.41641874
0.00039479 0.36283831 0.35232302 0.39930133 0.34523319 0.50234819  0.48417291 0.45702496 0.47508945 0.39693445 0.45000532 0.44589633  0.47476172 0.42761975 0.50206904 0.41641874
0.00039479 0.36283831 0.35232302 0.39930133 0.34523319 0.50234819  0.48417291 0.45702496 0.47508945 0.39693445 0.45000532 0.44589633  0.47476172 0.42761975 0.50206904 0.41641874
0.00039479 0.36283831 0.35232302 0.39930133 0.34523319 0.50234819  0.48417291 0.45702496 0.47508945 0.39693445 0.45000532 0.44589633  0.47476172 0.42761975 0.50206904 0.41641874
