0.00039479 0.36283831 0.35232302 0.39930133 0.34523319 0.50234819  0.48417291 0.45702496 0.47508945 0.39693445 0.45000532 0.44589633  0.47476172 0.42761975 0.50206904 0.41641874
0.00039479 0.36283831 0.35232302 0.39930133 0.34523319 0.50234819  0.48417291 0.45702496 0.47508945 0.39693445 0.45000532 0.44589633  0.47476172 0.42761975 0.50206904 0.41641874
0.00039479 0.36283831 0.35232302 0.39930133 0.34523319 0.50234819  0.48417291 0.45702496 0.47508945 0.39693445 0.45000532 0.44589633  0.47476172 0.42761975 0.50206904 0.41641874
0.00039479 0.36283831 0.35232302 0.39930133 0.34523319 0.50234819  0.48417291 0.45702496 0.47508945 0.39693445 0.45000532 0.44589633  0.47476172 0.42761975 0.50206904 0.41641874
0.00039479 0.36283831 0.35232302 0.39930133 0.34523319 0.50234819  0.48417291 0.45702496 0.47508945 0.39693445 0.45000532 0.44589633  0.47476172 0.42761975 0.50206904 0.41641874
0.00039479 0.36283831 0.35232302 0.39930133 0.34523319 0.50234819  0.48417291 0.45702496 0.47508945 0.39693445 0.45000532 0.44589633  0.47476172 0.42761975 0.50206904 0.41641874
0.00039479 0.36283831 0.35232302 0.39930133 0.34523319 0.50234819  0.48417291 0.45702496 0.47508945 0.39693445 0.45000532 0.44589633  0.47476172 0.42761975 0.50206904 0.41641874
0.00039479 0.36283831 0.35232302 0.39930133 0.34523319 0.50234819  0.48417291 0.45702496 0.47508945 0.39693445 0.45000532 0.44589633  0.47476172 0.42761975 0.50206904 0.41641874
0.00039479 0.36283831 0.35232302 0.39930133 0.34523319 0.50234819  0.48417291 0.45702496 0.47508945 0.39693445 0.45000532 0.44589633  0.47476172 0.42761975 0.50206904 0.41641874
0.00039479 0.36283831 0.35232302 0.39930133 0.34523319 0.50234819  0.48417291 0.45702496 0.47508945 0.39693445 0.45000532 0.44589633  0.47476172 0.42761975 0.50206904 0.41641874
0.00039479 0.36283831 0.35232302 0.39930133 0.34523319 0.50234819  0.48417291 0.45702496 0.47508945 0.39693445 0.45000532 0.44589633  0.47476172 0.42761975 0.50206904 0.41641874
0.00039479 0.36283831 0.35232302 0.39930133 0.34523319 0.50234819  0.48417291 0.45702496 0.47508945 0.39693445 0.45000532 0.44589633  0.47476172 0.42761975 0.50206904 0.41641874
0.00039479 0.36283831 0.35232302 0.39930133 0.34523319 0.50234819  0.48417291 0.45702496 0.47508945 0.39693445 0.45000532 0.44589633  0.47476172 0.42761975 0.50206904 0.41641874
0.00039479 0.36283831 0.35232302 0.39930133 0.34523319 0.50234819  0.48417291 0.45702496 0.47508945 0.39693445 0.45000532 0.44589633  0.47476172 0.42761975 0.50206904 0.41641874
0.00039479 0.36283831 0.35232302 0.39930133 0.34523319 0.50234819  0.48417291 0.45702496 0.47508945 0.39693445 0.45000532 0.44589633  0.47476172 0.42761975 0.50206904 0.41641874
0.00039479 0.36283831 0.35232302 0.39930133 0.34523319 0.50234819  0.48417291 0.45702496 0.47508945 0.39693445 0.45000532 0.44589633  0.47476172 0.42761975 0.50206904 0.41641874
0.00039479 0.36283831 0.35232302 0.39930133 0.34523319 0.50234819  0.48417291 0.45702496 0.47508945 0.39693445 0.45000532 0.44589633  0.47476172 0.42761975 0.50206904 0.41641874
0.00039479 0.36283831 0.35232302 0.39930133 0.34523319 0.50234819  0.48417291 0.45702496 0.47508945 0.39693445 0.45000532 0.44589633  0.47476172 0.42761975 0.50206904 0.41641874
0.00039479 0.36283831 0.35232302 0.39930133 0.34523319 0.50234819  0.48417291 0.45702496 0.47508945 0.39693445 0.45000532 0.44589633  0.47476172 0.42761975 0.50206904 0.41641874
0.00039479 0.36283831 0.35232302 0.39930133 0.34523319 0.50234819  0.48417291 0.45702496 0.47508945 0.39693445 0.45000532 0.44589633  0.47476172 0.42761975 0.50206904 0.41641874
0.00039479 0.36283831 0.35232302 0.39930133 0.34523319 0.50234819  0.48417291 0.45702496 0.47508945 0.39693445 0.45000532 0.44589633  0.47476172 0.42761975 0.50206904 0.41641874
0.00039479 0.36283831 0.35232302 0.39930133 0.34523319 0.50234819  0.48417291 0.45702496 0.47508945 0.39693445 0.45000532 0.44589633  0.47476172 0.42761975 0.50206904 0.41641874
0.00039479 0.36283831 0.35232302 0.39930133 0.34523319 0.50234819  0.48417291 0.45702496 0.47508945 0.39693445 0.45000532 0.44589633  0.47476172 0.42761975 0.50206904 0.41641874
0.00039479 0.36283831 0.35232302 0.39930133 0.34523319 0.50234819  0.48417291 0.45702496 0.47508945 0.39693445 0.45000532 0.44589633  0.47476172 0.42761975 0.50206904 0.41641874
0.00039479 0.36283831 0.35232302 0.39930133 0.34523319 0.50234819  0.48417291 0.45702496 0.47508945 0.39693445 0.45000532 0.44589633  0.47476172 0.42761975 0.50206904 0.41641874
0.00039479 0.36283831 0.35232302 0.39930133 0.34523319 0.50234819  0.48417291 0.45702496 0.47508945 0.39693445 0.45000532 0.44589633  0.47476172 0.42761975 0.50206904 0.41641874
0.00039479 0.36283831 0.35232302 0.39930133 0.34523319 0.50234819  0.48417291 0.45702496 0.47508945 0.39693445 0.45000532 0.44589633  0.47476172 0.42761975 0.50206904 0.41641874
0.00039479 0.36283831 0.35232302 0.39930133 0.34523319 0.50234819  0.48417291 0.45702496 0.47508945 0.39693445 0.45000532 0.44589633  0.47476172 0.42761975 0.50206904 0.41641874
0.00039479 0.36283831 0.35232302 0.39930133 0.34523319 0.50234819  0.48417291 0.45702496 0.47508945 0.39693445 0.45000532 0.44589633  0.47476172 0.42761975 0.50206904 0.41641874
0.00039479 0.36283831 0.35232302 0.39930133 0.34523319 0.50234819  0.48417291 0.45702496 0.47508945 0.39693445 0.45000532 0.44589633  0.47476172 0.42761975 0.50206904 0.41641874
0.00039479 0.36283831 0.35232302 0.39930133 0.34523319 0.50234819  0.48417291 0.45702496 0.47508945 0.39693445 0.45000532 0.44589633  0.47476172 0.42761975 0.50206904 0.41641874
0.00039479 0.36283831 0.35232302 0.39930133 0.34523319 0.50234819  0.48417291 0.45702496 0.47508945 0.39693445 0.45000532 0.44589633  0.47476172 0.42761975 0.50206904 0.41641874
0.00039479 0.36283831 0.35232302 0.39930133 0.34523319 0.50234819  0.48417291 0.45702496 0.47508945 0.39693445 0.45000532 0.44589633  0.47476172 0.42761975 0.50206904 0.41641874
0.00039479 0.36283831 0.35232302 0.39930133 0.34523319 0.50234819  0.48417291 0.45702496 0.47508945 0.39693445 0.45000532 0.44589633  0.47476172 0.42761975 0.50206904 0.41641874
0.00039479 0.36283831 0.35232302 0.39930133 0.34523319 0.50234819  0.48417291 0.45702496 0.47508945 0.39693445 0.45000532 0.44589633  0.47476172 0.42761975 0.50206904 0.41641874
0.00039479 0.36283831 0.35232302 0.39930133 0.34523319 0.50234819  0.48417291 0.45702496 0.47508945 0.39693445 0.45000532 0.44589633  0.47476172 0.42761975 0.50206904 0.41641874
0.00039479 0.36283831 0.35232302 0.39930133 0.34523319 0.50234819  0.48417291 0.45702496 0.47508945 0.39693445 0.45000532 0.44589633  0.47476172 0.42761975 0.50206904 0.41641874
0.00039479 0.36283831 0.35232302 0.39930133 0.34523319 0.50234819  0.48417291 0.45702496 0.47508945 0.39693445 0.45000532 0.44589633  0.47476172 0.42761975 0.50206904 0.41641874
0.00039479 0.36283831 0.35232302 0.39930133 0.34523319 0.50234819  0.48417291 0.45702496 0.47508945 0.39693445 0.45000532 0.44589633  0.47476172 0.42761975 0.50206904 0.41641874
0.00039479 0.36283831 0.35232302 0.39930133 0.34523319 0.50234819  0.48417291 0.45702496 0.47508945 0.39693445 0.45000532 0.44589633  0.47476172 0.42761975 0.50206904 0.41641874
0.00039479 0.36283831 0.35232302 0.39930133 0.34523319 0.50234819  0.48417291 0.45702496 0.47508945 0.39693445 0.45000532 0.44589633  0.47476172 0.42761975 0.50206904 0.41641874
0.00039479 0.36283831 0.35232302 0.39930133 0.34523319 0.50234819  0.48417291 0.45702496 0.47508945 0.39693445 0.45000532 0.44589633  0.47476172 0.42761975 0.50206904 0.41641874
0.00039479 0.36283831 0.35232302 0.39930133 0.34523319 0.50234819  0.48417291 0.45702496 0.47508945 0.39693445 0.45000532 0.44589633  0.47476172 0.42761975 0.50206904 0.41641874
0.00039479 0.36283831 0.35232302 0.39930133 0.34523319 0.50234819  0.48417291 0.45702496 0.47508945 0.39693445 0.45000532 0.44589633  0.47476172 0.42761975 0.50206904 0.41641874
0.00039479 0.36283831 0.35232302 0.39930133 0.34523319 0.50234819  0.48417291 0.45702496 0.47508945 0.39693445 0.45000532 0.44589633  0.47476172 0.42761975 0.50206904 0.41641874
0.00039479 0.36283831 0.35232302 0.39930133 0.34523319 0.50234819  0.48417291 0.45702496 0.47508945 0.39693445 0.45000532 0.44589633  0.47476172 0.42761975 0.50206904 0.41641874
0.00039479 0.36283831 0.35232302 0.39930133 0.34523319 0.50234819  0.48417291 0.45702496 0.47508945 0.39693445 0.45000532 0.44589633  0.47476172 0.42761975 0.50206904 0.41641874
0.00039479 0.36283831 0.35232302 0.39930133 0.34523319 0.50234819  0.48417291 0.45702496 0.47508945 0.39693445 0.45000532 0.44589633  0.47476172 0.42761975 0.50206904 0.41641874
0.00039479 0.36283831 0.35232302 0.39930133 0.34523319 0.50234819  0.48417291 0.45702496 0.47508945 0.39693445 0.45000532 0.44589633  0.47476172 0.42761975 0.50206904 0.41641874
0.00039479 0.36283831 0.35232302 0.39930133 0.34523319 0.50234819  0.48417291 0.45702496 0.47508945 0.39693445 0.45000532 0.44589633  0.47476172 0.42761975 0.50206904 0.41641874
0.00039479 0.36283831 0.35232302 0.39930133 0.34523319 0.50234819  0.48417291 0.45702496 0.47508945 0.39693445 0.45000532 0.44589633  0.47476172 0.42761975 0.50206904 0.41641874
0.00039479 0.36283831 0.35232302 0.39930133 0.34523319 0.50234819  0.48417291 0.45702496 0.47508945 0.39693445 0.45000532 0.44589633  0.47476172 0.42761975 0.50206904 0.41641874
0.00039479 0.36283831 0.35232302 0.39930133 0.34523319 0.50234819  0.48417291 0.45702496 0.47508945 0.39693445 0.45000532 0.44589633  0.47476172 0.42761975 0.50206904 0.41641874
0.00039479 0.36283831 0.35232302 0.39930133 0.34523319 0.50234819  0.48417291 0.45702496 0.47508945 0.39693445 0.45000532 0.44589633  0.47476172 0.42761975 0.50206904 0.41641874
0.00039479 0.36283831 0.35232302 0.39930133 0.34523319 0.50234819  0.48417291 0.45702496 0.47508945 0.39693445 0.45000532 0.44589633  0.47476172 0.42761975 0.50206904 0.41641874
0.00039479 0.36283831 0.35232302 0.39930133 0.34523319 0.50234819  0.48417291 0.45702496 0.47508945 0.39693445 0.45000532 0.44589633  0.47476172 0.42761975 0.50206904 0.41641874
0.00039479 0.36283831 0.35232302 0.39930133 0.34523319 0.50234819  0.48417291 0.45702496 0.47508945 0.39693445 0.45000532 0.44589633  0.47476172 0.42761975 0.50206904 0.41641874
0.00519017 0.38707796 0.40035625 0.36817681 0.44953132 0.53059839  0.45485022 0.45580258 0.45628119 0.41054923 0.45798525 0.45106005  0.47395751 0.43820836 0.48540153 0.37622897
0.05557436 0.48689091 0.52756634 0.27547213 0.78567888 0.66908088  0.33800672 0.43973349 0.47144922 0.55320838 0.52819579 0.57902701  0.49625079 0.44320196 0.55579499 0.37984916
0.24597101 0.66289381 0.70240375 0.32908715 0.7215756  0.82204976  0.26278794 0.33392266 0.66206255 0.54283664 0.58598908 0.51984964  0.34583632 0.57252907 0.60432265 0.4447352 
0.36242795 0.73492324 0.80879505 0.42005369 0.71770403 0.74761583  0.20421945 0.39337297 0.68398158 0.64435771 0.49690083 0.53590969  0.45158237 0.52829869 0.60879081 0.48462681
0.49952821 0.83843826 0.87070434 0.50491629 0.65170603 0.7438755  0.1892581  0.37990682 0.67957005 0.59198054 0.53502112 0.50111803  0.53570383 0.53744286 0.58228396 0.31353236
0.64949956 0.89257241 0.85635394 0.44329879 0.63230052 0.69797288  0.29272639 0.50377183 0.53606261 0.4422009  0.53078906 0.46938135  0.64445575 0.36795883 0.34913774 0.38813581
0.73001172 0.83073011 0.86953042 0.34329414 0.62149483 0.63275913  0.39893994 0.61843279 0.47369964 0.43587875 0.59551629 0.47783765  0.69392407 0.37339869 0.51052067 0.33850246
0.7771276  0.75775467 0.86449578 0.29699307 0.51914027 0.56064196  0.42333998 0.72221706 0.45819844 0.44150484 0.50479613 0.38497328  0.50600229 0.32153113 0.65193304 0.278993  
0.80644841 0.72635969 0.78437855 0.28565839 0.39630096 0.48504873  0.59993075 0.63765881 0.32899722 0.42313754 0.34427239 0.33498982  0.46254625 0.34442842 0.69271345 0.26720292
0.80439091 0.71867568 0.76738096 0.30022573 0.3532093  0.48543484  0.59657473 0.6349452  0.30875932 0.37359442 0.35780417 0.36974665  0.43669558 0.3249122  0.72656245 0.29734407
0.85659286 0.57059391 0.71130156 0.27901088 0.29230493 0.35926552  0.50157277 0.56310537 0.43800959 0.21734513 0.43398895 0.38876563  0.3488487  0.37708476 0.62465668 0.32672557
0.88362789 0.44073304 0.62504752 0.33671502 0.18911824 0.26828442  0.49949073 0.45330652 0.51486803 0.23483172 0.51882553 0.49425839  0.39461782 0.39537801 0.6007706  0.4563982 
0.87669224 0.41610944 0.57165834 0.35704321 0.12191867 0.25484245  0.51817853 0.46453384 0.53212289 0.29493716 0.53335956 0.50683352  0.443896   0.41223655 0.56741758 0.46030186
0.89719705 0.33563282 0.51835091 0.36339957 0.14336134 0.24210277  0.44911746 0.30791713 0.55486921 0.30329914 0.50378628 0.56454126  0.51230418 0.36236783 0.53437817 0.40815922
0.89140341 0.32262065 0.48392347 0.36141554 0.14128793 0.24136703  0.46027192 0.33144188 0.56185054 0.37171714 0.50468067 0.56425553  0.54357842 0.34746679 0.53898309 0.3509965 
0.88551166 0.30992961 0.44968637 0.36471211 0.14540802 0.25514203  0.44475977 0.34148917 0.54924577 0.39625215 0.53205395 0.60425612  0.58091669 0.32795636 0.55544639 0.32779143
0.87930014 0.30329277 0.41821395 0.35406315 0.16720737 0.27947241  0.42019007 0.344158   0.50625154 0.38866693 0.54978096 0.63195406  0.62905474 0.31874188 0.57040804 0.27980716
0.88337634 0.29276692 0.42832061 0.38137965 0.1701676  0.26000817  0.46644437 0.34732079 0.58723725 0.42946801 0.56119181 0.65075987  0.65179564 0.24485038 0.54154731 0.35103779
0.90496046 0.23944177 0.44635375 0.48007035 0.2003067  0.29938454  0.47724559 0.33885567 0.53771913 0.42572809 0.55760428 0.51318884  0.63349395 0.20947017 0.62144736 0.4461923 
0.89874893 0.23280493 0.41488134 0.46942139 0.22210605 0.32371493  0.45267589 0.3415245  0.4947249  0.41814287 0.57533129 0.54088678  0.681632   0.20025569 0.63640901 0.39820803
0.89874893 0.23280493 0.41488134 0.46942139 0.22210605 0.32371493  0.45267589 0.3415245  0.4947249  0.41814287 0.57533129 0.54088678  0.681632   0.20025569 0.63640901 0.39820803
0.88839153 0.23989063 0.37409623 0.43189819 0.21841289 0.36993461  0.36495715 0.33456788 0.34889002 0.34829113 0.58765259 0.54485084  0.67101289 0.330769   0.63794851 0.30542654
0.88839153 0.23989063 0.37409623 0.43189819 0.21841289 0.36993461  0.36495715 0.33456788 0.34889002 0.34829113 0.58765259 0.54485084  0.67101289 0.330769   0.63794851 0.30542654
0.81186452 0.28122951 0.1340051  0.24085807 0.37429971 0.51245021  0.29403187 0.43233594 0.45912058 0.34880641 0.34124761 0.40475984  0.50749843 0.26722729 0.51020093 0.30178221
0.76276221 0.36587439 0.08764175 0.17066156 0.38967088 0.50657719  0.38341267 0.42353559 0.57329073 0.35440014 0.29585128 0.44147405  0.47828302 0.27106117 0.58911234 0.42454246
0.62866709 0.57206834 0.0437504  0.280199   0.43622841 0.4740395  0.58806453 0.09071287 0.63965277 0.37195655 0.43119911 0.49190796  0.61028364 0.5390613  0.54476759 0.40296577
0.4194151  0.79188163 0.10198205 0.55425799 0.40738704 0.40799125  0.5679921  0.37917225 0.3908922  0.45671486 0.49170017 0.47410252  0.26874586 0.36717735 0.51011975 0.38571424
0.28789067 0.69236764 0.14426571 0.59969813 0.47560329 0.16314422  0.50045994 0.50453736 0.28645284 0.40603301 0.26796056 0.49228663  0.49882729 0.42289847 0.51481512 0.44564443
0.28789067 0.69236764 0.14426571 0.59969813 0.47560329 0.16314422  0.50045994 0.50453736 0.28645284 0.40603301 0.26796056 0.49228663  0.49882729 0.42289847 0.51481512 0.44564443
0.19702653 0.61488258 0.20473233 0.59163245 0.4443458  0.21502405  0.42515209 0.5383426  0.32036867 0.38067067 0.22033917 0.48287056  0.66089115 0.36568879 0.34333285 0.52189074
0.03570449 0.41256652 0.32481348 0.44346236 0.36297546 0.43289222  0.46698566 0.4880752  0.41982002 0.37795658 0.37170853 0.44831936  0.5704997  0.36843359 0.35263673 0.4613214 
0.03570449 0.41256652 0.32481348 0.44346236 0.36297546 0.43289222  0.46698566 0.4880752  0.41982002 0.37795658 0.37170853 0.44831936  0.5704997  0.36843359 0.35263673 0.4613214 
0.00039479 0.36283831 0.35232302 0.39930133 0.34523319 0.50234819  0.48417291 0.45702496 0.47508945 0.39693445 0.45000532 0.44589633  0.47476172 0.42761975 0.50206904 0.41641874
0.00039479 0.36283831 0.35232302 0.39930133 0.34523319 0.50234819  0.48417291 0.45702496 0.47508945 0.39693445 0.45000532 0.44589633  0.47476172 0.42761975 0.50206904 0.41641874
0.00039479 0.36283831 0.35232302 0.39930133 0.34523319 0.50234819  0.48417291 0.45702496 0.47508945 0.39693445 0.45000532 0.44589633  0.47476172 0.42761975 0.50206904 0.41641874
0.00039479 0.36283831 0.35232302 0.39930133 0.34523319 0.50234819  0.48417291 0.45702496 0.47508945 0.39693445 0.45000532 0.44589633  0.47476172 0.42761975 0.50206904 0.41641874
0.00039479 0.36283831 0.35232302 0.39930133 0.34523319 0.50234819  0.48417291 0.45702496 0.47508945 0.39693445 0.45000532 0.44589633  0.47476172 0.42761975 0.50206904 0.41641874
0.00039479 0.36283831 0.35232302 0.39930133 0.34523319 0.50234819  0.48417291 0.45702496 0.47508945 0.39693445 0.45000532 0.44589633  0.47476172 0.42761975 0.50206904 0.41641874
0.00039479 0.36283831 0.35232302 0.39930133 0.34523319 0.50234819  0.48417291 0.45702496 0.47508945 0.39693445 0.45000532 0.44589633  0.47476172 0.42761975 0.50206904 0.41641874
0.00039479 0.36283831 0.35232302 0.39930133 0.34523319 0.50234819  0.48417291 0.45702496 0.47508945 0.39693445 0.45000532 0.44589633  0.47476172 0.42761975 0.50206904 0.41641874
0.00039479 0.36283831 0.35232302 0.39930133 0.34523319 0.50234819  0.48417291 0.45702496 0.47508945 0.39693445 0.45000532 0.44589633  0.47476172 0.42761975 0.50206904 0.41641874
0.00039479 0.36283831 0.35232302 0.39930133 0.34523319 0.50234819  0.48417291 0.45702496 0.47508945 0.39693445 0.45000532 0.44589633  0.47476172 0.42761975 0.50206904 0.41641874
0.17937115 0.60680299 0.21959303 0.59760884 0.42816346 0.25590154  0.38057164 0.55463981 0.38874895 0.37480687 0.28036999 0.46529855  0.60040399 0.4015244  0.41902003 0.48502755
0.41817652 0.75969294 0.09313994 0.4979929  0.45207298 0.29551937  0.68554882 0.43442082 0.30752397 0.38345289 0.54972064 0.43002695  0.32602695 0.43216329 0.53261774 0.3022976 
0.56324047 0.75110964 0.09211211 0.30418254 0.34843496 0.59677457  0.7318537  0.49777815 0.44141285 0.39386804 0.58813656 0.42747788  0.60811379 0.45263783 0.56700873 0.50068664
0.6053938  0.65841562 0.06808867 0.26446823 0.38383536 0.55120216  0.68808908 0.29676084 0.52637376 0.40086854 0.43302704 0.48616438  0.66841173 0.57216212 0.67666865 0.4887789 
0.79569505 0.36493748 0.1837502  0.17128591 0.26957549 0.44065988  0.34607475 0.45912536 0.49411434 0.45273586 0.32647815 0.58515559  0.46451781 0.4469961  0.48596761 0.28897835
0.85547722 0.29427106 0.31399857 0.29952222 0.18536629 0.32798231  0.35347369 0.40721375 0.47276387 0.5179033  0.54900734 0.61667942  0.52882284 0.48568905 0.37172599 0.26229399
0.8917718  0.19457456 0.34478221 0.48597459 0.24116698 0.36659223  0.40999331 0.38223318 0.43225576 0.55491112 0.62164953 0.48645868  0.62287907 0.36093185 0.46035875 0.44759875
0.90849174 0.15748438 0.37652373 0.57881485 0.27015774 0.36620749  0.49354199 0.39710612 0.51165148 0.61008265 0.62378843 0.44665776  0.63097805 0.27955689 0.46634805 0.58173778
0.90849174 0.15748438 0.37652373 0.57881485 0.27015774 0.36620749  0.49354199 0.39710612 0.51165148 0.61008265 0.62378843 0.44665776  0.63097805 0.27955689 0.46634805 0.58173778
0.89490276 0.17693601 0.33189288 0.50576474 0.2618456  0.41170785  0.36602615 0.38107579 0.31749772 0.52908132 0.62429367 0.41619173  0.59439183 0.46165032 0.48580495 0.44407643
0.87954355 0.16480659 0.26314617 0.47735003 0.30699852 0.44676219  0.34141108 0.41151968 0.28416704 0.54937004 0.6254689  0.42954178  0.60608062 0.40777946 0.53125207 0.37852258
0.87052403 0.16449341 0.22743161 0.45256509 0.32638706 0.46794371  0.31476214 0.42766218 0.27365537 0.55769148 0.61519093 0.41978422  0.5596275  0.43913891 0.48576347 0.3936846 
0.80697576 0.2610781  0.09887628 0.25799891 0.4213443  0.54268563  0.3027995  0.44945937 0.47526953 0.35928771 0.33109977 0.33596892  0.43844014 0.27283169 0.50274663 0.44840972
0.79215722 0.31910008 0.10777139 0.16629558 0.37252552 0.48737338  0.30736745 0.44750364 0.55797312 0.34979707 0.30291232 0.44142239  0.43131625 0.2682351  0.46723133 0.35357067
0.78439602 0.34920449 0.11509822 0.12285053 0.34576701 0.4533275  0.31428084 0.45325025 0.60155421 0.35564157 0.3029053  0.49730314  0.41435012 0.29059942 0.41129945 0.33353117
0.75728743 0.41096125 0.10916896 0.1212098  0.34641582 0.49149097  0.38723597 0.42630405 0.60342859 0.35946672 0.26170413 0.51478543  0.55259635 0.41567793 0.46822919 0.38144778
0.73026836 0.47971495 0.11945986 0.13607513 0.3209652  0.55310198  0.45368081 0.45928845 0.52987026 0.40483831 0.18961421 0.53374962  0.59902568 0.44785654 0.6082009  0.41941203
0.7173973  0.51441543 0.12914426 0.13690375 0.30262841 0.56680915  0.48636881 0.53604226 0.49860013 0.41013725 0.21165829 0.53177398  0.58487832 0.47772529 0.63769777 0.45076397
0.72866453 0.53353704 0.22026679 0.20569114 0.19623667 0.55396804  0.49122982 0.6697488  0.32675891 0.5249633  0.31430005 0.5901315  0.47374148 0.49325432 0.66405228 0.38790381
0.76766573 0.52360065 0.34992206 0.29233636 0.10725291 0.48955306  0.52256666 0.62841732 0.27526877 0.56277938 0.37566903 0.61481443  0.54534067 0.57724963 0.68262458 0.30601081
0.80310435 0.56152228 0.52359594 0.34600701 0.06451504 0.43042897  0.576746   0.52532687 0.29252494 0.31912457 0.35418011 0.58544613  0.5409438  0.51055022 0.81795554 0.43032519
0.82144895 0.60917222 0.64659689 0.32949311 0.13942219 0.4128246  0.60994144 0.52018672 0.38006113 0.33219958 0.25560128 0.44615893  0.45186846 0.47167065 0.84039401 0.39367599
0.81074378 0.65063255 0.68110611 0.34355963 0.15164126 0.43422022  0.6098687  0.58014444 0.34123148 0.26700409 0.31337234 0.4097286  0.39816286 0.38110427 0.80743884 0.40322413
0.79866033 0.69352403 0.71238305 0.35221981 0.19071263 0.46654788  0.60963353 0.6256054  0.29378658 0.267447   0.35323803 0.38202247  0.36552903 0.30146611 0.77505259 0.37326911
0.80103862 0.69756039 0.72713276 0.34371228 0.19992861 0.44639359  0.62778556 0.63594361 0.33704309 0.32587041 0.33582378 0.33678987  0.34951009 0.31991331 0.75130463 0.39119069
0.80103862 0.69756039 0.72713276 0.34371228 0.19992861 0.44639359  0.62778556 0.63594361 0.33704309 0.32587041 0.33582378 0.33678987  0.34951009 0.31991331 0.75130463 0.39119069
0.8160726  0.66720434 0.72169981 0.31935704 0.20785593 0.42299055  0.61710277 0.58893908 0.37605058 0.32050359 0.29117481 0.35903203  0.36932006 0.39898196 0.78971993 0.40073153
0.83076289 0.63783219 0.71473579 0.3006574  0.21583774 0.40611229  0.60940568 0.5192976  0.40606278 0.33051756 0.22365299 0.3883512  0.38657133 0.47325932 0.84999908 0.40769391
0.84547421 0.60565263 0.70982098 0.27860555 0.22589789 0.37341343  0.58876819 0.50278366 0.45264853 0.30660731 0.22872397 0.39323867  0.38639293 0.5228702  0.83041752 0.40649559
0.84252369 0.5931172  0.68397699 0.29430061 0.1788992  0.36448881  0.59968614 0.50432723 0.46108594 0.31153122 0.23350725 0.39870263  0.39921679 0.52343971 0.82438847 0.42690977
0.85331252 0.54409026 0.65149194 0.29516779 0.14376604 0.31261096  0.58603829 0.52131887 0.50944645 0.30011777 0.28911339 0.40457475  0.37849517 0.52121028 0.76359728 0.44701689
0.85331252 0.54409026 0.65149194 0.29516779 0.14376604 0.31261096  0.58603829 0.52131887 0.50944645 0.30011777 0.28911339 0.40457475  0.37849517 0.52121028 0.76359728 0.44701689
0.85331252 0.54409026 0.65149194 0.29516779 0.14376604 0.31261096  0.58603829 0.52131887 0.50944645 0.30011777 0.28911339 0.40457475  0.37849517 0.52121028 0.76359728 0.44701689
0.85331252 0.54409026 0.65149194 0.29516779 0.14376604 0.31261096  0.58603829 0.52131887 0.50944645 0.30011777 0.28911339 0.40457475  0.37849517 0.52121028 0.76359728 0.44701689
0.87480926 0.46128715 0.61015807 0.30156561 0.15809075 0.25903332  0.52118468 0.46982129 0.58150631 0.30620889 0.38428734 0.37327266  0.38951635 0.43846582 0.56813465 0.36817909
0.87669224 0.41610944 0.57165834 0.35704321 0.12191867 0.25484245  0.51817853 0.46453384 0.53212289 0.29493716 0.53335956 0.50683352  0.443896   0.41223655 0.56741758 0.46030186
0.88956331 0.38140896 0.56197394 0.35621459 0.14025546 0.24113528  0.48549053 0.38778003 0.56339303 0.28963822 0.51131549 0.50880916  0.45804336 0.3823678  0.53792071 0.42894992
0.89719705 0.33563282 0.51835091 0.36339957 0.14336134 0.24210277  0.44911746 0.30791713 0.55486921 0.30329914 0.50378628 0.56454126  0.51230418 0.36236783 0.53437817 0.40815922
0.89140341 0.32262065 0.48392347 0.36141554 0.14128793 0.24136703  0.46027192 0.33144188 0.56185054 0.37171714 0.50468067 0.56425553  0.54357842 0.34746679 0.53898309 0.3509965 
0.89140341 0.32262065 0.48392347 0.36141554 0.14128793 0.24136703  0.46027192 0.33144188 0.56185054 0.37171714 0.50468067 0.56425553  0.54357842 0.34746679 0.53898309 0.3509965 
0.87923046 0.30648947 0.41900792 0.3545054  0.14467509 0.28189747  0.40329533 0.33769534 0.4843966  0.36720149 0.55578609 0.62702598  0.59303848 0.38457817 0.52812516 0.30624057
0.87923046 0.30648947 0.41900792 0.3545054  0.14467509 0.28189747  0.40329533 0.33769534 0.4843966  0.36720149 0.55578609 0.62702598  0.59303848 0.38457817 0.52812516 0.30624057
0.87183175 0.29894727 0.38256643 0.33995918 0.15279899 0.29396983  0.38975626 0.36403677 0.47388696 0.42590222 0.56299166 0.63412819  0.57757175 0.41770437 0.48615704 0.28695493
0.86449674 0.29458424 0.34971314 0.32430716 0.16597775 0.30680079  0.38012264 0.39107126 0.48327554 0.50958186 0.55928531 0.62643698  0.57527597 0.45432959 0.41721459 0.24713197
0.85828521 0.28794739 0.31824072 0.3136582  0.1877771  0.33113117  0.35555293 0.39374008 0.44028131 0.50199664 0.57701233 0.65413493  0.62341402 0.44511511 0.43217624 0.1991477 
0.83174293 0.30750114 0.23815056 0.23395941 0.24174778 0.38772002  0.31534211 0.43372043 0.43421864 0.48377845 0.4517196  0.59863774  0.5277587  0.41520095 0.45596246 0.11447592
0.80881667 0.32654561 0.17509794 0.17892057 0.29252484 0.42794697  0.30198164 0.44392084 0.50431082 0.40979603 0.37231    0.54366977  0.46146031 0.35157205 0.42096477 0.21825214
0.78439602 0.34920449 0.11509822 0.12285053 0.34576701 0.4533275  0.31428084 0.45325025 0.60155421 0.35564157 0.3029053  0.49730314  0.41435012 0.29059942 0.41129945 0.33353117
0.71245785 0.48501546 0.0823423  0.14589847 0.37264681 0.52777345  0.49217761 0.34157134 0.62179105 0.35662963 0.27177815 0.50742406  0.6917453  0.48026016 0.53764033 0.45039154
0.62010513 0.62623606 0.06317386 0.24241638 0.3938955  0.5185033  0.66745159 0.2802469  0.5729595  0.37695829 0.43809802 0.49105185  0.66823333 0.62177299 0.65708709 0.48758058
0.54375498 0.75882854 0.08640224 0.36971339 0.35530959 0.591098  0.69292025 0.32104577 0.4449072  0.44796593 0.49469783 0.47410501  0.50062481 0.48010388 0.54975819 0.47562118
0.51063446 0.78752363 0.0882966  0.41029067 0.37272032 0.54616975  0.70739643 0.38563215 0.40662178 0.43244602 0.58982791 0.44134334  0.41918407 0.42158995 0.52790212 0.43021969
0.47389806 0.7923376  0.09004818 0.47538864 0.39454166 0.48208113  0.66060037 0.35022178 0.391518   0.46673514 0.53598083 0.46637503  0.30159195 0.40756876 0.56345633 0.40421228
0.43799019 0.79494566 0.0957897  0.52431825 0.40605603 0.42464512  0.61865175 0.38140634 0.37819463 0.43735065 0.55528199 0.45044176  0.25443575 0.37185045 0.47884873 0.35999102
0.43799019 0.79494566 0.0957897  0.52431825 0.40605603 0.42464512  0.61865175 0.38140634 0.37819463 0.43735065 0.55528199 0.45044176  0.25443575 0.37185045 0.47884873 0.35999102
0.43799019 0.79494566 0.0957897  0.52431825 0.40605603 0.42464512  0.61865175 0.38140634 0.37819463 0.43735065 0.55528199 0.45044176  0.25443575 0.37185045 0.47884873 0.35999102
0.43799019 0.79494566 0.0957897  0.52431825 0.40605603 0.42464512  0.61865175 0.38140634 0.37819463 0.43735065 0.55528199 0.45044176  0.25443575 0.37185045 0.47884873 0.35999102
0.49303488 0.79925958 0.09535686 0.45348135 0.36242311 0.55936447  0.64847414 0.37819007 0.42004947 0.44379981 0.57325392 0.4478307  0.37226555 0.38284866 0.4679376  0.43524584
0.52906469 0.78820068 0.09336626 0.38841304 0.34732777 0.60797626  0.70061735 0.39068725 0.41489499 0.43795197 0.56221965 0.44478585  0.48337353 0.40582652 0.48947905 0.4686588 
0.56324047 0.75110964 0.09211211 0.30418254 0.34843496 0.59677457  0.7318537  0.49777815 0.44141285 0.39386804 0.58813656 0.42747788  0.60811379 0.45263783 0.56700873 0.50068664
0.60901449 0.66528634 0.08087871 0.22804424 0.36472015 0.5373043  0.69976822 0.43766107 0.53364843 0.38031252 0.48278027 0.48108008  0.62701815 0.58305204 0.72703748 0.52946997
0.7034594  0.52733697 0.11462023 0.11355507 0.3141388  0.51904418  0.52524718 0.62380473 0.56845859 0.36570015 0.34626392 0.51449692  0.52652183 0.5242436  0.61689806 0.54476166
0.74374627 0.44563561 0.11962564 0.12915969 0.32555969 0.50709999  0.4176386  0.53520454 0.55876629 0.35973162 0.3237195  0.50212139  0.52378795 0.42074094 0.47781558 0.42101586
0.82346015 0.34169638 0.24598871 0.2041436  0.24042569 0.38202633  0.33323541 0.41416414 0.55237014 0.40538492 0.38800017 0.54725471  0.43278192 0.43894736 0.34649593 0.32747662
0.9109474  0.43763269 0.68142323 0.25375258 0.36350948 0.27241647  0.42937543 0.30050365 0.62132986 0.31123967 0.30400193 0.34566921  0.41549255 0.38859115 0.52641074 0.25459578
0.94162312 0.41317436 0.78786622 0.2941867  0.58668513 0.26108598  0.47614113 0.32203669 0.69991672 0.55311215 0.44841463 0.31774008  0.49052929 0.36399728 0.38152091 0.42834821
0.94162312 0.41317436 0.78786622 0.2941867  0.58668513 0.26108598  0.47614113 0.32203669 0.69991672 0.55311215 0.44841463 0.31774008  0.49052929 0.36399728 0.38152091 0.42834821
0.94162312 0.41317436 0.78786622 0.2941867  0.58668513 0.26108598  0.47614113 0.32203669 0.69991672 0.55311215 0.44841463 0.31774008  0.49052929 0.36399728 0.38152091 0.42834821
0.92914698 0.42471943 0.75134475 0.26186189 0.50854503 0.22081393  0.51076008 0.33888767 0.78882306 0.63811141 0.38335151 0.30786413  0.54585772 0.37099005 0.34608899 0.30663013
0.91243586 0.43843245 0.71969913 0.29989944 0.35579283 0.21052862  0.54742705 0.41321949 0.76081756 0.54442842 0.41315827 0.29906456  0.47217544 0.3956467  0.37597666 0.38000858
0.88922832 0.44057135 0.6489383  0.32373482 0.24762595 0.2248336  0.60359785 0.45009152 0.73107328 0.59528944 0.36967048 0.36355045  0.51046996 0.42371856 0.5024261  0.40045677
0.87769898 0.45031321 0.61236238 0.29964096 0.21679321 0.23376908  0.60770929 0.44946634 0.73897821 0.55280583 0.27744968 0.34313261  0.51803868 0.39993663 0.54628188 0.3409922 
0.83929281 0.46834783 0.49579042 0.27529755 0.15191522 0.3387083  0.53094987 0.52081128 0.51213778 0.50237531 0.29862794 0.45801942  0.45862751 0.54403374 0.62421874 0.26496152
0.82162642 0.490238   0.47347826 0.27997058 0.11719304 0.35867408  0.55264954 0.60207349 0.45640261 0.51898182 0.35608153 0.50465071  0.47550427 0.58772424 0.6392076  0.30393373
0.82162642 0.490238   0.47347826 0.27997058 0.11719304 0.35867408  0.55264954 0.60207349 0.45640261 0.51898182 0.35608153 0.50465071  0.47550427 0.58772424 0.6392076  0.30393373
0.82162642 0.490238   0.47347826 0.27997058 0.11719304 0.35867408  0.55264954 0.60207349 0.45640261 0.51898182 0.35608153 0.50465071  0.47550427 0.58772424 0.6392076  0.30393373
0.82162642 0.490238   0.47347826 0.27997058 0.11719304 0.35867408  0.55264954 0.60207349 0.45640261 0.51898182 0.35608153 0.50465071  0.47550427 0.58772424 0.6392076  0.30393373
0.82212857 0.55214416 0.56258112 0.28799343 0.15811268 0.37432901  0.61509894 0.56293805 0.47833416 0.52333878 0.24617882 0.41636378  0.52786078 0.55193973 0.73399974 0.28489467
0.84110524 0.60935159 0.70509413 0.22320075 0.39999595 0.40681546  0.57983768 0.53770737 0.46040143 0.52747395 0.24781774 0.39826405  0.56715765 0.5487733  0.74910729 0.20883458
0.82641495 0.63872374 0.71205814 0.24190039 0.39201414 0.42369373  0.58753478 0.60734885 0.43038923 0.51745999 0.31533956 0.36894488  0.54990637 0.47449593 0.68882814 0.2018722 
0.82641495 0.63872374 0.71205814 0.24190039 0.39201414 0.42369373  0.58753478 0.60734885 0.43038923 0.51745999 0.31533956 0.36894488  0.54990637 0.47449593 0.68882814 0.2018722 
0.83619371 0.66382409 0.77403078 0.2392513  0.41428842 0.42894682  0.56861048 0.57414035 0.41459045 0.39386047 0.3046944  0.36211945  0.48217781 0.47310795 0.71154719 0.27554544
0.83619371 0.66382409 0.77403078 0.2392513  0.41428842 0.42894682  0.56861048 0.57414035 0.41459045 0.39386047 0.3046944  0.36211945  0.48217781 0.47310795 0.71154719 0.27554544
0.83619371 0.66382409 0.77403078 0.2392513  0.41428842 0.42894682  0.56861048 0.57414035 0.41459045 0.39386047 0.3046944  0.36211945  0.48217781 0.47310795 0.71154719 0.27554544
0.86048519 0.58736025 0.74751456 0.24607457 0.39412804 0.36962377  0.49652424 0.57058902 0.45451871 0.29391172 0.43028739 0.36722368  0.39523677 0.39660738 0.58551399 0.27593848
0.8677526  0.48001852 0.60405488 0.24659926 0.3241481  0.36833024  0.39430186 0.44678842 0.38715424 0.16143315 0.46384724 0.51162673  0.44658154 0.43725627 0.61278649 0.25666126
0.8677526  0.48001852 0.60405488 0.24659926 0.3241481  0.36833024  0.39430186 0.44678842 0.38715424 0.16143315 0.46384724 0.51162673  0.44658154 0.43725627 0.61278649 0.25666126
0.87083582 0.40850478 0.51411439 0.28172705 0.22336464 0.33660506  0.37626374 0.3759989  0.40861519 0.1497909  0.47518716 0.56391703  0.4872962  0.41012112 0.5831955  0.28086717
0.86788529 0.39596935 0.4882704  0.29742211 0.17636595 0.32768044  0.3871817  0.37754246 0.41705261 0.15471482 0.47997044 0.569381  0.50012006 0.41069063 0.57716645 0.30128135
0.88031436 0.36300353 0.47664394 0.30076268 0.19585721 0.32238933  0.36179696 0.29317116 0.43299383 0.15706817 0.43703171 0.57650618  0.52335676 0.3768689  0.58813193 0.27287039
0.88279769 0.32495298 0.44950814 0.34120735 0.18874873 0.31148095  0.35980132 0.30715566 0.4256036  0.23601675 0.56286795 0.64789849  0.57344797 0.37397571 0.56580587 0.33192953
0.88279769 0.32495298 0.44950814 0.34120735 0.18874873 0.31148095  0.35980132 0.30715566 0.4256036  0.23601675 0.56286795 0.64789849  0.57344797 0.37397571 0.56580587 0.33192953
0.89418516 0.2529028  0.40852368 0.43388222 0.2204863  0.37067035  0.35380269 0.31104314 0.34190869 0.27987313 0.5867582  0.54513657  0.63973865 0.34567003 0.63334359 0.36258926
0.8962178  0.21036879 0.37249792 0.47820738 0.23870344 0.38548354  0.362342   0.3283633  0.30939688 0.36414444 0.62446647 0.49593982  0.66603873 0.35585745 0.6150917  0.38749245
0.8962178  0.21036879 0.37249792 0.47820738 0.23870344 0.38548354  0.362342   0.3283633  0.30939688 0.36414444 0.62446647 0.49593982  0.66603873 0.35585745 0.6150917  0.38749245
0.87869504 0.23023573 0.32812232 0.42329354 0.27328559 0.42089087  0.34878012 0.35220115 0.31384589 0.33760482 0.50945172 0.45020019  0.61683653 0.29458382 0.68436652 0.28765865
0.86227681 0.22238034 0.25596626 0.38396237 0.30079802 0.45414474  0.3085921  0.39468507 0.29282458 0.40462699 0.50637932 0.44754484  0.55491668 0.35906948 0.59690979 0.28353503
0.83074562 0.27153971 0.19542079 0.28477481 0.34069586 0.47484265  0.31686775 0.40953187 0.41483246 0.3187416  0.38329534 0.43315425  0.52977024 0.23950395 0.63912301 0.27307752
0.79649193 0.34119151 0.14744437 0.15281633 0.32236126 0.44874345  0.30780036 0.43813223 0.55163293 0.36013155 0.32710813 0.51463293  0.47766208 0.31182198 0.41533923 0.25461197
0.78439602 0.34920449 0.11509822 0.12285053 0.34576701 0.4533275  0.31428084 0.45325025 0.60155421 0.35564157 0.3029053  0.49730314  0.41435012 0.29059942 0.41129945 0.33353117
0.73928223 0.42129645 0.08811635 0.15355701 0.36880849 0.48656911  0.41274646 0.35665063 0.62004767 0.34328868 0.30937631 0.48770377  0.51639063 0.31561381 0.51245832 0.39242676
0.61928064 0.6279761  0.0650008  0.25491144 0.39462088 0.54170906  0.65237827 0.32354048 0.54185231 0.38273375 0.46244644 0.46793874  0.64459224 0.44029291 0.67009079 0.46016622
0.49920111 0.72216991 0.06970427 0.47401183 0.43093801 0.46225544  0.60907084 0.18568193 0.4267594  0.46167196 0.45251906 0.47855924  0.35662462 0.34288342 0.54793821 0.34499563
0.32433088 0.66508835 0.13465216 0.48544796 0.48009478 0.17537985  0.69242898 0.48538734 0.17519982 0.36525196 0.3342278  0.45781969  0.50078022 0.41150726 0.45015565 0.39755403
0.25074451 0.64482288 0.16816429 0.57181905 0.46861878 0.17296131  0.51188053 0.50594234 0.26671121 0.40875645 0.21944724 0.50044644  0.55654595 0.41210568 0.48534154 0.49442815
0.14357676 0.53580293 0.24604989 0.52194959 0.41288041 0.30147152  0.46614957 0.50492171 0.35092908 0.3863368  0.28517469 0.47310755  0.60940412 0.37483827 0.36849498 0.47961207
0.03617836 0.41001963 0.32656645 0.43526966 0.3588908  0.4510129  0.47457588 0.47724277 0.43619744 0.37868071 0.41057433 0.44299946  0.5274979  0.38803856 0.39568799 0.42341051
0.00039479 0.36283831 0.35232302 0.39930133 0.34523319 0.50234819  0.48417291 0.45702496 0.47508945 0.39693445 0.45000532 0.44589633  0.47476172 0.42761975 0.50206904 0.41641874
0.00039479 0.36283831 0.35232302 0.39930133 0.34523319 0.50234819  0.48417291 0.45702496 0.47508945 0.39693445 0.45000532 0.44589633  0.47476172 0.42761975 0.50206904 0.41641874
0.00039479 0.36283831 0.35232302 0.39930133 0.34523319 0.50234819  0.48417291 0.45702496 0.47508945 0.39693445 0.45000532 0.44589633  0.47476172 0.42761975 0.50206904 0.41641874
0.00039479 0.36283831 0.35232302 0.39930133 0.34523319 0.50234819  0.48417291 0.45702496 0.47508945 0.39693445 0.45000532 0.44589633  0.47476172 0.42761975 0.50206904 0.41641874
0.00039479 0.36283831 0.35232302 0.39930133 0.34523319 0.50234819  0.48417291 0.45702496 0.47508945 0.39693445 0.45000532 0.44589633  0.47476172 0.42761975 0.50206904 0.41641874
0.00039479 0.36283831 0.35232302 0.39930133 0.34523319 0.50234819  0.48417291 0.45702496 0.47508945 0.39693445 0.45000532 0.44589633  0.47476172 0.42761975 0.50206904 0.41641874
0.00039479 0.36283831 0.35232302 0.39930133 0.34523319 0.50234819  0.48417291 0.45702496 0.47508945 0.39693445 0.45000532 0.44589633  0.47476172 0.42761975 0.50206904 0.41641874
0.00039479 0.36283831 0.35232302 0.39930133 0.34523319 0.50234819  0.48417291 0.45702496 0.47508945 0.39693445 0.45000532 0.44589633  0.47476172 0.42761975 0.50206904 0.41641874
0.00039479 0.36283831 0.35232302 0.39930133 0.34523319 0.50234819  0.48417291 0.45702496 0.47508945 0.39693445 0.45000532 0.44589633  0.47476172 0.42761975 0.50206904 0.41641874
0.00039479 0.36283831 0.35232302 0.39930133 0.34523319 0.50234819  0.48417291 0.45702496 0.47508945 0.39693445 0.45000532 0.44589633  0.47476172 0.42761975 0.50206904 0.41641874
0.00039479 0.36283831 0.35232302 0.39930133 0.34523319 0.50234819  0.48417291 0.45702496 0.47508945 0.39693445 0.45000532 0.44589633  0.47476172 0.42761975 0.50206904 0.41641874
0.00039479 0.36283831 0.35232302 0.39930133 0.34523319 0.50234819  0.48417291 0.45702496 0.47508945 0.39693445 0.45000532 0.44589633  0.47476172 0.42761975 0.50206904 0.41641874
0.00039479 0.36283831 0.35232302 0.39930133 0.34523319 0.50234819  0.48417291 0.45702496 0.47508945 0.39693445 0.45000532 0.44589633  0.47476172 0.42761975 0.50206904 0.41641874
0.00039479 0.36283831 0.35232302 0.39930133 0.34523319 0.50234819  0.48417291 0.45702496 0.47508945 0.39693445 0.45000532 0.44589633  0.47476172 0.42761975 0.50206904 0.41641874
0.05492119 0.50402095 0.61762611 0.31303622 0.81432438 0.57100499  0.32990379 0.42801796 0.37093865 0.28938527 0.5705198  0.65624747  0.50291126 0.39785332 0.53879453 0.51422228
0.24821323 0.65385275 0.90264687 0.46920029 0.79621584 0.59720533  0.27557473 0.28963565 0.51853775 0.44082714 0.50994378 0.70441488  0.53037566 0.38231163 0.84241373 0.51924218
0.39270998 0.76652538 0.8752886  0.51702086 0.76416273 0.6470058  0.10154812 0.41903039 0.51714596 0.41831328 0.33258612 0.75720062  0.71917751 0.37589116 0.78455495 0.60473407
0.4659926  0.80174023 0.91212245 0.50262833 0.73088954 0.68457196  0.17107798 0.41060918 0.57625481 0.57515464 0.44357909 0.6783719  0.69874517 0.39048046 0.61556486 0.55419932
0.51300256 0.83697433 0.91334106 0.57279109 0.72781557 0.59200849  0.17418758 0.44081751 0.4759237  0.61075444 0.4015151  0.70190181  0.80445282 0.32343612 0.5007934  0.53376147
0.53146547 0.8625408  0.89907918 0.59505762 0.72518727 0.57132354  0.16411474 0.44743413 0.48997155 0.60961376 0.39707551 0.68108463  0.79172201 0.34261493 0.52394448 0.50884202
0.52926304 0.85630885 0.88047492 0.61015625 0.68534598 0.57866783  0.16034139 0.43305649 0.46389304 0.55181806 0.37526739 0.65763652  0.81679811 0.35278814 0.53644004 0.43279115
0.47794419 0.8763625  0.74942906 0.58330149 0.72478717 0.61998903  0.14375    0.3838981  0.46237183 0.32041535 0.41766845 0.69852744  0.77982748 0.28659798 0.60835408 0.5179876 
0.39742949 0.8120627  0.46625219 0.6721592  0.44089419 0.50804857  0.19379543 0.35464215 0.47195405 0.19917691 0.39260855 0.5061147  0.58678876 0.43972883 0.62861044 0.44412017
0.27189156 0.71016183 0.1862994  0.65428828 0.38806877 0.40339873  0.26067255 0.49823371 0.56163411 0.47095138 0.29824837 0.50923855  0.54497577 0.44197062 0.6228587  0.54271728
0.21678902 0.63625315 0.22473912 0.60267596 0.36911283 0.45436951  0.2760983  0.48744267 0.5862585  0.48139067 0.30224994 0.51246108  0.55935086 0.477117   0.68905028 0.56173615
0.14509986 0.55858377 0.25425168 0.55343511 0.38499907 0.3908712  0.35683393 0.52533865 0.52903914 0.40104182 0.41376709 0.45844612  0.52084153 0.45829967 0.58462438 0.42865849
0.10917141 0.51455462 0.27527812 0.52275027 0.38564485 0.39471974  0.38063919 0.52615626 0.53194034 0.3787913  0.4588815  0.44062594  0.53114931 0.50144498 0.6053583  0.38086627
0.09105322 0.48801758 0.28893214 0.49909495 0.37683366 0.41984542  0.39964162 0.5115816  0.52908568 0.38297791 0.46798534 0.44048905  0.51017873 0.49462364 0.60279353 0.38043963
0.07314436 0.46214664 0.30275852 0.47568028 0.36771671 0.45155482  0.41374863 0.49541483 0.54378849 0.39097161 0.49557442 0.43949997  0.46876358 0.50697189 0.64388919 0.36785785
0.10997182 0.48579469 0.30119431 0.4707425  0.328516   0.58170991  0.38232606 0.41697191 0.59957179 0.47704982 0.43786194 0.48636498  0.42446121 0.49774304 0.72315678 0.45638948
0.14640828 0.53183752 0.28002467 0.50409563 0.32836185 0.58389854  0.34749404 0.41743761 0.6225344  0.50229082 0.41586617 0.50374027  0.40124576 0.48908738 0.76966386 0.4844426 
0.18192732 0.58223182 0.25268748 0.54849732 0.34579836 0.52102629  0.32541137 0.44689573 0.58482243 0.48712003 0.35605462 0.50531113  0.47653916 0.44907081 0.66389197 0.51719012
0.29042844 0.70990462 0.19224957 0.62982909 0.35943058 0.47631863  0.25088622 0.50218723 0.58940841 0.47714233 0.29345735 0.50913654  0.59723046 0.44303805 0.61368634 0.56716047
0.41986575 0.76106765 0.16861889 0.53146907 0.28487866 0.69818265  0.3448441  0.42458457 0.6011229  0.49213929 0.40323607 0.48923615  0.54885037 0.36529934 0.45051567 0.53977804
0.49285643 0.77437128 0.12907609 0.43438035 0.3040582  0.67771181  0.59204894 0.35037646 0.4062603  0.48471079 0.4443195  0.47597071  0.38134796 0.31377835 0.37332153 0.46084911
0.58108692 0.75256055 0.12394235 0.31353641 0.28926624 0.69493698  0.64085643 0.51238524 0.37699323 0.42387175 0.40951623 0.44861004  0.63806581 0.39214551 0.40029533 0.49172826
0.6287641  0.69070175 0.15006671 0.25809382 0.26268795 0.6783072  0.58689692 0.62441302 0.34701343 0.42829371 0.36841436 0.45650811  0.59798941 0.35371026 0.46556296 0.43951371
0.6287641  0.69070175 0.15006671 0.25809382 0.26268795 0.6783072  0.58689692 0.62441302 0.34701343 0.42829371 0.36841436 0.45650811  0.59798941 0.35371026 0.46556296 0.43951371
0.67152011 0.67587587 0.26096683 0.28146891 0.2121059  0.64969714  0.54688695 0.63062676 0.27727141 0.3534477  0.39474254 0.49812255  0.61140264 0.41230192 0.45523449 0.44740303
0.72508103 0.83091451 0.6620616  0.25905861 0.53780013 0.64426982  0.5823286  0.46102181 0.28882865 0.25176498 0.35904409 0.35912594  0.7027113  0.43748833 0.50665755 0.31976223
0.74172511 0.81412997 0.70495451 0.30511354 0.47329825 0.58102748  0.6592825  0.47578192 0.33995356 0.35341327 0.34861416 0.31712848  0.75542427 0.44331075 0.55115056 0.26213137
0.77996502 0.78662706 0.79757415 0.30591702 0.4376885  0.48587541  0.68499234 0.55980455 0.41679928 0.54111927 0.32506178 0.24314077  0.59632546 0.45108012 0.53595332 0.29014397
0.7840505  0.728764   0.73540892 0.3195841  0.346876   0.44808116  0.68853343 0.63848063 0.43077678 0.69861519 0.29063094 0.2171678  0.53248708 0.38770297 0.54202555 0.21056039
0.82107882 0.60415681 0.64414344 0.29550292 0.20307708 0.36086425  0.68458135 0.5752693  0.52681619 0.63612865 0.19739023 0.30167106  0.55360882 0.50578084 0.73034376 0.31013492
0.80190931 0.5805312  0.54310136 0.28837954 0.1720721  0.40630798  0.6399006  0.6155934  0.46220071 0.6705425  0.23183548 0.38107149  0.52601457 0.53756883 0.67703014 0.26324588
0.77375511 0.47881859 0.30526344 0.29204718 0.15250857 0.49813477  0.49921581 0.5583474  0.26839098 0.57710002 0.3441835  0.64504722  0.62671929 0.45819758 0.78452577 0.19688398
0.75651715 0.43927589 0.16045973 0.16153759 0.28388818 0.51374113  0.43138235 0.5049824  0.46817121 0.48169021 0.20645952 0.56152136  0.50080257 0.39359953 0.70527537 0.33002334
0.75804705 0.41798431 0.12461685 0.13059459 0.32283573 0.51303666  0.38301105 0.45408797 0.54138804 0.4060472  0.19084409 0.52695574  0.47544049 0.34758377 0.57118164 0.36327928
0.75804705 0.41798431 0.12461685 0.13059459 0.32283573 0.51303666  0.38301105 0.45408797 0.54138804 0.4060472  0.19084409 0.52695574  0.47544049 0.34758377 0.57118164 0.36327928
0.74259513 0.43134932 0.10147678 0.12277353 0.34690923 0.49611053  0.42778048 0.44379952 0.59194669 0.38730686 0.23314702 0.52190563  0.48136398 0.35534509 0.62720503 0.43155854
0.69673908 0.51033311 0.07549007 0.17223897 0.37854294 0.54181124  0.514598   0.26893977 0.6249669  0.33967367 0.28531019 0.49777304  0.74681904 0.50244848 0.51691819 0.43831534
0.61826486 0.62371514 0.05840427 0.2636396  0.40217215 0.53749498  0.65540108 0.22000703 0.55764389 0.3955696  0.41098296 0.48814002  0.68255909 0.54229337 0.64717178 0.45742696
0.61826486 0.62371514 0.05840427 0.2636396  0.40217215 0.53749498  0.65540108 0.22000703 0.55764389 0.3955696  0.41098296 0.48814002  0.68255909 0.54229337 0.64717178 0.45742696
0.56957849 0.67361573 0.06056043 0.32763539 0.41470156 0.48412008  0.68333815 0.22558951 0.51520638 0.41768798 0.45305451 0.49546477  0.53751127 0.57219647 0.70638319 0.43234863
0.51991442 0.73649484 0.0708971  0.43847433 0.40225243 0.51549101  0.64053586 0.18703813 0.45371221 0.47418891 0.45101398 0.49538584  0.37959591 0.43166385 0.58928523 0.39669299
0.51991442 0.73649484 0.0708971  0.43847433 0.40225243 0.51549101  0.64053586 0.18703813 0.45371221 0.47418891 0.45101398 0.49538584  0.37959591 0.43166385 0.58928523 0.39669299
0.50748535 0.76946066 0.08252357 0.43513376 0.38276117 0.52078212  0.66592059 0.27140944 0.43777099 0.47183556 0.49395271 0.48826066  0.35635921 0.46548558 0.57831976 0.42510395
0.47448677 0.78970493 0.08816885 0.45957232 0.39659092 0.46702966  0.69059135 0.37967756 0.38100772 0.42108331 0.59734968 0.43652086  0.33887025 0.39423119 0.49339753 0.36889416
0.45558977 0.78320972 0.08872944 0.48112756 0.41635323 0.4114504  0.67757403 0.38884842 0.36476694 0.42599686 0.57185598 0.4439544  0.30135427 0.41059173 0.53881325 0.35496487
0.43799019 0.79494566 0.0957897  0.52431825 0.40605603 0.42464512  0.61865175 0.38140634 0.37819463 0.43735065 0.55528199 0.45044176  0.25443575 0.37185045 0.47884873 0.35999102
0.4005181  0.78538641 0.10254264 0.57581323 0.42714935 0.35241199  0.55497478 0.38834311 0.37465141 0.46162841 0.46620647 0.48153606  0.23122988 0.38353789 0.55553547 0.37178495
0.36587227 0.79504554 0.12960758 0.63436296 0.39705116 0.40951031  0.40342744 0.45029915 0.51109971 0.41625263 0.55231562 0.43837353  0.27097683 0.39454007 0.51246217 0.31853074
0.3468045  0.78215462 0.1349952  0.64789402 0.40857879 0.36978608  0.38267021 0.46830133 0.49698787 0.42483595 0.49581903 0.45264481  0.27730618 0.40630613 0.55843754 0.33903484
0.32811976 0.77340442 0.14455354 0.66746248 0.4073788  0.36600498  0.32396566 0.48794279 0.54226391 0.43316245 0.4604083  0.4647857  0.35048856 0.43172892 0.60043666 0.38374561
0.34642805 0.7825323  0.14587228 0.66172356 0.38556723 0.43663571  0.306992   0.44931615 0.56901498 0.47390073 0.42453314 0.48720633  0.35072624 0.42870594 0.62507975 0.43299302
0.32814182 0.77170362 0.15751807 0.67042581 0.3808457  0.44991599  0.25376018 0.48097045 0.64218099 0.46450094 0.4516513  0.47933088  0.44118245 0.47070012 0.66369342 0.45249362
0.38500068 0.80008635 0.1500423  0.61767303 0.33122515 0.60162614  0.29400884 0.44804128 0.70074437 0.44820811 0.57761426 0.44710914  0.49223646 0.42720784 0.52387333 0.45930185
0.44040188 0.82034229 0.13390782 0.56752468 0.31175412 0.65393346  0.39916614 0.40180063 0.59057552 0.45478735 0.55829857 0.44628621  0.39278733 0.34402745 0.40483746 0.43352958
0.54550984 0.92762137 0.54525292 0.45914787 0.54853072 0.75780308  0.26438834 0.37187441 0.54633329 0.38185463 0.2384436  0.25930912  0.42893408 0.39664373 0.18746742 0.31938173
0.66525594 0.8978812  0.72868942 0.37773249 0.56330093 0.72211952  0.46657489 0.42767207 0.45455143 0.2591516  0.4527386  0.33882548  0.78270661 0.40412986 0.37417047 0.28134901
0.67680203 0.88382837 0.75725183 0.4059972  0.54287584 0.69734292  0.47977714 0.4319025  0.41965188 0.31276643 0.49107998 0.35952867  0.80268263 0.41303175 0.43415011 0.21282136
0.71806482 0.86205934 0.79451012 0.34819666 0.54709677 0.61938436  0.57769531 0.48993352 0.44867918 0.41488036 0.43103101 0.31555208  0.70571064 0.41438942 0.43700396 0.27977979
0.79677956 0.76590561 0.81060645 0.25948738 0.49042582 0.48063734  0.65642585 0.61897321 0.42501934 0.53230997 0.36439486 0.29366154  0.5963858  0.40973555 0.60184363 0.31177893
0.79677956 0.76590561 0.81060645 0.25948738 0.49042582 0.48063734  0.65642585 0.61897321 0.42501934 0.53230997 0.36439486 0.29366154  0.5963858  0.40973555 0.60184363 0.31177893
0.81152015 0.73639124 0.81710375 0.26578131 0.43176317 0.44664759  0.64420879 0.66389069 0.43250512 0.58235774 0.30102239 0.22852085  0.46611908 0.3668071  0.61447784 0.27912361
0.81152015 0.73639124 0.81710375 0.26578131 0.43176317 0.44664759  0.64420879 0.66389069 0.43250512 0.58235774 0.30102239 0.22852085  0.46611908 0.3668071  0.61447784 0.27912361
0.84124442 0.67666304 0.80470677 0.22272642 0.4476723  0.40636628  0.6258289  0.54724468 0.50152481 0.58700489 0.1888516  0.28008218  0.50318032 0.52015311 0.71317228 0.29562683
0.84124442 0.67666304 0.80470677 0.22272642 0.4476723  0.40636628  0.6258289  0.54724468 0.50152481 0.58700489 0.1888516  0.28008218  0.50318032 0.52015311 0.71317228 0.29562683
0.84935943 0.62922581 0.75943595 0.20294059 0.44530849 0.37838627  0.6079231  0.54816181 0.53580244 0.59530857 0.2041748  0.30841326  0.5281265  0.55304526 0.71810026 0.23970522
0.84935943 0.62922581 0.75943595 0.20294059 0.44530849 0.37838627  0.6079231  0.54816181 0.53580244 0.59530857 0.2041748  0.30841326  0.5281265  0.55304526 0.71810026 0.23970522
0.84537431 0.61713763 0.73189076 0.20757371 0.42510761 0.37386892  0.61569295 0.55784557 0.54461988 0.6504901  0.21392556 0.31552442  0.56458082 0.56933428 0.69077629 0.2231947 
0.80819165 0.57906686 0.54631547 0.20659834 0.31573388 0.40254819  0.62042758 0.59786061 0.57481009 0.6760917  0.18644052 0.33143142  0.59266709 0.57086934 0.60862659 0.2431283 
0.72279552 0.53676856 0.20001159 0.1720346  0.26344499 0.52056822  0.56642024 0.62843781 0.51260853 0.49044939 0.26920626 0.52258214  0.56949586 0.46382709 0.71403316 0.43219813
0.65910356 0.63215836 0.1321363  0.20227821 0.28805877 0.63591558  0.58370785 0.50353127 0.44229386 0.40729804 0.28019313 0.50269729  0.70907594 0.54588063 0.57312185 0.466269  
0.55878896 0.72847248 0.08096928 0.34535815 0.3632369  0.56769496  0.68223746 0.27404124 0.48391469 0.44259912 0.45004886 0.49634717  0.52043477 0.55917253 0.58817349 0.48516202
0.52532475 0.75815148 0.08133258 0.39159103 0.38070213 0.52929149  0.69969933 0.31599067 0.43663399 0.44245999 0.52230609 0.47066251  0.43643535 0.49586731 0.58818127 0.43718207
0.43669568 0.77421311 0.090257   0.49879404 0.43468384 0.35504374  0.67109991 0.39460454 0.33655619 0.42879282 0.52788332 0.45447132  0.2814869  0.42595741 0.58724225 0.34158183
0.32539205 0.72242557 0.12454503 0.58656137 0.47532714 0.18079891  0.55850099 0.47628372 0.26619709 0.39639963 0.35782634 0.47006674  0.37563455 0.40452496 0.48794117 0.36248795
0.25199751 0.67578485 0.16878887 0.61973121 0.45750335 0.19108214  0.43912324 0.51944642 0.30596882 0.39652465 0.24354564 0.4879376  0.52048882 0.37952313 0.43259541 0.46770545
0.17982242 0.6177038  0.21868399 0.61519268 0.43026835 0.24532424  0.35167037 0.57856694 0.40506397 0.3482749  0.29413633 0.4512854  0.69343579 0.38890871 0.33193594 0.47909594
0.12440017 0.54590072 0.25553648 0.56951008 0.41500592 0.27984344  0.36660049 0.573536   0.4031488  0.35895289 0.25716352 0.46023151  0.74080632 0.38769006 0.32975746 0.53921284
0.07086634 0.4669289  0.2966521  0.49765173 0.38573168 0.36649327  0.41928434 0.52723795 0.41855206 0.37246628 0.31701038 0.45541888  0.65053795 0.38768103 0.3648433  0.50441685
0.00039479 0.36283831 0.35232302 0.39930133 0.34523319 0.50234819  0.48417291 0.45702496 0.47508945 0.39693445 0.45000532 0.44589633  0.47476172 0.42761975 0.50206904 0.41641874
0.00039479 0.36283831 0.35232302 0.39930133 0.34523319 0.50234819  0.48417291 0.45702496 0.47508945 0.39693445 0.45000532 0.44589633  0.47476172 0.42761975 0.50206904 0.41641874
0.00039479 0.36283831 0.35232302 0.39930133 0.34523319 0.50234819  0.48417291 0.45702496 0.47508945 0.39693445 0.45000532 0.44589633  0.47476172 0.42761975 0.50206904 0.41641874
0.00039479 0.36283831 0.35232302 0.39930133 0.34523319 0.50234819  0.48417291 0.45702496 0.47508945 0.39693445 0.45000532 0.44589633  0.47476172 0.42761975 0.50206904 0.41641874
0.00039479 0.36283831 0.35232302 0.39930133 0.34523319 0.50234819  0.48417291 0.45702496 0.47508945 0.39693445 0.45000532 0.44589633  0.47476172 0.42761975 0.50206904 0.41641874
0.00039479 0.36283831 0.35232302 0.39930133 0.34523319 0.50234819  0.48417291 0.45702496 0.47508945 0.39693445 0.45000532 0.44589633  0.47476172 0.42761975 0.50206904 0.41641874
0.00039479 0.36283831 0.35232302 0.39930133 0.34523319 0.50234819  0.48417291 0.45702496 0.47508945 0.39693445 0.45000532 0.44589633  0.47476172 0.42761975 0.50206904 0.41641874
0.00039479 0.36283831 0.35232302 0.39930133 0.34523319 0.50234819  0.48417291 0.45702496 0.47508945 0.39693445 0.45000532 0.44589633  0.47476172 0.42761975 0.50206904 0.41641874
0.00039479 0.36283831 0.35232302 0.39930133 0.34523319 0.50234819  0.48417291 0.45702496 0.47508945 0.39693445 0.45000532 0.44589633  0.47476172 0.42761975 0.50206904 0.41641874
0.00039479 0.36283831 0.35232302 0.39930133 0.34523319 0.50234819  0.48417291 0.45702496 0.47508945 0.39693445 0.45000532 0.44589633  0.47476172 0.42761975 0.50206904 0.41641874
0.00039479 0.36283831 0.35232302 0.39930133 0.34523319 0.50234819  0.48417291 0.45702496 0.47508945 0.39693445 0.45000532 0.44589633  0.47476172 0.42761975 0.50206904 0.41641874
0.00039479 0.36283831 0.35232302 0.39930133 0.34523319 0.50234819  0.48417291 0.45702496 0.47508945 0.39693445 0.45000532 0.44589633  0.47476172 0.42761975 0.50206904 0.41641874
0.00039479 0.36283831 0.35232302 0.39930133 0.34523319 0.50234819  0.48417291 0.45702496 0.47508945 0.39693445 0.45000532 0.44589633  0.47476172 0.42761975 0.50206904 0.41641874
0.00039479 0.36283831 0.35232302 0.39930133 0.34523319 0.50234819  0.48417291 0.45702496 0.47508945 0.39693445 0.45000532 0.44589633  0.47476172 0.42761975 0.50206904 0.41641874
0.00039479 0.36283831 0.35232302 0.39930133 0.34523319 0.50234819  0.48417291 0.45702496 0.47508945 0.39693445 0.45000532 0.44589633  0.47476172 0.42761975 0.50206904 0.41641874
0.00039479 0.36283831 0.35232302 0.39930133 0.34523319 0.50234819  0.48417291 0.45702496 0.47508945 0.39693445 0.45000532 0.44589633  0.47476172 0.42761975 0.50206904 0.41641874
0.00039479 0.36283831 0.35232302 0.39930133 0.34523319 0.50234819  0.48417291 0.45702496 0.47508945 0.39693445 0.45000532 0.44589633  0.47476172 0.42761975 0.50206904 0.41641874
0.00039479 0.36283831 0.35232302 0.39930133 0.34523319 0.50234819  0.48417291 0.45702496 0.47508945 0.39693445 0.45000532 0.44589633  0.47476172 0.42761975 0.50206904 0.41641874
0.00039479 0.36283831 0.35232302 0.39930133 0.34523319 0.50234819  0.48417291 0.45702496 0.47508945 0.39693445 0.45000532 0.44589633  0.47476172 0.42761975 0.50206904 0.41641874
0.00039479 0.36283831 0.35232302 0.39930133 0.34523319 0.50234819  0.48417291 0.45702496 0.47508945 0.39693445 0.45000532 0.44589633  0.47476172 0.42761975 0.50206904 0.41641874
0.00039479 0.36283831 0.35232302 0.39930133 0.34523319 0.50234819  0.48417291 0.45702496 0.47508945 0.39693445 0.45000532 0.44589633  0.47476172 0.42761975 0.50206904 0.41641874
0.00039479 0.36283831 0.35232302 0.39930133 0.34523319 0.50234819  0.48417291 0.45702496 0.47508945 0.39693445 0.45000532 0.44589633  0.47476172 0.42761975 0.50206904 0.41641874
0.00039479 0.36283831 0.35232302 0.39930133 0.34523319 0.50234819  0.48417291 0.45702496 0.47508945 0.39693445 0.45000532 0.44589633  0.47476172 0.42761975 0.50206904 0.41641874
0.00039479 0.36283831 0.35232302 0.39930133 0.34523319 0.50234819  0.48417291 0.45702496 0.47508945 0.39693445 0.45000532 0.44589633  0.47476172 0.42761975 0.50206904 0.41641874
0.00039479 0.36283831 0.35232302 0.39930133 0.34523319 0.50234819  0.48417291 0.45702496 0.47508945 0.39693445 0.45000532 0.44589633  0.47476172 0.42761975 0.50206904 0.41641874
0.00039479 0.36283831 0.35232302 0.39930133 0.34523319 0.50234819  0.48417291 0.45702496 0.47508945 0.39693445 0.45000532 0.44589633  0.47476172 0.42761975 0.50206904 0.41641874
0.00039479 0.36283831 0.35232302 0.39930133 0.34523319 0.50234819  0.48417291 0.45702496 0.47508945 0.39693445 0.45000532 0.44589633  0.47476172 0.42761975 0.50206904 0.41641874
0.00039479 0.36283831 0.35232302 0.39930133 0.34523319 0.50234819  0.48417291 0.45702496 0.47508945 0.39693445 0.45000532 0.44589633  0.47476172 0.42761975 0.50206904 0.41641874
0.00039479 0.36283831 0.35232302 0.39930133 0.34523319 0.50234819  0.48417291 0.45702496 0.47508945 0.39693445 0.45000532 0.44589633  0.47476172 0.42761975 0.50206904 0.41641874
0.00039479 0.36283831 0.35232302 0.39930133 0.34523319 0.50234819  0.48417291 0.45702496 0.47508945 0.39693445 0.45000532 0.44589633  0.47476172 0.42761975 0.50206904 0.41641874
0.00039479 0.36283831 0.35232302 0.39930133 0.34523319 0.50234819  0.48417291 0.45702496 0.47508945 0.39693445 0.45000532 0.44589633  0.47476172 0.42761975 0.50206904 0.41641874
0.00039479 0.36283831 0.35232302 0.39930133 0.34523319 0.50234819  0.48417291 0.45702496 0.47508945 0.39693445 0.45000532 0.44589633  0.47476172 0.42761975 0.50206904 0.41641874
0.00039479 0.36283831 0.35232302 0.39930133 0.34523319 0.50234819  0.48417291 0.45702496 0.47508945 0.39693445 0.45000532 0.44589633  0.47476172 0.42761975 0.50206904 0.41641874
