0.00039479 0.36283831 0.35232302 0.39930133 0.34523319 0.50234819  0.48417291 0.45702496 0.47508945 0.39693445 0.45000532 0.44589633  0.47476172 0.42761975 0.50206904 0.41641874
0.00039479 0.36283831 0.35232302 0.39930133 0.34523319 0.50234819  0.48417291 0.45702496 0.47508945 0.39693445 0.45000532 0.44589633  0.47476172 0.42761975 0.50206904 0.41641874
0.00039479 0.36283831 0.35232302 0.39930133 0.34523319 0.50234819  0.48417291 0.45702496 0.47508945 0.39693445 0.45000532 0.44589633  0.47476172 0.42761975 0.50206904 0.41641874
0.00039479 0.36283831 0.35232302 0.39930133 0.34523319 0.50234819  0.48417291 0.45702496 0.47508945 0.39693445 0.45000532 0.44589633  0.47476172 0.42761975 0.50206904 0.41641874
0.00039479 0.36283831 0.35232302 0.39930133 0.34523319 0.50234819  0.48417291 0.45702496 0.47508945 0.39693445 0.45000532 0.44589633  0.47476172 0.42761975 0.50206904 0.41641874
0.00039479 0.36283831 0.35232302 0.39930133 0.34523319 0.50234819  0.48417291 0.45702496 0.47508945 0.39693445 0.45000532 0.44589633  0.47476172 0.42761975 0.50206904 0.41641874
0.00039479 0.36283831 0.35232302 0.39930133 0.34523319 0.50234819  0.48417291 0.45702496 0.47508945 0.39693445 0.45000532 0.44589633  0.47476172 0.42761975 0.50206904 0.41641874
0.00039479 0.36283831 0.35232302 0.39930133 0.34523319 0.50234819  0.48417291 0.45702496 0.47508945 0.39693445 0.45000532 0.44589633  0.47476172 0.42761975 0.50206904 0.41641874
0.00039479 0.36283831 0.35232302 0.39930133 0.34523319 0.50234819  0.48417291 0.45702496 0.47508945 0.39693445 0.45000532 0.44589633  0.47476172 0.42761975 0.50206904 0.41641874
0.00039479 0.36283831 0.35232302 0.39930133 0.34523319 0.50234819  0.48417291 0.45702496 0.47508945 0.39693445 0.45000532 0.44589633  0.47476172 0.42761975 0.50206904 0.41641874
0.00039479 0.36283831 0.35232302 0.39930133 0.34523319 0.50234819  0.48417291 0.45702496 0.47508945 0.39693445 0.45000532 0.44589633  0.47476172 0.42761975 0.50206904 0.41641874
0.00039479 0.36283831 0.35232302 0.39930133 0.34523319 0.50234819  0.48417291 0.45702496 0.47508945 0.39693445 0.45000532 0.44589633  0.47476172 0.42761975 0.50206904 0.41641874
0.00039479 0.36283831 0.35232302 0.39930133 0.34523319 0.50234819  0.48417291 0.45702496 0.47508945 0.39693445 0.45000532 0.44589633  0.47476172 0.42761975 0.50206904 0.41641874
0.00039479 0.36283831 0.35232302 0.39930133 0.34523319 0.50234819  0.48417291 0.45702496 0.47508945 0.39693445 0.45000532 0.44589633  0.47476172 0.42761975 0.50206904 0.41641874
0.00039479 0.36283831 0.35232302 0.39930133 0.34523319 0.50234819  0.48417291 0.45702496 0.47508945 0.39693445 0.45000532 0.44589633  0.47476172 0.42761975 0.50206904 0.41641874
0.00039479 0.36283831 0.35232302 0.39930133 0.34523319 0.50234819  0.48417291 0.45702496 0.47508945 0.39693445 0.45000532 0.44589633  0.47476172 0.42761975 0.50206904 0.41641874
0.00039479 0.36283831 0.35232302 0.39930133 0.34523319 0.50234819  0.48417291 0.45702496 0.47508945 0.39693445 0.45000532 0.44589633  0.47476172 0.42761975 0.50206904 0.41641874
0.00039479 0.36283831 0.35232302 0.39930133 0.34523319 0.50234819  0.48417291 0.45702496 0.47508945 0.39693445 0.45000532 0.44589633  0.47476172 0.42761975 0.50206904 0.41641874
0.00039479 0.36283831 0.35232302 0.39930133 0.34523319 0.50234819  0.48417291 0.45702496 0.47508945 0.39693445 0.45000532 0.44589633  0.47476172 0.42761975 0.50206904 0.41641874
0.00039479 0.36283831 0.35232302 0.39930133 0.34523319 0.50234819  0.48417291 0.45702496 0.47508945 0.39693445 0.45000532 0.44589633  0.47476172 0.42761975 0.50206904 0.41641874
0.00039479 0.36283831 0.35232302 0.39930133 0.34523319 0.50234819  0.48417291 0.45702496 0.47508945 0.39693445 0.45000532 0.44589633  0.47476172 0.42761975 0.50206904 0.41641874
0.00039479 0.36283831 0.35232302 0.39930133 0.34523319 0.50234819  0.48417291 0.45702496 0.47508945 0.39693445 0.45000532 0.44589633  0.47476172 0.42761975 0.50206904 0.41641874
0.00039479 0.36283831 0.35232302 0.39930133 0.34523319 0.50234819  0.48417291 0.45702496 0.47508945 0.39693445 0.45000532 0.44589633  0.47476172 0.42761975 0.50206904 0.41641874
0.00039479 0.36283831 0.35232302 0.39930133 0.34523319 0.50234819  0.48417291 0.45702496 0.47508945 0.39693445 0.45000532 0.44589633  0.47476172 0.42761975 0.50206904 0.41641874
0.00039479 0.36283831 0.35232302 0.39930133 0.34523319 0.50234819  0.48417291 0.45702496 0.47508945 0.39693445 0.45000532 0.44589633  0.47476172 0.42761975 0.50206904 0.41641874
0.00039479 0.36283831 0.35232302 0.39930133 0.34523319 0.50234819  0.48417291 0.45702496 0.47508945 0.39693445 0.45000532 0.44589633  0.47476172 0.42761975 0.50206904 0.41641874
0.00039479 0.36283831 0.35232302 0.39930133 0.34523319 0.50234819  0.48417291 0.45702496 0.47508945 0.39693445 0.45000532 0.44589633  0.47476172 0.42761975 0.50206904 0.41641874
0.00039479 0.36283831 0.35232302 0.39930133 0.34523319 0.50234819  0.48417291 0.45702496 0.47508945 0.39693445 0.45000532 0.44589633  0.47476172 0.42761975 0.50206904 0.41641874
0.00039479 0.36283831 0.35232302 0.39930133 0.34523319 0.50234819  0.48417291 0.45702496 0.47508945 0.39693445 0.45000532 0.44589633  0.47476172 0.42761975 0.50206904 0.41641874
0.00039479 0.36283831 0.35232302 0.39930133 0.34523319 0.50234819  0.48417291 0.45702496 0.47508945 0.39693445 0.45000532 0.44589633  0.47476172 0.42761975 0.50206904 0.41641874
0.00039479 0.36283831 0.35232302 0.39930133 0.34523319 0.50234819  0.48417291 0.45702496 0.47508945 0.39693445 0.45000532 0.44589633  0.47476172 0.42761975 0.50206904 0.41641874
0.00039479 0.36283831 0.35232302 0.39930133 0.34523319 0.50234819  0.48417291 0.45702496 0.47508945 0.39693445 0.45000532 0.44589633  0.47476172 0.42761975 0.50206904 0.41641874
0.00039479 0.36283831 0.35232302 0.39930133 0.34523319 0.50234819  0.48417291 0.45702496 0.47508945 0.39693445 0.45000532 0.44589633  0.47476172 0.42761975 0.50206904 0.41641874
0.00039479 0.36283831 0.35232302 0.39930133 0.34523319 0.50234819  0.48417291 0.45702496 0.47508945 0.39693445 0.45000532 0.44589633  0.47476172 0.42761975 0.50206904 0.41641874
0.00039479 0.36283831 0.35232302 0.39930133 0.34523319 0.50234819  0.48417291 0.45702496 0.47508945 0.39693445 0.45000532 0.44589633  0.47476172 0.42761975 0.50206904 0.41641874
0.00039479 0.36283831 0.35232302 0.39930133 0.34523319 0.50234819  0.48417291 0.45702496 0.47508945 0.39693445 0.45000532 0.44589633  0.47476172 0.42761975 0.50206904 0.41641874
0.00039479 0.36283831 0.35232302 0.39930133 0.34523319 0.50234819  0.48417291 0.45702496 0.47508945 0.39693445 0.45000532 0.44589633  0.47476172 0.42761975 0.50206904 0.41641874
0.00039479 0.36283831 0.35232302 0.39930133 0.34523319 0.50234819  0.48417291 0.45702496 0.47508945 0.39693445 0.45000532 0.44589633  0.47476172 0.42761975 0.50206904 0.41641874
0.00039479 0.36283831 0.35232302 0.39930133 0.34523319 0.50234819  0.48417291 0.45702496 0.47508945 0.39693445 0.45000532 0.44589633  0.47476172 0.42761975 0.50206904 0.41641874
0.00039479 0.36283831 0.35232302 0.39930133 0.34523319 0.50234819  0.48417291 0.45702496 0.47508945 0.39693445 0.45000532 0.44589633  0.47476172 0.42761975 0.50206904 0.41641874
0.00039479 0.36283831 0.35232302 0.39930133 0.34523319 0.50234819  0.48417291 0.45702496 0.47508945 0.39693445 0.45000532 0.44589633  0.47476172 0.42761975 0.50206904 0.41641874
0.00039479 0.36283831 0.35232302 0.39930133 0.34523319 0.50234819  0.48417291 0.45702496 0.47508945 0.39693445 0.45000532 0.44589633  0.47476172 0.42761975 0.50206904 0.41641874
0.00039479 0.36283831 0.35232302 0.39930133 0.34523319 0.50234819  0.48417291 0.45702496 0.47508945 0.39693445 0.45000532 0.44589633  0.47476172 0.42761975 0.50206904 0.41641874
0.00039479 0.36283831 0.35232302 0.39930133 0.34523319 0.50234819  0.48417291 0.45702496 0.47508945 0.39693445 0.45000532 0.44589633  0.47476172 0.42761975 0.50206904 0.41641874
0.00039479 0.36283831 0.35232302 0.39930133 0.34523319 0.50234819  0.48417291 0.45702496 0.47508945 0.39693445 0.45000532 0.44589633  0.47476172 0.42761975 0.50206904 0.41641874
0.00039479 0.36283831 0.35232302 0.39930133 0.34523319 0.50234819  0.48417291 0.45702496 0.47508945 0.39693445 0.45000532 0.44589633  0.47476172 0.42761975 0.50206904 0.41641874
0.00039479 0.36283831 0.35232302 0.39930133 0.34523319 0.50234819  0.48417291 0.45702496 0.47508945 0.39693445 0.45000532 0.44589633  0.47476172 0.42761975 0.50206904 0.41641874
0.00039479 0.36283831 0.35232302 0.39930133 0.34523319 0.50234819  0.48417291 0.45702496 0.47508945 0.39693445 0.45000532 0.44589633  0.47476172 0.42761975 0.50206904 0.41641874
0.00039479 0.36283831 0.35232302 0.39930133 0.34523319 0.50234819  0.48417291 0.45702496 0.47508945 0.39693445 0.45000532 0.44589633  0.47476172 0.42761975 0.50206904 0.41641874
0.00039479 0.36283831 0.35232302 0.39930133 0.34523319 0.50234819  0.48417291 0.45702496 0.47508945 0.39693445 0.45000532 0.44589633  0.47476172 0.42761975 0.50206904 0.41641874
0.00039479 0.36283831 0.35232302 0.39930133 0.34523319 0.50234819  0.48417291 0.45702496 0.47508945 0.39693445 0.45000532 0.44589633  0.47476172 0.42761975 0.50206904 0.41641874
0.00039479 0.36283831 0.35232302 0.39930133 0.34523319 0.50234819  0.48417291 0.45702496 0.47508945 0.39693445 0.45000532 0.44589633  0.47476172 0.42761975 0.50206904 0.41641874
0.00039479 0.36283831 0.35232302 0.39930133 0.34523319 0.50234819  0.48417291 0.45702496 0.47508945 0.39693445 0.45000532 0.44589633  0.47476172 0.42761975 0.50206904 0.41641874
0.00039479 0.36283831 0.35232302 0.39930133 0.34523319 0.50234819  0.48417291 0.45702496 0.47508945 0.39693445 0.45000532 0.44589633  0.47476172 0.42761975 0.50206904 0.41641874
0.00039479 0.36283831 0.35232302 0.39930133 0.34523319 0.50234819  0.48417291 0.45702496 0.47508945 0.39693445 0.45000532 0.44589633  0.47476172 0.42761975 0.50206904 0.41641874
0.00039479 0.36283831 0.35232302 0.39930133 0.34523319 0.50234819  0.48417291 0.45702496 0.47508945 0.39693445 0.45000532 0.44589633  0.47476172 0.42761975 0.50206904 0.41641874
0.00039479 0.36283831 0.35232302 0.39930133 0.34523319 0.50234819  0.48417291 0.45702496 0.47508945 0.39693445 0.45000532 0.44589633  0.47476172 0.42761975 0.50206904 0.41641874
0.00039479 0.36283831 0.35232302 0.39930133 0.34523319 0.50234819  0.48417291 0.45702496 0.47508945 0.39693445 0.45000532 0.44589633  0.47476172 0.42761975 0.50206904 0.41641874
0.00039479 0.36283831 0.35232302 0.39930133 0.34523319 0.50234819  0.48417291 0.45702496 0.47508945 0.39693445 0.45000532 0.44589633  0.47476172 0.42761975 0.50206904 0.41641874
0.00039479 0.36283831 0.35232302 0.39930133 0.34523319 0.50234819  0.48417291 0.45702496 0.47508945 0.39693445 0.45000532 0.44589633  0.47476172 0.42761975 0.50206904 0.41641874
0.00039479 0.36283831 0.35232302 0.39930133 0.34523319 0.50234819  0.48417291 0.45702496 0.47508945 0.39693445 0.45000532 0.44589633  0.47476172 0.42761975 0.50206904 0.41641874
0.00039479 0.36283831 0.35232302 0.39930133 0.34523319 0.50234819  0.48417291 0.45702496 0.47508945 0.39693445 0.45000532 0.44589633  0.47476172 0.42761975 0.50206904 0.41641874
0.00039479 0.36283831 0.35232302 0.39930133 0.34523319 0.50234819  0.48417291 0.45702496 0.47508945 0.39693445 0.45000532 0.44589633  0.47476172 0.42761975 0.50206904 0.41641874
0.00039479 0.36283831 0.35232302 0.39930133 0.34523319 0.50234819  0.48417291 0.45702496 0.47508945 0.39693445 0.45000532 0.44589633  0.47476172 0.42761975 0.50206904 0.41641874
0.00039479 0.36283831 0.35232302 0.39930133 0.34523319 0.50234819  0.48417291 0.45702496 0.47508945 0.39693445 0.45000532 0.44589633  0.47476172 0.42761975 0.50206904 0.41641874
0.00039479 0.36283831 0.35232302 0.39930133 0.34523319 0.50234819  0.48417291 0.45702496 0.47508945 0.39693445 0.45000532 0.44589633  0.47476172 0.42761975 0.50206904 0.41641874
0.00039479 0.36283831 0.35232302 0.39930133 0.34523319 0.50234819  0.48417291 0.45702496 0.47508945 0.39693445 0.45000532 0.44589633  0.47476172 0.42761975 0.50206904 0.41641874
0.00039479 0.36283831 0.35232302 0.39930133 0.34523319 0.50234819  0.48417291 0.45702496 0.47508945 0.39693445 0.45000532 0.44589633  0.47476172 0.42761975 0.50206904 0.41641874
0.00039479 0.36283831 0.35232302 0.39930133 0.34523319 0.50234819  0.48417291 0.45702496 0.47508945 0.39693445 0.45000532 0.44589633  0.47476172 0.42761975 0.50206904 0.41641874
0.00039479 0.36283831 0.35232302 0.39930133 0.34523319 0.50234819  0.48417291 0.45702496 0.47508945 0.39693445 0.45000532 0.44589633  0.47476172 0.42761975 0.50206904 0.41641874
0.00039479 0.36283831 0.35232302 0.39930133 0.34523319 0.50234819  0.48417291 0.45702496 0.47508945 0.39693445 0.45000532 0.44589633  0.47476172 0.42761975 0.50206904 0.41641874
0.00039479 0.36283831 0.35232302 0.39930133 0.34523319 0.50234819  0.48417291 0.45702496 0.47508945 0.39693445 0.45000532 0.44589633  0.47476172 0.42761975 0.50206904 0.41641874
0.00039479 0.36283831 0.35232302 0.39930133 0.34523319 0.50234819  0.48417291 0.45702496 0.47508945 0.39693445 0.45000532 0.44589633  0.47476172 0.42761975 0.50206904 0.41641874
0.00039479 0.36283831 0.35232302 0.39930133 0.34523319 0.50234819  0.48417291 0.45702496 0.47508945 0.39693445 0.45000532 0.44589633  0.47476172 0.42761975 0.50206904 0.41641874
0.00146741 0.37233398 0.37313818 0.3786784  0.42817245 0.5306919  0.45378403 0.46388524 0.43484441 0.38764497 0.52152999 0.55640927  0.46544672 0.3865705  0.52106555 0.48251314
0.00437648 0.39209846 0.41765783 0.32759438 0.63225519 0.5864291  0.387231   0.48121014 0.37031205 0.41272128 0.67744997 0.80197633  0.50162629 0.28511645 0.55795011 0.59991116
0.00437648 0.39209846 0.41765783 0.32759438 0.63225519 0.5864291  0.387231   0.48121014 0.37031205 0.41272128 0.67744997 0.80197633  0.50162629 0.28511645 0.55795011 0.59991116
0.01017012 0.40511064 0.45208527 0.32957841 0.63432859 0.58716484  0.37607654 0.45768539 0.36333071 0.34430328 0.67655558 0.80226206  0.47035206 0.30001749 0.55334519 0.65707389
0.01332438 0.42072828 0.48155989 0.31652418 0.6763899  0.60291274  0.35844859 0.45437336 0.35021124 0.33237332 0.67031341 0.79128818  0.4500304  0.30718217 0.54827876 0.63427423
0.02190116 0.45397389 0.55350769 0.2781257  0.8058263  0.62885701  0.32806605 0.44523569 0.3272676  0.29781262 0.67000147 0.79485066  0.42026966 0.29374756 0.57003071 0.61298045
0.02373941 0.46235919 0.5722926  0.25906792 0.86649985 0.63738573  0.32005579 0.44709183 0.32573122 0.32739345 0.67826917 0.80411679  0.44504814 0.29767104 0.56068325 0.5878425 
0.02373941 0.46235919 0.5722926  0.25906792 0.86649985 0.63738573  0.32005579 0.44709183 0.32573122 0.32739345 0.67826917 0.80411679  0.44504814 0.29767104 0.56068325 0.5878425 
0.0193403  0.4462837  0.53482404 0.27668593 0.78991268 0.61469621  0.3516972  0.45074042 0.36105162 0.38580517 0.62106714 0.69438511  0.4988249  0.36981046 0.51163589 0.4706126 
0.00595496 0.3924516  0.41222499 0.35483058 0.50189259 0.54454929  0.43998934 0.45844231 0.44128535 0.41994259 0.49050382 0.49953993  0.49217474 0.41979559 0.48995754 0.38558382
0.00039479 0.36283831 0.35232302 0.39930133 0.34523319 0.50234819  0.48417291 0.45702496 0.47508945 0.39693445 0.45000532 0.44589633  0.47476172 0.42761975 0.50206904 0.41641874
0.00039479 0.36283831 0.35232302 0.39930133 0.34523319 0.50234819  0.48417291 0.45702496 0.47508945 0.39693445 0.45000532 0.44589633  0.47476172 0.42761975 0.50206904 0.41641874
0.00039479 0.36283831 0.35232302 0.39930133 0.34523319 0.50234819  0.48417291 0.45702496 0.47508945 0.39693445 0.45000532 0.44589633  0.47476172 0.42761975 0.50206904 0.41641874
0.00039479 0.36283831 0.35232302 0.39930133 0.34523319 0.50234819  0.48417291 0.45702496 0.47508945 0.39693445 0.45000532 0.44589633  0.47476172 0.42761975 0.50206904 0.41641874
0.00039479 0.36283831 0.35232302 0.39930133 0.34523319 0.50234819  0.48417291 0.45702496 0.47508945 0.39693445 0.45000532 0.44589633  0.47476172 0.42761975 0.50206904 0.41641874
0.00039479 0.36283831 0.35232302 0.39930133 0.34523319 0.50234819  0.48417291 0.45702496 0.47508945 0.39693445 0.45000532 0.44589633  0.47476172 0.42761975 0.50206904 0.41641874
0.00039479 0.36283831 0.35232302 0.39930133 0.34523319 0.50234819  0.48417291 0.45702496 0.47508945 0.39693445 0.45000532 0.44589633  0.47476172 0.42761975 0.50206904 0.41641874
0.00039479 0.36283831 0.35232302 0.39930133 0.34523319 0.50234819  0.48417291 0.45702496 0.47508945 0.39693445 0.45000532 0.44589633  0.47476172 0.42761975 0.50206904 0.41641874
0.00039479 0.36283831 0.35232302 0.39930133 0.34523319 0.50234819  0.48417291 0.45702496 0.47508945 0.39693445 0.45000532 0.44589633  0.47476172 0.42761975 0.50206904 0.41641874
0.00039479 0.36283831 0.35232302 0.39930133 0.34523319 0.50234819  0.48417291 0.45702496 0.47508945 0.39693445 0.45000532 0.44589633  0.47476172 0.42761975 0.50206904 0.41641874
0.00039479 0.36283831 0.35232302 0.39930133 0.34523319 0.50234819  0.48417291 0.45702496 0.47508945 0.39693445 0.45000532 0.44589633  0.47476172 0.42761975 0.50206904 0.41641874
0.00039479 0.36283831 0.35232302 0.39930133 0.34523319 0.50234819  0.48417291 0.45702496 0.47508945 0.39693445 0.45000532 0.44589633  0.47476172 0.42761975 0.50206904 0.41641874
0.00039479 0.36283831 0.35232302 0.39930133 0.34523319 0.50234819  0.48417291 0.45702496 0.47508945 0.39693445 0.45000532 0.44589633  0.47476172 0.42761975 0.50206904 0.41641874
0.00039479 0.36283831 0.35232302 0.39930133 0.34523319 0.50234819  0.48417291 0.45702496 0.47508945 0.39693445 0.45000532 0.44589633  0.47476172 0.42761975 0.50206904 0.41641874
0.00039479 0.36283831 0.35232302 0.39930133 0.34523319 0.50234819  0.48417291 0.45702496 0.47508945 0.39693445 0.45000532 0.44589633  0.47476172 0.42761975 0.50206904 0.41641874
0.00039479 0.36283831 0.35232302 0.39930133 0.34523319 0.50234819  0.48417291 0.45702496 0.47508945 0.39693445 0.45000532 0.44589633  0.47476172 0.42761975 0.50206904 0.41641874
0.01865742 0.3880557  0.34025579 0.41843982 0.3494262  0.49750935  0.46205159 0.46401308 0.50597385 0.40376969 0.46950961 0.4478266  0.44969389 0.45506031 0.57557814 0.40855754
0.01865742 0.3880557  0.34025579 0.41843982 0.3494262  0.49750935  0.46205159 0.46401308 0.50597385 0.40376969 0.46950961 0.4478266  0.44969389 0.45506031 0.57557814 0.40855754
0.36589433 0.79334473 0.1425721  0.63732629 0.37051806 0.49342131  0.33322196 0.4433268  0.61101679 0.44759112 0.54355863 0.45291871  0.36167073 0.43351127 0.57571892 0.38727874
0.36589433 0.79334473 0.1425721  0.63732629 0.37051806 0.49342131  0.33322196 0.4433268  0.61101679 0.44759112 0.54355863 0.45291871  0.36167073 0.43351127 0.57571892 0.38727874
0.54610226 0.78017366 0.12854403 0.39801663 0.28444269 0.70285614  0.57040413 0.43882694 0.38752676 0.45755093 0.38536145 0.46784031  0.5244363  0.33767515 0.33162227 0.47876325
0.54610226 0.78017366 0.12854403 0.39801663 0.28444269 0.70285614  0.57040413 0.43882694 0.38752676 0.45755093 0.38536145 0.46784031  0.5244363  0.33767515 0.33162227 0.47876325
0.59787761 0.73134667 0.12022963 0.27059545 0.29584709 0.67845973  0.66056277 0.55335991 0.40061692 0.40211321 0.42785235 0.44404497  0.69609507 0.42322775 0.46911648 0.50576494
0.61331218 0.70406677 0.12692664 0.25027275 0.28676145 0.66138106  0.63166635 0.61412457 0.39757208 0.40955337 0.41071729 0.451458  0.6039129  0.36147159 0.52158634 0.50779298
0.62943342 0.67902968 0.12878369 0.21559741 0.29293972 0.64515832  0.6141005  0.67321865 0.41688153 0.39062013 0.42631437 0.47345845  0.57805086 0.32937237 0.58820199 0.54490208
0.6598549  0.62732579 0.14807338 0.18645466 0.27039165 0.61653627  0.55617939 0.78731375 0.38690616 0.43081316 0.39128625 0.49017801  0.40477798 0.24402514 0.64601896 0.53611725
0.68994667 0.58072322 0.16560517 0.17381581 0.25057608 0.59779731  0.49463272 0.7785231  0.38683971 0.42637382 0.34527173 0.48015602  0.40638123 0.2950421  0.56513268 0.44181067
0.76970573 0.37857664 0.12206224 0.14155017 0.33778519 0.47020576  0.32197794 0.52289173 0.571542   0.3456276  0.37042712 0.46798397  0.39709884 0.21632206 0.35102031 0.32656879
0.78439602 0.34920449 0.11509822 0.12285053 0.34576701 0.4533275  0.31428084 0.45325025 0.60155421 0.35564157 0.3029053  0.49730314  0.41435012 0.29059942 0.41129945 0.33353117
0.78439602 0.34920449 0.11509822 0.12285053 0.34576701 0.4533275  0.31428084 0.45325025 0.60155421 0.35564157 0.3029053  0.49730314  0.41435012 0.29059942 0.41129945 0.33353117
0.78439602 0.34920449 0.11509822 0.12285053 0.34576701 0.4533275  0.31428084 0.45325025 0.60155421 0.35564157 0.3029053  0.49730314  0.41435012 0.29059942 0.41129945 0.33353117
0.79976861 0.28924249 0.10165895 0.21089227 0.39770546 0.51703425  0.30051236 0.44745396 0.50904186 0.34431643 0.31704479 0.38743006  0.44418647 0.24600473 0.50616115 0.38070141
0.81209335 0.2745966  0.12931252 0.23699651 0.36786904 0.49623777  0.29469364 0.45324257 0.46171975 0.39398092 0.36224665 0.4164669  0.42798471 0.28575479 0.51178669 0.34434158
0.83319608 0.1983653  0.13088248 0.36716629 0.40155303 0.52383515  0.32774238 0.47347678 0.4129664  0.45087292 0.47795243 0.38236853  0.43771461 0.33954521 0.49164396 0.49274449
0.84474216 0.18431246 0.15944489 0.39543101 0.38112795 0.49905855  0.34094464 0.4777072  0.37806686 0.50448775 0.51629381 0.40307173  0.45769063 0.3484471  0.5516236  0.42421684
0.8504361  0.16083503 0.15320903 0.4404199  0.41085379 0.53874432  0.35829421 0.48932717 0.36132013 0.48879083 0.48744804 0.36773135  0.46433083 0.35320382 0.61662235 0.4088851 
0.8504361  0.16083503 0.15320903 0.4404199  0.41085379 0.53874432  0.35829421 0.48932717 0.36132013 0.48879083 0.48744804 0.36773135  0.46433083 0.35320382 0.61662235 0.4088851 
0.84206102 0.18619454 0.14610772 0.40327181 0.42208236 0.5634277  0.34477769 0.48538996 0.35610558 0.43437726 0.38898507 0.33633962  0.45157789 0.33658658 0.6554117  0.32662088
0.82973629 0.20084043 0.11845415 0.37716756 0.45191877 0.58422418  0.35059641 0.47960135 0.4034277  0.38471278 0.3437832  0.30730277  0.46777966 0.29683651 0.64978616 0.36298071
0.8181902  0.21489327 0.08989174 0.34890285 0.47234386 0.60900078  0.33739416 0.47537093 0.43832724 0.33109795 0.30544182 0.28659958  0.44780363 0.28793462 0.58980652 0.43150836
0.8181902  0.21489327 0.08989174 0.34890285 0.47234386 0.60900078  0.33739416 0.47537093 0.43832724 0.33109795 0.30544182 0.28659958  0.44780363 0.28793462 0.58980652 0.43150836
0.79491201 0.25778012 0.06834999 0.29477259 0.47612681 0.57652572  0.38477873 0.47128707 0.52837903 0.29650429 0.31093087 0.33046049  0.45870128 0.2706075  0.66868672 0.41772171
0.70722932 0.42442606 0.04122965 0.2812     0.47285219 0.54017814  0.49979622 0.21933157 0.57783087 0.29488399 0.44035452 0.35401827  0.71456668 0.40924045 0.57188085 0.45302062
0.4806231  0.72160726 0.07492966 0.50784034 0.43370072 0.44642897  0.55186798 0.18686257 0.45142693 0.48315376 0.40741621 0.49913661  0.35328611 0.33920518 0.57619596 0.3701726 
0.44379564 0.6979592  0.07649387 0.51277812 0.47290143 0.31627387  0.58329055 0.26530549 0.39564363 0.39707556 0.46512868 0.4522716  0.39758849 0.34843404 0.49692837 0.28164096
0.2696806  0.67829013 0.15997812 0.60338244 0.45953144 0.21146233  0.44323202 0.51366794 0.36504725 0.43333958 0.26394511 0.50802573  0.53911212 0.43742764 0.59048821 0.5131368 
0.05280101 0.4410469  0.31082492 0.47416113 0.37677476 0.40189177  0.42936641 0.51178214 0.44503286 0.38159749 0.35631339 0.45384582  0.60208909 0.41657511 0.43830835 0.48448989
0.00039479 0.36283831 0.35232302 0.39930133 0.34523319 0.50234819  0.48417291 0.45702496 0.47508945 0.39693445 0.45000532 0.44589633  0.47476172 0.42761975 0.50206904 0.41641874
0.00039479 0.36283831 0.35232302 0.39930133 0.34523319 0.50234819  0.48417291 0.45702496 0.47508945 0.39693445 0.45000532 0.44589633  0.47476172 0.42761975 0.50206904 0.41641874
0.00039479 0.36283831 0.35232302 0.39930133 0.34523319 0.50234819  0.48417291 0.45702496 0.47508945 0.39693445 0.45000532 0.44589633  0.47476172 0.42761975 0.50206904 0.41641874
0.00039479 0.36283831 0.35232302 0.39930133 0.34523319 0.50234819  0.48417291 0.45702496 0.47508945 0.39693445 0.45000532 0.44589633  0.47476172 0.42761975 0.50206904 0.41641874
0.00039479 0.36283831 0.35232302 0.39930133 0.34523319 0.50234819  0.48417291 0.45702496 0.47508945 0.39693445 0.45000532 0.44589633  0.47476172 0.42761975 0.50206904 0.41641874
0.00039479 0.36283831 0.35232302 0.39930133 0.34523319 0.50234819  0.48417291 0.45702496 0.47508945 0.39693445 0.45000532 0.44589633  0.47476172 0.42761975 0.50206904 0.41641874
0.00039479 0.36283831 0.35232302 0.39930133 0.34523319 0.50234819  0.48417291 0.45702496 0.47508945 0.39693445 0.45000532 0.44589633  0.47476172 0.42761975 0.50206904 0.41641874
0.00039479 0.36283831 0.35232302 0.39930133 0.34523319 0.50234819  0.48417291 0.45702496 0.47508945 0.39693445 0.45000532 0.44589633  0.47476172 0.42761975 0.50206904 0.41641874
0.00039479 0.36283831 0.35232302 0.39930133 0.34523319 0.50234819  0.48417291 0.45702496 0.47508945 0.39693445 0.45000532 0.44589633  0.47476172 0.42761975 0.50206904 0.41641874
0.00039479 0.36283831 0.35232302 0.39930133 0.34523319 0.50234819  0.48417291 0.45702496 0.47508945 0.39693445 0.45000532 0.44589633  0.47476172 0.42761975 0.50206904 0.41641874
0.00039479 0.36283831 0.35232302 0.39930133 0.34523319 0.50234819  0.48417291 0.45702496 0.47508945 0.39693445 0.45000532 0.44589633  0.47476172 0.42761975 0.50206904 0.41641874
0.03540017 0.41718963 0.32450808 0.45341476 0.36814944 0.43963834  0.43244666 0.49689867 0.48559948 0.39258167 0.40702111 0.45241186  0.54776626 0.46341302 0.546645   0.45216901
0.10885184 0.51647437 0.27568958 0.52541627 0.3861533  0.41090074  0.36232497 0.52335099 0.58498334 0.39449817 0.50207574 0.44118094  0.47041743 0.56195622 0.75018096 0.37213633
0.21728724 0.66079413 0.20303875 0.6344671  0.41314559 0.33058686  0.2891973  0.5595083  0.57992118 0.40079091 0.43985559 0.45431874  0.50740137 0.50932339 0.67711698 0.42362401
0.25357882 0.70998913 0.17713897 0.67310372 0.42729483 0.28528874  0.2685735  0.58100941 0.56689299 0.38552766 0.42354325 0.45097698  0.54722988 0.50423186 0.63797693 0.41087669
0.25357882 0.70998913 0.17713897 0.67310372 0.42729483 0.28528874  0.2685735  0.58100941 0.56689299 0.38552766 0.42354325 0.45097698  0.54722988 0.50423186 0.63797693 0.41087669
0.25357882 0.70998913 0.17713897 0.67310372 0.42729483 0.28528874  0.2685735  0.58100941 0.56689299 0.38552766 0.42354325 0.45097698  0.54722988 0.50423186 0.63797693 0.41087669
0.23476218 0.6886814  0.1873013  0.66667202 0.42877097 0.27141515  0.269237   0.58962159 0.5418727  0.38683453 0.3690882  0.46105598  0.59724024 0.49718258 0.62285176 0.44932239
0.21736134 0.66482413 0.20098447 0.64592566 0.42014565 0.30916172  0.27231725 0.57473812 0.58243932 0.39781871 0.41979592 0.45962201  0.54291742 0.54402049 0.73118842 0.41700151
0.18098284 0.61360402 0.22775605 0.6045299  0.40393121 0.3561382  0.29346176 0.5567721  0.59892359 0.4059156  0.44149048 0.45942342  0.52445213 0.56157172 0.77248646 0.41406016
0.199502   0.62812419 0.22487311 0.60533104 0.38654208 0.41566257  0.27901286 0.51695582 0.62795582 0.45125553 0.41965315 0.4838678  0.47991207 0.55536583 0.82711097 0.45334439
0.199502   0.62812419 0.22487311 0.60533104 0.38654208 0.41566257  0.27901286 0.51695582 0.62795582 0.45125553 0.41965315 0.4838678  0.47991207 0.55536583 0.82711097 0.45334439
0.19990862 0.62804371 0.22558854 0.60216046 0.38491376 0.43043579  0.27898777 0.50766062 0.6510393  0.45818319 0.45524532 0.48168456  0.42555342 0.57927117 0.89332303 0.42793504
0.21872526 0.64935143 0.21542621 0.60859215 0.38343762 0.44430938  0.27832426 0.49904844 0.67605959 0.45687631 0.50970037 0.47160556  0.37554305 0.58632045 0.9084482  0.38948934
0.25604505 0.67385718 0.21035638 0.59489654 0.35163612 0.55340656  0.27224108 0.44600073 0.73045549 0.49285206 0.54195277 0.47893621  0.34687606 0.57658975 0.90443371 0.41378227
0.28220019 0.70400005 0.25975943 0.56561278 0.38337814 0.62530013  0.25174956 0.42185092 0.73037859 0.41217111 0.61367321 0.5108738  0.3277189  0.56215059 0.86245993 0.50503026
0.39730234 0.85266351 0.55213532 0.42728107 0.74390524 0.83035528  0.16448523 0.35948445 0.67422485 0.32368799 0.70945387 0.59570404  0.39002427 0.45020548 0.73415174 0.47619883
0.47631819 0.83246181 0.69563794 0.4234203  0.69713921 0.92644787  0.08174686 0.37967393 0.56891658 0.47519965 0.59128167 0.59059108  0.65658551 0.5221414  0.51360578 0.26832172
0.56689894 0.87356656 0.86713255 0.57652873 0.62698241 0.72123453  0.18803093 0.38470219 0.5970556  0.57268196 0.57358544 0.57218688  0.7351149  0.41605855 0.56390843 0.28241955
0.60827283 0.84909914 0.92543017 0.49709459 0.62070851 0.67854302  0.21080473 0.52374089 0.65263519 0.60120094 0.52284665 0.48386181  0.69339494 0.44755695 0.55312786 0.35361356
0.6815785  0.87320559 0.90170085 0.41665122 0.63606263 0.66345879  0.36583338 0.56847716 0.56027744 0.56723695 0.57164808 0.41125002  0.76409968 0.41117391 0.36449122 0.32568539
0.7621558  0.76049453 0.91122593 0.27431121 0.62757916 0.58293493  0.36635928 0.77565103 0.56384498 0.54659919 0.57474156 0.41672003  0.64050926 0.33315056 0.64417589 0.32814303
0.78451823 0.76079738 0.90968679 0.29292546 0.63526092 0.5501904  0.4658454  0.74715953 0.57166468 0.59680006 0.55903424 0.44340128  0.57279395 0.21726488 0.5767015  0.37987306
0.80133896 0.74638612 0.87946464 0.27795051 0.56436746 0.49613275  0.5737859  0.71954183 0.54768252 0.59608273 0.47805923 0.35412008  0.54113265 0.26378884 0.60026105 0.35468216
0.81636114 0.73123904 0.83907914 0.27975158 0.48708466 0.44113425  0.67560221 0.66969321 0.49849499 0.63255218 0.3449518  0.29580654  0.50707721 0.27450284 0.59017311 0.3597091 
0.81395522 0.71724341 0.80865178 0.3111681  0.37248658 0.41468105  0.70215783 0.66496383 0.51917962 0.59761409 0.29821113 0.23118905  0.46934253 0.28949168 0.59721818 0.36774437
0.81395522 0.71724341 0.80865178 0.3111681  0.37248658 0.41468105  0.70215783 0.66496383 0.51917962 0.59761409 0.29821113 0.23118905  0.46934253 0.28949168 0.59721818 0.36774437
0.80808458 0.6134956  0.64473467 0.35838979 0.15709667 0.34936857  0.72522203 0.67585056 0.56513005 0.59882922 0.33957462 0.30855983  0.5132594  0.30863798 0.61705601 0.39380517
0.82972663 0.54536722 0.60343799 0.30619549 0.1851309  0.30266654  0.67362983 0.66956013 0.64876715 0.65379863 0.34058327 0.31800901  0.48973031 0.4292671  0.52067125 0.36083051
0.82336163 0.52144103 0.55493228 0.33088347 0.12981707 0.3051488  0.668613   0.66527967 0.61522779 0.59551489 0.39170193 0.41262511  0.48846747 0.38876909 0.56253719 0.42200763
0.81758784 0.45498896 0.43054341 0.31328612 0.12444151 0.34053079  0.60272431 0.62619711 0.55440402 0.64164876 0.41158273 0.5828866  0.57463334 0.47203677 0.60655144 0.37617797
0.82596292 0.42962945 0.43764471 0.35043421 0.11321294 0.31584741  0.61624082 0.63013432 0.55961857 0.69606233 0.5100457  0.61427833  0.58738628 0.48865401 0.56776209 0.45844219
0.82733035 0.38501667 0.3818153  0.34423095 0.13667396 0.3157844  0.5610378  0.63359206 0.55324532 0.63228132 0.57266909 0.61288663  0.51744781 0.37996425 0.53880603 0.41737849
0.85327739 0.31497177 0.36485042 0.34072404 0.17353322 0.27659617  0.49318074 0.51017424 0.62283275 0.60495419 0.57335097 0.60099985  0.52620913 0.31298163 0.43519508 0.35075484
0.85949494 0.27536911 0.32175153 0.33341566 0.21482383 0.29563544  0.44322631 0.42847176 0.59577974 0.59972233 0.54813925 0.63582297  0.59758387 0.26994542 0.4611222  0.27435961
0.85949494 0.27536911 0.32175153 0.33341566 0.21482383 0.29563544  0.44322631 0.42847176 0.59577974 0.59972233 0.54813925 0.63582297  0.59758387 0.26994542 0.4611222  0.27435961
0.85949494 0.27536911 0.32175153 0.33341566 0.21482383 0.29563544  0.44322631 0.42847176 0.59577974 0.59972233 0.54813925 0.63582297  0.59758387 0.26994542 0.4611222  0.27435961
0.85047541 0.27505593 0.28603697 0.30863071 0.23421237 0.31681696  0.41657736 0.44461426 0.58526807 0.60804376 0.53786128 0.62606541  0.55113075 0.30130488 0.4156336  0.28952163
0.83201451 0.23518425 0.16497623 0.30240932 0.33621538 0.4467778  0.3214124  0.4614102  0.43203475 0.50200932 0.499051   0.46856183  0.46071367 0.31127392 0.53297698 0.35807814
0.83201451 0.23518425 0.16497623 0.30240932 0.33621538 0.4467778  0.3214124  0.4614102  0.43203475 0.50200932 0.499051   0.46856183  0.46071367 0.31127392 0.53297698 0.35807814
0.83201451 0.23518425 0.16497623 0.30240932 0.33621538 0.4467778  0.3214124  0.4614102  0.43203475 0.50200932 0.499051   0.46856183  0.46071367 0.31127392 0.53297698 0.35807814
0.83770846 0.21170682 0.15874037 0.34739821 0.36594123 0.48646357  0.33876197 0.47303018 0.41528803 0.4863124  0.47020523 0.43322145  0.46735387 0.31603064 0.59797574 0.3427464 
0.83770846 0.21170682 0.15874037 0.34739821 0.36594123 0.48646357  0.33876197 0.47303018 0.41528803 0.4863124  0.47020523 0.43322145  0.46735387 0.31603064 0.59797574 0.3427464 
0.83770846 0.21170682 0.15874037 0.34739821 0.36594123 0.48646357  0.33876197 0.47303018 0.41528803 0.4863124  0.47020523 0.43322145  0.46735387 0.31603064 0.59797574 0.3427464 
0.80546256 0.26576505 0.09542309 0.25588116 0.4274313  0.55672003  0.31786192 0.45907394 0.49229513 0.32861952 0.28819901 0.35208968  0.45082667 0.25076144 0.57115991 0.36536967
0.79001064 0.27913007 0.07228302 0.2480601  0.4515048  0.5397939  0.36263135 0.44878549 0.54285378 0.30987918 0.33050194 0.34703956  0.45675016 0.25852277 0.62718329 0.43364893
0.79001064 0.27913007 0.07228302 0.2480601  0.4515048  0.5397939  0.36263135 0.44878549 0.54285378 0.30987918 0.33050194 0.34703956  0.45675016 0.25852277 0.62718329 0.43364893
0.74471436 0.3682768  0.0578809  0.17775308 0.43961864 0.44327085  0.4240587  0.36645708 0.65578247 0.30141733 0.44491892 0.41997289  0.51339726 0.3524616  0.54028541 0.43730159
0.66473952 0.55193814 0.06609192 0.21076713 0.39485047 0.53274946  0.57165661 0.25615912 0.59883235 0.35718159 0.35844681 0.48355472  0.70495582 0.46614387 0.59062528 0.43410428
0.51237379 0.662456   0.0577088  0.41811015 0.46731224 0.3582692  0.63805373 0.19564176 0.45364423 0.40918911 0.43920851 0.4808927  0.43166748 0.451266   0.65239542 0.31674728
0.43701468 0.78014568 0.0949218  0.51106731 0.41768424 0.39479653  0.62691438 0.38661433 0.37746451 0.44536107 0.50827417 0.46761516  0.31566438 0.40591863 0.57008427 0.38068809
0.30641828 0.71253953 0.13692244 0.6096366  0.46633219 0.19704225  0.47973493 0.48883628 0.32411826 0.43926771 0.27355387 0.50867284  0.43419669 0.42659107 0.60241786 0.46111577
0.30641828 0.71253953 0.13692244 0.6096366  0.46633219 0.19704225  0.47973493 0.48883628 0.32411826 0.43926771 0.27355387 0.50867284  0.43419669 0.42659107 0.60241786 0.46111577
0.16135844 0.56208699 0.23164423 0.54433703 0.42511992 0.26344407  0.46595319 0.51084208 0.30538097 0.38403262 0.23338145 0.48078174  0.63594566 0.33183569 0.28945259 0.51611788
0.01779563 0.38669558 0.33863985 0.42004769 0.35385851 0.46460162  0.48109267 0.47190843 0.43452283 0.38595027 0.3992976  0.44733029  0.52908455 0.38078184 0.39373238 0.44873962
0.00039479 0.36283831 0.35232302 0.39930133 0.34523319 0.50234819  0.48417291 0.45702496 0.47508945 0.39693445 0.45000532 0.44589633  0.47476172 0.42761975 0.50206904 0.41641874
0.00039479 0.36283831 0.35232302 0.39930133 0.34523319 0.50234819  0.48417291 0.45702496 0.47508945 0.39693445 0.45000532 0.44589633  0.47476172 0.42761975 0.50206904 0.41641874
0.00039479 0.36283831 0.35232302 0.39930133 0.34523319 0.50234819  0.48417291 0.45702496 0.47508945 0.39693445 0.45000532 0.44589633  0.47476172 0.42761975 0.50206904 0.41641874
0.00039479 0.36283831 0.35232302 0.39930133 0.34523319 0.50234819  0.48417291 0.45702496 0.47508945 0.39693445 0.45000532 0.44589633  0.47476172 0.42761975 0.50206904 0.41641874
0.00039479 0.36283831 0.35232302 0.39930133 0.34523319 0.50234819  0.48417291 0.45702496 0.47508945 0.39693445 0.45000532 0.44589633  0.47476172 0.42761975 0.50206904 0.41641874
0.00039479 0.36283831 0.35232302 0.39930133 0.34523319 0.50234819  0.48417291 0.45702496 0.47508945 0.39693445 0.45000532 0.44589633  0.47476172 0.42761975 0.50206904 0.41641874
0.00039479 0.36283831 0.35232302 0.39930133 0.34523319 0.50234819  0.48417291 0.45702496 0.47508945 0.39693445 0.45000532 0.44589633  0.47476172 0.42761975 0.50206904 0.41641874
0.00039479 0.36283831 0.35232302 0.39930133 0.34523319 0.50234819  0.48417291 0.45702496 0.47508945 0.39693445 0.45000532 0.44589633  0.47476172 0.42761975 0.50206904 0.41641874
0.00039479 0.36283831 0.35232302 0.39930133 0.34523319 0.50234819  0.48417291 0.45702496 0.47508945 0.39693445 0.45000532 0.44589633  0.47476172 0.42761975 0.50206904 0.41641874
0.00039479 0.36283831 0.35232302 0.39930133 0.34523319 0.50234819  0.48417291 0.45702496 0.47508945 0.39693445 0.45000532 0.44589633  0.47476172 0.42761975 0.50206904 0.41641874
0.00039479 0.36283831 0.35232302 0.39930133 0.34523319 0.50234819  0.48417291 0.45702496 0.47508945 0.39693445 0.45000532 0.44589633  0.47476172 0.42761975 0.50206904 0.41641874
0.00039479 0.36283831 0.35232302 0.39930133 0.34523319 0.50234819  0.48417291 0.45702496 0.47508945 0.39693445 0.45000532 0.44589633  0.47476172 0.42761975 0.50206904 0.41641874
0.00039479 0.36283831 0.35232302 0.39930133 0.34523319 0.50234819  0.48417291 0.45702496 0.47508945 0.39693445 0.45000532 0.44589633  0.47476172 0.42761975 0.50206904 0.41641874
0.00039479 0.36283831 0.35232302 0.39930133 0.34523319 0.50234819  0.48417291 0.45702496 0.47508945 0.39693445 0.45000532 0.44589633  0.47476172 0.42761975 0.50206904 0.41641874
0.00039479 0.36283831 0.35232302 0.39930133 0.34523319 0.50234819  0.48417291 0.45702496 0.47508945 0.39693445 0.45000532 0.44589633  0.47476172 0.42761975 0.50206904 0.41641874
0.00039479 0.36283831 0.35232302 0.39930133 0.34523319 0.50234819  0.48417291 0.45702496 0.47508945 0.39693445 0.45000532 0.44589633  0.47476172 0.42761975 0.50206904 0.41641874
0.00039479 0.36283831 0.35232302 0.39930133 0.34523319 0.50234819  0.48417291 0.45702496 0.47508945 0.39693445 0.45000532 0.44589633  0.47476172 0.42761975 0.50206904 0.41641874
