0.00039479 0.36283831 0.35232302 0.39930133 0.34523319 0.50234819  0.48417291 0.45702496 0.47508945 0.39693445 0.45000532 0.44589633  0.47476172 0.42761975 0.50206904 0.41641874
0.00039479 0.36283831 0.35232302 0.39930133 0.34523319 0.50234819  0.48417291 0.45702496 0.47508945 0.39693445 0.45000532 0.44589633  0.47476172 0.42761975 0.50206904 0.41641874
0.00039479 0.36283831 0.35232302 0.39930133 0.34523319 0.50234819  0.48417291 0.45702496 0.47508945 0.39693445 0.45000532 0.44589633  0.47476172 0.42761975 0.50206904 0.41641874
0.00039479 0.36283831 0.35232302 0.39930133 0.34523319 0.50234819  0.48417291 0.45702496 0.47508945 0.39693445 0.45000532 0.44589633  0.47476172 0.42761975 0.50206904 0.41641874
0.00039479 0.36283831 0.35232302 0.39930133 0.34523319 0.50234819  0.48417291 0.45702496 0.47508945 0.39693445 0.45000532 0.44589633  0.47476172 0.42761975 0.50206904 0.41641874
0.00039479 0.36283831 0.35232302 0.39930133 0.34523319 0.50234819  0.48417291 0.45702496 0.47508945 0.39693445 0.45000532 0.44589633  0.47476172 0.42761975 0.50206904 0.41641874
0.00039479 0.36283831 0.35232302 0.39930133 0.34523319 0.50234819  0.48417291 0.45702496 0.47508945 0.39693445 0.45000532 0.44589633  0.47476172 0.42761975 0.50206904 0.41641874
0.00039479 0.36283831 0.35232302 0.39930133 0.34523319 0.50234819  0.48417291 0.45702496 0.47508945 0.39693445 0.45000532 0.44589633  0.47476172 0.42761975 0.50206904 0.41641874
0.00039479 0.36283831 0.35232302 0.39930133 0.34523319 0.50234819  0.48417291 0.45702496 0.47508945 0.39693445 0.45000532 0.44589633  0.47476172 0.42761975 0.50206904 0.41641874
0.00039479 0.36283831 0.35232302 0.39930133 0.34523319 0.50234819  0.48417291 0.45702496 0.47508945 0.39693445 0.45000532 0.44589633  0.47476172 0.42761975 0.50206904 0.41641874
0.00039479 0.36283831 0.35232302 0.39930133 0.34523319 0.50234819  0.48417291 0.45702496 0.47508945 0.39693445 0.45000532 0.44589633  0.47476172 0.42761975 0.50206904 0.41641874
0.00039479 0.36283831 0.35232302 0.39930133 0.34523319 0.50234819  0.48417291 0.45702496 0.47508945 0.39693445 0.45000532 0.44589633  0.47476172 0.42761975 0.50206904 0.41641874
0.00039479 0.36283831 0.35232302 0.39930133 0.34523319 0.50234819  0.48417291 0.45702496 0.47508945 0.39693445 0.45000532 0.44589633  0.47476172 0.42761975 0.50206904 0.41641874
0.00039479 0.36283831 0.35232302 0.39930133 0.34523319 0.50234819  0.48417291 0.45702496 0.47508945 0.39693445 0.45000532 0.44589633  0.47476172 0.42761975 0.50206904 0.41641874
0.00039479 0.36283831 0.35232302 0.39930133 0.34523319 0.50234819  0.48417291 0.45702496 0.47508945 0.39693445 0.45000532 0.44589633  0.47476172 0.42761975 0.50206904 0.41641874
0.00039479 0.36283831 0.35232302 0.39930133 0.34523319 0.50234819  0.48417291 0.45702496 0.47508945 0.39693445 0.45000532 0.44589633  0.47476172 0.42761975 0.50206904 0.41641874
0.00039479 0.36283831 0.35232302 0.39930133 0.34523319 0.50234819  0.48417291 0.45702496 0.47508945 0.39693445 0.45000532 0.44589633  0.47476172 0.42761975 0.50206904 0.41641874
0.00039479 0.36283831 0.35232302 0.39930133 0.34523319 0.50234819  0.48417291 0.45702496 0.47508945 0.39693445 0.45000532 0.44589633  0.47476172 0.42761975 0.50206904 0.41641874
0.00039479 0.36283831 0.35232302 0.39930133 0.34523319 0.50234819  0.48417291 0.45702496 0.47508945 0.39693445 0.45000532 0.44589633  0.47476172 0.42761975 0.50206904 0.41641874
0.00039479 0.36283831 0.35232302 0.39930133 0.34523319 0.50234819  0.48417291 0.45702496 0.47508945 0.39693445 0.45000532 0.44589633  0.47476172 0.42761975 0.50206904 0.41641874
0.00039479 0.36283831 0.35232302 0.39930133 0.34523319 0.50234819  0.48417291 0.45702496 0.47508945 0.39693445 0.45000532 0.44589633  0.47476172 0.42761975 0.50206904 0.41641874
0.00039479 0.36283831 0.35232302 0.39930133 0.34523319 0.50234819  0.48417291 0.45702496 0.47508945 0.39693445 0.45000532 0.44589633  0.47476172 0.42761975 0.50206904 0.41641874
0.00039479 0.36283831 0.35232302 0.39930133 0.34523319 0.50234819  0.48417291 0.45702496 0.47508945 0.39693445 0.45000532 0.44589633  0.47476172 0.42761975 0.50206904 0.41641874
0.00039479 0.36283831 0.35232302 0.39930133 0.34523319 0.50234819  0.48417291 0.45702496 0.47508945 0.39693445 0.45000532 0.44589633  0.47476172 0.42761975 0.50206904 0.41641874
0.00039479 0.36283831 0.35232302 0.39930133 0.34523319 0.50234819  0.48417291 0.45702496 0.47508945 0.39693445 0.45000532 0.44589633  0.47476172 0.42761975 0.50206904 0.41641874
0.00039479 0.36283831 0.35232302 0.39930133 0.34523319 0.50234819  0.48417291 0.45702496 0.47508945 0.39693445 0.45000532 0.44589633  0.47476172 0.42761975 0.50206904 0.41641874
0.00039479 0.36283831 0.35232302 0.39930133 0.34523319 0.50234819  0.48417291 0.45702496 0.47508945 0.39693445 0.45000532 0.44589633  0.47476172 0.42761975 0.50206904 0.41641874
0.00039479 0.36283831 0.35232302 0.39930133 0.34523319 0.50234819  0.48417291 0.45702496 0.47508945 0.39693445 0.45000532 0.44589633  0.47476172 0.42761975 0.50206904 0.41641874
0.00039479 0.36283831 0.35232302 0.39930133 0.34523319 0.50234819  0.48417291 0.45702496 0.47508945 0.39693445 0.45000532 0.44589633  0.47476172 0.42761975 0.50206904 0.41641874
0.00039479 0.36283831 0.35232302 0.39930133 0.34523319 0.50234819  0.48417291 0.45702496 0.47508945 0.39693445 0.45000532 0.44589633  0.47476172 0.42761975 0.50206904 0.41641874
0.00039479 0.36283831 0.35232302 0.39930133 0.34523319 0.50234819  0.48417291 0.45702496 0.47508945 0.39693445 0.45000532 0.44589633  0.47476172 0.42761975 0.50206904 0.41641874
0.00039479 0.36283831 0.35232302 0.39930133 0.34523319 0.50234819  0.48417291 0.45702496 0.47508945 0.39693445 0.45000532 0.44589633  0.47476172 0.42761975 0.50206904 0.41641874
0.00039479 0.36283831 0.35232302 0.39930133 0.34523319 0.50234819  0.48417291 0.45702496 0.47508945 0.39693445 0.45000532 0.44589633  0.47476172 0.42761975 0.50206904 0.41641874
0.00039479 0.36283831 0.35232302 0.39930133 0.34523319 0.50234819  0.48417291 0.45702496 0.47508945 0.39693445 0.45000532 0.44589633  0.47476172 0.42761975 0.50206904 0.41641874
0.00039479 0.36283831 0.35232302 0.39930133 0.34523319 0.50234819  0.48417291 0.45702496 0.47508945 0.39693445 0.45000532 0.44589633  0.47476172 0.42761975 0.50206904 0.41641874
0.00039479 0.36283831 0.35232302 0.39930133 0.34523319 0.50234819  0.48417291 0.45702496 0.47508945 0.39693445 0.45000532 0.44589633  0.47476172 0.42761975 0.50206904 0.41641874
0.00039479 0.36283831 0.35232302 0.39930133 0.34523319 0.50234819  0.48417291 0.45702496 0.47508945 0.39693445 0.45000532 0.44589633  0.47476172 0.42761975 0.50206904 0.41641874
0.00039479 0.36283831 0.35232302 0.39930133 0.34523319 0.50234819  0.48417291 0.45702496 0.47508945 0.39693445 0.45000532 0.44589633  0.47476172 0.42761975 0.50206904 0.41641874
0.00039479 0.36283831 0.35232302 0.39930133 0.34523319 0.50234819  0.48417291 0.45702496 0.47508945 0.39693445 0.45000532 0.44589633  0.47476172 0.42761975 0.50206904 0.41641874
0.00039479 0.36283831 0.35232302 0.39930133 0.34523319 0.50234819  0.48417291 0.45702496 0.47508945 0.39693445 0.45000532 0.44589633  0.47476172 0.42761975 0.50206904 0.41641874
0.00039479 0.36283831 0.35232302 0.39930133 0.34523319 0.50234819  0.48417291 0.45702496 0.47508945 0.39693445 0.45000532 0.44589633  0.47476172 0.42761975 0.50206904 0.41641874
0.00039479 0.36283831 0.35232302 0.39930133 0.34523319 0.50234819  0.48417291 0.45702496 0.47508945 0.39693445 0.45000532 0.44589633  0.47476172 0.42761975 0.50206904 0.41641874
0.00039479 0.36283831 0.35232302 0.39930133 0.34523319 0.50234819  0.48417291 0.45702496 0.47508945 0.39693445 0.45000532 0.44589633  0.47476172 0.42761975 0.50206904 0.41641874
0.00039479 0.36283831 0.35232302 0.39930133 0.34523319 0.50234819  0.48417291 0.45702496 0.47508945 0.39693445 0.45000532 0.44589633  0.47476172 0.42761975 0.50206904 0.41641874
0.00039479 0.36283831 0.35232302 0.39930133 0.34523319 0.50234819  0.48417291 0.45702496 0.47508945 0.39693445 0.45000532 0.44589633  0.47476172 0.42761975 0.50206904 0.41641874
0.00039479 0.36283831 0.35232302 0.39930133 0.34523319 0.50234819  0.48417291 0.45702496 0.47508945 0.39693445 0.45000532 0.44589633  0.47476172 0.42761975 0.50206904 0.41641874
0.00039479 0.36283831 0.35232302 0.39930133 0.34523319 0.50234819  0.48417291 0.45702496 0.47508945 0.39693445 0.45000532 0.44589633  0.47476172 0.42761975 0.50206904 0.41641874
0.01870308 0.37196619 0.35364175 0.3935624  0.32342162 0.57297891  0.46719925 0.41839832 0.50184052 0.43767273 0.41413017 0.46831696  0.4749994  0.42459677 0.52671212 0.46566615
0.13830327 0.57012478 0.41206217 0.39855988 0.68260511 0.66883041  0.25105899 0.4242303  0.54676453 0.57902619 0.49505525 0.67470353  0.45464856 0.458098   0.80482779 0.49474649
0.29437963 0.75972007 0.50848571 0.41149453 0.76584659 0.78813467  0.19577979 0.35408167 0.66019501 0.38743663 0.78270245 0.66546054  0.33406415 0.49211627 0.82642235 0.51221736
0.45793546 0.80913775 0.70771134 0.40819834 0.69210692 0.9400366  0.08826365 0.37433959 0.56724197 0.48246921 0.58000494 0.59492191  0.65817215 0.51488468 0.51165017 0.29365083
0.53453635 0.90112966 0.77095589 0.50512704 0.67829457 0.8169107  0.11242216 0.35371087 0.5430767  0.34363903 0.52060599 0.57042109  0.74082008 0.43221059 0.50406343 0.34453844
0.62537261 0.91011292 0.74778579 0.38570519 0.68212201 0.81486982  0.26808349 0.46141036 0.42626136 0.23507763 0.59000323 0.52858638  0.84845148 0.39789057 0.35444115 0.37457622
0.68930194 0.86924211 0.76358555 0.333576   0.6614082  0.75356054  0.35199848 0.51561832 0.2891697  0.29974407 0.61112889 0.56866234  0.73363828 0.41219942 0.40213968 0.32576584
0.7819639  0.76560648 0.76379301 0.23480565 0.61806546 0.60543407  0.50379103 0.59098548 0.15970698 0.3919053  0.5304303  0.56871292  0.64747046 0.38448086 0.65780488 0.26053826
0.79182892 0.71278019 0.71400957 0.26887478 0.42604969 0.56336303  0.4955598  0.63805048 0.14321026 0.281863   0.47649726 0.54779273  0.4715956  0.32228691 0.76322933 0.29897377
0.79947626 0.6512632  0.65371396 0.291871   0.32589005 0.50287299  0.49424797 0.64321935 0.2026176  0.2553314  0.49974595 0.50972879  0.45464929 0.33675677 0.69021119 0.28629352
0.83411726 0.54636079 0.61312397 0.31974008 0.20973857 0.40105669  0.49614921 0.5796923  0.30065054 0.22534233 0.53614113 0.5428464  0.44273786 0.47470614 0.69120411 0.41942833
0.86338931 0.40531032 0.50505611 0.33539883 0.14680059 0.31670424  0.43338621 0.45823348 0.39099702 0.21442733 0.60047748 0.59879709  0.49872564 0.45717662 0.56787397 0.41489751
0.88868944 0.33764402 0.48374524 0.33791078 0.18462864 0.29770596  0.37531347 0.29710837 0.43820837 0.21148174 0.53549467 0.6078979  0.5361097  0.39348614 0.54934258 0.35513461
0.88868944 0.33764402 0.48374524 0.33791078 0.18462864 0.29770596  0.37531347 0.29710837 0.43820837 0.21148174 0.53549467 0.6078979  0.5361097  0.39348614 0.54934258 0.35513461
0.89651571 0.30812218 0.48214692 0.38421998 0.20491919 0.31325488  0.37269833 0.29090379 0.39871523 0.22733505 0.57230856 0.55898688  0.53113554 0.41857459 0.52648576 0.43720052
0.90014198 0.26617642 0.44848929 0.43344979 0.20989824 0.33839841  0.37361308 0.30053787 0.35860141 0.27703594 0.59619178 0.51210571  0.58046008 0.41263324 0.53809161 0.44782074
0.90145739 0.22532099 0.41146952 0.48385301 0.23765718 0.37782478  0.36038808 0.31259057 0.3122243  0.31654222 0.63762005 0.50064515  0.61205202 0.41994977 0.55114038 0.49232398
0.90921859 0.19521657 0.40414269 0.52729806 0.26441569 0.41187066  0.35347469 0.30684396 0.26864322 0.31069772 0.63762707 0.44476441  0.62901816 0.39758545 0.60707226 0.51236348
0.90342495 0.1822044  0.36971525 0.52531402 0.26234229 0.41113492  0.36462915 0.33036871 0.27562455 0.37911572 0.63852146 0.44447868  0.6602924  0.38268442 0.61167718 0.45520076
0.89566375 0.21230882 0.37704208 0.48186897 0.23558377 0.37708904  0.37154254 0.33611531 0.31920564 0.38496022 0.63851444 0.50035942  0.64332626 0.40504874 0.55574531 0.43516126
0.79649193 0.34119151 0.14744437 0.15281633 0.32236126 0.44874345  0.30780036 0.43813223 0.55163293 0.36013155 0.32710813 0.51463293  0.47766208 0.31182198 0.41533923 0.25461197
0.65391779 0.60821313 0.09311831 0.22132435 0.34203301 0.62339421  0.58108733 0.37912224 0.50105638 0.39097893 0.30216223 0.48450584  0.73257352 0.41088283 0.57219853 0.46524452
0.48664612 0.76530434 0.08308651 0.49100248 0.39703332 0.51654281  0.59103011 0.25786026 0.44836754 0.48565675 0.47343295 0.48664405  0.35900613 0.35370825 0.55726383 0.41490758
0.38058701 0.74375242 0.10475388 0.53977809 0.46482561 0.24122644  0.61745549 0.45002254 0.30454666 0.40969722 0.43649023 0.46569431  0.35159312 0.43519278 0.58953306 0.35242904
0.1786438  0.59155853 0.21680573 0.57641049 0.43931352 0.22861277  0.43166888 0.53300827 0.31869406 0.38794022 0.20906244 0.48720139  0.66247779 0.35843207 0.34137724 0.54721984
0.07086404 0.46647655 0.29716428 0.4953128  0.38550056 0.37185147  0.422354   0.52287659 0.42016792 0.37456664 0.32661574 0.45523858  0.63349788 0.38746679 0.3718939  0.50025881
0.00039479 0.36283831 0.35232302 0.39930133 0.34523319 0.50234819  0.48417291 0.45702496 0.47508945 0.39693445 0.45000532 0.44589633  0.47476172 0.42761975 0.50206904 0.41641874
0.00039479 0.36283831 0.35232302 0.39930133 0.34523319 0.50234819  0.48417291 0.45702496 0.47508945 0.39693445 0.45000532 0.44589633  0.47476172 0.42761975 0.50206904 0.41641874
0.00039479 0.36283831 0.35232302 0.39930133 0.34523319 0.50234819  0.48417291 0.45702496 0.47508945 0.39693445 0.45000532 0.44589633  0.47476172 0.42761975 0.50206904 0.41641874
0.00039479 0.36283831 0.35232302 0.39930133 0.34523319 0.50234819  0.48417291 0.45702496 0.47508945 0.39693445 0.45000532 0.44589633  0.47476172 0.42761975 0.50206904 0.41641874
0.00039479 0.36283831 0.35232302 0.39930133 0.34523319 0.50234819  0.48417291 0.45702496 0.47508945 0.39693445 0.45000532 0.44589633  0.47476172 0.42761975 0.50206904 0.41641874
0.00039479 0.36283831 0.35232302 0.39930133 0.34523319 0.50234819  0.48417291 0.45702496 0.47508945 0.39693445 0.45000532 0.44589633  0.47476172 0.42761975 0.50206904 0.41641874
0.00039479 0.36283831 0.35232302 0.39930133 0.34523319 0.50234819  0.48417291 0.45702496 0.47508945 0.39693445 0.45000532 0.44589633  0.47476172 0.42761975 0.50206904 0.41641874
0.00039479 0.36283831 0.35232302 0.39930133 0.34523319 0.50234819  0.48417291 0.45702496 0.47508945 0.39693445 0.45000532 0.44589633  0.47476172 0.42761975 0.50206904 0.41641874
0.0177474  0.38984345 0.33852207 0.42635267 0.35697043 0.47086435  0.45750391 0.47765391 0.48169648 0.39463854 0.42895995 0.44917931  0.51265071 0.44991576 0.53083289 0.43501917
0.03525649 0.41685964 0.32437467 0.45347996 0.36854765 0.43569141  0.43485985 0.4975719  0.47652552 0.39120509 0.39620065 0.45304628  0.55757342 0.45566594 0.52722734 0.46096477
0.03525649 0.41685964 0.32437467 0.45347996 0.36854765 0.43569141  0.43485985 0.4975719  0.47652552 0.39120509 0.39620065 0.45304628  0.55757342 0.45566594 0.52722734 0.46096477
0.17978882 0.61975581 0.22037861 0.62035991 0.42428399 0.28114615  0.30349122 0.58889388 0.5273976  0.36790025 0.38191581 0.44760784  0.63204869 0.51534158 0.59970787 0.44341124
0.32814182 0.77170362 0.15751807 0.67042581 0.3808457  0.44991599  0.25376018 0.48097045 0.64218099 0.46450094 0.4516513  0.47933088  0.44118245 0.47070012 0.66369342 0.45249362
0.36610368 0.79359113 0.15060289 0.63922827 0.35098746 0.54604688  0.28099153 0.45721214 0.68450359 0.45312166 0.55212056 0.45454268  0.45472048 0.44356838 0.56928905 0.44537256
0.38330779 0.79076991 0.13665123 0.61566804 0.36506492 0.51574669  0.35447325 0.41698781 0.59980829 0.48551743 0.47832341 0.48612784  0.42217584 0.42034846 0.58068595 0.48816736
0.36610368 0.79359113 0.15060289 0.63922827 0.35098746 0.54604688  0.28099153 0.45721214 0.68450359 0.45312166 0.55212056 0.45454268  0.45472048 0.44356838 0.56928905 0.44537256
0.36610368 0.79359113 0.15060289 0.63922827 0.35098746 0.54604688  0.28099153 0.45721214 0.68450359 0.45312166 0.55212056 0.45454268  0.45472048 0.44356838 0.56928905 0.44537256
0.36610368 0.79359113 0.15060289 0.63922827 0.35098746 0.54604688  0.28099153 0.45721214 0.68450359 0.45312166 0.55212056 0.45454268  0.45472048 0.44356838 0.56928905 0.44537256
0.36610368 0.79359113 0.15060289 0.63922827 0.35098746 0.54604688  0.28099153 0.45721214 0.68450359 0.45312166 0.55212056 0.45454268  0.45472048 0.44356838 0.56928905 0.44537256
0.38500068 0.80008635 0.1500423  0.61767303 0.33122515 0.60162614  0.29400884 0.44804128 0.70074437 0.44820811 0.57761426 0.44710914  0.49223646 0.42720784 0.52387333 0.45930185
0.38500068 0.80008635 0.1500423  0.61767303 0.33122515 0.60162614  0.29400884 0.44804128 0.70074437 0.44820811 0.57761426 0.44710914  0.49223646 0.42720784 0.52387333 0.45930185
0.38500068 0.80008635 0.1500423  0.61767303 0.33122515 0.60162614  0.29400884 0.44804128 0.70074437 0.44820811 0.57761426 0.44710914  0.49223646 0.42720784 0.52387333 0.45930185
0.38500068 0.80008635 0.1500423  0.61767303 0.33122515 0.60162614  0.29400884 0.44804128 0.70074437 0.44820811 0.57761426 0.44710914  0.49223646 0.42720784 0.52387333 0.45930185
0.40343091 0.8007634  0.15511196 0.5957954  0.3058326  0.66343265  0.28722977 0.45309638 0.70901758 0.45371406 0.550006   0.45055164  0.55642592 0.41144441 0.48545025 0.49774096
0.40343091 0.8007634  0.15511196 0.5957954  0.3058326  0.66343265  0.28722977 0.45309638 0.70901758 0.45371406 0.550006   0.45055164  0.55642592 0.41144441 0.48545025 0.49774096
0.40343091 0.8007634  0.15511196 0.5957954  0.3058326  0.66343265  0.28722977 0.45309638 0.70901758 0.45371406 0.550006   0.45055164  0.55642592 0.41144441 0.48545025 0.49774096
0.42071915 0.79133793 0.16942491 0.57931908 0.27946493 0.70519329  0.25080865 0.48239097 0.68856639 0.46011638 0.47179841 0.45988249  0.59846754 0.39813815 0.43132472 0.50315034
0.46438956 0.79451355 0.28942142 0.60873221 0.20161258 0.71967924  0.20498795 0.44294751 0.61638414 0.38603487 0.44644741 0.51601714  0.69590458 0.49631876 0.32748566 0.542303  
0.49814891 0.7797724  0.37638006 0.65716804 0.13233398 0.70769094  0.17830775 0.43544911 0.55889844 0.41685041 0.41062029 0.51069909  0.705155   0.51899447 0.2605404  0.44308881
0.53096847 0.81358006 0.53144996 0.67275153 0.14298756 0.6756982  0.17837748 0.39973036 0.51301451 0.35363218 0.39271806 0.43951614  0.60798131 0.57319376 0.29925434 0.41917722
0.5473867  0.82143545 0.60360602 0.7120827  0.11547513 0.64244432  0.2185655  0.35724644 0.53403582 0.28661001 0.39579046 0.44217149  0.66990116 0.5087081  0.38671107 0.42330084
0.58464944 0.8307483  0.58882229 0.65868573 0.11391241 0.66205188  0.3344729  0.33642433 0.46409225 0.25680171 0.47630404 0.40945322  0.60005729 0.48696355 0.3164542  0.35341309
0.58464944 0.8307483  0.58882229 0.65868573 0.11391241 0.66205188  0.3344729  0.33642433 0.46409225 0.25680171 0.47630404 0.40945322  0.60005729 0.48696355 0.3164542  0.35341309
0.59619552 0.81669547 0.6173847  0.68695045 0.09348732 0.63727528  0.34767515 0.34065475 0.4291927  0.31041654 0.51464542 0.43015642  0.62003332 0.49586544 0.37643384 0.28488544
0.60018065 0.82878364 0.64492989 0.68231732 0.11368821 0.64179264  0.33990531 0.33097099 0.42037526 0.25523502 0.50489467 0.42304525  0.583579   0.47957642 0.40375781 0.30139595
0.60018065 0.82878364 0.64492989 0.68231732 0.11368821 0.64179264  0.33990531 0.33097099 0.42037526 0.25523502 0.50489467 0.42304525  0.583579   0.47957642 0.40375781 0.30139595
0.64020046 0.81440761 0.67819404 0.59364065 0.12254091 0.64931897  0.39620239 0.43716004 0.44659745 0.19222648 0.50541932 0.34409728  0.69934202 0.51186546 0.43683587 0.32384497
0.64020046 0.81440761 0.67819404 0.59364065 0.12254091 0.64931897  0.39620239 0.43716004 0.44659745 0.19222648 0.50541932 0.34409728  0.69934202 0.51186546 0.43683587 0.32384497
0.64020046 0.81440761 0.67819404 0.59364065 0.12254091 0.64931897  0.39620239 0.43716004 0.44659745 0.19222648 0.50541932 0.34409728  0.69934202 0.51186546 0.43683587 0.32384497
0.64020046 0.81440761 0.67819404 0.59364065 0.12254091 0.64931897  0.39620239 0.43716004 0.44659745 0.19222648 0.50541932 0.34409728  0.69934202 0.51186546 0.43683587 0.32384497
0.67420547 0.79991865 0.67340048 0.5585979  0.12136631 0.62200088  0.42701381 0.47813731 0.37025558 0.21858223 0.46476912 0.36162376  0.55381206 0.44768296 0.41894435 0.31642057
0.68890817 0.77353241 0.68583794 0.55579565 0.10471437 0.60741663  0.3915131  0.51960084 0.34345607 0.24181931 0.44327304 0.3686923  0.43561292 0.38452406 0.45603918 0.29555954
0.68890817 0.77353241 0.68583794 0.55579565 0.10471437 0.60741663  0.3915131  0.51960084 0.34345607 0.24181931 0.44327304 0.3686923  0.43561292 0.38452406 0.45603918 0.29555954
0.72194232 0.73451657 0.6854747  0.49228227 0.10592594 0.57714325  0.42153897 0.58780757 0.32698354 0.23790567 0.44271198 0.36961796  0.39034927 0.36150918 0.56847357 0.29256143
0.79808809 0.68502496 0.70128878 0.35940734 0.15292992 0.43746897  0.63870351 0.63748717 0.34548051 0.33079433 0.34060706 0.34225384  0.36233395 0.32048282 0.74527559 0.41160487
0.79808809 0.68502496 0.70128878 0.35940734 0.15292992 0.43746897  0.63870351 0.63748717 0.34548051 0.33079433 0.34060706 0.34225384  0.36233395 0.32048282 0.74527559 0.41160487
0.79808809 0.68502496 0.70128878 0.35940734 0.15292992 0.43746897  0.63870351 0.63748717 0.34548051 0.33079433 0.34060706 0.34225384  0.36233395 0.32048282 0.74527559 0.41160487
0.79808809 0.68502496 0.70128878 0.35940734 0.15292992 0.43746897  0.63870351 0.63748717 0.34548051 0.33079433 0.34060706 0.34225384  0.36233395 0.32048282 0.74527559 0.41160487
0.83779136 0.57699188 0.66038538 0.30544633 0.15764465 0.34071977  0.58387729 0.59733208 0.47513222 0.33335537 0.36014379 0.37139286  0.37737655 0.47038662 0.67092773 0.40074435
0.86085673 0.52226022 0.66052267 0.32389479 0.1543979  0.29915813  0.5896967  0.53162781 0.51035897 0.3977829  0.39108494 0.43210376  0.40738077 0.56128123 0.69241752 0.48997094
0.87010836 0.47127205 0.62453986 0.34139199 0.12833972 0.25983101  0.56987023 0.52042251 0.54840357 0.38265064 0.46002435 0.41852681  0.40765534 0.49219693 0.60345939 0.48571502
0.90848447 0.36826134 0.59594851 0.34122566 0.18469024 0.21535166  0.47662845 0.31263339 0.63393221 0.35767687 0.4177675  0.4137652  0.43965335 0.39139259 0.51081391 0.3906804 
0.90776534 0.34492518 0.5740586  0.37238657 0.17126508 0.20214603  0.51189442 0.32030458 0.69045289 0.40978552 0.46458787 0.48117792  0.49341837 0.33132285 0.46744516 0.4695313 
0.90365154 0.32914334 0.54320727 0.38220854 0.15553754 0.20248424  0.5135238  0.32141813 0.67911144 0.40252364 0.49778287 0.53811446  0.51902614 0.30692354 0.48176949 0.49731144
0.90909952 0.29558515 0.52685924 0.43702526 0.16661211 0.23818746  0.49275662 0.30487534 0.59636178 0.35995353 0.552011   0.53443604  0.53007092 0.31356478 0.48266063 0.56145577
0.91763686 0.23412303 0.48728569 0.51852189 0.21469797 0.32025516  0.44672424 0.30303724 0.44880902 0.34039352 0.6039306  0.45175242  0.5493166  0.37478319 0.49085471 0.63474396
0.90812951 0.19399008 0.39898327 0.51812018 0.24454674 0.3851019  0.39117193 0.34399401 0.32071392 0.42086667 0.60062674 0.38388236  0.55934934 0.44453553 0.53828411 0.50710446
0.89490276 0.17693601 0.33189288 0.50576474 0.2618456  0.41170785  0.36602615 0.38107579 0.31749772 0.52908132 0.62429367 0.41619173  0.59439183 0.46165032 0.48580495 0.44407643
0.89490276 0.17693601 0.33189288 0.50576474 0.2618456  0.41170785  0.36602615 0.38107579 0.31749772 0.52908132 0.62429367 0.41619173  0.59439183 0.46165032 0.48580495 0.44407643
0.87967171 0.16998599 0.2647059  0.47033083 0.30303348 0.45721976  0.3148075  0.39988712 0.26399182 0.52981753 0.63174271 0.43413212  0.59607676 0.4837953  0.45527801 0.41125418
0.87052403 0.16449341 0.22743161 0.45256509 0.32638706 0.46794371  0.31476214 0.42766218 0.27365537 0.55769148 0.61519093 0.41978422  0.5596275  0.43913891 0.48576347 0.3936846 
0.87052403 0.16449341 0.22743161 0.45256509 0.32638706 0.46794371  0.31476214 0.42766218 0.27365537 0.55769148 0.61519093 0.41978422  0.5596275  0.43913891 0.48576347 0.3936846 
0.83922268 0.20889739 0.15727768 0.36037815 0.38839269 0.53285403  0.28788516 0.43392538 0.338533   0.42929549 0.43731835 0.33342453  0.48057617 0.35889277 0.48955513 0.41519661
0.78439602 0.34920449 0.11509822 0.12285053 0.34576701 0.4533275  0.31428084 0.45325025 0.60155421 0.35564157 0.3029053  0.49730314  0.41435012 0.29059942 0.41129945 0.33353117
0.78439602 0.34920449 0.11509822 0.12285053 0.34576701 0.4533275  0.31428084 0.45325025 0.60155421 0.35564157 0.3029053  0.49730314  0.41435012 0.29059942 0.41129945 0.33353117
0.74183551 0.42432626 0.08602888 0.11338874 0.37048932 0.47456484  0.4320054  0.4160156  0.65398724 0.34072638 0.30400707 0.50973532  0.55851984 0.42343925 0.52425258 0.44972705
0.67079203 0.580378   0.09245495 0.17574588 0.34168368 0.58099948  0.58245506 0.39235759 0.55537948 0.3670008  0.28462831 0.50965982  0.73805772 0.5694311  0.62052914 0.50493899
0.57929023 0.72501455 0.09327569 0.27109913 0.34881102 0.5775856  0.7181481  0.55430708 0.46462874 0.37566538 0.59495106 0.42951876  0.5899569  0.42970602 0.62834303 0.51296674
0.52906469 0.78820068 0.09336626 0.38841304 0.34732777 0.60797626  0.70061735 0.39068725 0.41489499 0.43795197 0.56221965 0.44478585  0.48337353 0.40582652 0.48947905 0.4686588 
0.51122529 0.79950986 0.09455724 0.43195576 0.3493868  0.5994669  0.66683861 0.34610602 0.416032   0.46732754 0.53386627 0.462384  0.40329739 0.37544479 0.47961754 0.45658068
0.47519548 0.81056876 0.09654784 0.49702408 0.36448215 0.55085511  0.61469541 0.33360884 0.42118648 0.47317538 0.54490054 0.46542886  0.29218941 0.35246694 0.45807609 0.42316772
0.47519548 0.81056876 0.09654784 0.49702408 0.36448215 0.55085511  0.61469541 0.33360884 0.42118648 0.47317538 0.54490054 0.46542886  0.29218941 0.35246694 0.45807609 0.42316772
0.42027876 0.8103488  0.1154471  0.58739732 0.37098644 0.5062475  0.46640962 0.36569205 0.48136623 0.48659072 0.48661598 0.4818624  0.25853725 0.3529315  0.50007316 0.42395598
0.40197047 0.80122092 0.11412836 0.59313625 0.39279801 0.43561678  0.48338328 0.40431869 0.45461516 0.44585244 0.52249113 0.45944177  0.25829957 0.35595448 0.47543007 0.37470857
0.40197047 0.80122092 0.11412836 0.59313625 0.39279801 0.43561678  0.48338328 0.40431869 0.45461516 0.44585244 0.52249113 0.45944177  0.25829957 0.35595448 0.47543007 0.37470857
0.42027876 0.8103488  0.1154471  0.58739732 0.37098644 0.5062475  0.46640962 0.36569205 0.48136623 0.48659072 0.48661598 0.4818624  0.25853725 0.3529315  0.50007316 0.42395598
0.43885676 0.81091145 0.11022171 0.55356882 0.36822373 0.52207397  0.52361247 0.36451141 0.4566987  0.46510891 0.53171883 0.46128503  0.26187575 0.35660974 0.47181541 0.39877901
0.47559317 0.80609748 0.10847013 0.48847085 0.34640238 0.5861626  0.57040853 0.39992178 0.47180248 0.4308198  0.58556592 0.43625334  0.37946787 0.37063093 0.4362612  0.42478642
0.49303488 0.79925958 0.09535686 0.45348135 0.36242311 0.55936447  0.64847414 0.37819007 0.42004947 0.44379981 0.57325392 0.4478307  0.37226555 0.38284866 0.4679376  0.43524584
0.57929023 0.72501455 0.09327569 0.27109913 0.34881102 0.5775856  0.7181481  0.55430708 0.46462874 0.37566538 0.59495106 0.42951876  0.5899569  0.42970602 0.62834303 0.51296674
0.67405778 0.58888867 0.12649906 0.15430656 0.29609684 0.56862131  0.55358177 0.70996014 0.49186064 0.37959644 0.40871476 0.48029029  0.50944896 0.40035536 0.57620048 0.5389976 
0.72894127 0.45662204 0.10083156 0.11531976 0.3486644  0.4699839  0.45262371 0.56262339 0.63170101 0.31660975 0.43168711 0.47608367  0.50108869 0.42521012 0.4487594  0.48243437
0.7689441  0.36256951 0.09195815 0.11502946 0.36984051 0.43640136  0.35905026 0.4429618  0.65211285 0.33690123 0.34520823 0.49225303  0.42027361 0.29836074 0.46732284 0.40181043
0.78439602 0.34920449 0.11509822 0.12285053 0.34576701 0.4533275  0.31428084 0.45325025 0.60155421 0.35564157 0.3029053  0.49730314  0.41435012 0.29059942 0.41129945 0.33353117
0.82774065 0.22165527 0.13935967 0.32411539 0.37381135 0.47870882  0.31479554 0.45872721 0.43724991 0.48506358 0.51157147 0.40336721  0.41305102 0.37665177 0.39079413 0.55634052
0.83912084 0.21666364 0.17384988 0.35088952 0.34345937 0.46325847  0.31495376 0.44429638 0.40205728 0.50543117 0.5526397  0.43763199  0.45937338 0.43137879 0.36581219 0.52109195
0.87812203 0.20672725 0.30350515 0.43753474 0.25447561 0.39884349  0.3462906  0.4029649  0.35056713 0.54324725 0.61400868 0.46231492  0.53097258 0.51537409 0.38438448 0.43919895
0.92666922 0.20300579 0.49078932 0.55917281 0.29305457 0.33267573  0.51442234 0.37275874 0.57187289 0.58281494 0.5449115  0.30477377  0.52073882 0.35681488 0.40720756 0.65224701
0.9533008  0.2547727  0.65059978 0.55078557 0.38918594 0.30408333  0.55201468 0.32407599 0.64553935 0.53133288 0.46975089 0.1735181  0.52644835 0.30203639 0.45912768 0.64723309
0.96596703 0.30454795 0.75898687 0.4784633  0.61888218 0.33641227  0.52026808 0.32218847 0.64325723 0.57737487 0.45978299 0.14866715  0.54833672 0.30862395 0.44399056 0.56740439
0.96596703 0.30454795 0.75898687 0.4784633  0.61888218 0.33641227  0.52026808 0.32218847 0.64325723 0.57737487 0.45978299 0.14866715  0.54833672 0.30862395 0.44399056 0.56740439
0.96047592 0.34503196 0.78874543 0.41716689 0.65047345 0.31166296  0.51979305 0.33915981 0.68482146 0.60995644 0.47906032 0.22298735  0.52976994 0.31883145 0.3792142  0.56562769
0.96047592 0.34503196 0.78874543 0.41716689 0.65047345 0.31166296  0.51979305 0.33915981 0.68482146 0.60995644 0.47906032 0.22298735  0.52976994 0.31883145 0.3792142  0.56562769
0.95139711 0.36675545 0.77835471 0.38617151 0.57729429 0.26725092  0.54245933 0.33407844 0.75505903 0.62490407 0.43628568 0.23481089  0.52465001 0.35503633 0.32922424 0.51779472
0.94572173 0.36825388 0.75002177 0.37296494 0.50008792 0.25948389  0.5059342  0.3168214  0.69313949 0.55200568 0.41960535 0.20797254  0.47301581 0.40137484 0.37864732 0.49274441
0.94388347 0.35986858 0.73123687 0.39202272 0.43941437 0.25095517  0.51394447 0.31496525 0.69467587 0.52242484 0.41133765 0.19870641  0.44823732 0.39745137 0.38799478 0.51788236
0.91525411 0.38869116 0.67525923 0.37647103 0.28599303 0.21753905  0.55237383 0.40584487 0.70952393 0.51566253 0.4682872  0.29037432  0.45417447 0.40178844 0.3809398  0.51262982
0.90202238 0.394451   0.62972856 0.35808207 0.18405488 0.18838627  0.56597073 0.40996747 0.73993863 0.46071732 0.45563915 0.38793879  0.45259967 0.3534366  0.43640466 0.48676054
0.89794618 0.40497684 0.6196219  0.33076558 0.18109465 0.20785051  0.51971642 0.40680468 0.65895292 0.41991624 0.44422831 0.36913299  0.42985877 0.4273281  0.46526539 0.4155299 
0.88546644 0.37540467 0.54115098 0.33974546 0.14674018 0.22616564  0.50217931 0.42503784 0.60050729 0.43504908 0.49701015 0.45496121  0.47871501 0.42413504 0.48994534 0.3695489 
0.86424062 0.34368123 0.42625515 0.32787672 0.14309932 0.27156147  0.46248396 0.4691891  0.54478826 0.51174416 0.55111863 0.55654136  0.5025792  0.45103995 0.41710705 0.32029885
0.86424062 0.34368123 0.42625515 0.32787672 0.14309932 0.27156147  0.46248396 0.4691891  0.54478826 0.51174416 0.55111863 0.55654136  0.5025792  0.45103995 0.41710705 0.32029885
0.85206767 0.32755005 0.36133961 0.32096659 0.14648649 0.3120919  0.40550737 0.47544256 0.46733431 0.50722851 0.60222405 0.6193118  0.55203927 0.48815132 0.40624912 0.27554293
0.83064226 0.3626074  0.33213324 0.29173866 0.1498719  0.35685264  0.41631284 0.50610239 0.43189752 0.54261216 0.52924883 0.63410507  0.52563324 0.58143038 0.45478509 0.31776053
0.79481207 0.38385047 0.22393908 0.19621006 0.22965914 0.4211744  0.38466174 0.54772708 0.44327358 0.50399734 0.40775826 0.59873361  0.46125713 0.48971972 0.53498178 0.24886166
0.75880982 0.43823935 0.16816694 0.1438495  0.26191373 0.4868824  0.40647032 0.6045915  0.47504846 0.45204311 0.3056227  0.55762806  0.40034479 0.46320469 0.57409817 0.38790959
0.68742699 0.56734695 0.12989972 0.17478224 0.29877488 0.57223795  0.52307977 0.51679959 0.49772889 0.395203   0.31428153 0.51009313  0.6309374  0.60117024 0.4470705  0.46217425
0.68742699 0.56734695 0.12989972 0.17478224 0.29877488 0.57223795  0.52307977 0.51679959 0.49772889 0.395203   0.31428153 0.51009313  0.6309374  0.60117024 0.4470705  0.46217425
0.68742699 0.56734695 0.12989972 0.17478224 0.29877488 0.57223795  0.52307977 0.51679959 0.49772889 0.395203   0.31428153 0.51009313  0.6309374  0.60117024 0.4470705  0.46217425
0.5784283  0.73352589 0.10317377 0.31194755 0.32346826 0.63813421  0.66802915 0.41645658 0.42735017 0.43204287 0.42407102 0.47069297  0.60937743 0.48252669 0.5043412  0.49902171
0.49303488 0.79925958 0.09535686 0.45348135 0.36242311 0.55936447  0.64847414 0.37819007 0.42004947 0.44379981 0.57325392 0.4478307  0.37226555 0.38284866 0.4679376  0.43524584
0.49303488 0.79925958 0.09535686 0.45348135 0.36242311 0.55936447  0.64847414 0.37819007 0.42004947 0.44379981 0.57325392 0.4478307  0.37226555 0.38284866 0.4679376  0.43524584
0.45629848 0.80407354 0.09710843 0.51857932 0.38424446 0.49527585  0.60167809 0.3427797  0.40494569 0.47808893 0.51940683 0.4728624  0.25467343 0.36882748 0.50349181 0.40923842
0.45629848 0.80407354 0.09710843 0.51857932 0.38424446 0.49527585  0.60167809 0.3427797  0.40494569 0.47808893 0.51940683 0.4728624  0.25467343 0.36882748 0.50349181 0.40923842
0.42054847 0.80178357 0.10890297 0.55930774 0.3900353  0.45144325  0.54058613 0.40313805 0.42994763 0.42437063 0.56759398 0.43886439  0.26163807 0.35963271 0.44717233 0.3495316 
0.42054847 0.80178357 0.10890297 0.55930774 0.3900353  0.45144325  0.54058613 0.40313805 0.42994763 0.42437063 0.56759398 0.43886439  0.26163807 0.35963271 0.44717233 0.3495316 
0.40334436 0.80460479 0.12285463 0.58286797 0.37595784 0.48174344  0.46710441 0.44336238 0.51464293 0.39197487 0.64139114 0.40727923  0.29418271 0.38285263 0.43577543 0.3067368 
0.40334436 0.80460479 0.12285463 0.58286797 0.37595784 0.48174344  0.46710441 0.44336238 0.51464293 0.39197487 0.64139114 0.40727923  0.29418271 0.38285263 0.43577543 0.3067368 
0.42054847 0.80178357 0.10890297 0.55930774 0.3900353  0.45144325  0.54058613 0.40313805 0.42994763 0.42437063 0.56759398 0.43886439  0.26163807 0.35963271 0.44717233 0.3495316 
0.45669617 0.79960227 0.10903072 0.51002609 0.36616469 0.53058334  0.55739121 0.40909264 0.45556169 0.43573334 0.56007221 0.44368688  0.34195189 0.38699147 0.48167692 0.41085713
0.47413788 0.79276436 0.09591745 0.47503659 0.38218542 0.50378521  0.63545682 0.38736094 0.40380869 0.44871336 0.54776022 0.45526424  0.33474957 0.3992092  0.51335332 0.42131655
0.54644978 0.77232352 0.09582484 0.34712351 0.34185412 0.61325183  0.71214736 0.45680348 0.41778916 0.41562658 0.56980044 0.43204295  0.55008453 0.4215556  0.49818758 0.48664996
0.56324047 0.75110964 0.09211211 0.30418254 0.34843496 0.59677457  0.7318537  0.49777815 0.44141285 0.39386804 0.58813656 0.42747788  0.60811379 0.45263783 0.56700873 0.50068664
0.5805287  0.74168416 0.10642507 0.28770622 0.32206729 0.63853522  0.69543258 0.52707274 0.42096165 0.40027037 0.50992896 0.43680873  0.65015541 0.43933157 0.5128832  0.50609601
0.62599278 0.6538309  0.10292953 0.21495863 0.33415862 0.56839552  0.64169191 0.53618584 0.50337902 0.38794926 0.45681894 0.47358937  0.61471324 0.54582277 0.55243908 0.52651474
0.68802483 0.55461687 0.10792322 0.13387776 0.32322444 0.53612285  0.5541436  0.56304007 0.57150344 0.35826    0.36339897 0.5070839  0.61870401 0.58599976 0.56442819 0.54273362
0.68802483 0.55461687 0.10792322 0.13387776 0.32322444 0.53612285  0.5541436  0.56304007 0.57150344 0.35826    0.36339897 0.5070839  0.61870401 0.58599976 0.56442819 0.54273362
0.68802483 0.55461687 0.10792322 0.13387776 0.32322444 0.53612285  0.5541436  0.56304007 0.57150344 0.35826    0.36339897 0.5070839  0.61870401 0.58599976 0.56442819 0.54273362
0.67067592 0.56495436 0.09411866 0.15098854 0.34944464 0.49619834  0.58901342 0.53675289 0.59184817 0.35641715 0.44547559 0.49984765  0.57276435 0.60210358 0.60819491 0.5430647 
0.63766891 0.59969749 0.07295347 0.19380535 0.38170844 0.46847549  0.64785493 0.43482674 0.61547521 0.33305886 0.53721522 0.48086578  0.58579646 0.63759817 0.6415983  0.52557911
0.60767606 0.65920188 0.07480033 0.23907581 0.37440424 0.52379441  0.69283633 0.36461821 0.55701828 0.37460493 0.48103675 0.48392667  0.64499663 0.65559472 0.64612161 0.51599154
0.53676176 0.686488   0.06966608 0.35092286 0.42050117 0.40255887  0.68535271 0.29109885 0.49547615 0.37244464 0.51860326 0.4753715  0.45582923 0.62756981 0.58237192 0.39627719
0.45491292 0.75487897 0.09138836 0.43289494 0.43025164 0.359608  0.73234487 0.46983119 0.32262774 0.34916377 0.60356773 0.40499526  0.44361907 0.44618448 0.49706352 0.32830502
0.23277035 0.61839694 0.1816805  0.54656957 0.45883937 0.19949191  0.53824818 0.48656146 0.2485158  0.41474964 0.2178604  0.50255031  0.53823572 0.37569672 0.43337599 0.51062459
0.12425167 0.51607436 0.25538578 0.5188985  0.41734613 0.28102709  0.46675122 0.51268272 0.31184647 0.39364458 0.20441174 0.48853369  0.67037269 0.34217413 0.31239051 0.56340722
0.05351142 0.43947142 0.31096524 0.46826146 0.37376331 0.40333531  0.449023   0.50224764 0.41356088 0.37686256 0.34766111 0.45195559  0.59560889 0.36517078 0.34313004 0.48165838
0.01779563 0.38669558 0.33863985 0.42004769 0.35385851 0.46460162  0.48109267 0.47190843 0.43452283 0.38595027 0.3992976  0.44733029  0.52908455 0.38078184 0.39373238 0.44873962
0.00039479 0.36283831 0.35232302 0.39930133 0.34523319 0.50234819  0.48417291 0.45702496 0.47508945 0.39693445 0.45000532 0.44589633  0.47476172 0.42761975 0.50206904 0.41641874
0.00039479 0.36283831 0.35232302 0.39930133 0.34523319 0.50234819  0.48417291 0.45702496 0.47508945 0.39693445 0.45000532 0.44589633  0.47476172 0.42761975 0.50206904 0.41641874
0.00039479 0.36283831 0.35232302 0.39930133 0.34523319 0.50234819  0.48417291 0.45702496 0.47508945 0.39693445 0.45000532 0.44589633  0.47476172 0.42761975 0.50206904 0.41641874
0.00039479 0.36283831 0.35232302 0.39930133 0.34523319 0.50234819  0.48417291 0.45702496 0.47508945 0.39693445 0.45000532 0.44589633  0.47476172 0.42761975 0.50206904 0.41641874
0.00039479 0.36283831 0.35232302 0.39930133 0.34523319 0.50234819  0.48417291 0.45702496 0.47508945 0.39693445 0.45000532 0.44589633  0.47476172 0.42761975 0.50206904 0.41641874
0.00039479 0.36283831 0.35232302 0.39930133 0.34523319 0.50234819  0.48417291 0.45702496 0.47508945 0.39693445 0.45000532 0.44589633  0.47476172 0.42761975 0.50206904 0.41641874
0.00039479 0.36283831 0.35232302 0.39930133 0.34523319 0.50234819  0.48417291 0.45702496 0.47508945 0.39693445 0.45000532 0.44589633  0.47476172 0.42761975 0.50206904 0.41641874
0.00039479 0.36283831 0.35232302 0.39930133 0.34523319 0.50234819  0.48417291 0.45702496 0.47508945 0.39693445 0.45000532 0.44589633  0.47476172 0.42761975 0.50206904 0.41641874
0.00039479 0.36283831 0.35232302 0.39930133 0.34523319 0.50234819  0.48417291 0.45702496 0.47508945 0.39693445 0.45000532 0.44589633  0.47476172 0.42761975 0.50206904 0.41641874
0.00039479 0.36283831 0.35232302 0.39930133 0.34523319 0.50234819  0.48417291 0.45702496 0.47508945 0.39693445 0.45000532 0.44589633  0.47476172 0.42761975 0.50206904 0.41641874
0.00039479 0.36283831 0.35232302 0.39930133 0.34523319 0.50234819  0.48417291 0.45702496 0.47508945 0.39693445 0.45000532 0.44589633  0.47476172 0.42761975 0.50206904 0.41641874
0.00039479 0.36283831 0.35232302 0.39930133 0.34523319 0.50234819  0.48417291 0.45702496 0.47508945 0.39693445 0.45000532 0.44589633  0.47476172 0.42761975 0.50206904 0.41641874
0.00039479 0.36283831 0.35232302 0.39930133 0.34523319 0.50234819  0.48417291 0.45702496 0.47508945 0.39693445 0.45000532 0.44589633  0.47476172 0.42761975 0.50206904 0.41641874
0.00039479 0.36283831 0.35232302 0.39930133 0.34523319 0.50234819  0.48417291 0.45702496 0.47508945 0.39693445 0.45000532 0.44589633  0.47476172 0.42761975 0.50206904 0.41641874
0.11071175 0.50002332 0.28626363 0.47658512 0.35601959 0.51140298  0.4117413  0.47420141 0.62536479 0.39155167 0.63859409 0.41397357  0.36933036 0.53724343 0.69572003 0.30441387
0.23700318 0.68070236 0.19218212 0.6294568  0.4156599  0.33719816  0.31550479 0.55489663 0.58762429 0.36344176 0.54320146 0.41897653  0.49737925 0.51581757 0.60320413 0.34149888
0.40002653 0.71068382 0.1422815  0.45305739 0.39694471 0.39890901  0.5140616  0.68220616 0.54649214 0.23054095 0.7390236  0.32366707  0.69862598 0.50455314 0.41955304 0.3155878 
0.4504662  0.6720338  0.13165023 0.37612442 0.39440775 0.4051636  0.5547254  0.69415698 0.58454627 0.1909302  0.83045526 0.3046444  0.7420172  0.53186914 0.36824421 0.32179841
0.52936111 0.58237941 0.09663172 0.28174039 0.44158934 0.28961814  0.61422533 0.66626865 0.55435402 0.14413487 0.86560783 0.30647474  0.60597628 0.46685216 0.30903512 0.29678344
0.52936111 0.58237941 0.09663172 0.28174039 0.44158934 0.28961814  0.61422533 0.66626865 0.55435402 0.14413487 0.86560783 0.30647474  0.60597628 0.46685216 0.30903512 0.29678344
0.59039396 0.48854007 0.07681886 0.20480614 0.47622045 0.19639605  0.61943482 0.60500734 0.54380764 0.1660916  0.75635563 0.35609065  0.53278182 0.4633987  0.30545538 0.32592357
0.64278637 0.4821091  0.08124226 0.17254428 0.43247116 0.27502192  0.56303432 0.65512603 0.58670143 0.2122724  0.71720562 0.3833324  0.44015851 0.3895717  0.40710491 0.38186205
0.63612747 0.48710564 0.09377652 0.23404762 0.41331528 0.27374159  0.58723361 0.70606777 0.5529085  0.27205279 0.86031756 0.39248197  0.43310148 0.3271203  0.32990026 0.45458543
0.66811841 0.45129394 0.12052694 0.21476905 0.37029566 0.30091797  0.51531178 0.77682588 0.50565779 0.30169219 0.76061389 0.40888136  0.35694396 0.25065512 0.31286956 0.43913377
0.6803669  0.50683718 0.1491001  0.27370435 0.30647123 0.46262333  0.58403581 0.84525719 0.50971555 0.39576913 0.62971308 0.50781863  0.38008754 0.15258584 0.37551888 0.5701748 
0.70727053 0.54535946 0.31020429 0.39219914 0.16427016 0.52973413  0.61750197 0.87972367 0.60208405 0.68644227 0.57091921 0.52951383  0.43022646 0.21923946 0.48693127 0.57254398
0.74317588 0.54840441 0.37218242 0.38402903 0.16150552 0.44071399  0.72937636 0.83001148 0.55955464 0.84386502 0.50844048 0.51120522  0.45291278 0.20758812 0.48630222 0.59067406
0.7726675  0.60827904 0.53745548 0.3722917  0.14093007 0.38901547  0.73603761 0.75940163 0.55036116 0.76402158 0.43018666 0.35482488  0.41824566 0.30807451 0.51043949 0.53047527
0.78603824 0.64131212 0.61679619 0.36478962 0.16021528 0.39489839  0.7362259  0.71939898 0.52793289 0.70641911 0.33079729 0.29598116  0.51114203 0.29565232 0.56769513 0.35518052
0.852792   0.49063556 0.60357528 0.32464394 0.18188414 0.2611049  0.67944924 0.60385586 0.68399391 0.71822617 0.37152442 0.37871991  0.51973452 0.52016171 0.54216104 0.45005711
0.852792   0.49063556 0.60357528 0.32464394 0.18188414 0.2611049  0.67944924 0.60385586 0.68399391 0.71822617 0.37152442 0.37871991  0.51973452 0.52016171 0.54216104 0.45005711
0.852792   0.49063556 0.60357528 0.32464394 0.18188414 0.2611049  0.67944924 0.60385586 0.68399391 0.71822617 0.37152442 0.37871991  0.51973452 0.52016171 0.54216104 0.45005711
0.8505408  0.48249121 0.5859209  0.33950995 0.14229785 0.26324895  0.67280304 0.59846186 0.66179599 0.66720431 0.38944808 0.41639947  0.49286391 0.50406301 0.56970266 0.48345408
0.83834676 0.46213869 0.51748285 0.32880814 0.13403636 0.28157992  0.64827563 0.62931168 0.62682132 0.73721262 0.43206317 0.47210861  0.50842129 0.55101097 0.51322652 0.4717887 
0.85075265 0.42676817 0.51097465 0.33325112 0.15003949 0.2580007  0.61082121 0.61479435 0.65174644 0.7101504  0.49476041 0.44755778  0.4883742  0.48909137 0.41920195 0.44473312
0.8407471  0.39829529 0.44588622 0.34636966 0.13843204 0.27211391  0.59693844 0.62595519 0.62780021 0.72742352 0.55532869 0.5444949  0.55132025 0.44518161 0.44998957 0.44930819
0.86415645 0.3268793  0.41252843 0.35600112 0.16036442 0.26590788  0.52116246 0.45503009 0.63404964 0.6598852  0.50682381 0.59110275  0.57526219 0.37937736 0.46604122 0.39310675
0.87723244 0.29153489 0.40524795 0.35332284 0.17888688 0.24042682  0.48599341 0.40836608 0.67236693 0.63785702 0.52954976 0.57724032  0.56987614 0.34226349 0.39192713 0.35783504
0.87723244 0.29153489 0.40524795 0.35332284 0.17888688 0.24042682  0.48599341 0.40836608 0.67236693 0.63785702 0.52954976 0.57724032  0.56987614 0.34226349 0.39192713 0.35783504
0.86570646 0.28200596 0.35322395 0.34406462 0.19302448 0.27130506  0.46779601 0.42580293 0.63877397 0.60730755 0.53041224 0.60812503  0.54944582 0.2791599  0.44616055 0.32234388
0.88073989 0.22431973 0.34884296 0.43748045 0.23695388 0.31250536  0.46746801 0.42160376 0.5655085  0.63813214 0.58128111 0.50775286  0.53872533 0.33107532 0.41988922 0.4721181 
0.88397146 0.2119538  0.35268871 0.47300736 0.24157286 0.31322468  0.50726511 0.43067747 0.61382738 0.64928173 0.59309716 0.54218295  0.56469244 0.2794952  0.40197182 0.51699796
0.88944309 0.15851519 0.31139217 0.54343543 0.31154694 0.40001841  0.50069345 0.44867563 0.5353649  0.62582517 0.58376821 0.50809481  0.61260603 0.28670938 0.46914668 0.47805453
0.88234872 0.10985863 0.2288391  0.58146194 0.41619323 0.50599693  0.48438076 0.49081926 0.49436787 0.59260146 0.5177087  0.37473976  0.53934096 0.24586817 0.55256861 0.54026412
0.8872501  0.08850868 0.22490607 0.62817443 0.44081524 0.54272876  0.50652814 0.51332083 0.47989312 0.57922658 0.49813763 0.35816068  0.54129208 0.2579529  0.59407203 0.52433691
0.8872501  0.08850868 0.22490607 0.62817443 0.44081524 0.54272876  0.50652814 0.51332083 0.47989312 0.57922658 0.49813763 0.35816068  0.54129208 0.2579529  0.59407203 0.52433691
0.8897947  0.07690892 0.22282827 0.6604297  0.45969675 0.56879821  0.53903123 0.53963818 0.50579734 0.55680572 0.45797287 0.38282573  0.51702332 0.28723019 0.57965881 0.470902  
0.8853512  0.06470813 0.191464   0.67708348 0.47167911 0.61490425  0.52697006 0.56164421 0.46833196 0.50959808 0.45112369 0.44106708  0.50395225 0.36965078 0.51943565 0.4029399 
0.88773516 0.05353771 0.1911343  0.71066043 0.48476936 0.63558517  0.56024654 0.58782508 0.49309553 0.49301356 0.42757202 0.47834498  0.48905943 0.38824803 0.49427392 0.3663647 
0.88773516 0.05353771 0.1911343  0.71066043 0.48476936 0.63558517  0.56024654 0.58782508 0.49309553 0.49301356 0.42757202 0.47834498  0.48905943 0.38824803 0.49427392 0.3663647 
0.88972158 0.04413316 0.19067636 0.74161427 0.49961285 0.6569752  0.59845018 0.61812357 0.53481258 0.46662    0.3845059  0.52716004  0.44472272 0.43540895 0.43566624 0.31100579
0.88972158 0.04413316 0.19067636 0.74161427 0.49961285 0.6569752  0.59845018 0.61812357 0.53481258 0.46662    0.3845059  0.52716004  0.44472272 0.43540895 0.43566624 0.31100579
0.88972158 0.04413316 0.19067636 0.74161427 0.49961285 0.6569752  0.59845018 0.61812357 0.53481258 0.46662    0.3845059  0.52716004  0.44472272 0.43540895 0.43566624 0.31100579
0.88894764 0.04777553 0.19117599 0.72967953 0.49279793 0.64766047  0.58297407 0.60543812 0.51701529 0.47828245 0.40537343 0.50661328  0.46534638 0.41379901 0.46070643 0.33952765
0.88894764 0.04777553 0.19117599 0.72967953 0.49279793 0.64766047  0.58297407 0.60543812 0.51701529 0.47828245 0.40537343 0.50661328  0.46534638 0.41379901 0.46070643 0.33952765
0.88182125 0.0728242  0.18171346 0.65648345 0.46909384 0.6356988  0.48458896 0.55886243 0.38472602 0.47036946 0.4467425  0.42406769  0.49151139 0.43634075 0.55603659 0.3415453 
0.86388098 0.11100644 0.15054385 0.56127535 0.48122102 0.63509505  0.41733411 0.51781924 0.35896569 0.4261399  0.41327624 0.32332285  0.49663887 0.42957355 0.59349018 0.36960048
0.86388098 0.11100644 0.15054385 0.56127535 0.48122102 0.63509505  0.41733411 0.51781924 0.35896569 0.4261399  0.41327624 0.32332285  0.49663887 0.42957355 0.59349018 0.36960048
0.86133637 0.1226062  0.15262165 0.52902008 0.46233952 0.6090256  0.38483102 0.49150189 0.33306147 0.44856076 0.45344101 0.29865781  0.52090763 0.40029626 0.6079034  0.42303539
0.84086539 0.1559787  0.1131742  0.46190618 0.49697383 0.63829303  0.37779499 0.5026827  0.3777682  0.38965722 0.33077521 0.24993629  0.44484273 0.36245646 0.64265297 0.41969037
0.82441793 0.19138148 0.08854481 0.38692897 0.49277691 0.6263378  0.34244536 0.4759507  0.4271425  0.34941727 0.3120049  0.24581217  0.42291558 0.34146984 0.54116991 0.50414523
0.82441793 0.19138148 0.08854481 0.38692897 0.49277691 0.6263378  0.34244536 0.4759507  0.4271425  0.34941727 0.3120049  0.24581217  0.42291558 0.34146984 0.54116991 0.50414523
0.82049598 0.20807883 0.0910421  0.349297   0.47136069 0.59792033  0.31753393 0.45487476 0.41902966 0.35944411 0.33906788 0.25171751  0.44010618 0.30267686 0.54488857 0.51514389
0.82049598 0.20807883 0.0910421  0.349297   0.47136069 0.59792033  0.31753393 0.45487476 0.41902966 0.35944411 0.33906788 0.25171751  0.44010618 0.30267686 0.54488857 0.51514389
0.83259189 0.20006585 0.12338825 0.3792628  0.44795495 0.59333629  0.31105344 0.43975674 0.36910839 0.36393409 0.36327071 0.2690473  0.50341813 0.32389942 0.54892835 0.43622469
0.81715422 0.25944527 0.13109901 0.28835691 0.40248447 0.54812648  0.32052368 0.44601101 0.45753279 0.35356141 0.31232436 0.37195066  0.49552207 0.32104135 0.53285533 0.32702804
0.80803801 0.32713868 0.17600677 0.18108105 0.30193617 0.42396685  0.32100261 0.44236265 0.51673338 0.41374638 0.36544951 0.53533612  0.4976381  0.32072387 0.47531887 0.18608432
0.85730884 0.32084911 0.34758091 0.29105633 0.19088177 0.34374219  0.3555755  0.36346145 0.4455764  0.38888234 0.47134379 0.61564099  0.62612781 0.39537167 0.51293372 0.13616912
0.88984456 0.49417045 0.68692449 0.1664562  0.61554982 0.43729611  0.30135743 0.31637307 0.35060144 0.23120019 0.44475799 0.69514776  0.53040457 0.39419757 0.69227513 0.24368217
0.88984456 0.49417045 0.68692449 0.1664562  0.61554982 0.43729611  0.30135743 0.31637307 0.35060144 0.23120019 0.44475799 0.69514776  0.53040457 0.39419757 0.69227513 0.24368217
0.90043447 0.51343896 0.7522549  0.14722955 0.6989607  0.4080105  0.35282409 0.32827451 0.45788642 0.36081582 0.38957042 0.59994151  0.57100407 0.37319068 0.65820575 0.20169491
0.91078286 0.47038442 0.72874912 0.16623987 0.67187217 0.3848174  0.31201365 0.31104357 0.46257365 0.28421049 0.46579944 0.6101475  0.5251063  0.29175486 0.59803017 0.20478048
0.90097506 0.42441435 0.63198107 0.24124762 0.4249459  0.33507882  0.36599883 0.29154679 0.49352598 0.21308296 0.38935439 0.51409529  0.49136126 0.3203679  0.60997525 0.20105909
0.90097506 0.42441435 0.63198107 0.24124762 0.4249459  0.33507882  0.36599883 0.29154679 0.49352598 0.21308296 0.38935439 0.51409529  0.49136126 0.3203679  0.60997525 0.20105909
0.8705296  0.26203334 0.33877892 0.38235844 0.24498598 0.38283549  0.36483575 0.36000284 0.37258591 0.36390123 0.50936722 0.50861213  0.58125385 0.36600549 0.5860903  0.30819672
0.8705296  0.26203334 0.33877892 0.38235844 0.24498598 0.38283549  0.36483575 0.36000284 0.37258591 0.36390123 0.50936722 0.50861213  0.58125385 0.36600549 0.5860903  0.30819672
0.85175071 0.25948277 0.26784721 0.34103809 0.28346185 0.41035819  0.35113846 0.4007751  0.39726889 0.40223438 0.47550457 0.48144957  0.51946475 0.34440467 0.56910412 0.32415965
0.86483779 0.14600761 0.18670553 0.47077985 0.38646488 0.52307983  0.33195349 0.45371299 0.29210128 0.52162697 0.54527693 0.35017907  0.51994533 0.38916862 0.57574418 0.41360143
0.86483779 0.14600761 0.18670553 0.47077985 0.38646488 0.52307983  0.33195349 0.45371299 0.29210128 0.52162697 0.54527693 0.35017907  0.51994533 0.38916862 0.57574418 0.41360143
0.86875974 0.12931026 0.18420824 0.50841183 0.40788109 0.5514973  0.35686493 0.47478893 0.30021411 0.51160013 0.51821395 0.34427373  0.50275474 0.4279616  0.57202551 0.40260277
0.86875974 0.12931026 0.18420824 0.50841183 0.40788109 0.5514973  0.35686493 0.47478893 0.30021411 0.51160013 0.51821395 0.34427373  0.50275474 0.4279616  0.57202551 0.40260277
0.87366111 0.10796031 0.18027522 0.55512432 0.4325031  0.58822912  0.37901231 0.4972905  0.28573936 0.49822525 0.49864287 0.32769465  0.50470586 0.44004632 0.61352894 0.38667556
0.86133637 0.1226062  0.15262165 0.52902008 0.46233952 0.6090256  0.38483102 0.49150189 0.33306147 0.44856076 0.45344101 0.29865781  0.52090763 0.40029626 0.6079034  0.42303539
0.85100277 0.13089686 0.12410094 0.51977447 0.49079317 0.6458775  0.3943563  0.50488451 0.39188077 0.38021482 0.39290103 0.3062229  0.47721855 0.41694535 0.51435627 0.46472599
0.83890686 0.13890984 0.09175479 0.48980867 0.51419892 0.65046155  0.40083679 0.52000253 0.44180205 0.37572485 0.36869821 0.28889312  0.41390659 0.39572279 0.51031649 0.54364519
0.83453327 0.14587011 0.08324676 0.50810085 0.55197267 0.71292057  0.44701862 0.55950507 0.48927519 0.28179513 0.21108277 0.31526465  0.35706182 0.43135087 0.50029912 0.38930485
0.83506809 0.14343496 0.08287618 0.51564883 0.55665753 0.71933451  0.45672505 0.5677293  0.50077314 0.27345476 0.19604907 0.32668283  0.33986737 0.45097124 0.48246814 0.37263116
0.83506809 0.14343496 0.08287618 0.51564883 0.55665753 0.71933451  0.45672505 0.5677293  0.50077314 0.27345476 0.19604907 0.32668283  0.33986737 0.45097124 0.48246814 0.37263116
0.81815929 0.16359946 0.05906504 0.48464276 0.57306735 0.69070218  0.47429922 0.54031846 0.52454832 0.2718097  0.25733971 0.28853451  0.36561394 0.43576455 0.57288502 0.45955164
0.80087106 0.17302493 0.04475208 0.50111907 0.59943503 0.64894154  0.51072034 0.51102388 0.54499952 0.26540737 0.3355473  0.27920366  0.32357232 0.44907081 0.62701055 0.45414226
0.76870228 0.23292614 0.02579127 0.50369473 0.60926967 0.65907435  0.53620748 0.37109151 0.53955717 0.24828582 0.40780771 0.22279762  0.5377527  0.48924669 0.62059205 0.50643783
0.69676435 0.34935183 0.00743986 0.54829558 0.62283046 0.65153396  0.62233464 0.21044842 0.56430469 0.26881831 0.41326074 0.27490404  0.56330165 0.52135388 0.6918948  0.40737633
0.54409833 0.56231242 0.03755741 0.45695463 0.52696718 0.33284926  0.56920764 0.05610459 0.53718433 0.36394548 0.37517459 0.46338459  0.39452393 0.51650613 0.59329268 0.26044967
0.38274341 0.5929061  0.09414683 0.48692279 0.53014765 0.13368052  0.60951979 0.26039073 0.28030514 0.37193929 0.23254351 0.49150098  0.53053727 0.45048209 0.54627052 0.31793002
0.19571496 0.57039433 0.20475235 0.51748006 0.45485792 0.19587612  0.56486286 0.48526001 0.19520911 0.40645891 0.15521294 0.50693867  0.6090165  0.34195042 0.33617271 0.54763735
0.1426344  0.53939842 0.24331237 0.53412046 0.42237841 0.26743837  0.46023443 0.51801706 0.31352109 0.38637502 0.21568847 0.48420286  0.66878604 0.34943085 0.31434612 0.53807811
0.01779563 0.38669558 0.33863985 0.42004769 0.35385851 0.46460162  0.48109267 0.47190843 0.43452283 0.38595027 0.3992976  0.44733029  0.52908455 0.38078184 0.39373238 0.44873962
0.00039479 0.36283831 0.35232302 0.39930133 0.34523319 0.50234819  0.48417291 0.45702496 0.47508945 0.39693445 0.45000532 0.44589633  0.47476172 0.42761975 0.50206904 0.41641874
0.00039479 0.36283831 0.35232302 0.39930133 0.34523319 0.50234819  0.48417291 0.45702496 0.47508945 0.39693445 0.45000532 0.44589633  0.47476172 0.42761975 0.50206904 0.41641874
0.00039479 0.36283831 0.35232302 0.39930133 0.34523319 0.50234819  0.48417291 0.45702496 0.47508945 0.39693445 0.45000532 0.44589633  0.47476172 0.42761975 0.50206904 0.41641874
0.00039479 0.36283831 0.35232302 0.39930133 0.34523319 0.50234819  0.48417291 0.45702496 0.47508945 0.39693445 0.45000532 0.44589633  0.47476172 0.42761975 0.50206904 0.41641874
0.00039479 0.36283831 0.35232302 0.39930133 0.34523319 0.50234819  0.48417291 0.45702496 0.47508945 0.39693445 0.45000532 0.44589633  0.47476172 0.42761975 0.50206904 0.41641874
0.00039479 0.36283831 0.35232302 0.39930133 0.34523319 0.50234819  0.48417291 0.45702496 0.47508945 0.39693445 0.45000532 0.44589633  0.47476172 0.42761975 0.50206904 0.41641874
0.00039479 0.36283831 0.35232302 0.39930133 0.34523319 0.50234819  0.48417291 0.45702496 0.47508945 0.39693445 0.45000532 0.44589633  0.47476172 0.42761975 0.50206904 0.41641874
0.00039479 0.36283831 0.35232302 0.39930133 0.34523319 0.50234819  0.48417291 0.45702496 0.47508945 0.39693445 0.45000532 0.44589633  0.47476172 0.42761975 0.50206904 0.41641874
0.00039479 0.36283831 0.35232302 0.39930133 0.34523319 0.50234819  0.48417291 0.45702496 0.47508945 0.39693445 0.45000532 0.44589633  0.47476172 0.42761975 0.50206904 0.41641874
0.00039479 0.36283831 0.35232302 0.39930133 0.34523319 0.50234819  0.48417291 0.45702496 0.47508945 0.39693445 0.45000532 0.44589633  0.47476172 0.42761975 0.50206904 0.41641874
0.00039479 0.36283831 0.35232302 0.39930133 0.34523319 0.50234819  0.48417291 0.45702496 0.47508945 0.39693445 0.45000532 0.44589633  0.47476172 0.42761975 0.50206904 0.41641874
0.00039479 0.36283831 0.35232302 0.39930133 0.34523319 0.50234819  0.48417291 0.45702496 0.47508945 0.39693445 0.45000532 0.44589633  0.47476172 0.42761975 0.50206904 0.41641874
0.00039479 0.36283831 0.35232302 0.39930133 0.34523319 0.50234819  0.48417291 0.45702496 0.47508945 0.39693445 0.45000532 0.44589633  0.47476172 0.42761975 0.50206904 0.41641874
0.00039479 0.36283831 0.35232302 0.39930133 0.34523319 0.50234819  0.48417291 0.45702496 0.47508945 0.39693445 0.45000532 0.44589633  0.47476172 0.42761975 0.50206904 0.41641874
0.00039479 0.36283831 0.35232302 0.39930133 0.34523319 0.50234819  0.48417291 0.45702496 0.47508945 0.39693445 0.45000532 0.44589633  0.47476172 0.42761975 0.50206904 0.41641874
0.00039479 0.36283831 0.35232302 0.39930133 0.34523319 0.50234819  0.48417291 0.45702496 0.47508945 0.39693445 0.45000532 0.44589633  0.47476172 0.42761975 0.50206904 0.41641874
0.00039479 0.36283831 0.35232302 0.39930133 0.34523319 0.50234819  0.48417291 0.45702496 0.47508945 0.39693445 0.45000532 0.44589633  0.47476172 0.42761975 0.50206904 0.41641874
0.00039479 0.36283831 0.35232302 0.39930133 0.34523319 0.50234819  0.48417291 0.45702496 0.47508945 0.39693445 0.45000532 0.44589633  0.47476172 0.42761975 0.50206904 0.41641874
0.00039479 0.36283831 0.35232302 0.39930133 0.34523319 0.50234819  0.48417291 0.45702496 0.47508945 0.39693445 0.45000532 0.44589633  0.47476172 0.42761975 0.50206904 0.41641874
0.00039479 0.36283831 0.35232302 0.39930133 0.34523319 0.50234819  0.48417291 0.45702496 0.47508945 0.39693445 0.45000532 0.44589633  0.47476172 0.42761975 0.50206904 0.41641874
0.00039479 0.36283831 0.35232302 0.39930133 0.34523319 0.50234819  0.48417291 0.45702496 0.47508945 0.39693445 0.45000532 0.44589633  0.47476172 0.42761975 0.50206904 0.41641874
0.00039479 0.36283831 0.35232302 0.39930133 0.34523319 0.50234819  0.48417291 0.45702496 0.47508945 0.39693445 0.45000532 0.44589633  0.47476172 0.42761975 0.50206904 0.41641874
0.00039479 0.36283831 0.35232302 0.39930133 0.34523319 0.50234819  0.48417291 0.45702496 0.47508945 0.39693445 0.45000532 0.44589633  0.47476172 0.42761975 0.50206904 0.41641874
0.00039479 0.36283831 0.35232302 0.39930133 0.34523319 0.50234819  0.48417291 0.45702496 0.47508945 0.39693445 0.45000532 0.44589633  0.47476172 0.42761975 0.50206904 0.41641874
0.00039479 0.36283831 0.35232302 0.39930133 0.34523319 0.50234819  0.48417291 0.45702496 0.47508945 0.39693445 0.45000532 0.44589633  0.47476172 0.42761975 0.50206904 0.41641874
0.00039479 0.36283831 0.35232302 0.39930133 0.34523319 0.50234819  0.48417291 0.45702496 0.47508945 0.39693445 0.45000532 0.44589633  0.47476172 0.42761975 0.50206904 0.41641874
