0.00039479 0.36283831 0.35232302 0.39930133 0.34523319 0.50234819  0.48417291 0.45702496 0.47508945 0.39693445 0.45000532 0.44589633  0.47476172 0.42761975 0.50206904 0.41641874
0.00039479 0.36283831 0.35232302 0.39930133 0.34523319 0.50234819  0.48417291 0.45702496 0.47508945 0.39693445 0.45000532 0.44589633  0.47476172 0.42761975 0.50206904 0.41641874
0.00039479 0.36283831 0.35232302 0.39930133 0.34523319 0.50234819  0.48417291 0.45702496 0.47508945 0.39693445 0.45000532 0.44589633  0.47476172 0.42761975 0.50206904 0.41641874
0.00039479 0.36283831 0.35232302 0.39930133 0.34523319 0.50234819  0.48417291 0.45702496 0.47508945 0.39693445 0.45000532 0.44589633  0.47476172 0.42761975 0.50206904 0.41641874
0.00039479 0.36283831 0.35232302 0.39930133 0.34523319 0.50234819  0.48417291 0.45702496 0.47508945 0.39693445 0.45000532 0.44589633  0.47476172 0.42761975 0.50206904 0.41641874
0.00039479 0.36283831 0.35232302 0.39930133 0.34523319 0.50234819  0.48417291 0.45702496 0.47508945 0.39693445 0.45000532 0.44589633  0.47476172 0.42761975 0.50206904 0.41641874
0.00039479 0.36283831 0.35232302 0.39930133 0.34523319 0.50234819  0.48417291 0.45702496 0.47508945 0.39693445 0.45000532 0.44589633  0.47476172 0.42761975 0.50206904 0.41641874
0.00039479 0.36283831 0.35232302 0.39930133 0.34523319 0.50234819  0.48417291 0.45702496 0.47508945 0.39693445 0.45000532 0.44589633  0.47476172 0.42761975 0.50206904 0.41641874
0.00039479 0.36283831 0.35232302 0.39930133 0.34523319 0.50234819  0.48417291 0.45702496 0.47508945 0.39693445 0.45000532 0.44589633  0.47476172 0.42761975 0.50206904 0.41641874
0.00039479 0.36283831 0.35232302 0.39930133 0.34523319 0.50234819  0.48417291 0.45702496 0.47508945 0.39693445 0.45000532 0.44589633  0.47476172 0.42761975 0.50206904 0.41641874
0.00039479 0.36283831 0.35232302 0.39930133 0.34523319 0.50234819  0.48417291 0.45702496 0.47508945 0.39693445 0.45000532 0.44589633  0.47476172 0.42761975 0.50206904 0.41641874
0.00039479 0.36283831 0.35232302 0.39930133 0.34523319 0.50234819  0.48417291 0.45702496 0.47508945 0.39693445 0.45000532 0.44589633  0.47476172 0.42761975 0.50206904 0.41641874
0.00039479 0.36283831 0.35232302 0.39930133 0.34523319 0.50234819  0.48417291 0.45702496 0.47508945 0.39693445 0.45000532 0.44589633  0.47476172 0.42761975 0.50206904 0.41641874
0.00039479 0.36283831 0.35232302 0.39930133 0.34523319 0.50234819  0.48417291 0.45702496 0.47508945 0.39693445 0.45000532 0.44589633  0.47476172 0.42761975 0.50206904 0.41641874
0.00039479 0.36283831 0.35232302 0.39930133 0.34523319 0.50234819  0.48417291 0.45702496 0.47508945 0.39693445 0.45000532 0.44589633  0.47476172 0.42761975 0.50206904 0.41641874
0.00039479 0.36283831 0.35232302 0.39930133 0.34523319 0.50234819  0.48417291 0.45702496 0.47508945 0.39693445 0.45000532 0.44589633  0.47476172 0.42761975 0.50206904 0.41641874
0.00039479 0.36283831 0.35232302 0.39930133 0.34523319 0.50234819  0.48417291 0.45702496 0.47508945 0.39693445 0.45000532 0.44589633  0.47476172 0.42761975 0.50206904 0.41641874
0.00039479 0.36283831 0.35232302 0.39930133 0.34523319 0.50234819  0.48417291 0.45702496 0.47508945 0.39693445 0.45000532 0.44589633  0.47476172 0.42761975 0.50206904 0.41641874
0.00039479 0.36283831 0.35232302 0.39930133 0.34523319 0.50234819  0.48417291 0.45702496 0.47508945 0.39693445 0.45000532 0.44589633  0.47476172 0.42761975 0.50206904 0.41641874
0.00039479 0.36283831 0.35232302 0.39930133 0.34523319 0.50234819  0.48417291 0.45702496 0.47508945 0.39693445 0.45000532 0.44589633  0.47476172 0.42761975 0.50206904 0.41641874
0.00039479 0.36283831 0.35232302 0.39930133 0.34523319 0.50234819  0.48417291 0.45702496 0.47508945 0.39693445 0.45000532 0.44589633  0.47476172 0.42761975 0.50206904 0.41641874
0.00039479 0.36283831 0.35232302 0.39930133 0.34523319 0.50234819  0.48417291 0.45702496 0.47508945 0.39693445 0.45000532 0.44589633  0.47476172 0.42761975 0.50206904 0.41641874
0.00039479 0.36283831 0.35232302 0.39930133 0.34523319 0.50234819  0.48417291 0.45702496 0.47508945 0.39693445 0.45000532 0.44589633  0.47476172 0.42761975 0.50206904 0.41641874
0.00039479 0.36283831 0.35232302 0.39930133 0.34523319 0.50234819  0.48417291 0.45702496 0.47508945 0.39693445 0.45000532 0.44589633  0.47476172 0.42761975 0.50206904 0.41641874
0.00039479 0.36283831 0.35232302 0.39930133 0.34523319 0.50234819  0.48417291 0.45702496 0.47508945 0.39693445 0.45000532 0.44589633  0.47476172 0.42761975 0.50206904 0.41641874
0.00039479 0.36283831 0.35232302 0.39930133 0.34523319 0.50234819  0.48417291 0.45702496 0.47508945 0.39693445 0.45000532 0.44589633  0.47476172 0.42761975 0.50206904 0.41641874
0.00039479 0.36283831 0.35232302 0.39930133 0.34523319 0.50234819  0.48417291 0.45702496 0.47508945 0.39693445 0.45000532 0.44589633  0.47476172 0.42761975 0.50206904 0.41641874
0.00039479 0.36283831 0.35232302 0.39930133 0.34523319 0.50234819  0.48417291 0.45702496 0.47508945 0.39693445 0.45000532 0.44589633  0.47476172 0.42761975 0.50206904 0.41641874
0.00039479 0.36283831 0.35232302 0.39930133 0.34523319 0.50234819  0.48417291 0.45702496 0.47508945 0.39693445 0.45000532 0.44589633  0.47476172 0.42761975 0.50206904 0.41641874
0.00039479 0.36283831 0.35232302 0.39930133 0.34523319 0.50234819  0.48417291 0.45702496 0.47508945 0.39693445 0.45000532 0.44589633  0.47476172 0.42761975 0.50206904 0.41641874
0.00039479 0.36283831 0.35232302 0.39930133 0.34523319 0.50234819  0.48417291 0.45702496 0.47508945 0.39693445 0.45000532 0.44589633  0.47476172 0.42761975 0.50206904 0.41641874
0.00039479 0.36283831 0.35232302 0.39930133 0.34523319 0.50234819  0.48417291 0.45702496 0.47508945 0.39693445 0.45000532 0.44589633  0.47476172 0.42761975 0.50206904 0.41641874
0.00039479 0.36283831 0.35232302 0.39930133 0.34523319 0.50234819  0.48417291 0.45702496 0.47508945 0.39693445 0.45000532 0.44589633  0.47476172 0.42761975 0.50206904 0.41641874
0.00039479 0.36283831 0.35232302 0.39930133 0.34523319 0.50234819  0.48417291 0.45702496 0.47508945 0.39693445 0.45000532 0.44589633  0.47476172 0.42761975 0.50206904 0.41641874
0.00039479 0.36283831 0.35232302 0.39930133 0.34523319 0.50234819  0.48417291 0.45702496 0.47508945 0.39693445 0.45000532 0.44589633  0.47476172 0.42761975 0.50206904 0.41641874
0.00039479 0.36283831 0.35232302 0.39930133 0.34523319 0.50234819  0.48417291 0.45702496 0.47508945 0.39693445 0.45000532 0.44589633  0.47476172 0.42761975 0.50206904 0.41641874
0.00039479 0.36283831 0.35232302 0.39930133 0.34523319 0.50234819  0.48417291 0.45702496 0.47508945 0.39693445 0.45000532 0.44589633  0.47476172 0.42761975 0.50206904 0.41641874
0.00039479 0.36283831 0.35232302 0.39930133 0.34523319 0.50234819  0.48417291 0.45702496 0.47508945 0.39693445 0.45000532 0.44589633  0.47476172 0.42761975 0.50206904 0.41641874
0.00039479 0.36283831 0.35232302 0.39930133 0.34523319 0.50234819  0.48417291 0.45702496 0.47508945 0.39693445 0.45000532 0.44589633  0.47476172 0.42761975 0.50206904 0.41641874
0.00039479 0.36283831 0.35232302 0.39930133 0.34523319 0.50234819  0.48417291 0.45702496 0.47508945 0.39693445 0.45000532 0.44589633  0.47476172 0.42761975 0.50206904 0.41641874
0.00039479 0.36283831 0.35232302 0.39930133 0.34523319 0.50234819  0.48417291 0.45702496 0.47508945 0.39693445 0.45000532 0.44589633  0.47476172 0.42761975 0.50206904 0.41641874
0.00039479 0.36283831 0.35232302 0.39930133 0.34523319 0.50234819  0.48417291 0.45702496 0.47508945 0.39693445 0.45000532 0.44589633  0.47476172 0.42761975 0.50206904 0.41641874
0.00039479 0.36283831 0.35232302 0.39930133 0.34523319 0.50234819  0.48417291 0.45702496 0.47508945 0.39693445 0.45000532 0.44589633  0.47476172 0.42761975 0.50206904 0.41641874
0.00039479 0.36283831 0.35232302 0.39930133 0.34523319 0.50234819  0.48417291 0.45702496 0.47508945 0.39693445 0.45000532 0.44589633  0.47476172 0.42761975 0.50206904 0.41641874
0.00039479 0.36283831 0.35232302 0.39930133 0.34523319 0.50234819  0.48417291 0.45702496 0.47508945 0.39693445 0.45000532 0.44589633  0.47476172 0.42761975 0.50206904 0.41641874
0.00039479 0.36283831 0.35232302 0.39930133 0.34523319 0.50234819  0.48417291 0.45702496 0.47508945 0.39693445 0.45000532 0.44589633  0.47476172 0.42761975 0.50206904 0.41641874
0.00039479 0.36283831 0.35232302 0.39930133 0.34523319 0.50234819  0.48417291 0.45702496 0.47508945 0.39693445 0.45000532 0.44589633  0.47476172 0.42761975 0.50206904 0.41641874
0.00039479 0.36283831 0.35232302 0.39930133 0.34523319 0.50234819  0.48417291 0.45702496 0.47508945 0.39693445 0.45000532 0.44589633  0.47476172 0.42761975 0.50206904 0.41641874
0.00039479 0.36283831 0.35232302 0.39930133 0.34523319 0.50234819  0.48417291 0.45702496 0.47508945 0.39693445 0.45000532 0.44589633  0.47476172 0.42761975 0.50206904 0.41641874
0.00039479 0.36283831 0.35232302 0.39930133 0.34523319 0.50234819  0.48417291 0.45702496 0.47508945 0.39693445 0.45000532 0.44589633  0.47476172 0.42761975 0.50206904 0.41641874
0.00039479 0.36283831 0.35232302 0.39930133 0.34523319 0.50234819  0.48417291 0.45702496 0.47508945 0.39693445 0.45000532 0.44589633  0.47476172 0.42761975 0.50206904 0.41641874
0.00039479 0.36283831 0.35232302 0.39930133 0.34523319 0.50234819  0.48417291 0.45702496 0.47508945 0.39693445 0.45000532 0.44589633  0.47476172 0.42761975 0.50206904 0.41641874
0.00039479 0.36283831 0.35232302 0.39930133 0.34523319 0.50234819  0.48417291 0.45702496 0.47508945 0.39693445 0.45000532 0.44589633  0.47476172 0.42761975 0.50206904 0.41641874
0.00039479 0.36283831 0.35232302 0.39930133 0.34523319 0.50234819  0.48417291 0.45702496 0.47508945 0.39693445 0.45000532 0.44589633  0.47476172 0.42761975 0.50206904 0.41641874
0.00039479 0.36283831 0.35232302 0.39930133 0.34523319 0.50234819  0.48417291 0.45702496 0.47508945 0.39693445 0.45000532 0.44589633  0.47476172 0.42761975 0.50206904 0.41641874
0.00039479 0.36283831 0.35232302 0.39930133 0.34523319 0.50234819  0.48417291 0.45702496 0.47508945 0.39693445 0.45000532 0.44589633  0.47476172 0.42761975 0.50206904 0.41641874
0.00039479 0.36283831 0.35232302 0.39930133 0.34523319 0.50234819  0.48417291 0.45702496 0.47508945 0.39693445 0.45000532 0.44589633  0.47476172 0.42761975 0.50206904 0.41641874
0.00039479 0.36283831 0.35232302 0.39930133 0.34523319 0.50234819  0.48417291 0.45702496 0.47508945 0.39693445 0.45000532 0.44589633  0.47476172 0.42761975 0.50206904 0.41641874
0.01870308 0.37196619 0.35364175 0.3935624  0.32342162 0.57297891  0.46719925 0.41839832 0.50184052 0.43767273 0.41413017 0.46831696  0.4749994  0.42459677 0.52671212 0.46566615
0.31214543 0.66733541 0.23154107 0.50042019 0.27263893 0.77496926  0.29121082 0.43035665 0.76180656 0.4864176  0.60759454 0.475868  0.41129597 0.50380246 0.71320466 0.45040223
0.51150347 0.76612642 0.17374254 0.42204009 0.24844685 0.78082348  0.37468041 0.60149417 0.59197294 0.36438201 0.50982675 0.42385007  0.69771578 0.39455221 0.34627238 0.50053617
0.62298993 0.63429785 0.20464517 0.29760807 0.20012054 0.70078921  0.30480059 0.84955099 0.49012995 0.41626208 0.40973591 0.43859339  0.39938808 0.21769213 0.48167642 0.39478092
0.70808794 0.59875782 0.26993806 0.26651177 0.15697396 0.58352539  0.50965508 0.75861975 0.24807567 0.4924422  0.44302263 0.55291807  0.47312949 0.38456469 0.53487236 0.38897017
0.80830589 0.49239318 0.45585714 0.3308454  0.1278018  0.4175993  0.47154568 0.61524609 0.27462595 0.28636021 0.59967141 0.6381342  0.49779265 0.49378175 0.64670817 0.46221937
0.85662652 0.39029043 0.47212784 0.35462743 0.16557318 0.3359635  0.39040858 0.46410913 0.37158787 0.20758146 0.67698571 0.63124479  0.50932531 0.3216717  0.50496245 0.39091348
0.90241512 0.25620711 0.44967234 0.46570116 0.24313573 0.35972326  0.3876536  0.31291579 0.37743578 0.24147105 0.62928756 0.59921587  0.58367645 0.31340529 0.57436269 0.52354141
0.90649132 0.24568127 0.459779   0.49301765 0.24609596 0.34025901  0.43390791 0.31607858 0.45842149 0.28227213 0.6406984  0.61802167  0.60641735 0.23951379 0.54550196 0.59477205
0.91425252 0.21557686 0.45245217 0.5364627  0.27285447 0.37430489  0.42699452 0.31033197 0.4148404  0.27642763 0.64070542 0.56214092  0.62338349 0.21714947 0.60143383 0.61481155
0.92145968 0.18741247 0.4496695  0.58356934 0.29649332 0.39995627  0.42928167 0.31233738 0.38106807 0.29139891 0.65476041 0.51067978  0.61763715 0.24397644 0.59801931 0.68251986
0.92145968 0.18741247 0.4496695  0.58356934 0.29649332 0.39995627  0.42928167 0.31233738 0.38106807 0.29139891 0.65476041 0.51067978  0.61763715 0.24397644 0.59801931 0.68251986
0.92228485 0.17658836 0.43562982 0.60296534 0.3181551  0.45615234  0.40517474 0.33167616 0.28560761 0.23722294 0.62377849 0.4752949  0.59684737 0.32995267 0.66838347 0.59536201
0.92133666 0.17358887 0.43160061 0.60490433 0.31385758 0.45383916  0.40764932 0.32873548 0.2936699  0.25329091 0.62012129 0.45550426  0.62048206 0.34180104 0.65798226 0.55782664
0.91411996 0.17386662 0.40020966 0.57401055 0.28903771 0.44860249  0.37562207 0.32934554 0.25416847 0.29732284 0.61805599 0.42818533  0.63096928 0.40967018 0.64857568 0.49643627
0.89190809 0.15299907 0.29362616 0.53269535 0.31447673 0.48112062  0.3465885  0.3953542  0.24012849 0.43276301 0.61587799 0.42524425  0.60032366 0.4592548  0.56572388 0.43514993
0.88276041 0.14750649 0.25635187 0.5149296  0.33783031 0.49184458  0.34654314 0.42312926 0.24979204 0.46063695 0.5993262  0.41089636  0.5638744  0.41459842 0.59620934 0.41758035
0.8270258  0.25607071 0.16526006 0.30281929 0.38141149 0.51516817  0.30105035 0.39909687 0.41023886 0.28098008 0.38176784 0.36354003  0.50482005 0.25569051 0.55628656 0.42367109
0.79976861 0.28924249 0.10165895 0.21089227 0.39770546 0.51703425  0.30051236 0.44745396 0.50904186 0.34431643 0.31704479 0.38743006  0.44418647 0.24600473 0.50616115 0.38070141
0.79976861 0.28924249 0.10165895 0.21089227 0.39770546 0.51703425  0.30051236 0.44745396 0.50904186 0.34431643 0.31704479 0.38743006  0.44418647 0.24600473 0.50616115 0.38070141
0.7689441  0.36256951 0.09195815 0.11502946 0.36984051 0.43640136  0.35905026 0.4429618  0.65211285 0.33690123 0.34520823 0.49225303  0.42027361 0.29836074 0.46732284 0.40181043
0.73880683 0.41623564 0.07282367 0.13815441 0.39557808 0.46806428  0.4234474  0.34073362 0.68195721 0.306224   0.38383936 0.47777146  0.63065493 0.42327581 0.37775814 0.42064343
0.68386802 0.54503359 0.08517447 0.17306759 0.36020615 0.55551842  0.54728601 0.34569358 0.59369677 0.34497261 0.30735427 0.4957974  0.73267168 0.53231723 0.54641506 0.46966728
0.56324047 0.75110964 0.09211211 0.30418254 0.34843496 0.59677457  0.7318537  0.49777815 0.44141285 0.39386804 0.58813656 0.42747788  0.60811379 0.45263783 0.56700873 0.50068664
0.56324047 0.75110964 0.09211211 0.30418254 0.34843496 0.59677457  0.7318537  0.49777815 0.44141285 0.39386804 0.58813656 0.42747788  0.60811379 0.45263783 0.56700873 0.50068664
0.52906469 0.78820068 0.09336626 0.38841304 0.34732777 0.60797626  0.70061735 0.39068725 0.41489499 0.43795197 0.56221965 0.44478585  0.48337353 0.40582652 0.48947905 0.4686588 
0.49279506 0.79883281 0.08948759 0.4538334  0.37477935 0.53766039  0.67361769 0.34105092 0.40775879 0.46182159 0.56147453 0.45894149  0.33910793 0.39120822 0.51804061 0.41814157
0.49279506 0.79883281 0.08948759 0.4538334  0.37477935 0.53766039  0.67361769 0.34105092 0.40775879 0.46182159 0.56147453 0.45894149  0.33910793 0.39120822 0.51804061 0.41814157
0.49279506 0.79883281 0.08948759 0.4538334  0.37477935 0.53766039  0.67361769 0.34105092 0.40775879 0.46182159 0.56147453 0.45894149  0.33910793 0.39120822 0.51804061 0.41814157
0.49279506 0.79883281 0.08948759 0.4538334  0.37477935 0.53766039  0.67361769 0.34105092 0.40775879 0.46182159 0.56147453 0.45894149  0.33910793 0.39120822 0.51804061 0.41814157
0.49279506 0.79883281 0.08948759 0.4538334  0.37477935 0.53766039  0.67361769 0.34105092 0.40775879 0.46182159 0.56147453 0.45894149  0.33910793 0.39120822 0.51804061 0.41814157
0.52906469 0.78820068 0.09336626 0.38841304 0.34732777 0.60797626  0.70061735 0.39068725 0.41489499 0.43795197 0.56221965 0.44478585  0.48337353 0.40582652 0.48947905 0.4686588 
0.68802483 0.55461687 0.10792322 0.13387776 0.32322444 0.53612285  0.5541436  0.56304007 0.57150344 0.35826    0.36339897 0.5070839  0.61870401 0.58599976 0.56442819 0.54273362
0.68802483 0.55461687 0.10792322 0.13387776 0.32322444 0.53612285  0.5541436  0.56304007 0.57150344 0.35826    0.36339897 0.5070839  0.61870401 0.58599976 0.56442819 0.54273362
0.74183551 0.42432626 0.08602888 0.11338874 0.37048932 0.47456484  0.4320054  0.4160156  0.65398724 0.34072638 0.30400707 0.50973532  0.55851984 0.42343925 0.52425258 0.44972705
0.74183551 0.42432626 0.08602888 0.11338874 0.37048932 0.47456484  0.4320054  0.4160156  0.65398724 0.34072638 0.30400707 0.50973532  0.55851984 0.42343925 0.52425258 0.44972705
0.76144855 0.36079135 0.07673802 0.16493836 0.4101313  0.476637  0.39683813 0.40350368 0.64514004 0.32863543 0.3807593  0.43372335  0.53272642 0.38834661 0.42681349 0.49037978
0.81175418 0.27687237 0.1383708  0.24237061 0.35985999 0.47373132  0.30813412 0.45483968 0.48096662 0.43613065 0.39897604 0.42596782  0.38742786 0.38226491 0.39065366 0.44694556
0.8685616  0.16244589 0.22406059 0.47088022 0.34940967 0.47661484  0.37072376 0.46118731 0.37468371 0.55075988 0.54619811 0.36885115  0.4309869  0.46592381 0.46304338 0.50958941
0.89637433 0.20388785 0.37185147 0.4772266  0.34761244 0.40486794  0.44426837 0.43638345 0.49707207 0.59308688 0.46103522 0.21825946  0.37634938 0.51631534 0.40534357 0.56205636
0.9109443  0.25930341 0.49843118 0.44531521 0.32517782 0.27729841  0.55394165 0.4326893  0.7116498  0.79172155 0.45341985 0.2780325  0.52446145 0.50032933 0.24281286 0.45589349
0.92378447 0.29327024 0.58250956 0.42858882 0.38322291 0.26963149  0.56042172 0.41005015 0.75133141 0.76301784 0.39919227 0.19203174  0.48903371 0.5175073  0.22517433 0.47203899
0.91986252 0.30996759 0.58500685 0.39095685 0.3618067  0.24121403  0.53551029 0.38897421 0.74321858 0.77304468 0.42625525 0.19793708  0.5062243  0.47871432 0.228893   0.48303764
0.93459624 0.32187283 0.65430163 0.42115509 0.34050404 0.21631071  0.55868299 0.33559829 0.74433964 0.6306643  0.42275603 0.19852608  0.52398682 0.4089629  0.33980357 0.54214625
0.92214986 0.29943592 0.58086781 0.43918647 0.2606543  0.23712643  0.53062438 0.34843148 0.69200296 0.57757491 0.45986294 0.2870006  0.4628201  0.40815551 0.35215635 0.56830084
0.89971773 0.34957994 0.54880731 0.33122441 0.2248488  0.20799848  0.5174133  0.37897208 0.75475879 0.60545105 0.41619964 0.39447498  0.45807385 0.38936629 0.33645956 0.39924097
0.88151821 0.37193829 0.52088806 0.32479739 0.20677227 0.23084196  0.56602218 0.41701416 0.736815   0.70093127 0.3543968  0.41874008  0.50939518 0.43638486 0.43508905 0.36913383
0.85764231 0.37494086 0.45327373 0.34826157 0.1402412  0.2757121  0.57412903 0.45950013 0.62172929 0.66241242 0.41675329 0.57565299  0.557971   0.4608074  0.54360249 0.4433674 
0.79709529 0.4313243  0.29996627 0.22730305 0.16598374 0.41160112  0.44444586 0.5639472  0.43828696 0.5057368  0.38385708 0.59924598  0.45495439 0.58070445 0.56364875 0.34968722
0.74593876 0.47293983 0.17785134 0.14467812 0.24357694 0.50058958  0.43915832 0.68134531 0.44377832 0.45734205 0.32766677 0.55565243  0.38619743 0.49307344 0.60359504 0.41926153
0.65836296 0.61334382 0.10408142 0.1724053  0.32219242 0.58629059  0.60783979 0.47672889 0.53943825 0.36464744 0.32756704 0.50253464  0.71482103 0.60325283 0.60956367 0.53334995
0.48973799 0.78131101 0.09987887 0.49027531 0.34983412 0.57995688  0.54301638 0.27020311 0.48413943 0.5101771  0.4046676  0.51876791  0.37029165 0.40730264 0.50818991 0.49374618
0.43772339 0.8010095  0.10330079 0.54851907 0.38557547 0.47862197  0.55101844 0.34054561 0.41764326 0.49745314 0.45582502 0.49652316  0.26898354 0.36415438 0.53476284 0.43496165
0.16135844 0.56208699 0.23164423 0.54433703 0.42511992 0.26344407  0.46595319 0.51084208 0.30538097 0.38403262 0.23338145 0.48078174  0.63594566 0.33183569 0.28945259 0.51611788
0.1079212  0.51520345 0.27141143 0.5305534  0.39672374 0.3329115  0.40939676 0.5383234  0.40338734 0.35741269 0.32224493 0.44875073  0.65640797 0.36690058 0.30655477 0.46933771
0.05480456 0.43857035 0.31276922 0.46159327 0.36819362 0.43192438  0.44454668 0.49310073 0.46491591 0.37748458 0.42458914 0.44269146  0.5355608  0.42934955 0.46549376 0.40409806
0.05480456 0.43857035 0.31276922 0.46159327 0.36819362 0.43192438  0.44454668 0.49310073 0.46491591 0.37748458 0.42458914 0.44269146  0.5355608  0.42934955 0.46549376 0.40409806
0.03642183 0.41524629 0.32484262 0.44637131 0.36316133 0.44551311  0.45106347 0.48776639 0.46324129 0.38475414 0.41331241 0.4470223  0.53714745 0.42209284 0.46353815 0.42942717
0.01830365 0.38870926 0.33849665 0.42271599 0.35435014 0.47063879  0.4700659  0.47319173 0.46038664 0.38894076 0.42241625 0.4468854  0.51617687 0.4152715  0.46097338 0.42900053
0.01830365 0.38870926 0.33849665 0.42271599 0.35435014 0.47063879  0.4700659  0.47319173 0.46038664 0.38894076 0.42241625 0.4468854  0.51617687 0.4152715  0.46097338 0.42900053
0.01830365 0.38870926 0.33849665 0.42271599 0.35435014 0.47063879  0.4700659  0.47319173 0.46038664 0.38894076 0.42241625 0.4468854  0.51617687 0.4152715  0.46097338 0.42900053
0.03675509 0.41212996 0.32708676 0.43767241 0.35642935 0.469499  0.45333698 0.48001438 0.49262367 0.3854691  0.45914316 0.43965706  0.50171766 0.4464291  0.5115167  0.39648009
0.03722896 0.40958307 0.32883973 0.42947971 0.35234469 0.48761967  0.4609272  0.46918194 0.50900109 0.38619323 0.49800897 0.43433716  0.45871587 0.46603407 0.55456796 0.3585692 
0.01877751 0.38616237 0.34024961 0.41452329 0.35026547 0.48875947  0.47765612 0.4623593  0.47676406 0.38966489 0.46128205 0.44156549  0.47317508 0.43487647 0.50402464 0.39108964
0.03668637 0.41203331 0.32642324 0.43793795 0.35938242 0.45705007  0.46354911 0.47852607 0.46206125 0.3816712  0.43369298 0.44255457  0.51459023 0.42252822 0.46292899 0.40367142
0.03668637 0.41203331 0.32642324 0.43793795 0.35938242 0.45705007  0.46354911 0.47852607 0.46206125 0.3816712  0.43369298 0.44255457  0.51459023 0.42252822 0.46292899 0.40367142
0.01830365 0.38870926 0.33849665 0.42271599 0.35435014 0.47063879  0.4700659  0.47319173 0.46038664 0.38894076 0.42241625 0.4468854  0.51617687 0.4152715  0.46097338 0.42900053
0.01830365 0.38870926 0.33849665 0.42271599 0.35435014 0.47063879  0.4700659  0.47319173 0.46038664 0.38894076 0.42241625 0.4468854  0.51617687 0.4152715  0.46097338 0.42900053
0.01830365 0.38870926 0.33849665 0.42271599 0.35435014 0.47063879  0.4700659  0.47319173 0.46038664 0.38894076 0.42241625 0.4468854  0.51617687 0.4152715  0.46097338 0.42900053
0.00039479 0.36283831 0.35232302 0.39930133 0.34523319 0.50234819  0.48417291 0.45702496 0.47508945 0.39693445 0.45000532 0.44589633  0.47476172 0.42761975 0.50206904 0.41641874
0.12960583 0.50901992 0.28473607 0.45891863 0.33768898 0.56780964  0.41821542 0.46844529 0.65357554 0.38875571 0.68256676 0.40345665  0.38919773 0.52187776 0.64729103 0.31779691
0.31157815 0.64684439 0.19704377 0.44654148 0.36023554 0.51456497  0.46838743 0.61497704 0.63874702 0.28207446 0.79844142 0.33367934  0.58312476 0.56908973 0.57108767 0.27222649
0.34715026 0.69929023 0.16923573 0.49482045 0.38053855 0.44935173  0.43873095 0.64598947 0.60871112 0.27161016 0.73598447 0.33893906  0.65945627 0.54573159 0.50106767 0.31394102
0.44397508 0.63016806 0.12570262 0.40212264 0.43017319 0.32600512  0.50425367 0.68881052 0.59323061 0.16878153 0.8676588  0.2875271  0.68445412 0.48631007 0.31963537 0.28081354
0.47746656 0.59723506 0.11375292 0.33404973 0.44656997 0.28001803  0.56861368 0.72360774 0.56469351 0.16355888 0.86216131 0.30114535  0.65909492 0.475596   0.41264607 0.30355306
0.50525387 0.52971109 0.10155763 0.3093196  0.47515259 0.2218381  0.51280715 0.6604298  0.64959654 0.11762045 0.88995824 0.2921704  0.65353046 0.488093   0.31895042 0.26708304
0.5235401  0.54053978 0.08991184 0.30061735 0.47987412 0.20855782  0.56603897 0.6287755  0.57643053 0.12702024 0.86284008 0.30004585  0.56307425 0.44609883 0.28033676 0.24758243
0.55646299 0.5124009  0.08281241 0.25071662 0.48805544 0.16421983  0.6171003  0.66118273 0.48855937 0.17637196 0.77551089 0.34128204  0.47545587 0.40069059 0.3124558  0.30245343
0.57535999 0.51889612 0.08225182 0.22916138 0.46829313 0.21979909  0.63011761 0.65201187 0.50480016 0.17145842 0.8010046  0.3338485  0.51297185 0.38433005 0.26704008 0.31638273
0.60326503 0.45383958 0.06713446 0.20397751 0.49455724 0.18268887  0.58674682 0.52825353 0.57507778 0.16079265 0.73431155 0.35806629  0.54692918 0.43352995 0.27595851 0.29457163
0.60326503 0.45383958 0.06713446 0.20397751 0.49455724 0.18268887  0.58674682 0.52825353 0.57507778 0.16079265 0.73431155 0.35806629  0.54692918 0.43352995 0.27595851 0.29457163
0.61420361 0.43590065 0.09061718 0.22163154 0.45590624 0.15463401  0.60405492 0.66970921 0.54597735 0.22794532 0.83768354 0.39489541  0.45335259 0.41825978 0.3191359  0.41021582
0.61420361 0.43590065 0.09061718 0.22163154 0.45590624 0.15463401  0.60405492 0.66970921 0.54597735 0.22794532 0.83768354 0.39489541  0.45335259 0.41825978 0.3191359  0.41021582
0.66811841 0.45129394 0.12052694 0.21476905 0.37029566 0.30091797  0.51531178 0.77682588 0.50565779 0.30169219 0.76061389 0.40888136  0.35694396 0.25065512 0.31286956 0.43913377
0.68210159 0.56749899 0.15147078 0.21300765 0.26028901 0.55275672  0.54228036 0.80236541 0.43126819 0.4626139  0.53033062 0.4965084  0.38419279 0.27474504 0.53609066 0.59085994
0.65978342 0.62626779 0.14737991 0.18804659 0.26458943 0.61357004  0.56003964 0.78474859 0.39081261 0.43154374 0.38250368 0.47021844  0.41248313 0.25319255 0.64073763 0.51128825
0.65978342 0.62626779 0.14737991 0.18804659 0.26458943 0.61357004  0.56003964 0.78474859 0.39081261 0.43154374 0.38250368 0.47021844  0.41248313 0.25319255 0.64073763 0.51128825
0.62903096 0.67874912 0.13377887 0.22393226 0.28086532 0.64734327  0.60924595 0.68675614 0.39439622 0.42650933 0.39718525 0.46110902  0.54883916 0.33928326 0.54230849 0.51986918
0.58108692 0.75256055 0.12394235 0.31353641 0.28926624 0.69493698  0.64085643 0.51238524 0.37699323 0.42387175 0.40951623 0.44861004  0.63806581 0.39214551 0.40029533 0.49172826
0.52906469 0.78820068 0.09336626 0.38841304 0.34732777 0.60797626  0.70061735 0.39068725 0.41489499 0.43795197 0.56221965 0.44478585  0.48337353 0.40582652 0.48947905 0.4686588 
0.52906469 0.78820068 0.09336626 0.38841304 0.34732777 0.60797626  0.70061735 0.39068725 0.41489499 0.43795197 0.56221965 0.44478585  0.48337353 0.40582652 0.48947905 0.4686588 
0.45661747 0.81000611 0.10177323 0.53085258 0.36724485 0.53502864  0.55749255 0.33478949 0.44585401 0.49465719 0.49979768 0.48600623  0.28885091 0.3487887  0.48633384 0.44834469
0.43772047 0.80351089 0.10233382 0.55240782 0.38700716 0.47944938  0.54447524 0.34396035 0.42961322 0.49957073 0.47430398 0.49343977  0.25133493 0.36514924 0.53174956 0.43441539
0.43772047 0.80351089 0.10233382 0.55240782 0.38700716 0.47944938  0.54447524 0.34396035 0.42961322 0.49957073 0.47430398 0.49343977  0.25133493 0.36514924 0.53174956 0.43441539
0.4005181  0.78538641 0.10254264 0.57581323 0.42714935 0.35241199  0.55497478 0.38834311 0.37465141 0.46162841 0.46620647 0.48153606  0.23122988 0.38353789 0.55553547 0.37178495
0.45532297 0.78927356 0.09624053 0.50532838 0.39587267 0.46542725  0.60994072 0.34798769 0.40421557 0.48609935 0.47239901 0.49003579  0.31590205 0.40289566 0.59472736 0.4299355 
0.47421706 0.79827016 0.09471298 0.4876619  0.37754206 0.52183392  0.61641484 0.34223156 0.43242632 0.4833034  0.51637168 0.47951887  0.33576943 0.38752998 0.54629836 0.44331854
0.51122529 0.79950986 0.09455724 0.43195576 0.3493868  0.5994669  0.66683861 0.34610602 0.416032   0.46732754 0.53386627 0.462384  0.40329739 0.37544479 0.47961754 0.45658068
0.51122529 0.79950986 0.09455724 0.43195576 0.3493868  0.5994669  0.66683861 0.34610602 0.416032   0.46732754 0.53386627 0.462384  0.40329739 0.37544479 0.47961754 0.45658068
0.56054567 0.73761466 0.08268952 0.32677243 0.36189043 0.57462075  0.71262659 0.36202045 0.46853089 0.42620739 0.51303395 0.46953994  0.55865407 0.51118612 0.61857934 0.48965786
0.57557965 0.7072586  0.07725656 0.30241718 0.36981775 0.5512177  0.7019438  0.31501592 0.50753837 0.42084057 0.46838498 0.4917821  0.57846404 0.59025477 0.65699464 0.4991987 
0.60901449 0.66528634 0.08087871 0.22804424 0.36472015 0.5373043  0.69976822 0.43766107 0.53364843 0.38031252 0.48278027 0.48108008  0.62701815 0.58305204 0.72703748 0.52946997
0.65166354 0.58728255 0.0733724  0.21344542 0.376328   0.55823052  0.60682566 0.30282313 0.56051506 0.37920978 0.33572085 0.49741714  0.71034187 0.50325774 0.66473937 0.46937599
0.63879247 0.62198303 0.0830568  0.21427404 0.35799121 0.5719377  0.63951367 0.37957694 0.52924492 0.38450872 0.35776492 0.4954415  0.6961945  0.53312649 0.69423624 0.50072793
0.59398051 0.6956424  0.08631167 0.25239949 0.35679283 0.56070734  0.710451   0.4846656  0.49464095 0.38567934 0.52742924 0.45883792  0.60720818 0.50398339 0.68862218 0.51992912
0.59398051 0.6956424  0.08631167 0.25239949 0.35679283 0.56070734  0.710451   0.4846656  0.49464095 0.38567934 0.52742924 0.45883792  0.60720818 0.50398339 0.68862218 0.51992912
0.57659543 0.71151956 0.08385309 0.29368902 0.36226648 0.55543178  0.69892099 0.41854937 0.49174679 0.40800473 0.51984845 0.47158082  0.54049718 0.48825431 0.67991364 0.50193797
0.56054567 0.73761466 0.08268952 0.32677243 0.36189043 0.57462075  0.71262659 0.36202045 0.46853089 0.42620739 0.51303395 0.46953994  0.55865407 0.51118612 0.61857934 0.48965786
0.54585538 0.76698681 0.08965354 0.34547207 0.35390861 0.59149901  0.72032369 0.43166193 0.43851868 0.41619343 0.58055577 0.44022078  0.54140279 0.43690875 0.55830019 0.48269548
0.52801598 0.77829598 0.09084452 0.3890148  0.35596765 0.58298964  0.68654495 0.3870807  0.43965569 0.445569   0.55220238 0.45781893  0.46132665 0.40652703 0.54843868 0.47061736
0.492917   0.79038198 0.09323851 0.43769469 0.37119837 0.52883617  0.68381227 0.38473266 0.38928093 0.42658926 0.56974142 0.43996336  0.40305971 0.37846776 0.45497445 0.40733327
0.45688719 0.80144088 0.09522911 0.50276301 0.38629372 0.48022438  0.63166906 0.37223548 0.39443541 0.4324371  0.58077569 0.44300822  0.29195173 0.35548991 0.43343301 0.37392031
0.4379931  0.79244428 0.09675666 0.52042949 0.40462433 0.42381772  0.62519495 0.3779916  0.36622467 0.43523306 0.53680303 0.45352515  0.27208436 0.37085559 0.48186201 0.36053727
0.4194151  0.79188163 0.10198205 0.55425799 0.40738704 0.40799125  0.5679921  0.37917225 0.3908922  0.45671486 0.49170017 0.47410252  0.26874586 0.36717735 0.51011975 0.38571424
0.36587227 0.79504554 0.12960758 0.63436296 0.39705116 0.40951031  0.40342744 0.45029915 0.51109971 0.41625263 0.55231562 0.43837353  0.27097683 0.39454007 0.51246217 0.31853074
0.32817604 0.77091747 0.14555448 0.66188811 0.4058411  0.36726275  0.33383241 0.48436168 0.52873093 0.42934165 0.44877734 0.46560441  0.37306388 0.42667058 0.58311887 0.38819598
0.3281981  0.76921667 0.158519   0.66485144 0.379308   0.45117376  0.26362693 0.47738933 0.62864801 0.46068014 0.44002035 0.48014959  0.46375778 0.46564178 0.64637562 0.45694399
0.3470951  0.77571188 0.15795841 0.6432962  0.35954569 0.50675302  0.27664425 0.46821847 0.64488879 0.4557666  0.46551405 0.47271605  0.50127376 0.44928124 0.6009599  0.47087328
0.43201677 0.78770405 0.24239067 0.6077627  0.28454631 0.60160392  0.2939425  0.38628176 0.52947392 0.41332075 0.38143575 0.51691053  0.55203748 0.44672832 0.43439095 0.57194327
0.49424381 0.7707183  0.36819587 0.62109357 0.19392825 0.66291646  0.21469991 0.41120112 0.41490554 0.45368537 0.2532276  0.52813565  0.72404531 0.51766712 0.30123221 0.43507367
0.56466056 0.83139777 0.5161179  0.65701254 0.16823062 0.63343531  0.33558561 0.28962649 0.41089185 0.30327608 0.27704656 0.49259585  0.60044035 0.3842335  0.37033205 0.45974979
0.60613096 0.7909631  0.56527362 0.66819082 0.12826632 0.57466751  0.40189143 0.3070876  0.3152425  0.39520161 0.3771638  0.53584852  0.65113313 0.47162674 0.49590175 0.34983616
0.65268292 0.79474987 0.61467757 0.61204368 0.15316547 0.5289573  0.53275509 0.32770624 0.38290435 0.38285966 0.37176898 0.44776578  0.59283411 0.40684262 0.56455301 0.33309266
0.66873268 0.76865477 0.61584114 0.57896027 0.15354152 0.50976833  0.51904949 0.38423517 0.40612025 0.364657   0.37858349 0.44980666  0.57467722 0.38391081 0.62588732 0.34537277
0.70750071 0.747228   0.64366197 0.52035151 0.15635653 0.45211655  0.58373084 0.41322083 0.36392718 0.36054216 0.32176316 0.42879647  0.43795445 0.35388282 0.69357029 0.3810653 
0.72220341 0.72084177 0.65609944 0.51754926 0.13970459 0.4375323  0.54823013 0.45468436 0.33712767 0.38377924 0.30026708 0.43586501  0.31975531 0.29072392 0.73066512 0.36020426
0.72220341 0.72084177 0.65609944 0.51754926 0.13970459 0.4375323  0.54823013 0.45468436 0.33712767 0.38377924 0.30026708 0.43586501  0.31975531 0.29072392 0.73066512 0.36020426
0.7760059  0.69421808 0.65214164 0.39888849 0.12940919 0.4671437  0.65074173 0.56420116 0.31421729 0.31059647 0.38130411 0.38494658  0.46988095 0.34051296 0.72097742 0.36509657
0.7760059  0.69421808 0.65214164 0.39888849 0.12940919 0.4671437  0.65074173 0.56420116 0.31421729 0.31059647 0.38130411 0.38494658  0.46988095 0.34051296 0.72097742 0.36509657
0.82382724 0.61320858 0.66134661 0.32098558 0.14863817 0.39267031  0.62809347 0.53052492 0.42331764 0.39062299 0.23818703 0.40092633  0.43584952 0.49011786 0.81664606 0.41159758
0.87145498 0.4592097  0.59677244 0.33831645 0.17893051 0.30886385  0.51502522 0.3115305  0.54689089 0.35051696 0.26486959 0.38258777  0.4681221  0.32022922 0.63504244 0.31230704
0.87145498 0.4592097  0.59677244 0.33831645 0.17893051 0.30886385  0.51502522 0.3115305  0.54689089 0.35051696 0.26486959 0.38258777  0.4681221  0.32022922 0.63504244 0.31230704
0.91256067 0.3577355  0.60605516 0.36854216 0.18765047 0.19588742  0.52288276 0.31579618 0.71491793 0.39847795 0.42917835 0.432571  0.46239425 0.31750109 0.48195318 0.46191104
0.91256067 0.3577355  0.60605516 0.36854216 0.18765047 0.19588742  0.52288276 0.31579618 0.71491793 0.39847795 0.42917835 0.432571  0.46239425 0.31750109 0.48195318 0.46191104
0.93116484 0.28540757 0.59646164 0.4921108  0.2442079  0.2603135  0.54891137 0.3190736  0.67072446 0.3983024  0.45513389 0.35712801  0.51819771 0.22132628 0.55889748 0.55396114
0.94406594 0.23376575 0.58744311 0.58420634 0.29757259 0.32565065  0.56854808 0.33269898 0.6202054  0.39757676 0.4403431  0.27032649  0.51909158 0.25290996 0.62048171 0.6063377 
0.95660173 0.15041477 0.54856315 0.72468197 0.34817383 0.40668709  0.61462113 0.37118546 0.56300889 0.38276647 0.46371793 0.25586758  0.52448572 0.30447681 0.64973398 0.68925789
0.95676804 0.13477864 0.53173564 0.76544477 0.35783936 0.45291082  0.62897218 0.38716461 0.5456566  0.30192219 0.44096742 0.32576523  0.5162359  0.3153069  0.65906871 0.61790139
0.95197271 0.12196833 0.49973908 0.76928918 0.34145397 0.45916943  0.61798385 0.39167301 0.52119156 0.31322977 0.47637694 0.37437215  0.54726002 0.32912866 0.6445607  0.62552165
0.94617908 0.10895616 0.46531164 0.76730515 0.33938056 0.45843369  0.62913831 0.41519776 0.5281729  0.38164777 0.47727134 0.37408642  0.57853426 0.31422763 0.64916563 0.56835893
0.93295232 0.09190209 0.39822125 0.7549497  0.35667942 0.48503964  0.60399253 0.45227954 0.5249567  0.48986241 0.50093827 0.4063958  0.61357675 0.33134241 0.59668647 0.5053309 
0.91196463 0.10381151 0.31714891 0.66735337 0.35649117 0.54261236  0.46293762 0.46259064 0.32029329 0.46756181 0.50864908 0.38303199  0.5615238  0.54656204 0.57417525 0.34838391
0.88504129 0.10296867 0.21476543 0.58189845 0.40215112 0.57277877  0.37917052 0.48285967 0.25054673 0.51859284 0.5397111  0.36195943  0.55102823 0.49477334 0.58854699 0.35142699
0.83282072 0.19343293 0.11869567 0.37540124 0.44152428 0.57712385  0.31171521 0.46066337 0.37170755 0.40910859 0.38426975 0.28075436  0.42390441 0.34242693 0.55051411 0.47878406
0.79151947 0.29917435 0.09843352 0.2680682  0.42050315 0.59284998  0.34913772 0.44539433 0.4570541  0.35196292 0.23883505 0.35719145  0.49186995 0.24582619 0.63701753 0.3680622 
0.70535813 0.45962031 0.08204742 0.22194617 0.39322825 0.47104329  0.42836884 0.23006474 0.61384557 0.354715   0.35919626 0.48909739  0.51991366 0.36858858 0.46475709 0.321608  
0.60214935 0.64691719 0.0911988  0.32100987 0.35886591 0.56764823  0.55100038 0.36953634 0.48669337 0.43370375 0.39482241 0.48360989  0.43431131 0.24204476 0.59994474 0.42483153
0.49054389 0.76873673 0.09759747 0.44050978 0.37706097 0.51075651  0.62286798 0.39401747 0.43611247 0.46984676 0.46312687 0.48891323  0.43812078 0.41821447 0.62512543 0.48241129
0.32571181 0.71245935 0.15472735 0.57962593 0.40339369 0.39713803  0.42996987 0.4171739  0.45879875 0.50842884 0.29145305 0.53458529  0.48696469 0.43603324 0.64920734 0.56147147
0.28920232 0.70640634 0.17322825 0.62814649 0.39890059 0.38421193  0.33114703 0.45690779 0.4964399  0.50403215 0.24726846 0.53727919  0.50049636 0.43558156 0.66350631 0.57151615
0.28920232 0.70640634 0.17322825 0.62814649 0.39890059 0.38421193  0.33114703 0.45690779 0.4964399  0.50403215 0.24726846 0.53727919  0.50049636 0.43558156 0.66350631 0.57151615
0.27169324 0.67939015 0.18737565 0.6010192  0.38732337 0.41938487  0.35379109 0.43698981 0.50161086 0.50746559 0.28002776 0.53341223  0.45557365 0.42983138 0.66711186 0.54557055
0.36104925 0.71310451 0.19548977 0.57900362 0.3181446  0.55824806  0.31337307 0.44507829 0.4845071  0.51478156 0.25934756 0.524067  0.58994896 0.38393021 0.47766876 0.53510119
0.39568639 0.69334154 0.22360728 0.54541653 0.26555673 0.63993321  0.24208213 0.50066005 0.44371117 0.52302674 0.09906335 0.5406341  0.67793024 0.35452013 0.37977651 0.5401795 
0.47181453 0.729146   0.35045549 0.61067146 0.17071208 0.68019086  0.23046139 0.4054431  0.39518342 0.44748952 0.27841951 0.58626636  0.76259659 0.48171072 0.29044012 0.47568137
0.53269739 0.78450154 0.53124224 0.69128724 0.17487328 0.60780292  0.26009586 0.3426011  0.37851926 0.34466843 0.29210556 0.54821152  0.78791532 0.43262281 0.51254459 0.38769294
0.5818012  0.79822044 0.57994429 0.66099554 0.15411413 0.58198884  0.39594277 0.33674711 0.50057979 0.36518799 0.33534795 0.47616636  0.74566932 0.41724903 0.5562111  0.42724745
0.58659653 0.81103075 0.61194085 0.65715113 0.17049952 0.57573023  0.4069311  0.33223871 0.52504483 0.35388042 0.29993843 0.42755944  0.71464521 0.40342727 0.57071911 0.41962719
0.60129923 0.78464452 0.62437832 0.65434888 0.15384758 0.56114597  0.37143038 0.37370224 0.49824532 0.3771175  0.27844235 0.43462798  0.59644606 0.34026837 0.60781395 0.39876616
0.6451083  0.71662363 0.65989247 0.62704701 0.11530158 0.50408186  0.32300965 0.49678443 0.47109426 0.41601947 0.31332367 0.47311873  0.46990524 0.29533047 0.72724366 0.37671447
0.6451083  0.71662363 0.65989247 0.62704701 0.11530158 0.50408186  0.32300965 0.49678443 0.47109426 0.41601947 0.31332367 0.47311873  0.46990524 0.29533047 0.72724366 0.37671447
0.66189899 0.69540975 0.65617975 0.58410605 0.12188243 0.4876046  0.34271599 0.53775911 0.49471795 0.39426093 0.33165979 0.46855366  0.5279345  0.32641271 0.7960648  0.39075115
0.6793407  0.68857185 0.64306647 0.54911655 0.13790316 0.46080648  0.4207816  0.51602741 0.44296495 0.40724095 0.31934779 0.48013103  0.52073218 0.33863044 0.8277412  0.40121057
0.69762693 0.69940053 0.63142068 0.5404143  0.14262469 0.44752619  0.47401342 0.48437311 0.36979894 0.41664074 0.29222963 0.48800648  0.43027596 0.29663627 0.78912754 0.38170996
0.71631167 0.70815073 0.62186234 0.52084583 0.14382468 0.45130729  0.53271798 0.46473165 0.32452289 0.40831424 0.32764036 0.47586559  0.35709358 0.27121348 0.74712841 0.33699919
0.72874073 0.67518491 0.61023587 0.52418641 0.16331594 0.44601618  0.50733324 0.38036035 0.34046411 0.41066759 0.28470163 0.48299077  0.38033028 0.23739175 0.75809389 0.30858823
0.73463248 0.68787595 0.64447297 0.52088983 0.15919585 0.43224119  0.52284539 0.37031305 0.35306889 0.38613259 0.25732835 0.44299018  0.34299201 0.25690219 0.7416306  0.3317933 
0.75321048 0.6884386  0.63924758 0.48706133 0.15643314 0.44806766  0.58004825 0.36913241 0.32840136 0.36465079 0.30243121 0.42241281  0.34633051 0.26058043 0.71337285 0.30661633
0.75005623 0.67282096 0.60977296 0.50011556 0.11437183 0.43231976  0.5976762  0.37244444 0.34152083 0.37658075 0.30867337 0.43338669  0.36665217 0.25341574 0.71843928 0.32941598
0.74114709 0.6442288  0.54692507 0.51378194 0.08225891 0.43891658  0.58831724 0.37806639 0.30571434 0.38062643 0.37727789 0.53893015  0.42328406 0.24283818 0.71825559 0.36481638
0.68109956 0.65026653 0.34096095 0.43744201 0.16904294 0.54955072  0.55158429 0.4065899  0.27785284 0.48188737 0.39942487 0.55241785  0.63145653 0.36850474 0.55687    0.23623079
0.58255795 0.76386147 0.21543527 0.45392129 0.2259661  0.68277018  0.54434313 0.36908315 0.2650926  0.47092909 0.37203374 0.51567889  0.5851164  0.40415232 0.29925621 0.33203011
0.52513677 0.77755517 0.15810047 0.48320892 0.26519093 0.69544643  0.43465311 0.4057148  0.36277265 0.52714865 0.26960228 0.51106595  0.43509816 0.29585386 0.29399513 0.42358284
0.41646759 0.77103138 0.16057069 0.59697715 0.32887862 0.54190518  0.35180929 0.41168339 0.44474205 0.52180844 0.29468754 0.52066929  0.43653887 0.3605424  0.47929668 0.46432733
0.32580403 0.74302549 0.14847151 0.63968832 0.41111075 0.35399547  0.37024675 0.43212507 0.43165456 0.5123659  0.22815339 0.54396048  0.39709664 0.40514447 0.65000905 0.53918799
0.28920951 0.72306892 0.15879857 0.6541295  0.4282008  0.29664503  0.33398859 0.502406   0.47806951 0.46222783 0.2911467  0.51366439  0.48731517 0.45016162 0.66397963 0.50944118
0.17976958 0.61713073 0.21972771 0.6140871  0.42697273 0.25742158  0.34368115 0.57868349 0.4275677  0.35617617 0.30563752 0.45440983  0.68131146 0.40479219 0.38032865 0.4840623 
0.10709069 0.51867226 0.27127729 0.5403696  0.39889592 0.34021785  0.37413565 0.54951169 0.4640691  0.37625242 0.33912476 0.45690206  0.63940698 0.43848876 0.47328657 0.48963711
0.07147544 0.46644974 0.29714547 0.49417976 0.38296566 0.37654053  0.42292597 0.52189462 0.42657767 0.3717131  0.34066585 0.45168881  0.62658582 0.38875218 0.37101361 0.47889789
0.05382268 0.43910356 0.31115946 0.46711768 0.37178665 0.40776654  0.44798323 0.50264986 0.42267467 0.37376997 0.36260469 0.44845626  0.59147027 0.37525493 0.35520149 0.46174804
0.03642183 0.41524629 0.32484262 0.44637131 0.36316133 0.44551311  0.45106347 0.48776639 0.46324129 0.38475414 0.41331241 0.4470223  0.53714745 0.42209284 0.46353815 0.42942717
0.01830365 0.38870926 0.33849665 0.42271599 0.35435014 0.47063879  0.4700659  0.47319173 0.46038664 0.38894076 0.42241625 0.4468854  0.51617687 0.4152715  0.46097338 0.42900053
0.01830365 0.38870926 0.33849665 0.42271599 0.35435014 0.47063879  0.4700659  0.47319173 0.46038664 0.38894076 0.42241625 0.4468854  0.51617687 0.4152715  0.46097338 0.42900053
0.01830365 0.38870926 0.33849665 0.42271599 0.35435014 0.47063879  0.4700659  0.47319173 0.46038664 0.38894076 0.42241625 0.4468854  0.51617687 0.4152715  0.46097338 0.42900053
0.01830365 0.38870926 0.33849665 0.42271599 0.35435014 0.47063879  0.4700659  0.47319173 0.46038664 0.38894076 0.42241625 0.4468854  0.51617687 0.4152715  0.46097338 0.42900053
0.01830365 0.38870926 0.33849665 0.42271599 0.35435014 0.47063879  0.4700659  0.47319173 0.46038664 0.38894076 0.42241625 0.4468854  0.51617687 0.4152715  0.46097338 0.42900053
0.01830365 0.38870926 0.33849665 0.42271599 0.35435014 0.47063879  0.4700659  0.47319173 0.46038664 0.38894076 0.42241625 0.4468854  0.51617687 0.4152715  0.46097338 0.42900053
0.01830365 0.38870926 0.33849665 0.42271599 0.35435014 0.47063879  0.4700659  0.47319173 0.46038664 0.38894076 0.42241625 0.4468854  0.51617687 0.4152715  0.46097338 0.42900053
0.00039479 0.36283831 0.35232302 0.39930133 0.34523319 0.50234819  0.48417291 0.45702496 0.47508945 0.39693445 0.45000532 0.44589633  0.47476172 0.42761975 0.50206904 0.41641874
0.00039479 0.36283831 0.35232302 0.39930133 0.34523319 0.50234819  0.48417291 0.45702496 0.47508945 0.39693445 0.45000532 0.44589633  0.47476172 0.42761975 0.50206904 0.41641874
0.00039479 0.36283831 0.35232302 0.39930133 0.34523319 0.50234819  0.48417291 0.45702496 0.47508945 0.39693445 0.45000532 0.44589633  0.47476172 0.42761975 0.50206904 0.41641874
0.01877751 0.38616237 0.34024961 0.41452329 0.35026547 0.48875947  0.47765612 0.4623593  0.47676406 0.38966489 0.46128205 0.44156549  0.47317508 0.43487647 0.50402464 0.39108964
0.01877751 0.38616237 0.34024961 0.41452329 0.35026547 0.48875947  0.47765612 0.4623593  0.47676406 0.38966489 0.46128205 0.44156549  0.47317508 0.43487647 0.50402464 0.39108964
0.01877751 0.38616237 0.34024961 0.41452329 0.35026547 0.48875947  0.47765612 0.4623593  0.47676406 0.38966489 0.46128205 0.44156549  0.47317508 0.43487647 0.50402464 0.39108964
0.01877751 0.38616237 0.34024961 0.41452329 0.35026547 0.48875947  0.47765612 0.4623593  0.47676406 0.38966489 0.46128205 0.44156549  0.47317508 0.43487647 0.50402464 0.39108964
0.01877751 0.38616237 0.34024961 0.41452329 0.35026547 0.48875947  0.47765612 0.4623593  0.47676406 0.38966489 0.46128205 0.44156549  0.47317508 0.43487647 0.50402464 0.39108964
0.01877751 0.38616237 0.34024961 0.41452329 0.35026547 0.48875947  0.47765612 0.4623593  0.47676406 0.38966489 0.46128205 0.44156549  0.47317508 0.43487647 0.50402464 0.39108964
0.01877751 0.38616237 0.34024961 0.41452329 0.35026547 0.48875947  0.47765612 0.4623593  0.47676406 0.38966489 0.46128205 0.44156549  0.47317508 0.43487647 0.50402464 0.39108964
0.01877751 0.38616237 0.34024961 0.41452329 0.35026547 0.48875947  0.47765612 0.4623593  0.47676406 0.38966489 0.46128205 0.44156549  0.47317508 0.43487647 0.50402464 0.39108964
0.01877751 0.38616237 0.34024961 0.41452329 0.35026547 0.48875947  0.47765612 0.4623593  0.47676406 0.38966489 0.46128205 0.44156549  0.47317508 0.43487647 0.50402464 0.39108964
0.01877751 0.38616237 0.34024961 0.41452329 0.35026547 0.48875947  0.47765612 0.4623593  0.47676406 0.38966489 0.46128205 0.44156549  0.47317508 0.43487647 0.50402464 0.39108964
