0.00039479 0.36283831 0.35232302 0.39930133 0.34523319 0.50234819  0.48417291 0.45702496 0.47508945 0.39693445 0.45000532 0.44589633  0.47476172 0.42761975 0.50206904 0.41641874
0.00039479 0.36283831 0.35232302 0.39930133 0.34523319 0.50234819  0.48417291 0.45702496 0.47508945 0.39693445 0.45000532 0.44589633  0.47476172 0.42761975 0.50206904 0.41641874
0.00039479 0.36283831 0.35232302 0.39930133 0.34523319 0.50234819  0.48417291 0.45702496 0.47508945 0.39693445 0.45000532 0.44589633  0.47476172 0.42761975 0.50206904 0.41641874
0.00039479 0.36283831 0.35232302 0.39930133 0.34523319 0.50234819  0.48417291 0.45702496 0.47508945 0.39693445 0.45000532 0.44589633  0.47476172 0.42761975 0.50206904 0.41641874
0.00039479 0.36283831 0.35232302 0.39930133 0.34523319 0.50234819  0.48417291 0.45702496 0.47508945 0.39693445 0.45000532 0.44589633  0.47476172 0.42761975 0.50206904 0.41641874
0.00039479 0.36283831 0.35232302 0.39930133 0.34523319 0.50234819  0.48417291 0.45702496 0.47508945 0.39693445 0.45000532 0.44589633  0.47476172 0.42761975 0.50206904 0.41641874
0.00039479 0.36283831 0.35232302 0.39930133 0.34523319 0.50234819  0.48417291 0.45702496 0.47508945 0.39693445 0.45000532 0.44589633  0.47476172 0.42761975 0.50206904 0.41641874
0.00039479 0.36283831 0.35232302 0.39930133 0.34523319 0.50234819  0.48417291 0.45702496 0.47508945 0.39693445 0.45000532 0.44589633  0.47476172 0.42761975 0.50206904 0.41641874
0.00039479 0.36283831 0.35232302 0.39930133 0.34523319 0.50234819  0.48417291 0.45702496 0.47508945 0.39693445 0.45000532 0.44589633  0.47476172 0.42761975 0.50206904 0.41641874
0.00039479 0.36283831 0.35232302 0.39930133 0.34523319 0.50234819  0.48417291 0.45702496 0.47508945 0.39693445 0.45000532 0.44589633  0.47476172 0.42761975 0.50206904 0.41641874
0.00039479 0.36283831 0.35232302 0.39930133 0.34523319 0.50234819  0.48417291 0.45702496 0.47508945 0.39693445 0.45000532 0.44589633  0.47476172 0.42761975 0.50206904 0.41641874
0.00039479 0.36283831 0.35232302 0.39930133 0.34523319 0.50234819  0.48417291 0.45702496 0.47508945 0.39693445 0.45000532 0.44589633  0.47476172 0.42761975 0.50206904 0.41641874
0.00039479 0.36283831 0.35232302 0.39930133 0.34523319 0.50234819  0.48417291 0.45702496 0.47508945 0.39693445 0.45000532 0.44589633  0.47476172 0.42761975 0.50206904 0.41641874
0.00039479 0.36283831 0.35232302 0.39930133 0.34523319 0.50234819  0.48417291 0.45702496 0.47508945 0.39693445 0.45000532 0.44589633  0.47476172 0.42761975 0.50206904 0.41641874
0.00039479 0.36283831 0.35232302 0.39930133 0.34523319 0.50234819  0.48417291 0.45702496 0.47508945 0.39693445 0.45000532 0.44589633  0.47476172 0.42761975 0.50206904 0.41641874
0.00039479 0.36283831 0.35232302 0.39930133 0.34523319 0.50234819  0.48417291 0.45702496 0.47508945 0.39693445 0.45000532 0.44589633  0.47476172 0.42761975 0.50206904 0.41641874
0.00039479 0.36283831 0.35232302 0.39930133 0.34523319 0.50234819  0.48417291 0.45702496 0.47508945 0.39693445 0.45000532 0.44589633  0.47476172 0.42761975 0.50206904 0.41641874
0.00039479 0.36283831 0.35232302 0.39930133 0.34523319 0.50234819  0.48417291 0.45702496 0.47508945 0.39693445 0.45000532 0.44589633  0.47476172 0.42761975 0.50206904 0.41641874
0.00039479 0.36283831 0.35232302 0.39930133 0.34523319 0.50234819  0.48417291 0.45702496 0.47508945 0.39693445 0.45000532 0.44589633  0.47476172 0.42761975 0.50206904 0.41641874
0.00039479 0.36283831 0.35232302 0.39930133 0.34523319 0.50234819  0.48417291 0.45702496 0.47508945 0.39693445 0.45000532 0.44589633  0.47476172 0.42761975 0.50206904 0.41641874
0.00039479 0.36283831 0.35232302 0.39930133 0.34523319 0.50234819  0.48417291 0.45702496 0.47508945 0.39693445 0.45000532 0.44589633  0.47476172 0.42761975 0.50206904 0.41641874
0.00039479 0.36283831 0.35232302 0.39930133 0.34523319 0.50234819  0.48417291 0.45702496 0.47508945 0.39693445 0.45000532 0.44589633  0.47476172 0.42761975 0.50206904 0.41641874
0.00039479 0.36283831 0.35232302 0.39930133 0.34523319 0.50234819  0.48417291 0.45702496 0.47508945 0.39693445 0.45000532 0.44589633  0.47476172 0.42761975 0.50206904 0.41641874
0.00039479 0.36283831 0.35232302 0.39930133 0.34523319 0.50234819  0.48417291 0.45702496 0.47508945 0.39693445 0.45000532 0.44589633  0.47476172 0.42761975 0.50206904 0.41641874
0.00039479 0.36283831 0.35232302 0.39930133 0.34523319 0.50234819  0.48417291 0.45702496 0.47508945 0.39693445 0.45000532 0.44589633  0.47476172 0.42761975 0.50206904 0.41641874
0.00039479 0.36283831 0.35232302 0.39930133 0.34523319 0.50234819  0.48417291 0.45702496 0.47508945 0.39693445 0.45000532 0.44589633  0.47476172 0.42761975 0.50206904 0.41641874
0.00039479 0.36283831 0.35232302 0.39930133 0.34523319 0.50234819  0.48417291 0.45702496 0.47508945 0.39693445 0.45000532 0.44589633  0.47476172 0.42761975 0.50206904 0.41641874
0.00039479 0.36283831 0.35232302 0.39930133 0.34523319 0.50234819  0.48417291 0.45702496 0.47508945 0.39693445 0.45000532 0.44589633  0.47476172 0.42761975 0.50206904 0.41641874
0.00039479 0.36283831 0.35232302 0.39930133 0.34523319 0.50234819  0.48417291 0.45702496 0.47508945 0.39693445 0.45000532 0.44589633  0.47476172 0.42761975 0.50206904 0.41641874
0.00039479 0.36283831 0.35232302 0.39930133 0.34523319 0.50234819  0.48417291 0.45702496 0.47508945 0.39693445 0.45000532 0.44589633  0.47476172 0.42761975 0.50206904 0.41641874
0.00039479 0.36283831 0.35232302 0.39930133 0.34523319 0.50234819  0.48417291 0.45702496 0.47508945 0.39693445 0.45000532 0.44589633  0.47476172 0.42761975 0.50206904 0.41641874
0.00039479 0.36283831 0.35232302 0.39930133 0.34523319 0.50234819  0.48417291 0.45702496 0.47508945 0.39693445 0.45000532 0.44589633  0.47476172 0.42761975 0.50206904 0.41641874
0.00039479 0.36283831 0.35232302 0.39930133 0.34523319 0.50234819  0.48417291 0.45702496 0.47508945 0.39693445 0.45000532 0.44589633  0.47476172 0.42761975 0.50206904 0.41641874
0.00039479 0.36283831 0.35232302 0.39930133 0.34523319 0.50234819  0.48417291 0.45702496 0.47508945 0.39693445 0.45000532 0.44589633  0.47476172 0.42761975 0.50206904 0.41641874
0.00039479 0.36283831 0.35232302 0.39930133 0.34523319 0.50234819  0.48417291 0.45702496 0.47508945 0.39693445 0.45000532 0.44589633  0.47476172 0.42761975 0.50206904 0.41641874
0.00039479 0.36283831 0.35232302 0.39930133 0.34523319 0.50234819  0.48417291 0.45702496 0.47508945 0.39693445 0.45000532 0.44589633  0.47476172 0.42761975 0.50206904 0.41641874
0.00039479 0.36283831 0.35232302 0.39930133 0.34523319 0.50234819  0.48417291 0.45702496 0.47508945 0.39693445 0.45000532 0.44589633  0.47476172 0.42761975 0.50206904 0.41641874
0.00039479 0.36283831 0.35232302 0.39930133 0.34523319 0.50234819  0.48417291 0.45702496 0.47508945 0.39693445 0.45000532 0.44589633  0.47476172 0.42761975 0.50206904 0.41641874
0.00039479 0.36283831 0.35232302 0.39930133 0.34523319 0.50234819  0.48417291 0.45702496 0.47508945 0.39693445 0.45000532 0.44589633  0.47476172 0.42761975 0.50206904 0.41641874
0.00039479 0.36283831 0.35232302 0.39930133 0.34523319 0.50234819  0.48417291 0.45702496 0.47508945 0.39693445 0.45000532 0.44589633  0.47476172 0.42761975 0.50206904 0.41641874
0.00039479 0.36283831 0.35232302 0.39930133 0.34523319 0.50234819  0.48417291 0.45702496 0.47508945 0.39693445 0.45000532 0.44589633  0.47476172 0.42761975 0.50206904 0.41641874
0.00039479 0.36283831 0.35232302 0.39930133 0.34523319 0.50234819  0.48417291 0.45702496 0.47508945 0.39693445 0.45000532 0.44589633  0.47476172 0.42761975 0.50206904 0.41641874
0.00039479 0.36283831 0.35232302 0.39930133 0.34523319 0.50234819  0.48417291 0.45702496 0.47508945 0.39693445 0.45000532 0.44589633  0.47476172 0.42761975 0.50206904 0.41641874
0.00039479 0.36283831 0.35232302 0.39930133 0.34523319 0.50234819  0.48417291 0.45702496 0.47508945 0.39693445 0.45000532 0.44589633  0.47476172 0.42761975 0.50206904 0.41641874
0.00039479 0.36283831 0.35232302 0.39930133 0.34523319 0.50234819  0.48417291 0.45702496 0.47508945 0.39693445 0.45000532 0.44589633  0.47476172 0.42761975 0.50206904 0.41641874
0.00039479 0.36283831 0.35232302 0.39930133 0.34523319 0.50234819  0.48417291 0.45702496 0.47508945 0.39693445 0.45000532 0.44589633  0.47476172 0.42761975 0.50206904 0.41641874
0.00039479 0.36283831 0.35232302 0.39930133 0.34523319 0.50234819  0.48417291 0.45702496 0.47508945 0.39693445 0.45000532 0.44589633  0.47476172 0.42761975 0.50206904 0.41641874
0.00039479 0.36283831 0.35232302 0.39930133 0.34523319 0.50234819  0.48417291 0.45702496 0.47508945 0.39693445 0.45000532 0.44589633  0.47476172 0.42761975 0.50206904 0.41641874
0.00039479 0.36283831 0.35232302 0.39930133 0.34523319 0.50234819  0.48417291 0.45702496 0.47508945 0.39693445 0.45000532 0.44589633  0.47476172 0.42761975 0.50206904 0.41641874
0.00039479 0.36283831 0.35232302 0.39930133 0.34523319 0.50234819  0.48417291 0.45702496 0.47508945 0.39693445 0.45000532 0.44589633  0.47476172 0.42761975 0.50206904 0.41641874
0.00039479 0.36283831 0.35232302 0.39930133 0.34523319 0.50234819  0.48417291 0.45702496 0.47508945 0.39693445 0.45000532 0.44589633  0.47476172 0.42761975 0.50206904 0.41641874
0.00039479 0.36283831 0.35232302 0.39930133 0.34523319 0.50234819  0.48417291 0.45702496 0.47508945 0.39693445 0.45000532 0.44589633  0.47476172 0.42761975 0.50206904 0.41641874
0.00039479 0.36283831 0.35232302 0.39930133 0.34523319 0.50234819  0.48417291 0.45702496 0.47508945 0.39693445 0.45000532 0.44589633  0.47476172 0.42761975 0.50206904 0.41641874
0.00039479 0.36283831 0.35232302 0.39930133 0.34523319 0.50234819  0.48417291 0.45702496 0.47508945 0.39693445 0.45000532 0.44589633  0.47476172 0.42761975 0.50206904 0.41641874
0.00039479 0.36283831 0.35232302 0.39930133 0.34523319 0.50234819  0.48417291 0.45702496 0.47508945 0.39693445 0.45000532 0.44589633  0.47476172 0.42761975 0.50206904 0.41641874
0.00039479 0.36283831 0.35232302 0.39930133 0.34523319 0.50234819  0.48417291 0.45702496 0.47508945 0.39693445 0.45000532 0.44589633  0.47476172 0.42761975 0.50206904 0.41641874
0.00039479 0.36283831 0.35232302 0.39930133 0.34523319 0.50234819  0.48417291 0.45702496 0.47508945 0.39693445 0.45000532 0.44589633  0.47476172 0.42761975 0.50206904 0.41641874
0.10674741 0.51855454 0.26955047 0.542448   0.40382691 0.31106946  0.39165775 0.55429124 0.39924581 0.36100975 0.27910237 0.45699897  0.70569077 0.3741928  0.31394535 0.522063  
0.27044896 0.69920555 0.15737898 0.63468763 0.45958256 0.18994235  0.42239432 0.52626906 0.33820585 0.39305299 0.28027255 0.48070926  0.50602961 0.41068073 0.48313872 0.43518502
0.39668922 0.74149408 0.09846156 0.55631245 0.4525203  0.27600936  0.56172658 0.35851791 0.37563139 0.42630245 0.42052197 0.48641086  0.2930212  0.46402114 0.56119011 0.3394631 
0.58800872 0.67429278 0.06563009 0.30575776 0.38930901 0.54592659  0.67655907 0.23064462 0.5234796  0.42319393 0.42544625 0.49890728  0.60170073 0.55643304 0.66796011 0.47078774
0.64096568 0.55626997 0.04766899 0.33365064 0.46651408 0.5780043  0.72080049 0.27474068 0.6709752  0.3149019  0.30452854 0.54754738  0.59192506 0.71643581 0.55784215 0.33740653
0.68321946 0.4422139  0.03222105 0.39318814 0.54126838 0.60166728  0.69591315 0.30170908 0.68693008 0.26949464 0.31059392 0.45446439  0.55818914 0.701479   0.59656459 0.35762753
0.7407924  0.30588004 0.02528883 0.47750995 0.59738855 0.66473563  0.63027465 0.36152655 0.69261543 0.18698136 0.29881587 0.38785651  0.53824263 0.64366223 0.45678349 0.30482358
0.75622697 0.27860014 0.03198584 0.45718725 0.58830291 0.64765697  0.60137823 0.42229121 0.68957059 0.19442152 0.28168081 0.39526953  0.44606046 0.58190606 0.50925336 0.30685162
0.79889796 0.20557453 0.05086689 0.48754012 0.58904495 0.71027935  0.56932483 0.54381264 0.6538342  0.21547614 0.19617374 0.40081187  0.40286132 0.5972987  0.42009122 0.35999187
0.79706025 0.21433518 0.05155271 0.46067964 0.57632966 0.69092874  0.53992157 0.51801278 0.6264504  0.23363312 0.22675506 0.36534038  0.42805419 0.57149992 0.45299316 0.40640311
0.79706025 0.21433518 0.05155271 0.46067964 0.57632966 0.69092874  0.53992157 0.51801278 0.6264504  0.23363312 0.22675506 0.36534038  0.42805419 0.57149992 0.45299316 0.40640311
0.75664121 0.30319149 0.03987258 0.43881086 0.56050123 0.69142511  0.5667754  0.36972998 0.64330374 0.21256558 0.25149116 0.36337899  0.61508415 0.59129979 0.44630746 0.34623397
0.73058464 0.39454973 0.05851544 0.32958269 0.48381836 0.6319193  0.57007988 0.35186229 0.65520389 0.27481655 0.23762193 0.43604764  0.64801582 0.62665807 0.47668193 0.40689212
0.66210193 0.53009608 0.04737255 0.20582606 0.43113082 0.46012609  0.58588894 0.21335801 0.66576282 0.3314285  0.4455944  0.48120594  0.65883775 0.53185857 0.61481044 0.43323704
0.63297619 0.59153558 0.05348946 0.24158776 0.41223229 0.50479612  0.63476359 0.20349309 0.60422963 0.37165934 0.41605394 0.49302748  0.68238069 0.59190425 0.62759022 0.45622864
0.58800872 0.67429278 0.06563009 0.30575776 0.38930901 0.54592659  0.67655907 0.23064462 0.5234796  0.42319393 0.42544625 0.49890728  0.60170073 0.55643304 0.66796011 0.47078774
0.54585538 0.76698681 0.08965354 0.34547207 0.35390861 0.59149901  0.72032369 0.43166193 0.43851868 0.41619343 0.58055577 0.44022078  0.54140279 0.43690875 0.55830019 0.48269548
0.51122529 0.79950986 0.09455724 0.43195576 0.3493868  0.5994669  0.66683861 0.34610602 0.416032   0.46732754 0.53386627 0.462384  0.40329739 0.37544479 0.47961754 0.45658068
0.51122529 0.79950986 0.09455724 0.43195576 0.3493868  0.5994669  0.66683861 0.34610602 0.416032   0.46732754 0.53386627 0.462384  0.40329739 0.37544479 0.47961754 0.45658068
0.51122529 0.79950986 0.09455724 0.43195576 0.3493868  0.5994669  0.66683861 0.34610602 0.416032   0.46732754 0.53386627 0.462384  0.40329739 0.37544479 0.47961754 0.45658068
0.51122529 0.79950986 0.09455724 0.43195576 0.3493868  0.5994669  0.66683861 0.34610602 0.416032   0.46732754 0.53386627 0.462384  0.40329739 0.37544479 0.47961754 0.45658068
0.51122529 0.79950986 0.09455724 0.43195576 0.3493868  0.5994669  0.66683861 0.34610602 0.416032   0.46732754 0.53386627 0.462384  0.40329739 0.37544479 0.47961754 0.45658068
0.52801598 0.77829598 0.09084452 0.3890148  0.35596765 0.58298964  0.68654495 0.3870807  0.43965569 0.445569   0.55220238 0.45781893  0.46132665 0.40652703 0.54843868 0.47061736
0.52801598 0.77829598 0.09084452 0.3890148  0.35596765 0.58298964  0.68654495 0.3870807  0.43965569 0.445569   0.55220238 0.45781893  0.46132665 0.40652703 0.54843868 0.47061736
0.52801598 0.77829598 0.09084452 0.3890148  0.35596765 0.58298964  0.68654495 0.3870807  0.43965569 0.445569   0.55220238 0.45781893  0.46132665 0.40652703 0.54843868 0.47061736
0.52801598 0.77829598 0.09084452 0.3890148  0.35596765 0.58298964  0.68654495 0.3870807  0.43965569 0.445569   0.55220238 0.45781893  0.46132665 0.40652703 0.54843868 0.47061736
0.52801598 0.77829598 0.09084452 0.3890148  0.35596765 0.58298964  0.68654495 0.3870807  0.43965569 0.445569   0.55220238 0.45781893  0.46132665 0.40652703 0.54843868 0.47061736
0.52801598 0.77829598 0.09084452 0.3890148  0.35596765 0.58298964  0.68654495 0.3870807  0.43965569 0.445569   0.55220238 0.45781893  0.46132665 0.40652703 0.54843868 0.47061736
0.51122529 0.79950986 0.09455724 0.43195576 0.3493868  0.5994669  0.66683861 0.34610602 0.416032   0.46732754 0.53386627 0.462384  0.40329739 0.37544479 0.47961754 0.45658068
0.51122529 0.79950986 0.09455724 0.43195576 0.3493868  0.5994669  0.66683861 0.34610602 0.416032   0.46732754 0.53386627 0.462384  0.40329739 0.37544479 0.47961754 0.45658068
0.51122529 0.79950986 0.09455724 0.43195576 0.3493868  0.5994669  0.66683861 0.34610602 0.416032   0.46732754 0.53386627 0.462384  0.40329739 0.37544479 0.47961754 0.45658068
0.51122529 0.79950986 0.09455724 0.43195576 0.3493868  0.5994669  0.66683861 0.34610602 0.416032   0.46732754 0.53386627 0.462384  0.40329739 0.37544479 0.47961754 0.45658068
0.45661747 0.81000611 0.10177323 0.53085258 0.36724485 0.53502864  0.55749255 0.33478949 0.44585401 0.49465719 0.49979768 0.48600623  0.28885091 0.3487887  0.48633384 0.44834469
0.45661747 0.81000611 0.10177323 0.53085258 0.36724485 0.53502864  0.55749255 0.33478949 0.44585401 0.49465719 0.49979768 0.48600623  0.28885091 0.3487887  0.48633384 0.44834469
0.45661747 0.81000611 0.10177323 0.53085258 0.36724485 0.53502864  0.55749255 0.33478949 0.44585401 0.49465719 0.49979768 0.48600623  0.28885091 0.3487887  0.48633384 0.44834469
0.40159694 0.79909721 0.12597241 0.60307703 0.36835475 0.501639  0.41424827 0.38191877 0.51467231 0.49279962 0.43272629 0.49708668  0.34936823 0.37735943 0.54508556 0.46921301
0.40159694 0.79909721 0.12597241 0.60307703 0.36835475 0.501639  0.41424827 0.38191877 0.51467231 0.49279962 0.43272629 0.49708668  0.34936823 0.37735943 0.54508556 0.46921301
0.43917576 0.81684401 0.11488651 0.56584208 0.35122413 0.56182676  0.47942694 0.35652119 0.49760701 0.48167717 0.51210968 0.47442886  0.29605323 0.33657096 0.45465744 0.43788527
0.45760599 0.81752107 0.11995617 0.54396445 0.32583158 0.62363327  0.47264786 0.36157629 0.50588022 0.48718311 0.48450142 0.47787137  0.36024269 0.32080754 0.41623437 0.47632438
0.45760599 0.81752107 0.11995617 0.54396445 0.32583158 0.62363327  0.47264786 0.36157629 0.50588022 0.48718311 0.48450142 0.47787137  0.36024269 0.32080754 0.41623437 0.47632438
0.45760599 0.81752107 0.11995617 0.54396445 0.32583158 0.62363327  0.47264786 0.36157629 0.50588022 0.48718311 0.48450142 0.47787137  0.36024269 0.32080754 0.41623437 0.47632438
0.49239662 0.80034567 0.12064745 0.49186418 0.3156321  0.63675966  0.51584366 0.36613177 0.43378249 0.50200598 0.3901128  0.49668498  0.39898003 0.31692145 0.40414405 0.48645272
0.54273635 0.76581923 0.15104022 0.44001824 0.27548814 0.68225171  0.4935754  0.41315687 0.34934496 0.51579486 0.28617627 0.50457858  0.48201668 0.33459514 0.35395965 0.41855669
0.64666996 0.84410614 0.55465013 0.43703415 0.46330126 0.59434254  0.65455431 0.35083983 0.40199883 0.71458656 0.28656829 0.29512684  0.66093111 0.38434615 0.3412491  0.09173614
0.68279255 0.84552745 0.67068755 0.42092357 0.46527737 0.53097987  0.65750704 0.38995524 0.46710376 0.75523749 0.24606047 0.23849325  0.52821734 0.39433854 0.33055295 0.15682544
0.71822531 0.8152499  0.67171241 0.33018983 0.48014973 0.51755739  0.71941488 0.48160484 0.50887989 0.74030744 0.28339215 0.19260069  0.67247239 0.45762019 0.38933098 0.18050081
0.75166016 0.77327764 0.67533456 0.25581689 0.47505213 0.50364398  0.7172393  0.60424998 0.53498995 0.69977938 0.29778744 0.18189867  0.7210265  0.45041746 0.45937382 0.21077207
0.77704647 0.72362352 0.69686697 0.29718917 0.36632695 0.45576095  0.6876146  0.64941247 0.46655712 0.74713621 0.30727113 0.20186645  0.56710815 0.42358471 0.51369526 0.17094133
0.76910343 0.68708514 0.62276346 0.34499623 0.2165934  0.42255971  0.72417078 0.65241192 0.48965038 0.73440925 0.31002888 0.20903816  0.57547518 0.41306606 0.5220801  0.2392931 
0.76170472 0.67954294 0.58632197 0.33045001 0.22471729 0.43463207  0.7106317  0.67875335 0.47914074 0.79310998 0.31723445 0.21614038  0.56000845 0.44619226 0.48011197 0.22000746
0.7204218  0.62681426 0.38194067 0.32700633 0.18082559 0.49630689  0.66226489 0.71817016 0.40753044 0.70090405 0.4127615  0.43372551  0.53823602 0.31044421 0.60033884 0.3082114 
0.67734385 0.62760774 0.2229086  0.26067958 0.2267199  0.59300193  0.5923573  0.73042972 0.37337944 0.51599361 0.36834203 0.46355087  0.46948761 0.21989963 0.65129296 0.38395599
0.64481386 0.66460666 0.15123029 0.22501041 0.263064   0.65911823  0.57319132 0.68094194 0.37022933 0.41009104 0.37522886 0.45854899  0.57983252 0.33077845 0.52689727 0.45179382
0.59470597 0.7171892  0.12776174 0.30309895 0.30399096 0.62916068  0.62697884 0.52476647 0.3908312  0.41857395 0.46299072 0.45454801  0.56326207 0.3901118  0.51984439 0.42636525
0.51122529 0.79950986 0.09455724 0.43195576 0.3493868  0.5994669  0.66683861 0.34610602 0.416032   0.46732754 0.53386627 0.462384  0.40329739 0.37544479 0.47961754 0.45658068
0.51122529 0.79950986 0.09455724 0.43195576 0.3493868  0.5994669  0.66683861 0.34610602 0.416032   0.46732754 0.53386627 0.462384  0.40329739 0.37544479 0.47961754 0.45658068
0.45532297 0.78927356 0.09624053 0.50532838 0.39587267 0.46542725  0.60994072 0.34798769 0.40421557 0.48609935 0.47239901 0.49003579  0.31590205 0.40289566 0.59472736 0.4299355 
0.36282186 0.76125834 0.11848954 0.60333838 0.43593928 0.31016443  0.48537975 0.42240564 0.39228263 0.47471744 0.36266819 0.50876694  0.33331692 0.4156684  0.62619217 0.4414502 
0.30641828 0.71253953 0.13692244 0.6096366  0.46633219 0.19704225  0.47973493 0.48883628 0.32411826 0.43926771 0.27355387 0.50867284  0.43419669 0.42659107 0.60241786 0.46111577
0.28789067 0.69236764 0.14426571 0.59969813 0.47560329 0.16314422  0.50045994 0.50453736 0.28645284 0.40603301 0.26796056 0.49228663  0.49882729 0.42289847 0.51481512 0.44564443
0.23384726 0.6625864  0.18213573 0.6231458  0.4473724  0.22015881  0.3832946  0.55105178 0.40299119 0.38471924 0.29938762 0.47402797  0.60942933 0.44111782 0.49663598 0.46751318
0.17840913 0.59125975 0.21728098 0.57883433 0.43835866 0.23013175  0.41642608 0.54441599 0.34800988 0.38369806 0.22546344 0.48274716  0.68179676 0.40011481 0.39747709 0.52985505
0.16120502 0.59408097 0.23123264 0.60239457 0.42428121 0.26043194  0.34294435 0.58464032 0.43270518 0.35130229 0.29926059 0.451162  0.71434139 0.42333472 0.38608019 0.48706025
0.12527381 0.54220859 0.25761048 0.55760475 0.40846099 0.30142766  0.38272777 0.55895235 0.40999438 0.35511677 0.30119955 0.45203371  0.69429696 0.3891966  0.33531862 0.48793813
0.0890926  0.49024189 0.28492514 0.51279775 0.390924   0.35659365  0.40874261 0.53328325 0.43200466 0.36633424 0.34000104 0.45050406  0.64191759 0.41148358 0.39916831 0.47174257
0.05280101 0.4410469  0.31082492 0.47416113 0.37677476 0.40189177  0.42936641 0.51178214 0.44503286 0.38159749 0.35631339 0.45384582  0.60208909 0.41657511 0.43830835 0.48448989
0.03514825 0.41370071 0.3248389  0.44709904 0.36559576 0.43311778  0.45442367 0.49253738 0.44112986 0.38365436 0.37825223 0.45061328  0.56697354 0.40307785 0.42249623 0.46734004
0.00039479 0.36283831 0.35232302 0.39930133 0.34523319 0.50234819  0.48417291 0.45702496 0.47508945 0.39693445 0.45000532 0.44589633  0.47476172 0.42761975 0.50206904 0.41641874
0.00039479 0.36283831 0.35232302 0.39930133 0.34523319 0.50234819  0.48417291 0.45702496 0.47508945 0.39693445 0.45000532 0.44589633  0.47476172 0.42761975 0.50206904 0.41641874
0.00039479 0.36283831 0.35232302 0.39930133 0.34523319 0.50234819  0.48417291 0.45702496 0.47508945 0.39693445 0.45000532 0.44589633  0.47476172 0.42761975 0.50206904 0.41641874
0.00039479 0.36283831 0.35232302 0.39930133 0.34523319 0.50234819  0.48417291 0.45702496 0.47508945 0.39693445 0.45000532 0.44589633  0.47476172 0.42761975 0.50206904 0.41641874
0.00039479 0.36283831 0.35232302 0.39930133 0.34523319 0.50234819  0.48417291 0.45702496 0.47508945 0.39693445 0.45000532 0.44589633  0.47476172 0.42761975 0.50206904 0.41641874
0.00039479 0.36283831 0.35232302 0.39930133 0.34523319 0.50234819  0.48417291 0.45702496 0.47508945 0.39693445 0.45000532 0.44589633  0.47476172 0.42761975 0.50206904 0.41641874
0.00039479 0.36283831 0.35232302 0.39930133 0.34523319 0.50234819  0.48417291 0.45702496 0.47508945 0.39693445 0.45000532 0.44589633  0.47476172 0.42761975 0.50206904 0.41641874
0.00039479 0.36283831 0.35232302 0.39930133 0.34523319 0.50234819  0.48417291 0.45702496 0.47508945 0.39693445 0.45000532 0.44589633  0.47476172 0.42761975 0.50206904 0.41641874
0.00039479 0.36283831 0.35232302 0.39930133 0.34523319 0.50234819  0.48417291 0.45702496 0.47508945 0.39693445 0.45000532 0.44589633  0.47476172 0.42761975 0.50206904 0.41641874
0.00039479 0.36283831 0.35232302 0.39930133 0.34523319 0.50234819  0.48417291 0.45702496 0.47508945 0.39693445 0.45000532 0.44589633  0.47476172 0.42761975 0.50206904 0.41641874
0.00039479 0.36283831 0.35232302 0.39930133 0.34523319 0.50234819  0.48417291 0.45702496 0.47508945 0.39693445 0.45000532 0.44589633  0.47476172 0.42761975 0.50206904 0.41641874
0.00039479 0.36283831 0.35232302 0.39930133 0.34523319 0.50234819  0.48417291 0.45702496 0.47508945 0.39693445 0.45000532 0.44589633  0.47476172 0.42761975 0.50206904 0.41641874
0.00039479 0.36283831 0.35232302 0.39930133 0.34523319 0.50234819  0.48417291 0.45702496 0.47508945 0.39693445 0.45000532 0.44589633  0.47476172 0.42761975 0.50206904 0.41641874
0.00039479 0.36283831 0.35232302 0.39930133 0.34523319 0.50234819  0.48417291 0.45702496 0.47508945 0.39693445 0.45000532 0.44589633  0.47476172 0.42761975 0.50206904 0.41641874
0.00039479 0.36283831 0.35232302 0.39930133 0.34523319 0.50234819  0.48417291 0.45702496 0.47508945 0.39693445 0.45000532 0.44589633  0.47476172 0.42761975 0.50206904 0.41641874
0.00039479 0.36283831 0.35232302 0.39930133 0.34523319 0.50234819  0.48417291 0.45702496 0.47508945 0.39693445 0.45000532 0.44589633  0.47476172 0.42761975 0.50206904 0.41641874
0.00039479 0.36283831 0.35232302 0.39930133 0.34523319 0.50234819  0.48417291 0.45702496 0.47508945 0.39693445 0.45000532 0.44589633  0.47476172 0.42761975 0.50206904 0.41641874
0.00039479 0.36283831 0.35232302 0.39930133 0.34523319 0.50234819  0.48417291 0.45702496 0.47508945 0.39693445 0.45000532 0.44589633  0.47476172 0.42761975 0.50206904 0.41641874
0.00039479 0.36283831 0.35232302 0.39930133 0.34523319 0.50234819  0.48417291 0.45702496 0.47508945 0.39693445 0.45000532 0.44589633  0.47476172 0.42761975 0.50206904 0.41641874
0.00039479 0.36283831 0.35232302 0.39930133 0.34523319 0.50234819  0.48417291 0.45702496 0.47508945 0.39693445 0.45000532 0.44589633  0.47476172 0.42761975 0.50206904 0.41641874
0.08923832 0.49153835 0.28369787 0.5153207  0.39224969 0.3462424  0.41430181 0.53437325 0.40441676 0.3644432  0.31186167 0.453132  0.66076806 0.36844262 0.31755089 0.49611739
0.16104553 0.59444216 0.23139585 0.60387053 0.42423122 0.26141588  0.33796238 0.58585846 0.43570782 0.35851857 0.28794454 0.45783095  0.71415184 0.42238734 0.40522218 0.50602254
0.30938145 0.74790894 0.16868134 0.65841974 0.38078414 0.43730017  0.26429043 0.48600151 0.60362772 0.46198702 0.3855653  0.49022859  0.51376814 0.45859251 0.63125045 0.49538969
0.34548257 0.75158293 0.15416909 0.61330427 0.37509929 0.46257924  0.35078947 0.43660632 0.5351732  0.48946924 0.33726185 0.51438021  0.51873949 0.41901205 0.59723163 0.55211378
0.40001768 0.76414223 0.16338937 0.58138202 0.32186293 0.58001998  0.30692577 0.46234383 0.54801552 0.50007064 0.28590104 0.51707457  0.5749602  0.39699163 0.5198082  0.55751657
0.45171259 0.74943633 0.19880644 0.55442583 0.25323861 0.69327728  0.23376065 0.49316332 0.50532288 0.51785787 0.20549416 0.518844  0.63484374 0.35776081 0.37158909 0.50228927
0.49125195 0.76531513 0.2641824  0.59100901 0.18954313 0.70556944  0.24485471 0.43653636 0.48811153 0.50558898 0.33124172 0.55236669  0.68871069 0.45043648 0.2874641  0.45965581
0.52078957 0.75046425 0.28341527 0.58598532 0.18215811 0.67418727  0.31643984 0.39968664 0.38643725 0.52305897 0.34313255 0.58127384  0.74482033 0.48387678 0.32318028 0.39119603
0.52078957 0.75046425 0.28341527 0.58598532 0.18215811 0.67418727  0.31643984 0.39968664 0.38643725 0.52305897 0.34313255 0.58127384  0.74482033 0.48387678 0.32318028 0.39119603
0.54740868 0.73904148 0.31206958 0.56757958 0.17306678 0.63981103  0.40201107 0.39098622 0.38352123 0.50338375 0.36998451 0.58454404  0.83819197 0.4912586  0.42863339 0.37100786
0.63912624 0.67540751 0.40104796 0.51599015 0.12531124 0.51260652  0.48365825 0.49282035 0.37275429 0.4827618  0.36429072 0.58321136  0.68273067 0.38064886 0.65963117 0.37859434
0.69073016 0.65581663 0.46581775 0.51642711 0.07590279 0.46723189  0.51655552 0.51038374 0.2659614  0.52280186 0.39603396 0.56717527  0.43780911 0.35132768 0.64388912 0.29986777
0.75081386 0.63263307 0.4925384  0.40797305 0.06634032 0.47008785  0.66053156 0.62369438 0.30790019 0.47866976 0.45333884 0.49348698  0.57581296 0.34449491 0.66152264 0.32631093
0.76653264 0.60731542 0.49939064 0.38163255 0.06044418 0.45605005  0.63811116 0.69632594 0.30472433 0.49562572 0.4398068  0.503138  0.52073922 0.32230658 0.68224479 0.33838714
0.76653264 0.60731542 0.49939064 0.38163255 0.06044418 0.45605005  0.63811116 0.69632594 0.30472433 0.49562572 0.4398068  0.503138  0.52073922 0.32230658 0.68224479 0.33838714
0.79203769 0.53900519 0.48048369 0.38229484 0.09845792 0.42527788  0.57755738 0.56529063 0.35898285 0.47595089 0.41959403 0.49640076  0.53858987 0.25137098 0.61909617 0.27470447
0.79901701 0.49161367 0.43656219 0.38476279 0.1209148  0.4253457  0.52935723 0.49858412 0.3776482  0.49518695 0.42492323 0.53837698  0.59007551 0.2019918  0.6060626  0.22014746
0.81871447 0.41932879 0.38664848 0.35595991 0.15302363 0.39696058  0.47066664 0.44076673 0.42207589 0.53683943 0.42730423 0.55024754  0.57181296 0.24747576 0.53034905 0.18076862
0.82681936 0.34122362 0.27687556 0.2709314  0.2154311  0.40266845  0.37326685 0.40389832 0.40948928 0.49880042 0.41263361 0.61349707  0.6152551  0.37890624 0.56730868 0.10200643
0.84076245 0.30781432 0.27386513 0.25874436 0.22235924 0.3665385  0.34199105 0.41757793 0.44473031 0.47545702 0.46199757 0.6083953  0.57421182 0.38384149 0.50145106 0.0993139 
0.8464564  0.28433689 0.26762927 0.30373325 0.25208509 0.40622427  0.35934062 0.42919791 0.42798359 0.4597601  0.4331518  0.57305492  0.58085202 0.38859821 0.56644981 0.08398216
0.86182899 0.22437489 0.25419    0.39177499 0.30402354 0.46993103  0.34557214 0.42340162 0.33547124 0.44843496 0.44729129 0.46318184  0.61068837 0.34400351 0.66131151 0.1311524 
0.8848572  0.13790127 0.2524978  0.55499749 0.35993733 0.53370031  0.41602626 0.47816316 0.31834293 0.48202407 0.50007341 0.4511984  0.59537734 0.42880975 0.64619785 0.2117628 
0.90988216 0.04066192 0.2610102  0.78878658 0.44774228 0.61744254  0.61948767 0.58308902 0.50383228 0.48198823 0.44168593 0.56205379  0.54092742 0.45678694 0.4633821  0.27244337
0.91087027 0.03612857 0.26013539 0.80341423 0.45704149 0.62974986  0.63840362 0.59871907 0.52506284 0.46601886 0.41242196 0.5863958  0.50912559 0.49362785 0.4295969  0.23472852
0.91253226 0.02836863 0.26061496 0.82948868 0.46680067 0.64439411  0.66896239 0.6195614  0.55547157 0.44480768 0.38652605 0.62358363  0.47860741 0.53009133 0.385213   0.20801873
0.90970581 0.03890191 0.25626902 0.79975746 0.4665275  0.64931806  0.63648193 0.61752023 0.51518193 0.42583038 0.35996737 0.59877295  0.43205842 0.60722676 0.38350684 0.14611581
0.90562961 0.04942775 0.24616237 0.77244097 0.46356727 0.6687823  0.59022763 0.61435744 0.43419621 0.38502929 0.34855652 0.57996715  0.40931752 0.68111826 0.41236757 0.07488517
0.89661008 0.04911457 0.2104478  0.74765602 0.48295581 0.68996382  0.56357868 0.63049993 0.42368454 0.39335073 0.33827855 0.57020959  0.3628644  0.71247772 0.36687897 0.09004719
0.888235   0.07447409 0.2033465  0.71050793 0.49418438 0.71464719  0.55006217 0.62656272 0.41847    0.33893716 0.23981558 0.53881786  0.35011146 0.69586048 0.40566832 0.00778298
0.888235   0.07447409 0.2033465  0.71050793 0.49418438 0.71464719  0.55006217 0.62656272 0.41847    0.33893716 0.23981558 0.53881786  0.35011146 0.69586048 0.40566832 0.00778298
0.852984   0.10816445 0.1126403  0.62936485 0.57479785 0.77567062  0.54252042 0.63097453 0.53588428 0.21529026 0.11520411 0.45481304  0.30001483 0.59248151 0.36504509 0.14791903
0.84088809 0.11617743 0.08029416 0.59939904 0.5982036  0.78025467  0.5490009  0.64609254 0.58580556 0.21080028 0.09100128 0.43748326  0.23670287 0.57125895 0.36100531 0.22683822
0.83643703 0.13694045 0.08064449 0.53395195 0.57100835 0.73928624  0.47784901 0.59203682 0.52260403 0.25642369 0.15519149 0.35339812  0.30269575 0.49064291 0.4501745  0.30714628
0.80984251 0.20752949 0.08092398 0.46712326 0.52849641 0.68924466  0.45155386 0.47309743 0.51997432 0.28214337 0.21576741 0.3302044  0.40498336 0.46848089 0.46573697 0.35038062
0.76068479 0.36837016 0.1002689  0.29208152 0.40983824 0.63753794  0.438015   0.40983135 0.46976134 0.35417494 0.1559663  0.40950452  0.55607168 0.36424922 0.71289355 0.33998362
0.72687635 0.45666698 0.09462454 0.14911403 0.35280537 0.51014833  0.45020087 0.37116796 0.59512255 0.3703509  0.24667906 0.5122546  0.53643772 0.37753342 0.60648289 0.41948234
0.64971302 0.57587981 0.07761084 0.23441226 0.37271601 0.5358763  0.56639923 0.29747156 0.55457606 0.40897532 0.31100501 0.51757306  0.55144869 0.4257725  0.7085007  0.45341287
0.57248425 0.70562052 0.0860586  0.35654495 0.35722052 0.60074478  0.6185933  0.25935509 0.46526439 0.45977916 0.35966522 0.50149952  0.54775429 0.43087884 0.57591658 0.44883771
0.51122529 0.79950986 0.09455724 0.43195576 0.3493868  0.5994669  0.66683861 0.34610602 0.416032   0.46732754 0.53386627 0.462384  0.40329739 0.37544479 0.47961754 0.45658068
0.51122529 0.79950986 0.09455724 0.43195576 0.3493868  0.5994669  0.66683861 0.34610602 0.416032   0.46732754 0.53386627 0.462384  0.40329739 0.37544479 0.47961754 0.45658068
0.51122529 0.79950986 0.09455724 0.43195576 0.3493868  0.5994669  0.66683861 0.34610602 0.416032   0.46732754 0.53386627 0.462384  0.40329739 0.37544479 0.47961754 0.45658068
0.51122529 0.79950986 0.09455724 0.43195576 0.3493868  0.5994669  0.66683861 0.34610602 0.416032   0.46732754 0.53386627 0.462384  0.40329739 0.37544479 0.47961754 0.45658068
0.51122529 0.79950986 0.09455724 0.43195576 0.3493868  0.5994669  0.66683861 0.34610602 0.416032   0.46732754 0.53386627 0.462384  0.40329739 0.37544479 0.47961754 0.45658068
0.51122529 0.79950986 0.09455724 0.43195576 0.3493868  0.5994669  0.66683861 0.34610602 0.416032   0.46732754 0.53386627 0.462384  0.40329739 0.37544479 0.47961754 0.45658068
0.51122529 0.79950986 0.09455724 0.43195576 0.3493868  0.5994669  0.66683861 0.34610602 0.416032   0.46732754 0.53386627 0.462384  0.40329739 0.37544479 0.47961754 0.45658068
0.51122529 0.79950986 0.09455724 0.43195576 0.3493868  0.5994669  0.66683861 0.34610602 0.416032   0.46732754 0.53386627 0.462384  0.40329739 0.37544479 0.47961754 0.45658068
0.54585538 0.76698681 0.08965354 0.34547207 0.35390861 0.59149901  0.72032369 0.43166193 0.43851868 0.41619343 0.58055577 0.44022078  0.54140279 0.43690875 0.55830019 0.48269548
0.57563336 0.72368349 0.09183163 0.33170187 0.34717967 0.62613241  0.66006914 0.3735778  0.43411517 0.42038963 0.45554042 0.4545822  0.61057915 0.38698321 0.52549895 0.45395345
0.59301845 0.70780633 0.09429021 0.29041234 0.34170602 0.63140797  0.67159915 0.43969402 0.43700934 0.39806424 0.46312121 0.4418393  0.67729015 0.40271229 0.53420748 0.4719446 
0.59301845 0.70780633 0.09429021 0.29041234 0.34170602 0.63140797  0.67159915 0.43969402 0.43700934 0.39806424 0.46312121 0.4418393  0.67729015 0.40271229 0.53420748 0.4719446 
0.60906821 0.68171123 0.09545378 0.25732893 0.34208207 0.612219  0.65789355 0.49622295 0.46022523 0.37986158 0.46993571 0.44388018  0.65913326 0.37978048 0.59554179 0.48422471
0.60906821 0.68171123 0.09545378 0.25732893 0.34208207 0.612219  0.65789355 0.49622295 0.46022523 0.37986158 0.46993571 0.44388018  0.65913326 0.37978048 0.59554179 0.48422471
0.55828445 0.73402099 0.07802707 0.34881264 0.37339988 0.5862079  0.69493896 0.34729063 0.45445991 0.41854678 0.53761704 0.44734595  0.56463949 0.40308702 0.56926567 0.45428452
0.54585538 0.76698681 0.08965354 0.34547207 0.35390861 0.59149901  0.72032369 0.43166193 0.43851868 0.41619343 0.58055577 0.44022078  0.54140279 0.43690875 0.55830019 0.48269548
0.41768418 0.75883525 0.09664555 0.50675073 0.44467377 0.31657728  0.66020944 0.40902561 0.30891136 0.43355535 0.45975577 0.46956131  0.31039157 0.43266513 0.61589982 0.3665363 
0.25202684 0.67434936 0.16960942 0.61702511 0.45533956 0.19576513  0.43953367 0.52049908 0.31032409 0.39343403 0.24945222 0.48544795  0.53090789 0.38229279 0.4287716  0.4620085 
0.14415433 0.56490821 0.24559589 0.56789726 0.41104247 0.29374426  0.39247146 0.55106642 0.39007627 0.35163685 0.30717861 0.44919658  0.6684903  0.35505561 0.27805568 0.47332308
0.07189415 0.46279547 0.29889183 0.48348342 0.3787956  0.38974659  0.44250621 0.50758197 0.4152355  0.369593   0.35893784 0.44762476  0.59402225 0.3724275  0.34508565 0.45632928
0.01779563 0.38669558 0.33863985 0.42004769 0.35385851 0.46460162  0.48109267 0.47190843 0.43452283 0.38595027 0.3992976  0.44733029  0.52908455 0.38078184 0.39373238 0.44873962
0.00039479 0.36283831 0.35232302 0.39930133 0.34523319 0.50234819  0.48417291 0.45702496 0.47508945 0.39693445 0.45000532 0.44589633  0.47476172 0.42761975 0.50206904 0.41641874
0.00039479 0.36283831 0.35232302 0.39930133 0.34523319 0.50234819  0.48417291 0.45702496 0.47508945 0.39693445 0.45000532 0.44589633  0.47476172 0.42761975 0.50206904 0.41641874
0.00039479 0.36283831 0.35232302 0.39930133 0.34523319 0.50234819  0.48417291 0.45702496 0.47508945 0.39693445 0.45000532 0.44589633  0.47476172 0.42761975 0.50206904 0.41641874
0.00039479 0.36283831 0.35232302 0.39930133 0.34523319 0.50234819  0.48417291 0.45702496 0.47508945 0.39693445 0.45000532 0.44589633  0.47476172 0.42761975 0.50206904 0.41641874
0.00039479 0.36283831 0.35232302 0.39930133 0.34523319 0.50234819  0.48417291 0.45702496 0.47508945 0.39693445 0.45000532 0.44589633  0.47476172 0.42761975 0.50206904 0.41641874
0.00039479 0.36283831 0.35232302 0.39930133 0.34523319 0.50234819  0.48417291 0.45702496 0.47508945 0.39693445 0.45000532 0.44589633  0.47476172 0.42761975 0.50206904 0.41641874
0.00039479 0.36283831 0.35232302 0.39930133 0.34523319 0.50234819  0.48417291 0.45702496 0.47508945 0.39693445 0.45000532 0.44589633  0.47476172 0.42761975 0.50206904 0.41641874
0.00039479 0.36283831 0.35232302 0.39930133 0.34523319 0.50234819  0.48417291 0.45702496 0.47508945 0.39693445 0.45000532 0.44589633  0.47476172 0.42761975 0.50206904 0.41641874
0.00039479 0.36283831 0.35232302 0.39930133 0.34523319 0.50234819  0.48417291 0.45702496 0.47508945 0.39693445 0.45000532 0.44589633  0.47476172 0.42761975 0.50206904 0.41641874
0.03601004 0.41506083 0.32645484 0.44549117 0.36116345 0.46602551  0.43538259 0.48464203 0.51258088 0.40147377 0.44846424 0.45110959  0.48758288 0.47735633 0.604342   0.42715797
0.08929007 0.49596024 0.28463943 0.52333586 0.39273086 0.37450087  0.36867884 0.53837944 0.51416758 0.39179685 0.38466226 0.458346  0.58859171 0.5034251  0.61911333 0.47068006
0.3281981  0.76921667 0.158519   0.66485144 0.379308   0.45117376  0.26362693 0.47738933 0.62864801 0.46068014 0.44002035 0.48014959  0.46375778 0.46564178 0.64637562 0.45694399
0.40343091 0.8007634  0.15511196 0.5957954  0.3058326  0.66343265  0.28722977 0.45309638 0.70901758 0.45371406 0.550006   0.45055164  0.55642592 0.41144441 0.48545025 0.49774096
0.42063502 0.79794218 0.1411603  0.57223517 0.31991006 0.63313246  0.36071149 0.41287205 0.62432228 0.48610982 0.47620885 0.48213681  0.52388128 0.3882245  0.49684716 0.54053576
0.40343091 0.8007634  0.15511196 0.5957954  0.3058326  0.66343265  0.28722977 0.45309638 0.70901758 0.45371406 0.550006   0.45055164  0.55642592 0.41144441 0.48545025 0.49774096
0.40343091 0.8007634  0.15511196 0.5957954  0.3058326  0.66343265  0.28722977 0.45309638 0.70901758 0.45371406 0.550006   0.45055164  0.55642592 0.41144441 0.48545025 0.49774096
0.40343091 0.8007634  0.15511196 0.5957954  0.3058326  0.66343265  0.28722977 0.45309638 0.70901758 0.45371406 0.550006   0.45055164  0.55642592 0.41144441 0.48545025 0.49774096
0.40343091 0.8007634  0.15511196 0.5957954  0.3058326  0.66343265  0.28722977 0.45309638 0.70901758 0.45371406 0.550006   0.45055164  0.55642592 0.41144441 0.48545025 0.49774096
0.40343091 0.8007634  0.15511196 0.5957954  0.3058326  0.66343265  0.28722977 0.45309638 0.70901758 0.45371406 0.550006   0.45055164  0.55642592 0.41144441 0.48545025 0.49774096
0.38603007 0.77690614 0.16879512 0.57504903 0.29720728 0.70117922  0.29031001 0.43821292 0.7495842  0.46469823 0.60071372 0.44911768  0.50210309 0.45828232 0.59378691 0.46542009
0.38603007 0.77690614 0.16879512 0.57504903 0.29720728 0.70117922  0.29031001 0.43821292 0.7495842  0.46469823 0.60071372 0.44911768  0.50210309 0.45828232 0.59378691 0.46542009
0.4033183  0.76748066 0.18310808 0.55857272 0.27083961 0.74293986  0.25388889 0.4675075  0.72913301 0.47110056 0.52250613 0.45844853  0.54414472 0.44497605 0.53966138 0.47082946
0.4033183  0.76748066 0.18310808 0.55857272 0.27083961 0.74293986  0.25388889 0.4675075  0.72913301 0.47110056 0.52250613 0.45844853  0.54414472 0.44497605 0.53966138 0.47082946
0.45065841 0.80394197 0.4716765  0.50166666 0.3306082  0.68506537  0.37137521 0.48806465 1.00065896 0.76818221 0.299053   0.12363958  0.50706206 0.55338182 0.3937809  0.42520326
0.45774893 0.76905334 0.54623827 0.50012618 0.2716039  0.72644049  0.34929521 0.45066005 0.94560771 0.76248205 0.30606115 0.13917062  0.49266511 0.5845267  0.31087759 0.34854797
0.49063927 0.74066779 0.63816882 0.57928008 0.20195387 0.65968589  0.3833277  0.44453659 0.87389773 0.85743993 0.39988237 0.19866823  0.54289249 0.6018192  0.42197137 0.22849847
0.52849728 0.73025395 0.64146707 0.60140776 0.20774376 0.59614355  0.40014919 0.53142539 0.92684264 0.90816611 0.36806352 0.22851781  0.54196846 0.47663106 0.34741834 0.32757423
0.544786   0.72592539 0.65772179 0.53229028 0.31068833 0.64344431  0.36684437 0.60636652 0.89832376 0.92399051 0.41099752 0.26093922  0.64521352 0.48343831 0.35592267 0.28217054
0.56721871 0.7206155  0.72318125 0.50713368 0.35058986 0.62361378  0.33884554 0.63963891 0.88259265 0.95227341 0.37039586 0.2372733  0.51445458 0.44371332 0.36720675 0.25937663
0.56721871 0.7206155  0.72318125 0.50713368 0.35058986 0.62361378  0.33884554 0.63963891 0.88259265 0.95227341 0.37039586 0.2372733  0.51445458 0.44371332 0.36720675 0.25937663
0.67564176 0.69313311 0.73474906 0.42966376 0.35848073 0.49438639  0.33754336 0.85094842 0.89002246 0.81725844 0.31609222 0.2227627  0.65693319 0.34627538 0.4897195  0.3773517 
0.69348623 0.68097741 0.72864384 0.38827124 0.36998513 0.47989359  0.40157273 0.86033984 0.88672875 0.80982242 0.32995593 0.21678701  0.70148394 0.37949531 0.54218767 0.37785672
0.7104231  0.67291807 0.70485983 0.37251303 0.30498559 0.48321776  0.47047031 0.85706954 0.86775    0.76279588 0.36083669 0.18007203  0.68530499 0.37974963 0.525531   0.37006988
0.7228723  0.64207721 0.64348703 0.36963554 0.21827146 0.43214302  0.57417415 0.83679372 0.83065285 0.75812502 0.34649916 0.19335715  0.67364585 0.3808792  0.57162128 0.42846689
0.75459402 0.62809805 0.58738129 0.34748753 0.24629178 0.4184156  0.73261844 0.81234306 0.73849074 0.85204462 0.32713436 0.25433373  0.57841921 0.31378258 0.48113354 0.45214512
0.75253653 0.62041404 0.5703837  0.36205487 0.20320013 0.41880172  0.72926242 0.80962945 0.71825284 0.8025015  0.34066614 0.28909055  0.55256854 0.29426636 0.51498253 0.48228628
0.7634102  0.60549078 0.50334859 0.38049248 0.14105009 0.41475638  0.76394757 0.76565168 0.58212404 0.71349572 0.37673475 0.41479977  0.4570676  0.21547783 0.54563577 0.52087105
0.75272313 0.57998943 0.43711494 0.38763346 0.12878479 0.43478998  0.73744709 0.78020737 0.54505423 0.74933829 0.43951755 0.50340728  0.52542999 0.20978916 0.54759105 0.50528623
0.74119715 0.57046049 0.38509093 0.37837525 0.14292239 0.46566822  0.71924969 0.79764423 0.51146127 0.71878883 0.44038002 0.53429198  0.50499967 0.14668557 0.60182448 0.46979507
0.74055271 0.5447878  0.35647767 0.3907384  0.15108235 0.46216637  0.70611726 0.81772393 0.50616414 0.78152383 0.52856501 0.55592615  0.47129949 0.19466227 0.51754653 0.56722131
0.74677025 0.50518513 0.31337878 0.38343001 0.19237297 0.48120564  0.65616282 0.73602146 0.47911114 0.77629196 0.50335329 0.59074927  0.54267424 0.15162606 0.54347365 0.49082608
0.76051837 0.43767338 0.25655074 0.34891007 0.23227988 0.44783724  0.57185652 0.7076679  0.54690016 0.64596006 0.55085291 0.57502734  0.43648043 0.06260665 0.46306693 0.49167187
0.78842341 0.37261685 0.24143338 0.3237262  0.25854399 0.41072702  0.52848573 0.58390956 0.61717778 0.63529429 0.48415987 0.59924513  0.47043776 0.11180655 0.47198537 0.46986077
0.82185583 0.30105413 0.21594505 0.25026959 0.30381765 0.36225405  0.44918021 0.47929961 0.71348631 0.53992222 0.3859433  0.57750921  0.4547106  0.15715795 0.45744773 0.36630503
0.82185583 0.30105413 0.21594505 0.25026959 0.30381765 0.36225405  0.44918021 0.47929961 0.71348631 0.53992222 0.3859433  0.57750921  0.4547106  0.15715795 0.45744773 0.36630503
0.82185583 0.30105413 0.21594505 0.25026959 0.30381765 0.36225405  0.44918021 0.47929961 0.71348631 0.53992222 0.3859433  0.57750921  0.4547106  0.15715795 0.45744773 0.36630503
0.82126856 0.27413656 0.17903074 0.28505178 0.33281056 0.42869527  0.42506534 0.48712575 0.63189042 0.49517464 0.38082967 0.56493869  0.47347258 0.21853648 0.49512526 0.32942243
0.82126856 0.27413656 0.17903074 0.28505178 0.33281056 0.42869527  0.42506534 0.48712575 0.63189042 0.49517464 0.38082967 0.56493869  0.47347258 0.21853648 0.49512526 0.32942243
0.82126856 0.27413656 0.17903074 0.28505178 0.33281056 0.42869527  0.42506534 0.48712575 0.63189042 0.49517464 0.38082967 0.56493869  0.47347258 0.21853648 0.49512526 0.32942243
0.82902976 0.24403214 0.17170391 0.32849683 0.35956908 0.46274115  0.41815195 0.48137915 0.58830934 0.48933014 0.38083669 0.50905794  0.49043872 0.19617216 0.55105714 0.34946193
0.82902976 0.24403214 0.17170391 0.32849683 0.35956908 0.46274115  0.41815195 0.48137915 0.58830934 0.48933014 0.38083669 0.50905794  0.49043872 0.19617216 0.55105714 0.34946193
0.82902976 0.24403214 0.17170391 0.32849683 0.35956908 0.46274115  0.41815195 0.48137915 0.58830934 0.48933014 0.38083669 0.50905794  0.49043872 0.19617216 0.55105714 0.34946193
0.83664116 0.21417456 0.16559147 0.37309352 0.38474901 0.49240203  0.41129686 0.48132947 0.53937807 0.4838495  0.39496916 0.45506561  0.50330894 0.17394178 0.58998696 0.37659268
0.82108484 0.24118638 0.13409215 0.31146237 0.40996644 0.51247919  0.37731848 0.46646715 0.5383813  0.42303543 0.33795124 0.39159867  0.4935436  0.18577183 0.60227882 0.36807265
0.81700864 0.25171222 0.1239855  0.28414587 0.40700621 0.53194343  0.33106418 0.46330436 0.45739559 0.38223435 0.32654039 0.37279287  0.47080269 0.25966333 0.63113955 0.29684201
0.80939725 0.28156981 0.13009794 0.23954918 0.38182628 0.50228255  0.33791927 0.46335404 0.50632685 0.38771498 0.31240792 0.42678521  0.45793247 0.2818937  0.59220972 0.26971127
0.79008996 0.32572705 0.10886236 0.16783942 0.37549285 0.49301327  0.33163041 0.46487022 0.58480748 0.33994465 0.27405953 0.46196276  0.42099031 0.29535614 0.47629821 0.31819943
0.76374099 0.39450687 0.11838099 0.17558348 0.35256158 0.55272244  0.40036062 0.46570794 0.52464132 0.39035028 0.16199832 0.49161536  0.48208069 0.35234049 0.6361804  0.34794754
0.67043346 0.5284607  0.05985606 0.25575602 0.42457631 0.57243524  0.58900618 0.2677791  0.58208563 0.34148468 0.32960103 0.44821434  0.71159601 0.47090059 0.65562404 0.41877254
0.50507636 0.76598139 0.08815617 0.46912484 0.37164077 0.57834932  0.58425103 0.26291536 0.45664075 0.4911627  0.44582468 0.49008655  0.42319559 0.33794482 0.51884076 0.45334669
0.38003841 0.74538168 0.10725857 0.5541103  0.45896411 0.26102659  0.58224936 0.42820844 0.31946704 0.46362047 0.35815632 0.50440996  0.31338242 0.44075296 0.69013294 0.41221737
0.28789067 0.69236764 0.14426571 0.59969813 0.47560329 0.16314422  0.50045994 0.50453736 0.28645284 0.40603301 0.26796056 0.49228663  0.49882729 0.42289847 0.51481512 0.44564443
0.21512321 0.63989783 0.19380387 0.61292924 0.44463089 0.22415311  0.37757584 0.55822676 0.41113131 0.38706164 0.28169464 0.47744909  0.64226971 0.45871298 0.52152952 0.48947342
0.10796059 0.51673559 0.2712544  0.53299397 0.39593445 0.34067744  0.3987742  0.53875905 0.42959449 0.36430121 0.34178853 0.44834287  0.63311634 0.38803181 0.35896628 0.46784333
0.03570449 0.41256652 0.32481348 0.44346236 0.36297546 0.43289222  0.46698566 0.4880752  0.41982002 0.37795658 0.37170853 0.44831936  0.5704997  0.36843359 0.35263673 0.4613214 
0.01830365 0.38870926 0.33849665 0.42271599 0.35435014 0.47063879  0.4700659  0.47319173 0.46038664 0.38894076 0.42241625 0.4468854  0.51617687 0.4152715  0.46097338 0.42900053
0.01830365 0.38870926 0.33849665 0.42271599 0.35435014 0.47063879  0.4700659  0.47319173 0.46038664 0.38894076 0.42241625 0.4468854  0.51617687 0.4152715  0.46097338 0.42900053
0.01830365 0.38870926 0.33849665 0.42271599 0.35435014 0.47063879  0.4700659  0.47319173 0.46038664 0.38894076 0.42241625 0.4468854  0.51617687 0.4152715  0.46097338 0.42900053
0.01830365 0.38870926 0.33849665 0.42271599 0.35435014 0.47063879  0.4700659  0.47319173 0.46038664 0.38894076 0.42241625 0.4468854  0.51617687 0.4152715  0.46097338 0.42900053
0.01830365 0.38870926 0.33849665 0.42271599 0.35435014 0.47063879  0.4700659  0.47319173 0.46038664 0.38894076 0.42241625 0.4468854  0.51617687 0.4152715  0.46097338 0.42900053
0.01830365 0.38870926 0.33849665 0.42271599 0.35435014 0.47063879  0.4700659  0.47319173 0.46038664 0.38894076 0.42241625 0.4468854  0.51617687 0.4152715  0.46097338 0.42900053
0.00039479 0.36283831 0.35232302 0.39930133 0.34523319 0.50234819  0.48417291 0.45702496 0.47508945 0.39693445 0.45000532 0.44589633  0.47476172 0.42761975 0.50206904 0.41641874
0.00039479 0.36283831 0.35232302 0.39930133 0.34523319 0.50234819  0.48417291 0.45702496 0.47508945 0.39693445 0.45000532 0.44589633  0.47476172 0.42761975 0.50206904 0.41641874
0.00039479 0.36283831 0.35232302 0.39930133 0.34523319 0.50234819  0.48417291 0.45702496 0.47508945 0.39693445 0.45000532 0.44589633  0.47476172 0.42761975 0.50206904 0.41641874
0.00039479 0.36283831 0.35232302 0.39930133 0.34523319 0.50234819  0.48417291 0.45702496 0.47508945 0.39693445 0.45000532 0.44589633  0.47476172 0.42761975 0.50206904 0.41641874
0.01877751 0.38616237 0.34024961 0.41452329 0.35026547 0.48875947  0.47765612 0.4623593  0.47676406 0.38966489 0.46128205 0.44156549  0.47317508 0.43487647 0.50402464 0.39108964
0.00039479 0.36283831 0.35232302 0.39930133 0.34523319 0.50234819  0.48417291 0.45702496 0.47508945 0.39693445 0.45000532 0.44589633  0.47476172 0.42761975 0.50206904 0.41641874
0.00039479 0.36283831 0.35232302 0.39930133 0.34523319 0.50234819  0.48417291 0.45702496 0.47508945 0.39693445 0.45000532 0.44589633  0.47476172 0.42761975 0.50206904 0.41641874
0.00039479 0.36283831 0.35232302 0.39930133 0.34523319 0.50234819  0.48417291 0.45702496 0.47508945 0.39693445 0.45000532 0.44589633  0.47476172 0.42761975 0.50206904 0.41641874
0.00039479 0.36283831 0.35232302 0.39930133 0.34523319 0.50234819  0.48417291 0.45702496 0.47508945 0.39693445 0.45000532 0.44589633  0.47476172 0.42761975 0.50206904 0.41641874
0.00039479 0.36283831 0.35232302 0.39930133 0.34523319 0.50234819  0.48417291 0.45702496 0.47508945 0.39693445 0.45000532 0.44589633  0.47476172 0.42761975 0.50206904 0.41641874
0.00039479 0.36283831 0.35232302 0.39930133 0.34523319 0.50234819  0.48417291 0.45702496 0.47508945 0.39693445 0.45000532 0.44589633  0.47476172 0.42761975 0.50206904 0.41641874
0.00039479 0.36283831 0.35232302 0.39930133 0.34523319 0.50234819  0.48417291 0.45702496 0.47508945 0.39693445 0.45000532 0.44589633  0.47476172 0.42761975 0.50206904 0.41641874
0.00039479 0.36283831 0.35232302 0.39930133 0.34523319 0.50234819  0.48417291 0.45702496 0.47508945 0.39693445 0.45000532 0.44589633  0.47476172 0.42761975 0.50206904 0.41641874
0.00039479 0.36283831 0.35232302 0.39930133 0.34523319 0.50234819  0.48417291 0.45702496 0.47508945 0.39693445 0.45000532 0.44589633  0.47476172 0.42761975 0.50206904 0.41641874
0.00039479 0.36283831 0.35232302 0.39930133 0.34523319 0.50234819  0.48417291 0.45702496 0.47508945 0.39693445 0.45000532 0.44589633  0.47476172 0.42761975 0.50206904 0.41641874
