0.00039479 0.36283831 0.35232302 0.39930133 0.34523319 0.50234819  0.48417291 0.45702496 0.47508945 0.39693445 0.45000532 0.44589633  0.47476172 0.42761975 0.50206904 0.41641874
0.00039479 0.36283831 0.35232302 0.39930133 0.34523319 0.50234819  0.48417291 0.45702496 0.47508945 0.39693445 0.45000532 0.44589633  0.47476172 0.42761975 0.50206904 0.41641874
0.00039479 0.36283831 0.35232302 0.39930133 0.34523319 0.50234819  0.48417291 0.45702496 0.47508945 0.39693445 0.45000532 0.44589633  0.47476172 0.42761975 0.50206904 0.41641874
0.00039479 0.36283831 0.35232302 0.39930133 0.34523319 0.50234819  0.48417291 0.45702496 0.47508945 0.39693445 0.45000532 0.44589633  0.47476172 0.42761975 0.50206904 0.41641874
0.00039479 0.36283831 0.35232302 0.39930133 0.34523319 0.50234819  0.48417291 0.45702496 0.47508945 0.39693445 0.45000532 0.44589633  0.47476172 0.42761975 0.50206904 0.41641874
0.00039479 0.36283831 0.35232302 0.39930133 0.34523319 0.50234819  0.48417291 0.45702496 0.47508945 0.39693445 0.45000532 0.44589633  0.47476172 0.42761975 0.50206904 0.41641874
0.00039479 0.36283831 0.35232302 0.39930133 0.34523319 0.50234819  0.48417291 0.45702496 0.47508945 0.39693445 0.45000532 0.44589633  0.47476172 0.42761975 0.50206904 0.41641874
0.00039479 0.36283831 0.35232302 0.39930133 0.34523319 0.50234819  0.48417291 0.45702496 0.47508945 0.39693445 0.45000532 0.44589633  0.47476172 0.42761975 0.50206904 0.41641874
0.00039479 0.36283831 0.35232302 0.39930133 0.34523319 0.50234819  0.48417291 0.45702496 0.47508945 0.39693445 0.45000532 0.44589633  0.47476172 0.42761975 0.50206904 0.41641874
0.00039479 0.36283831 0.35232302 0.39930133 0.34523319 0.50234819  0.48417291 0.45702496 0.47508945 0.39693445 0.45000532 0.44589633  0.47476172 0.42761975 0.50206904 0.41641874
0.00039479 0.36283831 0.35232302 0.39930133 0.34523319 0.50234819  0.48417291 0.45702496 0.47508945 0.39693445 0.45000532 0.44589633  0.47476172 0.42761975 0.50206904 0.41641874
0.00039479 0.36283831 0.35232302 0.39930133 0.34523319 0.50234819  0.48417291 0.45702496 0.47508945 0.39693445 0.45000532 0.44589633  0.47476172 0.42761975 0.50206904 0.41641874
0.00039479 0.36283831 0.35232302 0.39930133 0.34523319 0.50234819  0.48417291 0.45702496 0.47508945 0.39693445 0.45000532 0.44589633  0.47476172 0.42761975 0.50206904 0.41641874
0.00039479 0.36283831 0.35232302 0.39930133 0.34523319 0.50234819  0.48417291 0.45702496 0.47508945 0.39693445 0.45000532 0.44589633  0.47476172 0.42761975 0.50206904 0.41641874
0.00039479 0.36283831 0.35232302 0.39930133 0.34523319 0.50234819  0.48417291 0.45702496 0.47508945 0.39693445 0.45000532 0.44589633  0.47476172 0.42761975 0.50206904 0.41641874
0.00039479 0.36283831 0.35232302 0.39930133 0.34523319 0.50234819  0.48417291 0.45702496 0.47508945 0.39693445 0.45000532 0.44589633  0.47476172 0.42761975 0.50206904 0.41641874
0.00039479 0.36283831 0.35232302 0.39930133 0.34523319 0.50234819  0.48417291 0.45702496 0.47508945 0.39693445 0.45000532 0.44589633  0.47476172 0.42761975 0.50206904 0.41641874
0.00039479 0.36283831 0.35232302 0.39930133 0.34523319 0.50234819  0.48417291 0.45702496 0.47508945 0.39693445 0.45000532 0.44589633  0.47476172 0.42761975 0.50206904 0.41641874
0.00039479 0.36283831 0.35232302 0.39930133 0.34523319 0.50234819  0.48417291 0.45702496 0.47508945 0.39693445 0.45000532 0.44589633  0.47476172 0.42761975 0.50206904 0.41641874
0.00039479 0.36283831 0.35232302 0.39930133 0.34523319 0.50234819  0.48417291 0.45702496 0.47508945 0.39693445 0.45000532 0.44589633  0.47476172 0.42761975 0.50206904 0.41641874
0.00039479 0.36283831 0.35232302 0.39930133 0.34523319 0.50234819  0.48417291 0.45702496 0.47508945 0.39693445 0.45000532 0.44589633  0.47476172 0.42761975 0.50206904 0.41641874
0.00039479 0.36283831 0.35232302 0.39930133 0.34523319 0.50234819  0.48417291 0.45702496 0.47508945 0.39693445 0.45000532 0.44589633  0.47476172 0.42761975 0.50206904 0.41641874
0.00039479 0.36283831 0.35232302 0.39930133 0.34523319 0.50234819  0.48417291 0.45702496 0.47508945 0.39693445 0.45000532 0.44589633  0.47476172 0.42761975 0.50206904 0.41641874
0.00039479 0.36283831 0.35232302 0.39930133 0.34523319 0.50234819  0.48417291 0.45702496 0.47508945 0.39693445 0.45000532 0.44589633  0.47476172 0.42761975 0.50206904 0.41641874
0.00039479 0.36283831 0.35232302 0.39930133 0.34523319 0.50234819  0.48417291 0.45702496 0.47508945 0.39693445 0.45000532 0.44589633  0.47476172 0.42761975 0.50206904 0.41641874
0.00039479 0.36283831 0.35232302 0.39930133 0.34523319 0.50234819  0.48417291 0.45702496 0.47508945 0.39693445 0.45000532 0.44589633  0.47476172 0.42761975 0.50206904 0.41641874
0.00039479 0.36283831 0.35232302 0.39930133 0.34523319 0.50234819  0.48417291 0.45702496 0.47508945 0.39693445 0.45000532 0.44589633  0.47476172 0.42761975 0.50206904 0.41641874
0.00039479 0.36283831 0.35232302 0.39930133 0.34523319 0.50234819  0.48417291 0.45702496 0.47508945 0.39693445 0.45000532 0.44589633  0.47476172 0.42761975 0.50206904 0.41641874
0.00039479 0.36283831 0.35232302 0.39930133 0.34523319 0.50234819  0.48417291 0.45702496 0.47508945 0.39693445 0.45000532 0.44589633  0.47476172 0.42761975 0.50206904 0.41641874
0.00039479 0.36283831 0.35232302 0.39930133 0.34523319 0.50234819  0.48417291 0.45702496 0.47508945 0.39693445 0.45000532 0.44589633  0.47476172 0.42761975 0.50206904 0.41641874
0.00039479 0.36283831 0.35232302 0.39930133 0.34523319 0.50234819  0.48417291 0.45702496 0.47508945 0.39693445 0.45000532 0.44589633  0.47476172 0.42761975 0.50206904 0.41641874
0.00039479 0.36283831 0.35232302 0.39930133 0.34523319 0.50234819  0.48417291 0.45702496 0.47508945 0.39693445 0.45000532 0.44589633  0.47476172 0.42761975 0.50206904 0.41641874
0.00039479 0.36283831 0.35232302 0.39930133 0.34523319 0.50234819  0.48417291 0.45702496 0.47508945 0.39693445 0.45000532 0.44589633  0.47476172 0.42761975 0.50206904 0.41641874
0.00039479 0.36283831 0.35232302 0.39930133 0.34523319 0.50234819  0.48417291 0.45702496 0.47508945 0.39693445 0.45000532 0.44589633  0.47476172 0.42761975 0.50206904 0.41641874
0.00039479 0.36283831 0.35232302 0.39930133 0.34523319 0.50234819  0.48417291 0.45702496 0.47508945 0.39693445 0.45000532 0.44589633  0.47476172 0.42761975 0.50206904 0.41641874
0.00039479 0.36283831 0.35232302 0.39930133 0.34523319 0.50234819  0.48417291 0.45702496 0.47508945 0.39693445 0.45000532 0.44589633  0.47476172 0.42761975 0.50206904 0.41641874
0.00039479 0.36283831 0.35232302 0.39930133 0.34523319 0.50234819  0.48417291 0.45702496 0.47508945 0.39693445 0.45000532 0.44589633  0.47476172 0.42761975 0.50206904 0.41641874
0.00039479 0.36283831 0.35232302 0.39930133 0.34523319 0.50234819  0.48417291 0.45702496 0.47508945 0.39693445 0.45000532 0.44589633  0.47476172 0.42761975 0.50206904 0.41641874
0.00039479 0.36283831 0.35232302 0.39930133 0.34523319 0.50234819  0.48417291 0.45702496 0.47508945 0.39693445 0.45000532 0.44589633  0.47476172 0.42761975 0.50206904 0.41641874
0.00039479 0.36283831 0.35232302 0.39930133 0.34523319 0.50234819  0.48417291 0.45702496 0.47508945 0.39693445 0.45000532 0.44589633  0.47476172 0.42761975 0.50206904 0.41641874
0.00039479 0.36283831 0.35232302 0.39930133 0.34523319 0.50234819  0.48417291 0.45702496 0.47508945 0.39693445 0.45000532 0.44589633  0.47476172 0.42761975 0.50206904 0.41641874
0.00039479 0.36283831 0.35232302 0.39930133 0.34523319 0.50234819  0.48417291 0.45702496 0.47508945 0.39693445 0.45000532 0.44589633  0.47476172 0.42761975 0.50206904 0.41641874
0.00039479 0.36283831 0.35232302 0.39930133 0.34523319 0.50234819  0.48417291 0.45702496 0.47508945 0.39693445 0.45000532 0.44589633  0.47476172 0.42761975 0.50206904 0.41641874
0.00039479 0.36283831 0.35232302 0.39930133 0.34523319 0.50234819  0.48417291 0.45702496 0.47508945 0.39693445 0.45000532 0.44589633  0.47476172 0.42761975 0.50206904 0.41641874
0.00039479 0.36283831 0.35232302 0.39930133 0.34523319 0.50234819  0.48417291 0.45702496 0.47508945 0.39693445 0.45000532 0.44589633  0.47476172 0.42761975 0.50206904 0.41641874
0.00039479 0.36283831 0.35232302 0.39930133 0.34523319 0.50234819  0.48417291 0.45702496 0.47508945 0.39693445 0.45000532 0.44589633  0.47476172 0.42761975 0.50206904 0.41641874
0.00039479 0.36283831 0.35232302 0.39930133 0.34523319 0.50234819  0.48417291 0.45702496 0.47508945 0.39693445 0.45000532 0.44589633  0.47476172 0.42761975 0.50206904 0.41641874
0.00039479 0.36283831 0.35232302 0.39930133 0.34523319 0.50234819  0.48417291 0.45702496 0.47508945 0.39693445 0.45000532 0.44589633  0.47476172 0.42761975 0.50206904 0.41641874
0.00039479 0.36283831 0.35232302 0.39930133 0.34523319 0.50234819  0.48417291 0.45702496 0.47508945 0.39693445 0.45000532 0.44589633  0.47476172 0.42761975 0.50206904 0.41641874
0.00039479 0.36283831 0.35232302 0.39930133 0.34523319 0.50234819  0.48417291 0.45702496 0.47508945 0.39693445 0.45000532 0.44589633  0.47476172 0.42761975 0.50206904 0.41641874
0.00140664 0.36431381 0.35232474 0.39642652 0.34463577 0.50247588  0.48308211 0.45859707 0.47435751 0.39611259 0.44362313 0.46430998  0.44184368 0.4496556  0.47683731 0.47370053
0.00140664 0.36431381 0.35232474 0.39642652 0.34463577 0.50247588  0.48308211 0.45859707 0.47435751 0.39611259 0.44362313 0.46430998  0.44184368 0.4496556  0.47683731 0.47370053
0.01992581 0.37883398 0.3494418  0.39722766 0.32724663 0.56200025  0.46863321 0.41878079 0.50338974 0.44145252 0.42178581 0.48875435  0.39730363 0.44344971 0.53146182 0.51298476
0.21974622 0.62278012 0.2372722  0.55562271 0.34006931 0.56198545  0.30010657 0.44940527 0.64363112 0.49808817 0.40289406 0.51961353  0.435063   0.49405705 0.68615007 0.60984351
0.421731   0.79281342 0.16942663 0.57644428 0.27886751 0.70532099  0.24971785 0.48396308 0.68783445 0.45929453 0.46541622 0.47829614  0.56554951 0.42017399 0.406093   0.56043212
0.51250446 0.78576861 0.1442647  0.4295128  0.27449364 0.7254332  0.46416582 0.54218413 0.54648202 0.38718505 0.55474581 0.42311228  0.55203655 0.40254607 0.31579251 0.50111305
0.59700866 0.71924046 0.13414383 0.28457083 0.27905633 0.67774435  0.57812929 0.62012151 0.41013682 0.4296011  0.39136412 0.47859701  0.56118478 0.38433399 0.40464238 0.58014908
0.63004281 0.68022461 0.1337806  0.22105745 0.2802679  0.64747096  0.60815515 0.68832824 0.39366429 0.42568747 0.39080306 0.47952267  0.51592113 0.36131911 0.51707676 0.57715097
0.66079527 0.62774328 0.14738163 0.18517179 0.26399201 0.61369774  0.55894884 0.7863207  0.39008068 0.43072188 0.37612149 0.48863209  0.37956509 0.2752284  0.6155059  0.56857004
0.73056798 0.46558022 0.1205495  0.1151958  0.31348999 0.48088071  0.45229205 0.65075093 0.56658421 0.361875   0.38746508 0.49701463  0.3882756  0.39916509 0.55996832 0.49684504
0.7689441  0.36256951 0.09195815 0.11502946 0.36984051 0.43640136  0.35905026 0.4429618  0.65211285 0.33690123 0.34520823 0.49225303  0.42027361 0.29836074 0.46732284 0.40181043
0.79672076 0.33455859 0.14275179 0.14895477 0.31593059 0.43253101  0.30846212 0.45903886 0.55423209 0.40530606 0.34810717 0.52633999  0.39814835 0.33034949 0.41692499 0.29717134
0.79672076 0.33455859 0.14275179 0.14895477 0.31593059 0.43253101  0.30846212 0.45903886 0.55423209 0.40530606 0.34810717 0.52633999  0.39814835 0.33034949 0.41692499 0.29717134
0.79672076 0.33455859 0.14275179 0.14895477 0.31593059 0.43253101  0.30846212 0.45903886 0.55423209 0.40530606 0.34810717 0.52633999  0.39814835 0.33034949 0.41692499 0.29717134
0.81209335 0.2745966  0.12931252 0.23699651 0.36786904 0.49623777  0.29469364 0.45324257 0.46171975 0.39398092 0.36224665 0.4164669  0.42798471 0.28575479 0.51178669 0.34434158
0.81209335 0.2745966  0.12931252 0.23699651 0.36786904 0.49623777  0.29469364 0.45324257 0.46171975 0.39398092 0.36224665 0.4164669  0.42798471 0.28575479 0.51178669 0.34434158
0.83550186 0.19155086 0.13203284 0.36756044 0.40056987 0.5127547  0.30788215 0.45298061 0.39366882 0.47921908 0.51157849 0.34748647  0.43001715 0.35428745 0.44672601 0.57638002
0.84040323 0.17020091 0.12809981 0.41427293 0.42519188 0.54948653  0.33002953 0.47548218 0.37919407 0.4658442  0.49200742 0.33090739  0.43196827 0.36637218 0.48822943 0.5604528 
0.84040323 0.17020091 0.12809981 0.41427293 0.42519188 0.54948653  0.33002953 0.47548218 0.37919407 0.4658442  0.49200742 0.33090739  0.43196827 0.36637218 0.48822943 0.5604528 
0.84609717 0.14672347 0.12186395 0.45926183 0.45491772 0.5891723  0.3473791  0.48710216 0.36244734 0.45014728 0.46316165 0.29556701  0.43860847 0.3711289  0.55322819 0.54512106
0.84609717 0.14672347 0.12186395 0.45926183 0.45491772 0.5891723  0.3473791  0.48710216 0.36244734 0.45014728 0.46316165 0.29556701  0.43860847 0.3711289  0.55322819 0.54512106
0.84609717 0.14672347 0.12186395 0.45926183 0.45491772 0.5891723  0.3473791  0.48710216 0.36244734 0.45014728 0.46316165 0.29556701  0.43860847 0.3711289  0.55322819 0.54512106
0.84609717 0.14672347 0.12186395 0.45926183 0.45491772 0.5891723  0.3473791  0.48710216 0.36244734 0.45014728 0.46316165 0.29556701  0.43860847 0.3711289  0.55322819 0.54512106
0.84609717 0.14672347 0.12186395 0.45926183 0.45491772 0.5891723  0.3473791  0.48710216 0.36244734 0.45014728 0.46316165 0.29556701  0.43860847 0.3711289  0.55322819 0.54512106
0.82539735 0.18672888 0.08710908 0.39600949 0.49598271 0.63465216  0.33968131 0.47737634 0.40455491 0.34606922 0.31949681 0.23513844  0.4420573  0.31476159 0.586392   0.49921667
0.80994543 0.20009389 0.063969   0.38818843 0.52005621 0.61772603  0.38445073 0.46708789 0.45511356 0.32732888 0.36179974 0.23008832  0.44798079 0.32252291 0.64241538 0.56749594
0.7620026  0.35885132 0.07219385 0.16127677 0.41325097 0.4850315  0.38763759 0.39575167 0.63533128 0.30781966 0.36671133 0.42930374  0.55543889 0.33915533 0.48615988 0.44271097
0.69673908 0.51033311 0.07549007 0.17223897 0.37854294 0.54181124  0.514598   0.26893977 0.6249669  0.33967367 0.28531019 0.49777304  0.74681904 0.50244848 0.51691819 0.43831534
0.63659688 0.59840631 0.0662795  0.20516377 0.39311708 0.49089826  0.64644272 0.34439332 0.61150431 0.35110333 0.46580718 0.48794319  0.6409871  0.60279417 0.67795905 0.4969197 
0.50782904 0.76847676 0.08405463 0.42947815 0.38270667 0.51425734  0.6629349  0.29404639 0.44676627 0.45645478 0.51682556 0.48118365  0.3589179  0.47027687 0.55645591 0.42768241
0.45688719 0.80144088 0.09522911 0.50276301 0.38629372 0.48022438  0.63166906 0.37223548 0.39443541 0.4324371  0.58077569 0.44300822  0.29195173 0.35548991 0.43343301 0.37392031
0.4190961  0.78594906 0.09731725 0.54198473 0.42438664 0.36823846  0.61217763 0.38716247 0.34998388 0.44014661 0.51130932 0.46095869  0.23456838 0.38721613 0.52727773 0.34660798
0.38313522 0.77826679 0.11331347 0.57617308 0.42575504 0.33551221  0.54856092 0.44871045 0.37270466 0.38182666 0.54545864 0.42493694  0.28631075 0.38120428 0.44097682 0.29686433
0.32828533 0.76763445 0.13787814 0.64709288 0.42596792 0.31026171  0.39711911 0.50811761 0.46795564 0.37949602 0.51765635 0.42820043  0.32184623 0.41251202 0.50381303 0.29975061
0.32828533 0.76763445 0.13787814 0.64709288 0.42596792 0.31026171  0.39711911 0.50811761 0.46795564 0.37949602 0.51765635 0.42820043  0.32184623 0.41251202 0.50381303 0.29975061
0.32828533 0.76763445 0.13787814 0.64709288 0.42596792 0.31026171  0.39711911 0.50811761 0.46795564 0.37949602 0.51765635 0.42820043  0.32184623 0.41251202 0.50381303 0.29975061
0.34686334 0.7681971  0.13265275 0.61326438 0.42320522 0.32608818  0.45432197 0.50693696 0.44328811 0.35801422 0.5627592  0.40762306  0.32518474 0.41619025 0.47555528 0.27457364
0.36593111 0.78108801 0.12726512 0.59973332 0.41167759 0.3658124  0.47507919 0.48893478 0.45739996 0.34943089 0.6192558  0.39335178  0.31885539 0.40442419 0.42957992 0.25406954
0.36593111 0.78108801 0.12726512 0.59973332 0.41167759 0.3658124  0.47507919 0.48893478 0.45739996 0.34943089 0.6192558  0.39335178  0.31885539 0.40442419 0.42957992 0.25406954
0.36593111 0.78108801 0.12726512 0.59973332 0.41167759 0.3658124  0.47507919 0.48893478 0.45739996 0.34943089 0.6192558  0.39335178  0.31885539 0.40442419 0.42957992 0.25406954
0.36593111 0.78108801 0.12726512 0.59973332 0.41167759 0.3658124  0.47507919 0.48893478 0.45739996 0.34943089 0.6192558  0.39335178  0.31885539 0.40442419 0.42957992 0.25406954
0.36593111 0.78108801 0.12726512 0.59973332 0.41167759 0.3658124  0.47507919 0.48893478 0.45739996 0.34943089 0.6192558  0.39335178  0.31885539 0.40442419 0.42957992 0.25406954
0.36593111 0.78108801 0.12726512 0.59973332 0.41167759 0.3658124  0.47507919 0.48893478 0.45739996 0.34943089 0.6192558  0.39335178  0.31885539 0.40442419 0.42957992 0.25406954
0.32828533 0.76763445 0.13787814 0.64709288 0.42596792 0.31026171  0.39711911 0.50811761 0.46795564 0.37949602 0.51765635 0.42820043  0.32184623 0.41251202 0.50381303 0.29975061
0.32828533 0.76763445 0.13787814 0.64709288 0.42596792 0.31026171  0.39711911 0.50811761 0.46795564 0.37949602 0.51765635 0.42820043  0.32184623 0.41251202 0.50381303 0.29975061
0.32828533 0.76763445 0.13787814 0.64709288 0.42596792 0.31026171  0.39711911 0.50811761 0.46795564 0.37949602 0.51765635 0.42820043  0.32184623 0.41251202 0.50381303 0.29975061
0.27230287 0.73267769 0.16547083 0.68332028 0.43003633 0.28129444  0.27429226 0.57383444 0.55875287 0.38318526 0.44123623 0.44755586  0.5143895  0.4866367  0.6130834  0.38891645
0.27230287 0.73267769 0.16547083 0.68332028 0.43003633 0.28129444  0.27429226 0.57383444 0.55875287 0.38318526 0.44123623 0.44755586  0.5143895  0.4866367  0.6130834  0.38891645
0.25357882 0.70998913 0.17713897 0.67310372 0.42729483 0.28528874  0.2685735  0.58100941 0.56689299 0.38552766 0.42354325 0.45097698  0.54722988 0.50423186 0.63797693 0.41087669
0.21736134 0.66482413 0.20098447 0.64592566 0.42014565 0.30916172  0.27231725 0.57473812 0.58243932 0.39781871 0.41979592 0.45962201  0.54291742 0.54402049 0.73118842 0.41700151
0.12562105 0.54668738 0.25858262 0.56441305 0.40609081 0.33696869  0.33743248 0.56031619 0.52734652 0.38342212 0.38789352 0.45459638  0.60512858 0.5194648  0.6323848  0.45643836
0.10735842 0.52146999 0.27064984 0.54527456 0.4018978  0.34180753  0.3595538  0.55332807 0.49646212 0.37658689 0.36838923 0.45266611  0.63019642 0.49202423 0.55887569 0.46429956
0.08984933 0.4944538  0.28479724 0.51814727 0.39032058 0.37698047  0.38219786 0.53341009 0.50163308 0.38002033 0.40114853 0.44879914  0.58527371 0.48627405 0.56248124 0.43835395
0.00039479 0.36283831 0.35232302 0.39930133 0.34523319 0.50234819  0.48417291 0.45702496 0.47508945 0.39693445 0.45000532 0.44589633  0.47476172 0.42761975 0.50206904 0.41641874
0.00248318 0.37854577 0.38593505 0.36568546 0.4801466  0.54435889  0.43848684 0.46804201 0.42601229 0.40116481 0.54731051 0.58892369  0.49147041 0.37933902 0.52124601 0.47277129
0.02611049 0.43935594 0.44196675 0.33650608 0.69190428 0.56502329  0.35511087 0.49458153 0.38461377 0.42727033 0.59743174 0.6935802  0.55603351 0.37385147 0.54832308 0.47760242
0.03077392 0.46099709 0.48845087 0.29893771 0.81363287 0.58814149  0.33017001 0.49584524 0.36726584 0.45207927 0.61801834 0.72444034  0.56735365 0.36622937 0.54818821 0.4503276 
0.03077392 0.46099709 0.48845087 0.29893771 0.81363287 0.58814149  0.33017001 0.49584524 0.36726584 0.45207927 0.61801834 0.72444034  0.56735365 0.36622937 0.54818821 0.4503276 
0.03089927 0.46027667 0.48659565 0.30175324 0.79957652 0.58247662  0.33618265 0.49489411 0.37463998 0.45192725 0.60091616 0.69738236  0.56798813 0.37720543 0.54500467 0.4320503 
0.03669291 0.47328884 0.52102309 0.30373727 0.80164993 0.58321237  0.3250282  0.47136937 0.36765865 0.38350925 0.60002176 0.69766809  0.53671389 0.39210647 0.54039975 0.48921302
0.03669291 0.47328884 0.52102309 0.30373727 0.80164993 0.58321237  0.3250282  0.47136937 0.36765865 0.38350925 0.60002176 0.69766809  0.53671389 0.39210647 0.54039975 0.48921302
0.01354666 0.43327153 0.5003966  0.27470189 0.78783927 0.61396047  0.36285165 0.47426517 0.36803295 0.45422317 0.62196153 0.69409938  0.53009914 0.35490942 0.51624082 0.41344987
0.02932011 0.440022   0.45259311 0.32663185 0.65066731 0.57455072  0.39026385 0.46851121 0.44976583 0.44730108 0.56364331 0.54468261  0.50137495 0.43676532 0.54141927 0.32538579
0.04099424 0.43750379 0.37514541 0.41018457 0.46334778 0.49797476  0.41145231 0.48325417 0.49512525 0.40478166 0.47366679 0.4471147  0.49738729 0.49166197 0.5647087  0.36230896
0.00039479 0.36283831 0.35232302 0.39930133 0.34523319 0.50234819  0.48417291 0.45702496 0.47508945 0.39693445 0.45000532 0.44589633  0.47476172 0.42761975 0.50206904 0.41641874
0.00039479 0.36283831 0.35232302 0.39930133 0.34523319 0.50234819  0.48417291 0.45702496 0.47508945 0.39693445 0.45000532 0.44589633  0.47476172 0.42761975 0.50206904 0.41641874
0.00039479 0.36283831 0.35232302 0.39930133 0.34523319 0.50234819  0.48417291 0.45702496 0.47508945 0.39693445 0.45000532 0.44589633  0.47476172 0.42761975 0.50206904 0.41641874
0.00039479 0.36283831 0.35232302 0.39930133 0.34523319 0.50234819  0.48417291 0.45702496 0.47508945 0.39693445 0.45000532 0.44589633  0.47476172 0.42761975 0.50206904 0.41641874
0.00039479 0.36283831 0.35232302 0.39930133 0.34523319 0.50234819  0.48417291 0.45702496 0.47508945 0.39693445 0.45000532 0.44589633  0.47476172 0.42761975 0.50206904 0.41641874
0.00039479 0.36283831 0.35232302 0.39930133 0.34523319 0.50234819  0.48417291 0.45702496 0.47508945 0.39693445 0.45000532 0.44589633  0.47476172 0.42761975 0.50206904 0.41641874
0.00039479 0.36283831 0.35232302 0.39930133 0.34523319 0.50234819  0.48417291 0.45702496 0.47508945 0.39693445 0.45000532 0.44589633  0.47476172 0.42761975 0.50206904 0.41641874
0.00039479 0.36283831 0.35232302 0.39930133 0.34523319 0.50234819  0.48417291 0.45702496 0.47508945 0.39693445 0.45000532 0.44589633  0.47476172 0.42761975 0.50206904 0.41641874
0.00039479 0.36283831 0.35232302 0.39930133 0.34523319 0.50234819  0.48417291 0.45702496 0.47508945 0.39693445 0.45000532 0.44589633  0.47476172 0.42761975 0.50206904 0.41641874
0.00039479 0.36283831 0.35232302 0.39930133 0.34523319 0.50234819  0.48417291 0.45702496 0.47508945 0.39693445 0.45000532 0.44589633  0.47476172 0.42761975 0.50206904 0.41641874
0.00039479 0.36283831 0.35232302 0.39930133 0.34523319 0.50234819  0.48417291 0.45702496 0.47508945 0.39693445 0.45000532 0.44589633  0.47476172 0.42761975 0.50206904 0.41641874
0.00039479 0.36283831 0.35232302 0.39930133 0.34523319 0.50234819  0.48417291 0.45702496 0.47508945 0.39693445 0.45000532 0.44589633  0.47476172 0.42761975 0.50206904 0.41641874
0.00039479 0.36283831 0.35232302 0.39930133 0.34523319 0.50234819  0.48417291 0.45702496 0.47508945 0.39693445 0.45000532 0.44589633  0.47476172 0.42761975 0.50206904 0.41641874
0.00039479 0.36283831 0.35232302 0.39930133 0.34523319 0.50234819  0.48417291 0.45702496 0.47508945 0.39693445 0.45000532 0.44589633  0.47476172 0.42761975 0.50206904 0.41641874
0.00039479 0.36283831 0.35232302 0.39930133 0.34523319 0.50234819  0.48417291 0.45702496 0.47508945 0.39693445 0.45000532 0.44589633  0.47476172 0.42761975 0.50206904 0.41641874
0.00039479 0.36283831 0.35232302 0.39930133 0.34523319 0.50234819  0.48417291 0.45702496 0.47508945 0.39693445 0.45000532 0.44589633  0.47476172 0.42761975 0.50206904 0.41641874
0.00039479 0.36283831 0.35232302 0.39930133 0.34523319 0.50234819  0.48417291 0.45702496 0.47508945 0.39693445 0.45000532 0.44589633  0.47476172 0.42761975 0.50206904 0.41641874
0.00039479 0.36283831 0.35232302 0.39930133 0.34523319 0.50234819  0.48417291 0.45702496 0.47508945 0.39693445 0.45000532 0.44589633  0.47476172 0.42761975 0.50206904 0.41641874
0.00039479 0.36283831 0.35232302 0.39930133 0.34523319 0.50234819  0.48417291 0.45702496 0.47508945 0.39693445 0.45000532 0.44589633  0.47476172 0.42761975 0.50206904 0.41641874
0.00039479 0.36283831 0.35232302 0.39930133 0.34523319 0.50234819  0.48417291 0.45702496 0.47508945 0.39693445 0.45000532 0.44589633  0.47476172 0.42761975 0.50206904 0.41641874
0.00039479 0.36283831 0.35232302 0.39930133 0.34523319 0.50234819  0.48417291 0.45702496 0.47508945 0.39693445 0.45000532 0.44589633  0.47476172 0.42761975 0.50206904 0.41641874
0.00039479 0.36283831 0.35232302 0.39930133 0.34523319 0.50234819  0.48417291 0.45702496 0.47508945 0.39693445 0.45000532 0.44589633  0.47476172 0.42761975 0.50206904 0.41641874
0.00039479 0.36283831 0.35232302 0.39930133 0.34523319 0.50234819  0.48417291 0.45702496 0.47508945 0.39693445 0.45000532 0.44589633  0.47476172 0.42761975 0.50206904 0.41641874
0.00039479 0.36283831 0.35232302 0.39930133 0.34523319 0.50234819  0.48417291 0.45702496 0.47508945 0.39693445 0.45000532 0.44589633  0.47476172 0.42761975 0.50206904 0.41641874
0.00039479 0.36283831 0.35232302 0.39930133 0.34523319 0.50234819  0.48417291 0.45702496 0.47508945 0.39693445 0.45000532 0.44589633  0.47476172 0.42761975 0.50206904 0.41641874
0.0177474  0.38984345 0.33852207 0.42635267 0.35697043 0.47086435  0.45750391 0.47765391 0.48169648 0.39463854 0.42895995 0.44917931  0.51265071 0.44991576 0.53083289 0.43501917
0.0177474  0.38984345 0.33852207 0.42635267 0.35697043 0.47086435  0.45750391 0.47765391 0.48169648 0.39463854 0.42895995 0.44917931  0.51265071 0.44991576 0.53083289 0.43501917
0.03525649 0.41685964 0.32437467 0.45347996 0.36854765 0.43569141  0.43485985 0.4975719  0.47652552 0.39120509 0.39620065 0.45304628  0.55757342 0.45566594 0.52722734 0.46096477
0.03525649 0.41685964 0.32437467 0.45347996 0.36854765 0.43569141  0.43485985 0.4975719  0.47652552 0.39120509 0.39620065 0.45304628  0.55757342 0.45566594 0.52722734 0.46096477
0.10804545 0.5177001  0.27465313 0.53229948 0.39024189 0.39266398  0.35381301 0.53639741 0.57143171 0.39213077 0.46131335 0.44624208  0.52828365 0.55614932 0.721459   0.4109095 
0.20020609 0.63483126 0.21830914 0.60779101 0.40082676 0.38478501  0.29277317 0.53886472 0.64702736 0.41153638 0.53153769 0.44716119  0.42008311 0.59252633 0.85382369 0.3502051 
0.31074098 0.74784635 0.17120124 0.64967944 0.37222038 0.48766256  0.25684042 0.46608698 0.68274761 0.47548512 0.50235902 0.47789691  0.38685963 0.51753803 0.77203007 0.42017275
0.34703591 0.78070022 0.15599052 0.65275933 0.36251509 0.50632265  0.2602343  0.47521433 0.67039174 0.46170498 0.49562397 0.46881395  0.46104983 0.45533444 0.61526442 0.46587666
0.50076267 0.83359533 0.50955135 0.58770746 0.5221579  0.65323883  0.28917471 0.45853547 0.71636822 0.70787568 0.43439312 0.39062579  0.81435672 0.30886831 0.4726284  0.17905102
0.57417511 0.8777142  0.60502289 0.54760763 0.48996562 0.66066312  0.3786181  0.39759841 0.59175764 0.67020424 0.3204616  0.31310197  0.66626296 0.31671122 0.276617   0.13324352
0.69781637 0.81072706 0.56915575 0.28001544 0.53699701 0.59804964  0.71972843 0.49966962 0.46188441 0.64548899 0.34094176 0.27056431  0.88773908 0.42713929 0.41888364 0.19796115
0.70913713 0.76766532 0.54500143 0.26951472 0.51218385 0.58130919  0.69246139 0.56154782 0.44749812 0.64566726 0.35700171 0.33491387  0.82116468 0.34098381 0.48567783 0.22776933
0.72796713 0.69960135 0.50252965 0.24492656 0.44040197 0.55636339  0.63776689 0.69523464 0.41358564 0.65198544 0.30055754 0.34487727  0.58577544 0.20573859 0.60548596 0.22124447
0.73440983 0.64290615 0.4317434  0.24418101 0.34553816 0.52807389  0.63432797 0.76071469 0.44763002 0.65384834 0.30701003 0.34390281  0.59956346 0.18227862 0.67269851 0.22137883
0.74804431 0.54675611 0.31512587 0.22404943 0.24942059 0.49798096  0.59607492 0.67034875 0.46297351 0.64937984 0.24271841 0.47666397  0.60155293 0.3591329  0.75811327 0.28149576
0.75861365 0.50268252 0.28050976 0.2239831  0.20399877 0.4802184  0.55108799 0.63864083 0.44639941 0.50985501 0.28219098 0.55673803  0.56106179 0.39053129 0.80065636 0.31725588
0.76279835 0.44271602 0.19113818 0.1717443  0.2846211  0.48698568  0.47284679 0.50877623 0.53302038 0.51074087 0.18272738 0.5387515  0.48868077 0.33697771 0.7325966  0.35157419
0.76432825 0.42142445 0.15529529 0.1408013  0.32356866 0.48628122  0.42447549 0.4578818  0.60623721 0.43509786 0.16711195 0.50418588  0.4633187  0.29096196 0.59850287 0.38483014
0.75804705 0.41798431 0.12461685 0.13059459 0.32283573 0.51303666  0.38301105 0.45408797 0.54138804 0.4060472  0.19084409 0.52695574  0.47544049 0.34758377 0.57118164 0.36327928
0.75804705 0.41798431 0.12461685 0.13059459 0.32283573 0.51303666  0.38301105 0.45408797 0.54138804 0.4060472  0.19084409 0.52695574  0.47544049 0.34758377 0.57118164 0.36327928
0.74259513 0.43134932 0.10147678 0.12277353 0.34690923 0.49611053  0.42778048 0.44379952 0.59194669 0.38730686 0.23314702 0.52190563  0.48136398 0.35534509 0.62720503 0.43155854
0.75500101 0.3959788  0.09496858 0.12721651 0.36291236 0.47253131  0.39032606 0.42928219 0.61687182 0.36024464 0.29584427 0.49735479  0.46131689 0.29342549 0.53318046 0.40450296
0.77045293 0.38261378 0.11810865 0.13503757 0.33883886 0.48945744  0.34555663 0.43957064 0.56631317 0.37898498 0.25354133 0.50240491  0.4553934  0.28566417 0.47715708 0.3362237 
0.77821413 0.35250937 0.11078182 0.17848262 0.36559738 0.52350332  0.33864324 0.43382403 0.52273208 0.37314048 0.25354835 0.44652416  0.47235953 0.26329985 0.53308895 0.3562632 
0.79785116 0.29562264 0.10153553 0.21128447 0.40225137 0.52705915  0.32471702 0.45912362 0.5412264  0.33410015 0.27406654 0.40608201  0.43795644 0.27299182 0.53223008 0.33823892
0.80546256 0.26576505 0.09542309 0.25588116 0.4274313  0.55672003  0.31786192 0.45907394 0.49229513 0.32861952 0.28819901 0.35208968  0.45082667 0.25076144 0.57115991 0.36536967
0.82911717 0.20219788 0.1172698  0.37796501 0.45526707 0.59432664  0.35549871 0.48781134 0.40914851 0.38383074 0.32102431 0.30475266  0.46700748 0.29857503 0.66922845 0.34862311
0.85023259 0.19449808 0.18533052 0.43271576 0.41247279 0.56856107  0.37566717 0.45655082 0.3697389  0.37999929 0.35550511 0.33184001  0.57677256 0.28843813 0.71875682 0.25454189
0.85023259 0.19449808 0.18533052 0.43271576 0.41247279 0.56856107  0.37566717 0.45655082 0.3697389  0.37999929 0.35550511 0.33184001  0.57677256 0.28843813 0.71875682 0.25454189
0.87038361 0.15033035 0.21138577 0.5051292  0.40292692 0.56331352  0.36723331 0.45613485 0.28292365 0.44551709 0.43752086 0.31196583  0.55559664 0.35327665 0.70152555 0.30024797
0.88130329 0.11337107 0.21640927 0.57453256 0.41057986 0.56469958  0.4132529  0.48638942 0.31404242 0.47750979 0.49581906 0.3680226  0.54408082 0.39917118 0.64832298 0.32907728
0.88130329 0.11337107 0.21640927 0.57453256 0.41057986 0.56469958  0.4132529  0.48638942 0.31404242 0.47750979 0.49581906 0.3680226  0.54408082 0.39917118 0.64832298 0.32907728
0.87620572 0.09636055 0.17819742 0.58737959 0.45138461 0.61429857  0.41151539 0.52360786 0.31164358 0.47580439 0.45847811 0.3523597  0.4804371  0.46932362 0.59911571 0.33324065
0.8794373  0.08399462 0.18204317 0.6229065  0.45600359 0.61501789  0.45131248 0.53268156 0.35996246 0.48695398 0.47029416 0.38678979  0.50640421 0.4177435  0.58119832 0.3781205 
0.88845682 0.0843078  0.21775773 0.64769145 0.43661506 0.59383637  0.47796143 0.51653907 0.37047413 0.47863254 0.48057214 0.39654735  0.55285733 0.38638405 0.62668692 0.36295848
0.88845682 0.0843078  0.21775773 0.64769145 0.43661506 0.59383637  0.47796143 0.51653907 0.37047413 0.47863254 0.48057214 0.39654735  0.55285733 0.38638405 0.62668692 0.36295848
0.88522524 0.09667373 0.21391198 0.61216454 0.43199607 0.59311705  0.43816434 0.50746536 0.32215525 0.46748295 0.46875608 0.36211726  0.52689023 0.43796416 0.64460431 0.31807862
0.88522524 0.09667373 0.21391198 0.61216454 0.43199607 0.59311705  0.43816434 0.50746536 0.32215525 0.46748295 0.46875608 0.36211726  0.52689023 0.43796416 0.64460431 0.31807862
0.86452542 0.13667913 0.17915711 0.5489122  0.47306106 0.63859691  0.43046654 0.49773954 0.36426281 0.3634049  0.32509125 0.30168869  0.53033905 0.38159686 0.67776812 0.27217424
0.84341    0.14437894 0.11109639 0.49416145 0.51585534 0.66436247  0.41029808 0.52900005 0.40367242 0.36723635 0.29061045 0.27460134  0.42057397 0.39173375 0.62823975 0.36625546
0.76988039 0.28427042 0.06876022 0.42748475 0.51768668 0.65634587  0.48754113 0.41336304 0.50022344 0.28278205 0.24377586 0.3403902  0.46539383 0.36147579 0.69379245 0.27021584
0.66732696 0.38508569 0.01140108 0.46929589 0.59958698 0.52683439  0.61210972 0.22599372 0.56321312 0.22313559 0.46214389 0.30984988  0.5860009  0.45875691 0.6743849  0.30141927
0.41804957 0.56136047 0.06818178 0.63434114 0.59527245 0.27125296  0.61534993 0.26714774 0.30968122 0.33956862 0.22938878 0.421172  0.47019662 0.45375677 0.65019548 0.23543003
0.32748066 0.54226987 0.12366989 0.48395028 0.52447434 0.12851568  0.59157761 0.24881327 0.24620651 0.3869669  0.13711603 0.51488677  0.57714488 0.39097534 0.44665204 0.37779167
0.21523769 0.58915742 0.1956883  0.51559095 0.44849964 0.22196804  0.57890996 0.46566292 0.21540302 0.40270171 0.23157168 0.49305666  0.52660136 0.34201562 0.34601037 0.47600684
0.05306277 0.40930401 0.31102756 0.41763914 0.37666176 0.40426113  0.54756198 0.44277854 0.32496259 0.41131519 0.2958028  0.48030821  0.52794871 0.3284536  0.33871483 0.50730334
0.01779563 0.38669558 0.33863985 0.42004769 0.35385851 0.46460162  0.48109267 0.47190843 0.43452283 0.38595027 0.3992976  0.44733029  0.52908455 0.38078184 0.39373238 0.44873962
0.01779563 0.38669558 0.33863985 0.42004769 0.35385851 0.46460162  0.48109267 0.47190843 0.43452283 0.38595027 0.3992976  0.44733029  0.52908455 0.38078184 0.39373238 0.44873962
0.00039479 0.36283831 0.35232302 0.39930133 0.34523319 0.50234819  0.48417291 0.45702496 0.47508945 0.39693445 0.45000532 0.44589633  0.47476172 0.42761975 0.50206904 0.41641874
0.00039479 0.36283831 0.35232302 0.39930133 0.34523319 0.50234819  0.48417291 0.45702496 0.47508945 0.39693445 0.45000532 0.44589633  0.47476172 0.42761975 0.50206904 0.41641874
0.00039479 0.36283831 0.35232302 0.39930133 0.34523319 0.50234819  0.48417291 0.45702496 0.47508945 0.39693445 0.45000532 0.44589633  0.47476172 0.42761975 0.50206904 0.41641874
0.00039479 0.36283831 0.35232302 0.39930133 0.34523319 0.50234819  0.48417291 0.45702496 0.47508945 0.39693445 0.45000532 0.44589633  0.47476172 0.42761975 0.50206904 0.41641874
0.00039479 0.36283831 0.35232302 0.39930133 0.34523319 0.50234819  0.48417291 0.45702496 0.47508945 0.39693445 0.45000532 0.44589633  0.47476172 0.42761975 0.50206904 0.41641874
0.00039479 0.36283831 0.35232302 0.39930133 0.34523319 0.50234819  0.48417291 0.45702496 0.47508945 0.39693445 0.45000532 0.44589633  0.47476172 0.42761975 0.50206904 0.41641874
0.00039479 0.36283831 0.35232302 0.39930133 0.34523319 0.50234819  0.48417291 0.45702496 0.47508945 0.39693445 0.45000532 0.44589633  0.47476172 0.42761975 0.50206904 0.41641874
0.0177474  0.38984345 0.33852207 0.42635267 0.35697043 0.47086435  0.45750391 0.47765391 0.48169648 0.39463854 0.42895995 0.44917931  0.51265071 0.44991576 0.53083289 0.43501917
0.0177474  0.38984345 0.33852207 0.42635267 0.35697043 0.47086435  0.45750391 0.47765391 0.48169648 0.39463854 0.42895995 0.44917931  0.51265071 0.44991576 0.53083289 0.43501917
0.03525649 0.41685964 0.32437467 0.45347996 0.36854765 0.43569141  0.43485985 0.4975719  0.47652552 0.39120509 0.39620065 0.45304628  0.55757342 0.45566594 0.52722734 0.46096477
0.32828533 0.76763445 0.13787814 0.64709288 0.42596792 0.31026171  0.39711911 0.50811761 0.46795564 0.37949602 0.51765635 0.42820043  0.32184623 0.41251202 0.50381303 0.29975061
0.51122529 0.79950986 0.09455724 0.43195576 0.3493868  0.5994669  0.66683861 0.34610602 0.416032   0.46732754 0.53386627 0.462384  0.40329739 0.37544479 0.47961754 0.45658068
0.52861038 0.7836327  0.09701582 0.39066623 0.34391315 0.60474246  0.67836863 0.41222224 0.41892616 0.44500215 0.54144705 0.4496411  0.47000839 0.39117387 0.48832608 0.47457184
0.65433109 0.61108282 0.112468   0.22644421 0.31869337 0.62834498  0.55117321 0.52563102 0.44160758 0.42356374 0.33220245 0.47020984  0.58622322 0.27559279 0.52377709 0.46010628
0.78431669 0.30260751 0.07851888 0.2030712  0.42177896 0.50010812  0.34528178 0.43716552 0.55960051 0.32557609 0.35934772 0.38237994  0.45010996 0.25376605 0.56218454 0.44898067
0.79001064 0.27913007 0.07228302 0.2480601  0.4515048  0.5397939  0.36263135 0.44878549 0.54285378 0.30987918 0.33050194 0.34703956  0.45675016 0.25852277 0.62718329 0.43364893
0.82794196 0.17512912 0.08503127 0.42826476 0.51486421 0.66072161  0.37218439 0.50369369 0.43045913 0.32364836 0.27933205 0.25980349  0.41778854 0.34403889 0.57197878 0.44578176
0.83186391 0.15843177 0.08253399 0.46589673 0.53628042 0.68913907  0.39709582 0.52476963 0.43857196 0.31362152 0.25226907 0.25389814  0.40059795 0.38283187 0.56826011 0.43478311
0.84713001 0.10057953 0.08933254 0.60568637 0.56654964 0.72826871  0.52321488 0.615423   0.54663709 0.30146721 0.25541275 0.41940577  0.32972908 0.49236413 0.4034461  0.38858262
0.84843878 0.09450201 0.08846233 0.62516909 0.57804943 0.74399738  0.54839742 0.63633268 0.57593233 0.28146438 0.21951152 0.45137072  0.29191097 0.53359445 0.36057494 0.34338708
0.84843878 0.09450201 0.08846233 0.62516909 0.57804943 0.74399738  0.54839742 0.63633268 0.57593233 0.28146438 0.21951152 0.45137072  0.29191097 0.53359445 0.36057494 0.34338708
0.8400637  0.11986152 0.08136102 0.588021   0.589278   0.76868076  0.53488091 0.63239547 0.57071779 0.22705081 0.12104855 0.41997899  0.27915803 0.51697721 0.39936429 0.26112287
0.82461178 0.13322654 0.05822095 0.58019993 0.6133515  0.75175463  0.57965034 0.62210703 0.62127644 0.20831047 0.16335148 0.41492887  0.28508153 0.52473853 0.45538767 0.32940213
0.82461178 0.13322654 0.05822095 0.58019993 0.6133515  0.75175463  0.57965034 0.62210703 0.62127644 0.20831047 0.16335148 0.41492887  0.28508153 0.52473853 0.45538767 0.32940213
0.82461178 0.13322654 0.05822095 0.58019993 0.6133515  0.75175463  0.57965034 0.62210703 0.62127644 0.20831047 0.16335148 0.41492887  0.28508153 0.52473853 0.45538767 0.32940213
0.79116396 0.17583773 0.03079946 0.57629349 0.64870743 0.71287204  0.62437691 0.53422652 0.64174368 0.19576635 0.28204286 0.36543127  0.38106212 0.57823569 0.50681187 0.363495  
0.72328448 0.29787532 0.00742991 0.57279797 0.64914714 0.68808712  0.65643206 0.29126974 0.55700095 0.2423434  0.42175418 0.24521506  0.58722039 0.60340173 0.63487536 0.46223785
0.62034861 0.50034193 0.02152475 0.52916216 0.57296491 0.60988224  0.70547917 0.17793994 0.5440083  0.32299685 0.33809882 0.39453749  0.53037069 0.56776125 0.7470744  0.29007195
0.60121948 0.5800934  0.03735969 0.36911737 0.48128666 0.48461762  0.63283066 0.11379167 0.56804708 0.37466394 0.42489062 0.44823761  0.55291278 0.50997057 0.66777099 0.35039323
0.42628437 0.6819771  0.08093801 0.49059052 0.48953598 0.23488354  0.64157651 0.29482911 0.32583256 0.40058274 0.37113254 0.48156128  0.3954196  0.47932665 0.63251993 0.30580349
0.214439   0.5930829  0.19308421 0.52769662 0.45759943 0.19188182  0.57058163 0.47808504 0.18706899 0.40411651 0.17290592 0.50351755  0.57617612 0.32435527 0.31127917 0.52567712
0.1426344  0.53939842 0.24331237 0.53412046 0.42237841 0.26743837  0.46023443 0.51801706 0.31352109 0.38637502 0.21568847 0.48420286  0.66878604 0.34943085 0.31434612 0.53807811
0.05424139 0.43544929 0.31290582 0.45642133 0.36761659 0.4209726  0.46756346 0.48833721 0.4113325  0.37164986 0.38087668 0.44439221  0.5589067  0.35893024 0.32927354 0.43917943
0.01779563 0.38669558 0.33863985 0.42004769 0.35385851 0.46460162  0.48109267 0.47190843 0.43452283 0.38595027 0.3992976  0.44733029  0.52908455 0.38078184 0.39373238 0.44873962
0.01779563 0.38669558 0.33863985 0.42004769 0.35385851 0.46460162  0.48109267 0.47190843 0.43452283 0.38595027 0.3992976  0.44733029  0.52908455 0.38078184 0.39373238 0.44873962
0.00039479 0.36283831 0.35232302 0.39930133 0.34523319 0.50234819  0.48417291 0.45702496 0.47508945 0.39693445 0.45000532 0.44589633  0.47476172 0.42761975 0.50206904 0.41641874
0.00039479 0.36283831 0.35232302 0.39930133 0.34523319 0.50234819  0.48417291 0.45702496 0.47508945 0.39693445 0.45000532 0.44589633  0.47476172 0.42761975 0.50206904 0.41641874
0.00039479 0.36283831 0.35232302 0.39930133 0.34523319 0.50234819  0.48417291 0.45702496 0.47508945 0.39693445 0.45000532 0.44589633  0.47476172 0.42761975 0.50206904 0.41641874
0.00039479 0.36283831 0.35232302 0.39930133 0.34523319 0.50234819  0.48417291 0.45702496 0.47508945 0.39693445 0.45000532 0.44589633  0.47476172 0.42761975 0.50206904 0.41641874
0.00039479 0.36283831 0.35232302 0.39930133 0.34523319 0.50234819  0.48417291 0.45702496 0.47508945 0.39693445 0.45000532 0.44589633  0.47476172 0.42761975 0.50206904 0.41641874
0.00039479 0.36283831 0.35232302 0.39930133 0.34523319 0.50234819  0.48417291 0.45702496 0.47508945 0.39693445 0.45000532 0.44589633  0.47476172 0.42761975 0.50206904 0.41641874
0.00039479 0.36283831 0.35232302 0.39930133 0.34523319 0.50234819  0.48417291 0.45702496 0.47508945 0.39693445 0.45000532 0.44589633  0.47476172 0.42761975 0.50206904 0.41641874
0.00039479 0.36283831 0.35232302 0.39930133 0.34523319 0.50234819  0.48417291 0.45702496 0.47508945 0.39693445 0.45000532 0.44589633  0.47476172 0.42761975 0.50206904 0.41641874
0.00039479 0.36283831 0.35232302 0.39930133 0.34523319 0.50234819  0.48417291 0.45702496 0.47508945 0.39693445 0.45000532 0.44589633  0.47476172 0.42761975 0.50206904 0.41641874
0.00039479 0.36283831 0.35232302 0.39930133 0.34523319 0.50234819  0.48417291 0.45702496 0.47508945 0.39693445 0.45000532 0.44589633  0.47476172 0.42761975 0.50206904 0.41641874
0.00039479 0.36283831 0.35232302 0.39930133 0.34523319 0.50234819  0.48417291 0.45702496 0.47508945 0.39693445 0.45000532 0.44589633  0.47476172 0.42761975 0.50206904 0.41641874
0.00039479 0.36283831 0.35232302 0.39930133 0.34523319 0.50234819  0.48417291 0.45702496 0.47508945 0.39693445 0.45000532 0.44589633  0.47476172 0.42761975 0.50206904 0.41641874
0.00039479 0.36283831 0.35232302 0.39930133 0.34523319 0.50234819  0.48417291 0.45702496 0.47508945 0.39693445 0.45000532 0.44589633  0.47476172 0.42761975 0.50206904 0.41641874
0.00039479 0.36283831 0.35232302 0.39930133 0.34523319 0.50234819  0.48417291 0.45702496 0.47508945 0.39693445 0.45000532 0.44589633  0.47476172 0.42761975 0.50206904 0.41641874
0.00039479 0.36283831 0.35232302 0.39930133 0.34523319 0.50234819  0.48417291 0.45702496 0.47508945 0.39693445 0.45000532 0.44589633  0.47476172 0.42761975 0.50206904 0.41641874
0.00039479 0.36283831 0.35232302 0.39930133 0.34523319 0.50234819  0.48417291 0.45702496 0.47508945 0.39693445 0.45000532 0.44589633  0.47476172 0.42761975 0.50206904 0.41641874
0.00039479 0.36283831 0.35232302 0.39930133 0.34523319 0.50234819  0.48417291 0.45702496 0.47508945 0.39693445 0.45000532 0.44589633  0.47476172 0.42761975 0.50206904 0.41641874
0.00039479 0.36283831 0.35232302 0.39930133 0.34523319 0.50234819  0.48417291 0.45702496 0.47508945 0.39693445 0.45000532 0.44589633  0.47476172 0.42761975 0.50206904 0.41641874
0.00039479 0.36283831 0.35232302 0.39930133 0.34523319 0.50234819  0.48417291 0.45702496 0.47508945 0.39693445 0.45000532 0.44589633  0.47476172 0.42761975 0.50206904 0.41641874
0.00039479 0.36283831 0.35232302 0.39930133 0.34523319 0.50234819  0.48417291 0.45702496 0.47508945 0.39693445 0.45000532 0.44589633  0.47476172 0.42761975 0.50206904 0.41641874
0.00039479 0.36283831 0.35232302 0.39930133 0.34523319 0.50234819  0.48417291 0.45702496 0.47508945 0.39693445 0.45000532 0.44589633  0.47476172 0.42761975 0.50206904 0.41641874
0.00039479 0.36283831 0.35232302 0.39930133 0.34523319 0.50234819  0.48417291 0.45702496 0.47508945 0.39693445 0.45000532 0.44589633  0.47476172 0.42761975 0.50206904 0.41641874
0.00039479 0.36283831 0.35232302 0.39930133 0.34523319 0.50234819  0.48417291 0.45702496 0.47508945 0.39693445 0.45000532 0.44589633  0.47476172 0.42761975 0.50206904 0.41641874
0.00039479 0.36283831 0.35232302 0.39930133 0.34523319 0.50234819  0.48417291 0.45702496 0.47508945 0.39693445 0.45000532 0.44589633  0.47476172 0.42761975 0.50206904 0.41641874
0.00039479 0.36283831 0.35232302 0.39930133 0.34523319 0.50234819  0.48417291 0.45702496 0.47508945 0.39693445 0.45000532 0.44589633  0.47476172 0.42761975 0.50206904 0.41641874
0.00039479 0.36283831 0.35232302 0.39930133 0.34523319 0.50234819  0.48417291 0.45702496 0.47508945 0.39693445 0.45000532 0.44589633  0.47476172 0.42761975 0.50206904 0.41641874
0.00039479 0.36283831 0.35232302 0.39930133 0.34523319 0.50234819  0.48417291 0.45702496 0.47508945 0.39693445 0.45000532 0.44589633  0.47476172 0.42761975 0.50206904 0.41641874
0.00039479 0.36283831 0.35232302 0.39930133 0.34523319 0.50234819  0.48417291 0.45702496 0.47508945 0.39693445 0.45000532 0.44589633  0.47476172 0.42761975 0.50206904 0.41641874
0.00039479 0.36283831 0.35232302 0.39930133 0.34523319 0.50234819  0.48417291 0.45702496 0.47508945 0.39693445 0.45000532 0.44589633  0.47476172 0.42761975 0.50206904 0.41641874
