0.00039479 0.36283831 0.35232302 0.39930133 0.34523319 0.50234819  0.48417291 0.45702496 0.47508945 0.39693445 0.45000532 0.44589633  0.47476172 0.42761975 0.50206904 0.41641874
0.00039479 0.36283831 0.35232302 0.39930133 0.34523319 0.50234819  0.48417291 0.45702496 0.47508945 0.39693445 0.45000532 0.44589633  0.47476172 0.42761975 0.50206904 0.41641874
0.00039479 0.36283831 0.35232302 0.39930133 0.34523319 0.50234819  0.48417291 0.45702496 0.47508945 0.39693445 0.45000532 0.44589633  0.47476172 0.42761975 0.50206904 0.41641874
0.00039479 0.36283831 0.35232302 0.39930133 0.34523319 0.50234819  0.48417291 0.45702496 0.47508945 0.39693445 0.45000532 0.44589633  0.47476172 0.42761975 0.50206904 0.41641874
0.00039479 0.36283831 0.35232302 0.39930133 0.34523319 0.50234819  0.48417291 0.45702496 0.47508945 0.39693445 0.45000532 0.44589633  0.47476172 0.42761975 0.50206904 0.41641874
0.00039479 0.36283831 0.35232302 0.39930133 0.34523319 0.50234819  0.48417291 0.45702496 0.47508945 0.39693445 0.45000532 0.44589633  0.47476172 0.42761975 0.50206904 0.41641874
0.00039479 0.36283831 0.35232302 0.39930133 0.34523319 0.50234819  0.48417291 0.45702496 0.47508945 0.39693445 0.45000532 0.44589633  0.47476172 0.42761975 0.50206904 0.41641874
0.00039479 0.36283831 0.35232302 0.39930133 0.34523319 0.50234819  0.48417291 0.45702496 0.47508945 0.39693445 0.45000532 0.44589633  0.47476172 0.42761975 0.50206904 0.41641874
0.00039479 0.36283831 0.35232302 0.39930133 0.34523319 0.50234819  0.48417291 0.45702496 0.47508945 0.39693445 0.45000532 0.44589633  0.47476172 0.42761975 0.50206904 0.41641874
0.00039479 0.36283831 0.35232302 0.39930133 0.34523319 0.50234819  0.48417291 0.45702496 0.47508945 0.39693445 0.45000532 0.44589633  0.47476172 0.42761975 0.50206904 0.41641874
0.00039479 0.36283831 0.35232302 0.39930133 0.34523319 0.50234819  0.48417291 0.45702496 0.47508945 0.39693445 0.45000532 0.44589633  0.47476172 0.42761975 0.50206904 0.41641874
0.00039479 0.36283831 0.35232302 0.39930133 0.34523319 0.50234819  0.48417291 0.45702496 0.47508945 0.39693445 0.45000532 0.44589633  0.47476172 0.42761975 0.50206904 0.41641874
0.00039479 0.36283831 0.35232302 0.39930133 0.34523319 0.50234819  0.48417291 0.45702496 0.47508945 0.39693445 0.45000532 0.44589633  0.47476172 0.42761975 0.50206904 0.41641874
0.00039479 0.36283831 0.35232302 0.39930133 0.34523319 0.50234819  0.48417291 0.45702496 0.47508945 0.39693445 0.45000532 0.44589633  0.47476172 0.42761975 0.50206904 0.41641874
0.00039479 0.36283831 0.35232302 0.39930133 0.34523319 0.50234819  0.48417291 0.45702496 0.47508945 0.39693445 0.45000532 0.44589633  0.47476172 0.42761975 0.50206904 0.41641874
0.00039479 0.36283831 0.35232302 0.39930133 0.34523319 0.50234819  0.48417291 0.45702496 0.47508945 0.39693445 0.45000532 0.44589633  0.47476172 0.42761975 0.50206904 0.41641874
0.00039479 0.36283831 0.35232302 0.39930133 0.34523319 0.50234819  0.48417291 0.45702496 0.47508945 0.39693445 0.45000532 0.44589633  0.47476172 0.42761975 0.50206904 0.41641874
0.00039479 0.36283831 0.35232302 0.39930133 0.34523319 0.50234819  0.48417291 0.45702496 0.47508945 0.39693445 0.45000532 0.44589633  0.47476172 0.42761975 0.50206904 0.41641874
0.00039479 0.36283831 0.35232302 0.39930133 0.34523319 0.50234819  0.48417291 0.45702496 0.47508945 0.39693445 0.45000532 0.44589633  0.47476172 0.42761975 0.50206904 0.41641874
0.00039479 0.36283831 0.35232302 0.39930133 0.34523319 0.50234819  0.48417291 0.45702496 0.47508945 0.39693445 0.45000532 0.44589633  0.47476172 0.42761975 0.50206904 0.41641874
0.00039479 0.36283831 0.35232302 0.39930133 0.34523319 0.50234819  0.48417291 0.45702496 0.47508945 0.39693445 0.45000532 0.44589633  0.47476172 0.42761975 0.50206904 0.41641874
0.00039479 0.36283831 0.35232302 0.39930133 0.34523319 0.50234819  0.48417291 0.45702496 0.47508945 0.39693445 0.45000532 0.44589633  0.47476172 0.42761975 0.50206904 0.41641874
0.00039479 0.36283831 0.35232302 0.39930133 0.34523319 0.50234819  0.48417291 0.45702496 0.47508945 0.39693445 0.45000532 0.44589633  0.47476172 0.42761975 0.50206904 0.41641874
0.00039479 0.36283831 0.35232302 0.39930133 0.34523319 0.50234819  0.48417291 0.45702496 0.47508945 0.39693445 0.45000532 0.44589633  0.47476172 0.42761975 0.50206904 0.41641874
0.00039479 0.36283831 0.35232302 0.39930133 0.34523319 0.50234819  0.48417291 0.45702496 0.47508945 0.39693445 0.45000532 0.44589633  0.47476172 0.42761975 0.50206904 0.41641874
0.00039479 0.36283831 0.35232302 0.39930133 0.34523319 0.50234819  0.48417291 0.45702496 0.47508945 0.39693445 0.45000532 0.44589633  0.47476172 0.42761975 0.50206904 0.41641874
0.00039479 0.36283831 0.35232302 0.39930133 0.34523319 0.50234819  0.48417291 0.45702496 0.47508945 0.39693445 0.45000532 0.44589633  0.47476172 0.42761975 0.50206904 0.41641874
0.00039479 0.36283831 0.35232302 0.39930133 0.34523319 0.50234819  0.48417291 0.45702496 0.47508945 0.39693445 0.45000532 0.44589633  0.47476172 0.42761975 0.50206904 0.41641874
0.00039479 0.36283831 0.35232302 0.39930133 0.34523319 0.50234819  0.48417291 0.45702496 0.47508945 0.39693445 0.45000532 0.44589633  0.47476172 0.42761975 0.50206904 0.41641874
0.00039479 0.36283831 0.35232302 0.39930133 0.34523319 0.50234819  0.48417291 0.45702496 0.47508945 0.39693445 0.45000532 0.44589633  0.47476172 0.42761975 0.50206904 0.41641874
0.00039479 0.36283831 0.35232302 0.39930133 0.34523319 0.50234819  0.48417291 0.45702496 0.47508945 0.39693445 0.45000532 0.44589633  0.47476172 0.42761975 0.50206904 0.41641874
0.00039479 0.36283831 0.35232302 0.39930133 0.34523319 0.50234819  0.48417291 0.45702496 0.47508945 0.39693445 0.45000532 0.44589633  0.47476172 0.42761975 0.50206904 0.41641874
0.00039479 0.36283831 0.35232302 0.39930133 0.34523319 0.50234819  0.48417291 0.45702496 0.47508945 0.39693445 0.45000532 0.44589633  0.47476172 0.42761975 0.50206904 0.41641874
0.00039479 0.36283831 0.35232302 0.39930133 0.34523319 0.50234819  0.48417291 0.45702496 0.47508945 0.39693445 0.45000532 0.44589633  0.47476172 0.42761975 0.50206904 0.41641874
0.00039479 0.36283831 0.35232302 0.39930133 0.34523319 0.50234819  0.48417291 0.45702496 0.47508945 0.39693445 0.45000532 0.44589633  0.47476172 0.42761975 0.50206904 0.41641874
0.00039479 0.36283831 0.35232302 0.39930133 0.34523319 0.50234819  0.48417291 0.45702496 0.47508945 0.39693445 0.45000532 0.44589633  0.47476172 0.42761975 0.50206904 0.41641874
0.00039479 0.36283831 0.35232302 0.39930133 0.34523319 0.50234819  0.48417291 0.45702496 0.47508945 0.39693445 0.45000532 0.44589633  0.47476172 0.42761975 0.50206904 0.41641874
0.00039479 0.36283831 0.35232302 0.39930133 0.34523319 0.50234819  0.48417291 0.45702496 0.47508945 0.39693445 0.45000532 0.44589633  0.47476172 0.42761975 0.50206904 0.41641874
0.00039479 0.36283831 0.35232302 0.39930133 0.34523319 0.50234819  0.48417291 0.45702496 0.47508945 0.39693445 0.45000532 0.44589633  0.47476172 0.42761975 0.50206904 0.41641874
0.00039479 0.36283831 0.35232302 0.39930133 0.34523319 0.50234819  0.48417291 0.45702496 0.47508945 0.39693445 0.45000532 0.44589633  0.47476172 0.42761975 0.50206904 0.41641874
0.00039479 0.36283831 0.35232302 0.39930133 0.34523319 0.50234819  0.48417291 0.45702496 0.47508945 0.39693445 0.45000532 0.44589633  0.47476172 0.42761975 0.50206904 0.41641874
0.00039479 0.36283831 0.35232302 0.39930133 0.34523319 0.50234819  0.48417291 0.45702496 0.47508945 0.39693445 0.45000532 0.44589633  0.47476172 0.42761975 0.50206904 0.41641874
0.00039479 0.36283831 0.35232302 0.39930133 0.34523319 0.50234819  0.48417291 0.45702496 0.47508945 0.39693445 0.45000532 0.44589633  0.47476172 0.42761975 0.50206904 0.41641874
0.00039479 0.36283831 0.35232302 0.39930133 0.34523319 0.50234819  0.48417291 0.45702496 0.47508945 0.39693445 0.45000532 0.44589633  0.47476172 0.42761975 0.50206904 0.41641874
0.00039479 0.36283831 0.35232302 0.39930133 0.34523319 0.50234819  0.48417291 0.45702496 0.47508945 0.39693445 0.45000532 0.44589633  0.47476172 0.42761975 0.50206904 0.41641874
0.00039479 0.36283831 0.35232302 0.39930133 0.34523319 0.50234819  0.48417291 0.45702496 0.47508945 0.39693445 0.45000532 0.44589633  0.47476172 0.42761975 0.50206904 0.41641874
0.00039479 0.36283831 0.35232302 0.39930133 0.34523319 0.50234819  0.48417291 0.45702496 0.47508945 0.39693445 0.45000532 0.44589633  0.47476172 0.42761975 0.50206904 0.41641874
0.00039479 0.36283831 0.35232302 0.39930133 0.34523319 0.50234819  0.48417291 0.45702496 0.47508945 0.39693445 0.45000532 0.44589633  0.47476172 0.42761975 0.50206904 0.41641874
0.00039479 0.36283831 0.35232302 0.39930133 0.34523319 0.50234819  0.48417291 0.45702496 0.47508945 0.39693445 0.45000532 0.44589633  0.47476172 0.42761975 0.50206904 0.41641874
0.00039479 0.36283831 0.35232302 0.39930133 0.34523319 0.50234819  0.48417291 0.45702496 0.47508945 0.39693445 0.45000532 0.44589633  0.47476172 0.42761975 0.50206904 0.41641874
0.00039479 0.36283831 0.35232302 0.39930133 0.34523319 0.50234819  0.48417291 0.45702496 0.47508945 0.39693445 0.45000532 0.44589633  0.47476172 0.42761975 0.50206904 0.41641874
0.00039479 0.36283831 0.35232302 0.39930133 0.34523319 0.50234819  0.48417291 0.45702496 0.47508945 0.39693445 0.45000532 0.44589633  0.47476172 0.42761975 0.50206904 0.41641874
0.00046627 0.36389632 0.35301649 0.39770939 0.3510354  0.50531441  0.48031266 0.45959012 0.471183   0.39620388 0.45878789 0.4658559  0.46705657 0.41845234 0.50735037 0.44124774
0.12766526 0.51859871 0.28458361 0.49932029 0.35022707 0.54639834  0.35337676 0.44995527 0.62082201 0.46959482 0.47948105 0.49892529  0.38551887 0.51004595 0.7877559  0.47738212
0.23722797 0.64721882 0.22573352 0.57456811 0.35071195 0.5590012  0.28019777 0.4561683  0.66833836 0.49779842 0.44887916 0.51642077  0.43539761 0.49124175 0.77103025 0.55056723
0.47560099 0.80066564 0.14772327 0.5059137  0.28912963 0.7071697  0.39266351 0.4782416  0.56508087 0.43108353 0.51722693 0.45797848  0.50719994 0.35193551 0.36585478 0.47584608
0.58034951 0.74414062 0.12798336 0.31219419 0.2913521  0.69462067  0.59778023 0.54848299 0.41013816 0.41273643 0.42006092 0.47049191  0.64147141 0.37531906 0.41443329 0.53562008
0.64508072 0.65265402 0.13494245 0.19084885 0.28124137 0.6281543  0.59554035 0.74328506 0.41761212 0.40830666 0.40399976 0.4631499  0.53068227 0.31635145 0.6036428  0.53214929
0.73361402 0.48758572 0.15019776 0.11857388 0.27341336 0.52138606  0.44497704 0.6755567  0.49110043 0.40767756 0.28246491 0.52661558  0.4023992  0.45332337 0.5979695  0.45562136
0.75909589 0.41687079 0.13640909 0.12033857 0.30793896 0.47232578  0.37235357 0.61437536 0.55434285 0.35858716 0.3678881  0.48820233  0.37696606 0.3542899  0.42983085 0.39329407
0.78439602 0.34920449 0.11509822 0.12285053 0.34576701 0.4533275  0.31428084 0.45325025 0.60155421 0.35564157 0.3029053  0.49730314  0.41435012 0.29059942 0.41129945 0.33353117
0.79672076 0.33455859 0.14275179 0.14895477 0.31593059 0.43253101  0.30846212 0.45903886 0.55423209 0.40530606 0.34810717 0.52633999  0.39814835 0.33034949 0.41692499 0.29717134
0.79672076 0.33455859 0.14275179 0.14895477 0.31593059 0.43253101  0.30846212 0.45903886 0.55423209 0.40530606 0.34810717 0.52633999  0.39814835 0.33034949 0.41692499 0.29717134
0.81215842 0.27517917 0.13504103 0.23986066 0.36140107 0.47774082  0.29899188 0.4527846  0.46580769 0.41567873 0.39905352 0.42343663  0.40604441 0.33320756 0.43299801 0.40636799
0.81991962 0.24507476 0.1277142  0.28330571 0.38815959 0.5117867  0.29207849 0.44703799 0.42222661 0.40983423 0.39906053 0.36755588  0.42301055 0.31084324 0.48892988 0.42640749
0.82712678 0.21691037 0.12493153 0.33041235 0.41179843 0.53743808  0.29436564 0.4490434  0.38845428 0.42480551 0.41311552 0.31609474  0.41726421 0.33767021 0.48551536 0.4941158 
0.82712678 0.21691037 0.12493153 0.33041235 0.41179843 0.53743808  0.29436564 0.4490434  0.38845428 0.42480551 0.41311552 0.31609474  0.41726421 0.33767021 0.48551536 0.4941158 
0.81480204 0.23155627 0.09727796 0.3043081  0.44163485 0.55823456  0.30018436 0.44325479 0.43577639 0.37514102 0.36791366 0.28705789  0.43346598 0.29792015 0.47988982 0.53047563
0.81480204 0.23155627 0.09727796 0.3043081  0.44163485 0.55823456  0.30018436 0.44325479 0.43577639 0.37514102 0.36791366 0.28705789  0.43346598 0.29792015 0.47988982 0.53047563
0.81480204 0.23155627 0.09727796 0.3043081  0.44163485 0.55823456  0.30018436 0.44325479 0.43577639 0.37514102 0.36791366 0.28705789  0.43346598 0.29792015 0.47988982 0.53047563
0.81480204 0.23155627 0.09727796 0.3043081  0.44163485 0.55823456  0.30018436 0.44325479 0.43577639 0.37514102 0.36791366 0.28705789  0.43346598 0.29792015 0.47988982 0.53047563
0.80759489 0.25972065 0.10006063 0.25720146 0.417996   0.53258318  0.29789721 0.44124938 0.46954872 0.36016975 0.35385867 0.33851903  0.43921231 0.27109318 0.48330434 0.46276732
0.78439602 0.34920449 0.11509822 0.12285053 0.34576701 0.4533275  0.31428084 0.45325025 0.60155421 0.35564157 0.3029053  0.49730314  0.41435012 0.29059942 0.41129945 0.33353117
0.7689441  0.36256951 0.09195815 0.11502946 0.36984051 0.43640136  0.35905026 0.4429618  0.65211285 0.33690123 0.34520823 0.49225303  0.42027361 0.29836074 0.46732284 0.40181043
0.7689441  0.36256951 0.09195815 0.11502946 0.36984051 0.43640136  0.35905026 0.4429618  0.65211285 0.33690123 0.34520823 0.49225303  0.42027361 0.29836074 0.46732284 0.40181043
0.7542414  0.38895574 0.07952069 0.11783172 0.38649245 0.45098562  0.39455098 0.40149828 0.67891237 0.31366416 0.36670431 0.48518449  0.53847275 0.36151965 0.43022801 0.42267147
0.72640094 0.45160616 0.07933187 0.13371143 0.37957496 0.4916435  0.46090181 0.35525095 0.65703208 0.33328622 0.32114212 0.50232229  0.65070202 0.48519541 0.47178271 0.44769901
0.69673908 0.51033311 0.07549007 0.17223897 0.37854294 0.54181124  0.514598   0.26893977 0.6249669  0.33967367 0.28531019 0.49777304  0.74681904 0.50244848 0.51691819 0.43831534
0.66637486 0.55510299 0.06845759 0.19139357 0.38638814 0.52553166  0.58618817 0.28630919 0.6071008  0.35529953 0.34079183 0.50230461  0.71016346 0.55286862 0.64515781 0.46817767
0.57827445 0.72075359 0.08667916 0.27982729 0.35636228 0.57337153  0.72117092 0.45077362 0.48042033 0.38850122 0.54348759 0.44972003  0.62792376 0.53170648 0.60542403 0.51022748
0.56324047 0.75110964 0.09211211 0.30418254 0.34843496 0.59677457  0.7318537  0.49777815 0.44141285 0.39386804 0.58813656 0.42747788  0.60811379 0.45263783 0.56700873 0.50068664
0.52906469 0.78820068 0.09336626 0.38841304 0.34732777 0.60797626  0.70061735 0.39068725 0.41489499 0.43795197 0.56221965 0.44478585  0.48337353 0.40582652 0.48947905 0.4686588 
0.49279506 0.79883281 0.08948759 0.4538334  0.37477935 0.53766039  0.67361769 0.34105092 0.40775879 0.46182159 0.56147453 0.45894149  0.33910793 0.39120822 0.51804061 0.41814157
0.49279506 0.79883281 0.08948759 0.4538334  0.37477935 0.53766039  0.67361769 0.34105092 0.40775879 0.46182159 0.56147453 0.45894149  0.33910793 0.39120822 0.51804061 0.41814157
0.49279506 0.79883281 0.08948759 0.4538334  0.37477935 0.53766039  0.67361769 0.34105092 0.40775879 0.46182159 0.56147453 0.45894149  0.33910793 0.39120822 0.51804061 0.41814157
0.4379931  0.79244428 0.09675666 0.52042949 0.40462433 0.42381772  0.62519495 0.3779916  0.36622467 0.43523306 0.53680303 0.45352515  0.27208436 0.37085559 0.48186201 0.36053727
0.4005181  0.78538641 0.10254264 0.57581323 0.42714935 0.35241199  0.55497478 0.38834311 0.37465141 0.46162841 0.46620647 0.48153606  0.23122988 0.38353789 0.55553547 0.37178495
0.4005181  0.78538641 0.10254264 0.57581323 0.42714935 0.35241199  0.55497478 0.38834311 0.37465141 0.46162841 0.46620647 0.48153606  0.23122988 0.38353789 0.55553547 0.37178495
0.27177245 0.72219866 0.16398737 0.66818633 0.436234   0.25414057  0.32818759 0.55079232 0.46056657 0.39389192 0.35966302 0.46551031  0.47394365 0.43759325 0.55934456 0.40786155
0.27177245 0.72219866 0.16398737 0.66818633 0.436234   0.25414057  0.32818759 0.55079232 0.46056657 0.39389192 0.35966302 0.46551031  0.47394365 0.43759325 0.55934456 0.40786155
0.23495862 0.69119809 0.18297643 0.66695012 0.44078358 0.23352283  0.29568078 0.59814769 0.49606716 0.35125743 0.38118787 0.44124864  0.62903047 0.47589483 0.51035549 0.41189082
0.08898453 0.49346593 0.28299807 0.52130706 0.39454287 0.34136759  0.40028191 0.5418126  0.42140671 0.36827966 0.30790654 0.45555577  0.67150853 0.39450236 0.36740806 0.5048435 
0.00039479 0.36283831 0.35232302 0.39930133 0.34523319 0.50234819  0.48417291 0.45702496 0.47508945 0.39693445 0.45000532 0.44589633  0.47476172 0.42761975 0.50206904 0.41641874
0.00039479 0.36283831 0.35232302 0.39930133 0.34523319 0.50234819  0.48417291 0.45702496 0.47508945 0.39693445 0.45000532 0.44589633  0.47476172 0.42761975 0.50206904 0.41641874
0.00039479 0.36283831 0.35232302 0.39930133 0.34523319 0.50234819  0.48417291 0.45702496 0.47508945 0.39693445 0.45000532 0.44589633  0.47476172 0.42761975 0.50206904 0.41641874
0.00178055 0.37578531 0.38130062 0.36594055 0.48450864 0.54355863  0.43943714 0.46555069 0.43232276 0.42002516 0.5511869  0.59523478  0.51743793 0.37490077 0.51474188 0.46142392
0.00836309 0.41371237 0.46007971 0.30243312 0.71510706 0.61009967  0.36720218 0.47568182 0.35906801 0.42974376 0.6613596  0.75864136  0.51657982 0.32448072 0.5274956  0.50439417
0.00836309 0.41371237 0.46007971 0.30243312 0.71510706 0.61009967  0.36720218 0.47568182 0.35906801 0.42974376 0.6613596  0.75864136  0.51657982 0.32448072 0.5274956  0.50439417
0.01027282 0.42315568 0.47955809 0.2817834  0.78158283 0.62159461  0.35533166 0.48010312 0.35362518 0.45859401 0.67840987 0.78786707  0.53365315 0.31923679 0.52342948 0.50408522
0.01101013 0.42472341 0.48447597 0.27741208 0.79722688 0.62320801  0.34989804 0.48184391 0.34996741 0.45591689 0.6936976  0.81640619  0.52560057 0.29962854 0.53193515 0.53458344
0.01396065 0.43725884 0.51031996 0.26171702 0.84422557 0.63213263  0.33898009 0.48030034 0.34153    0.45099297 0.68891432 0.81094222  0.5127767  0.29905902 0.5379642  0.51416926
0.01396065 0.43725884 0.51031996 0.26171702 0.84422557 0.63213263  0.33898009 0.48030034 0.34153    0.45099297 0.68891432 0.81094222  0.5127767  0.29905902 0.5379642  0.51416926
0.01396065 0.43725884 0.51031996 0.26171702 0.84422557 0.63213263  0.33898009 0.48030034 0.34153    0.45099297 0.68891432 0.81094222  0.5127767  0.29905902 0.5379642  0.51416926
0.01396065 0.43725884 0.51031996 0.26171702 0.84422557 0.63213263  0.33898009 0.48030034 0.34153    0.45099297 0.68891432 0.81094222  0.5127767  0.29905902 0.5379642  0.51416926
0.01403661 0.43597685 0.50847555 0.2653314  0.82830641 0.62541764  0.3468996  0.47748024 0.35110362 0.4516489  0.66768907 0.77135964  0.52069455 0.31584816 0.53071755 0.47724839
0.01354666 0.43327153 0.5003966  0.27470189 0.78783927 0.61396047  0.36285165 0.47426517 0.36803295 0.45422317 0.62196153 0.69409938  0.53009914 0.35490942 0.51624082 0.41344987
0.01207924 0.42513744 0.48389344 0.28830321 0.73984005 0.5992093  0.37866284 0.46913411 0.38933926 0.46369016 0.59331935 0.65193059  0.53784943 0.36888393 0.50518068 0.39274764
0.01074374 0.41337232 0.45685388 0.32007774 0.60956483 0.56200262  0.42106112 0.45875489 0.43131156 0.44459951 0.49398824 0.5033421  0.50412936 0.42314956 0.48663913 0.3400317 
0.02090166 0.4054611  0.36799668 0.41329845 0.39903174 0.48661225  0.43987596 0.47434188 0.46857701 0.38270858 0.42271778 0.43820543  0.49232905 0.45708045 0.52576646 0.41221951
0.03525649 0.41685964 0.32437467 0.45347996 0.36854765 0.43569141  0.43485985 0.4975719  0.47652552 0.39120509 0.39620065 0.45304628  0.55757342 0.45566594 0.52722734 0.46096477
0.07072036 0.46614656 0.29703087 0.49537801 0.38589877 0.36790454  0.42476719 0.52354981 0.41109396 0.37319006 0.31579528 0.455873  0.64330505 0.37971972 0.35247623 0.50905457
0.10679524 0.51834894 0.27078644 0.54010262 0.40132078 0.33085575  0.38257058 0.54856455 0.44287871 0.37075216 0.32467677 0.45436686  0.65354231 0.42160492 0.42265547 0.49938093
0.1247041  0.54421988 0.25696007 0.56351728 0.41043773 0.29914635  0.36846358 0.56473133 0.4281759  0.36275847 0.2970877  0.45535593  0.69495746 0.40925667 0.38155982 0.51196272
0.14282229 0.57075692 0.24330604 0.5871726  0.41924892 0.27402066  0.34946114 0.57930598 0.43103056 0.35857185 0.28798386 0.45549283  0.71592804 0.416078   0.38412458 0.51238936
0.14282229 0.57075692 0.24330604 0.5871726  0.41924892 0.27402066  0.34946114 0.57930598 0.43103056 0.35857185 0.28798386 0.45549283  0.71592804 0.416078   0.38412458 0.51238936
0.12440017 0.54590072 0.25553648 0.56951008 0.41500592 0.27984344  0.36660049 0.573536   0.4031488  0.35895289 0.25716352 0.46023151  0.74080632 0.38769006 0.32975746 0.53921284
0.08837313 0.49349274 0.28301688 0.52244009 0.39707778 0.33667853  0.39970993 0.54279457 0.41499696 0.3711332  0.29385644 0.45910554  0.67842059 0.39321697 0.36828835 0.52620442
0.05321128 0.43913037 0.31117827 0.46825072 0.37432155 0.40307748  0.44741125 0.50363182 0.41626492 0.3766235  0.34855458 0.45200603  0.59838234 0.37396954 0.35608178 0.48310896
0.03514825 0.41370071 0.3248389  0.44709904 0.36559576 0.43311778  0.45442367 0.49253738 0.44112986 0.38365436 0.37825223 0.45061328  0.56697354 0.40307785 0.42249623 0.46734004
0.03514825 0.41370071 0.3248389  0.44709904 0.36559576 0.43311778  0.45442367 0.49253738 0.44112986 0.38365436 0.37825223 0.45061328  0.56697354 0.40307785 0.42249623 0.46734004
0.01779563 0.38669558 0.33863985 0.42004769 0.35385851 0.46460162  0.48109267 0.47190843 0.43452283 0.38595027 0.3992976  0.44733029  0.52908455 0.38078184 0.39373238 0.44873962
0.01779563 0.38669558 0.33863985 0.42004769 0.35385851 0.46460162  0.48109267 0.47190843 0.43452283 0.38595027 0.3992976  0.44733029  0.52908455 0.38078184 0.39373238 0.44873962
0.00039479 0.36283831 0.35232302 0.39930133 0.34523319 0.50234819  0.48417291 0.45702496 0.47508945 0.39693445 0.45000532 0.44589633  0.47476172 0.42761975 0.50206904 0.41641874
0.00039479 0.36283831 0.35232302 0.39930133 0.34523319 0.50234819  0.48417291 0.45702496 0.47508945 0.39693445 0.45000532 0.44589633  0.47476172 0.42761975 0.50206904 0.41641874
0.00039479 0.36283831 0.35232302 0.39930133 0.34523319 0.50234819  0.48417291 0.45702496 0.47508945 0.39693445 0.45000532 0.44589633  0.47476172 0.42761975 0.50206904 0.41641874
0.00039479 0.36283831 0.35232302 0.39930133 0.34523319 0.50234819  0.48417291 0.45702496 0.47508945 0.39693445 0.45000532 0.44589633  0.47476172 0.42761975 0.50206904 0.41641874
0.00039479 0.36283831 0.35232302 0.39930133 0.34523319 0.50234819  0.48417291 0.45702496 0.47508945 0.39693445 0.45000532 0.44589633  0.47476172 0.42761975 0.50206904 0.41641874
0.00039479 0.36283831 0.35232302 0.39930133 0.34523319 0.50234819  0.48417291 0.45702496 0.47508945 0.39693445 0.45000532 0.44589633  0.47476172 0.42761975 0.50206904 0.41641874
0.00039479 0.36283831 0.35232302 0.39930133 0.34523319 0.50234819  0.48417291 0.45702496 0.47508945 0.39693445 0.45000532 0.44589633  0.47476172 0.42761975 0.50206904 0.41641874
0.00039479 0.36283831 0.35232302 0.39930133 0.34523319 0.50234819  0.48417291 0.45702496 0.47508945 0.39693445 0.45000532 0.44589633  0.47476172 0.42761975 0.50206904 0.41641874
0.00039479 0.36283831 0.35232302 0.39930133 0.34523319 0.50234819  0.48417291 0.45702496 0.47508945 0.39693445 0.45000532 0.44589633  0.47476172 0.42761975 0.50206904 0.41641874
0.03514825 0.41370071 0.3248389  0.44709904 0.36559576 0.43311778  0.45442367 0.49253738 0.44112986 0.38365436 0.37825223 0.45061328  0.56697354 0.40307785 0.42249623 0.46734004
0.07072036 0.46614656 0.29703087 0.49537801 0.38589877 0.36790454  0.42476719 0.52354981 0.41109396 0.37319006 0.31579528 0.455873  0.64330505 0.37971972 0.35247623 0.50905457
0.14243504 0.52581543 0.2444961  0.50677427 0.42130334 0.27567848  0.52324163 0.47470952 0.24691051 0.40592589 0.19529398 0.49512852  0.54877584 0.31371446 0.30928022 0.53210299
0.23416879 0.64855113 0.18276717 0.59180246 0.44680191 0.22338329  0.46709785 0.49851178 0.29843009 0.3956521  0.26721967 0.48025916  0.49713293 0.35187512 0.37225586 0.46245005
0.34508859 0.7273703  0.12484226 0.54985166 0.4487773  0.27257832  0.59666548 0.43852613 0.30627915 0.39032334 0.47117375 0.44503631  0.34198717 0.37879446 0.41135262 0.34235849
0.52872492 0.60506504 0.18549213 0.42495525 0.41621736 0.19517493  0.87050551 0.55015831 0.5811259  0.48083822 0.51617925 0.46873156  0.49330474 0.51318785 0.41808166 0.5235471 
0.67721339 0.51840189 0.25127399 0.31758638 0.30506446 0.33707348  0.77967952 0.74895699 0.66175466 0.68703954 0.411706   0.47776569  0.49835352 0.38206228 0.38906218 0.66793215
0.68875947 0.50434906 0.2798364  0.3458511  0.28463937 0.31229688  0.79288177 0.75318741 0.62685511 0.74065437 0.45004738 0.49846889  0.51832954 0.39096417 0.44904182 0.5994045 
0.7233284  0.49277414 0.27811703 0.31356883 0.26762629 0.35263228  0.76472727 0.76990005 0.67910324 0.76779164 0.43502456 0.52495414  0.4556326  0.36182647 0.56500064 0.65096884
0.74163669 0.50190202 0.27943577 0.3078299  0.24581472 0.42326301  0.74775361 0.73127341 0.7058543  0.80852992 0.39914941 0.54737477  0.45587028 0.3588035  0.58964372 0.70021624
0.73326161 0.52726153 0.27233446 0.27068181 0.25704329 0.44794638  0.7342371  0.7273362  0.70063976 0.75411635 0.30068644 0.51598305  0.44311734 0.34218626 0.62843307 0.61795202
0.74871353 0.51389652 0.29547453 0.27850287 0.23296979 0.46487251  0.68946767 0.73762465 0.65008111 0.77285669 0.25838351 0.52103316  0.43719385 0.33442494 0.57240968 0.54967276
0.62511078 0.67761602 0.25003837 0.47882042 0.19616187 0.57594987  0.59089506 0.39626061 0.37978238 0.68314749 0.31677803 0.56174849  0.36041666 0.32784542 0.43736233 0.39933966
0.52826285 0.79148284 0.12973501 0.44155936 0.28650172 0.69434677  0.53662539 0.39424571 0.38866377 0.4869265  0.35700807 0.48543846  0.44436016 0.30729342 0.32176077 0.46668513
0.3823169  0.78846128 0.12236228 0.61859486 0.40084468 0.41011661  0.43917827 0.38945036 0.43904364 0.49797    0.38614672 0.5066506  0.24499922 0.38006324 0.59447753 0.43107704
0.32680471 0.75606302 0.13348482 0.64310111 0.43884539 0.27618042  0.41189629 0.48753474 0.42853639 0.42021829 0.40844847 0.47192649  0.36248398 0.41471488 0.55720906 0.38725618
0.21609868 0.65448201 0.19522922 0.63036878 0.4385206  0.23005962  0.36033319 0.56789838 0.40315951 0.36338066 0.30555639 0.4572839  0.59629291 0.42310786 0.44226824 0.44117394
0.19781245 0.64365332 0.20687501 0.63907103 0.43379907 0.24333991  0.30710137 0.59955268 0.47632552 0.35398087 0.33267455 0.44940845  0.68674913 0.46510203 0.48088191 0.46067454
0.16111425 0.59453881 0.23205937 0.60360499 0.42127815 0.27386481  0.32775026 0.58734677 0.46627023 0.36231647 0.31339473 0.45493345  0.70127928 0.44628823 0.45380989 0.49883121
0.17942973 0.62032927 0.21894842 0.62384907 0.42876678 0.25692863  0.31361816 0.59421834 0.47465091 0.36125043 0.32139782 0.45373928  0.68833577 0.45784531 0.4789263  0.48600364
0.19795733 0.64050115 0.21160515 0.63378754 0.41949568 0.29082666  0.29289315 0.57851727 0.51231633 0.39448513 0.32699113 0.4701255  0.62370517 0.46153791 0.56652903 0.50147498
0.25392014 0.70935364 0.17754424 0.66809832 0.42500405 0.29488316  0.28080905 0.5685001  0.55707825 0.39045482 0.4299595  0.45188669  0.51597614 0.47937998 0.61112779 0.41424556
0.32792791 0.75282699 0.16280669 0.6367918  0.37219426 0.46816463  0.30909243 0.45264676 0.56790628 0.48313686 0.38910153 0.49611023  0.40108493 0.41279127 0.60335271 0.49665963
0.42197165 0.81966524 0.12883817 0.58940231 0.33714667 0.59212695  0.40594522 0.39674552 0.58230231 0.4492814  0.58590683 0.4428437  0.32859787 0.35979088 0.44326054 0.39509047
0.4940234  0.80677454 0.11353979 0.46659322 0.32100984 0.64796911  0.56362945 0.40497688 0.48007569 0.43632574 0.55795765 0.43969584  0.44365733 0.3548675  0.39783813 0.46322553
0.52906469 0.78820068 0.09336626 0.38841304 0.34732777 0.60797626  0.70061735 0.39068725 0.41489499 0.43795197 0.56221965 0.44478585  0.48337353 0.40582652 0.48947905 0.4686588 
0.58108692 0.75256055 0.12394235 0.31353641 0.28926624 0.69493698  0.64085643 0.51238524 0.37699323 0.42387175 0.40951623 0.44861004  0.63806581 0.39214551 0.40029533 0.49172826
0.58108692 0.75256055 0.12394235 0.31353641 0.28926624 0.69493698  0.64085643 0.51238524 0.37699323 0.42387175 0.40951623 0.44861004  0.63806581 0.39214551 0.40029533 0.49172826
0.59787761 0.73134667 0.12022963 0.27059545 0.29584709 0.67845973  0.66056277 0.55335991 0.40061692 0.40211321 0.42785235 0.44404497  0.69609507 0.42322775 0.46911648 0.50576494
0.60103187 0.74696432 0.14970424 0.25754122 0.3379084  0.69420763  0.64293482 0.55004788 0.38749745 0.39018326 0.42161018 0.43307109  0.67577341 0.43039244 0.46405004 0.48296529
0.75891671 0.75030502 0.62037457 0.14954771 0.64520181 0.60335252  0.53382249 0.35711193 0.4255076  0.22917422 0.25021392 0.43583768  0.74313438 0.60852167 0.58288468 0.39813966
0.75891671 0.75030502 0.62037457 0.14954771 0.64520181 0.60335252  0.53382249 0.35711193 0.4255076  0.22917422 0.25021392 0.43583768  0.74313438 0.60852167 0.58288468 0.39813966
0.78890956 0.69080063 0.61852771 0.10427725 0.65250602 0.5480336  0.4888411  0.42732046 0.48396454 0.18762815 0.30639239 0.43277679  0.68393421 0.59052511 0.57836137 0.40772724
0.80673685 0.68018794 0.67776857 0.14274868 0.63281385 0.49650156  0.54350779 0.43534471 0.51391416 0.27029364 0.32100163 0.43071013  0.69178845 0.54280518 0.66566223 0.36075044
0.81762097 0.67085192 0.70229903 0.18113505 0.55457096 0.46747956  0.55947254 0.41796156 0.49270962 0.2831371  0.326335   0.41268517  0.72535664 0.61429657 0.63680026 0.30772608
0.83069695 0.63550751 0.69501855 0.17845676 0.57309343 0.4419985  0.52430349 0.37129755 0.53102691 0.26110892 0.34906096 0.39882275  0.71997059 0.5771827  0.56268618 0.27245437
0.86311538 0.52787239 0.63913821 0.17372984 0.48228177 0.42591402  0.37575169 0.38487049 0.42516772 0.15687157 0.34357333 0.5104862  0.48313714 0.44340578 0.65682339 0.26425669
0.87619933 0.44076109 0.57663654 0.2354659  0.39460421 0.38314923  0.33029052 0.38521296 0.38451329 0.17120222 0.49781862 0.59577174  0.49031688 0.37390258 0.61081305 0.22280648
0.86993659 0.41981668 0.52813682 0.25291162 0.33021959 0.37465667  0.33511337 0.38459031 0.38135456 0.19197678 0.50458596 0.60220987  0.5290913  0.40169885 0.5852449  0.2097245 
0.87193948 0.36982137 0.4802084  0.32291172 0.2696357  0.37715953  0.34827834 0.38621334 0.35221524 0.23343078 0.5428829  0.55114387  0.53579297 0.43915284 0.54441157 0.30041785
0.88547092 0.28053808 0.41048066 0.40210822 0.22370581 0.37284728  0.35372666 0.30870304 0.35594102 0.26760929 0.52502461 0.52324576  0.58642886 0.4255629  0.55099991 0.38292903
0.88547092 0.28053808 0.41048066 0.40210822 0.22370581 0.37284728  0.35372666 0.30870304 0.35594102 0.26760929 0.52502461 0.52324576  0.58642886 0.4255629  0.55099991 0.38292903
0.87967728 0.26752591 0.37605321 0.40012419 0.22163241 0.37211153  0.36488112 0.33222779 0.36292235 0.33602729 0.52591901 0.52296003  0.6177031  0.41066187 0.55560483 0.3257663 
0.84677636 0.24981492 0.23376957 0.32737525 0.28567717 0.42892033  0.31501411 0.42952125 0.36095317 0.51460304 0.50258847 0.49826558  0.51703821 0.46711637 0.42969112 0.26425014
0.83539617 0.25480656 0.19927936 0.30060113 0.31602915 0.44437068  0.3148559  0.44395209 0.3961458  0.49423546 0.46152025 0.4640008  0.47071584 0.41238935 0.45467307 0.29949871
0.84314463 0.19220004 0.15478039 0.39801013 0.4098089  0.5612715  0.31279659 0.45500132 0.34664583 0.41926865 0.41025537 0.32751919  0.46338558 0.39768575 0.48583646 0.40419795
0.81872399 0.21485892 0.09478067 0.34194008 0.46305106 0.58665203  0.32509579 0.46433073 0.44388922 0.36511419 0.34085068 0.28115255  0.41627539 0.33671313 0.47617115 0.51947698
0.81872399 0.21485892 0.09478067 0.34194008 0.46305106 0.58665203  0.32509579 0.46433073 0.44388922 0.36511419 0.34085068 0.28115255  0.41627539 0.33671313 0.47617115 0.51947698
0.82441793 0.19138148 0.08854481 0.38692897 0.49277691 0.6263378  0.34244536 0.4759507  0.4271425  0.34941727 0.3120049  0.24581217  0.42291558 0.34146984 0.54116991 0.50414523
0.80896601 0.2047465  0.06540474 0.37910791 0.51685041 0.60941167  0.38721479 0.46566226 0.47770114 0.33067693 0.35430784 0.24076206  0.42883908 0.34923117 0.59719329 0.5724245 
0.79426331 0.23113273 0.05296728 0.38191016 0.53350235 0.62399592  0.4227155  0.42419873 0.50450066 0.30743986 0.37580391 0.23369352  0.54703822 0.41239007 0.56009846 0.59328553
0.79426331 0.23113273 0.05296728 0.38191016 0.53350235 0.62399592  0.4227155  0.42419873 0.50450066 0.30743986 0.37580391 0.23369352  0.54703822 0.41239007 0.56009846 0.59328553
0.79426331 0.23113273 0.05296728 0.38191016 0.53350235 0.62399592  0.4227155  0.42419873 0.50450066 0.30743986 0.37580391 0.23369352  0.54703822 0.41239007 0.56009846 0.59328553
0.79426331 0.23113273 0.05296728 0.38191016 0.53350235 0.62399592  0.4227155  0.42419873 0.50450066 0.30743986 0.37580391 0.23369352  0.54703822 0.41239007 0.56009846 0.59328553
0.74858677 0.31652978 0.03809866 0.36069301 0.54221921 0.58200971  0.52845506 0.36971851 0.64221886 0.26536332 0.38390447 0.34661266  0.56111591 0.51666927 0.52090908 0.42895701
0.71557976 0.35127291 0.01693348 0.40350982 0.57448302 0.55428687  0.58729657 0.26779236 0.6658459  0.24200503 0.4756441  0.32763078  0.57414803 0.55216386 0.55431246 0.41147143
0.67318103 0.44614782 0.02528853 0.4443373  0.55117569 0.633185  0.66973239 0.21210116 0.58246384 0.31061332 0.35676839 0.3552425  0.65339529 0.63208002 0.65286035 0.42893943
0.66597388 0.47431221 0.0280712  0.39723066 0.52753684 0.60753362  0.66744524 0.21009575 0.61623617 0.29564204 0.3427134  0.40670364  0.65914162 0.60525305 0.65627487 0.36123112
0.64754364 0.47363516 0.02300154 0.41910829 0.55292939 0.54572712  0.67422432 0.20504065 0.60796296 0.2901361  0.37032166 0.40326114  0.59495216 0.62101648 0.69469794 0.32279201
0.64754364 0.47363516 0.02300154 0.41910829 0.55292939 0.54572712  0.67422432 0.20504065 0.60796296 0.2901361  0.37032166 0.40326114  0.59495216 0.62101648 0.69469794 0.32279201
0.62239736 0.51961674 0.02786979 0.41695277 0.53164452 0.50640567  0.66960769 0.14467103 0.64864988 0.31830599 0.36273386 0.47188478  0.51127503 0.62765172 0.63005753 0.28476135
0.5346164  0.64146565 0.05010447 0.47983459 0.47800469 0.46248731  0.60149732 0.08407063 0.49100233 0.45273978 0.32998146 0.49169679  0.38267745 0.50198101 0.70861814 0.34562085
0.51630811 0.63233777 0.04878574 0.48557352 0.49981626 0.39185659  0.61847098 0.12269727 0.46425126 0.4120015  0.36585661 0.46927615  0.38243977 0.50500398 0.68397506 0.29637345
0.42273447 0.63393611 0.08184739 0.46187118 0.50827211 0.1763247  0.64175198 0.26710676 0.34070761 0.36580201 0.33252121 0.48659851  0.45728484 0.55976104 0.60065029 0.29542263
0.42273447 0.63393611 0.08184739 0.46187118 0.50827211 0.1763247  0.64175198 0.26710676 0.34070761 0.36580201 0.33252121 0.48659851  0.45728484 0.55976104 0.60065029 0.29542263
0.37108941 0.66065025 0.10072916 0.5373738  0.50003751 0.174456  0.58262201 0.32109029 0.28748298 0.38728515 0.29246864 0.48593371  0.41946103 0.44865883 0.53092805 0.31586241
0.33424878 0.63487021 0.11802177 0.55206381 0.49860721 0.16346838  0.54754047 0.31528281 0.28126611 0.40193172 0.2278615  0.50458081  0.44119036 0.41754003 0.48567668 0.34890057
0.33424878 0.63487021 0.11802177 0.55206381 0.49860721 0.16346838  0.54754047 0.31528281 0.28126611 0.40193172 0.2278615  0.50458081  0.44119036 0.41754003 0.48567668 0.34890057
0.30712942 0.69720818 0.13661226 0.56742287 0.47113413 0.18563775  0.58062231 0.46929559 0.23531268 0.3895644  0.33832205 0.46813647  0.40070238 0.3770844  0.41443206 0.37034915
0.26986133 0.65247975 0.15818448 0.54603476 0.47053105 0.17290396  0.59801473 0.47108513 0.17805536 0.39434293 0.24714008 0.4854438  0.46517196 0.33887751 0.34876358 0.44131529
0.19662811 0.60455484 0.20459764 0.5751542  0.44553654 0.213504  0.46204259 0.51429893 0.28154992 0.39930137 0.19507164 0.49375928  0.57998368 0.362421   0.38202422 0.52285599
0.19689265 0.60134186 0.20617827 0.56672084 0.44175764 0.22504097  0.47452823 0.50505861 0.28036988 0.39621843 0.2154522  0.48929155  0.55742646 0.36285638 0.38141507 0.49710024
0.17850992 0.5780178  0.21825167 0.55149888 0.43672535 0.23862969  0.48104502 0.49972427 0.27869527 0.40348799 0.20417547 0.49362238  0.5590131  0.35559966 0.37945946 0.52242935
0.1247041  0.54421988 0.25696007 0.56351728 0.41043773 0.29914635  0.36846358 0.56473133 0.4281759  0.36275847 0.2970877  0.45535593  0.69495746 0.40925667 0.38155982 0.51196272
0.10664108 0.51879022 0.27062071 0.5423656  0.40171193 0.32918665  0.37547599 0.55363688 0.45304085 0.36978932 0.32678535 0.45396318  0.66354867 0.43836499 0.44797427 0.49619379
0.10664108 0.51879022 0.27062071 0.5423656  0.40171193 0.32918665  0.37547599 0.55363688 0.45304085 0.36978932 0.32678535 0.45396318  0.66354867 0.43836499 0.44797427 0.49619379
0.08919764 0.49211013 0.28480703 0.51554418 0.39022717 0.36699637  0.39563782 0.5328     0.46669531 0.37565326 0.36720943 0.44987846  0.60798854 0.44403732 0.47582257 0.46688881
0.0177474  0.38984345 0.33852207 0.42635267 0.35697043 0.47086435  0.45750391 0.47765391 0.48169648 0.39463854 0.42895995 0.44917931  0.51265071 0.44991576 0.53083289 0.43501917
0.0177474  0.38984345 0.33852207 0.42635267 0.35697043 0.47086435  0.45750391 0.47765391 0.48169648 0.39463854 0.42895995 0.44917931  0.51265071 0.44991576 0.53083289 0.43501917
0.0177474  0.38984345 0.33852207 0.42635267 0.35697043 0.47086435  0.45750391 0.47765391 0.48169648 0.39463854 0.42895995 0.44917931  0.51265071 0.44991576 0.53083289 0.43501917
0.00039479 0.36283831 0.35232302 0.39930133 0.34523319 0.50234819  0.48417291 0.45702496 0.47508945 0.39693445 0.45000532 0.44589633  0.47476172 0.42761975 0.50206904 0.41641874
0.00039479 0.36283831 0.35232302 0.39930133 0.34523319 0.50234819  0.48417291 0.45702496 0.47508945 0.39693445 0.45000532 0.44589633  0.47476172 0.42761975 0.50206904 0.41641874
0.00039479 0.36283831 0.35232302 0.39930133 0.34523319 0.50234819  0.48417291 0.45702496 0.47508945 0.39693445 0.45000532 0.44589633  0.47476172 0.42761975 0.50206904 0.41641874
0.00039479 0.36283831 0.35232302 0.39930133 0.34523319 0.50234819  0.48417291 0.45702496 0.47508945 0.39693445 0.45000532 0.44589633  0.47476172 0.42761975 0.50206904 0.41641874
0.00039479 0.36283831 0.35232302 0.39930133 0.34523319 0.50234819  0.48417291 0.45702496 0.47508945 0.39693445 0.45000532 0.44589633  0.47476172 0.42761975 0.50206904 0.41641874
0.00039479 0.36283831 0.35232302 0.39930133 0.34523319 0.50234819  0.48417291 0.45702496 0.47508945 0.39693445 0.45000532 0.44589633  0.47476172 0.42761975 0.50206904 0.41641874
0.00039479 0.36283831 0.35232302 0.39930133 0.34523319 0.50234819  0.48417291 0.45702496 0.47508945 0.39693445 0.45000532 0.44589633  0.47476172 0.42761975 0.50206904 0.41641874
0.00039479 0.36283831 0.35232302 0.39930133 0.34523319 0.50234819  0.48417291 0.45702496 0.47508945 0.39693445 0.45000532 0.44589633  0.47476172 0.42761975 0.50206904 0.41641874
0.00039479 0.36283831 0.35232302 0.39930133 0.34523319 0.50234819  0.48417291 0.45702496 0.47508945 0.39693445 0.45000532 0.44589633  0.47476172 0.42761975 0.50206904 0.41641874
0.00039479 0.36283831 0.35232302 0.39930133 0.34523319 0.50234819  0.48417291 0.45702496 0.47508945 0.39693445 0.45000532 0.44589633  0.47476172 0.42761975 0.50206904 0.41641874
0.00039479 0.36283831 0.35232302 0.39930133 0.34523319 0.50234819  0.48417291 0.45702496 0.47508945 0.39693445 0.45000532 0.44589633  0.47476172 0.42761975 0.50206904 0.41641874
0.00039479 0.36283831 0.35232302 0.39930133 0.34523319 0.50234819  0.48417291 0.45702496 0.47508945 0.39693445 0.45000532 0.44589633  0.47476172 0.42761975 0.50206904 0.41641874
0.00039479 0.36283831 0.35232302 0.39930133 0.34523319 0.50234819  0.48417291 0.45702496 0.47508945 0.39693445 0.45000532 0.44589633  0.47476172 0.42761975 0.50206904 0.41641874
0.00039479 0.36283831 0.35232302 0.39930133 0.34523319 0.50234819  0.48417291 0.45702496 0.47508945 0.39693445 0.45000532 0.44589633  0.47476172 0.42761975 0.50206904 0.41641874
0.00039479 0.36283831 0.35232302 0.39930133 0.34523319 0.50234819  0.48417291 0.45702496 0.47508945 0.39693445 0.45000532 0.44589633  0.47476172 0.42761975 0.50206904 0.41641874
0.00039479 0.36283831 0.35232302 0.39930133 0.34523319 0.50234819  0.48417291 0.45702496 0.47508945 0.39693445 0.45000532 0.44589633  0.47476172 0.42761975 0.50206904 0.41641874
0.00039479 0.36283831 0.35232302 0.39930133 0.34523319 0.50234819  0.48417291 0.45702496 0.47508945 0.39693445 0.45000532 0.44589633  0.47476172 0.42761975 0.50206904 0.41641874
0.00039479 0.36283831 0.35232302 0.39930133 0.34523319 0.50234819  0.48417291 0.45702496 0.47508945 0.39693445 0.45000532 0.44589633  0.47476172 0.42761975 0.50206904 0.41641874
