0.00039479 0.36283831 0.35232302 0.39930133 0.34523319 0.50234819  0.48417291 0.45702496 0.47508945 0.39693445 0.45000532 0.44589633  0.47476172 0.42761975 0.50206904 0.41641874
0.00039479 0.36283831 0.35232302 0.39930133 0.34523319 0.50234819  0.48417291 0.45702496 0.47508945 0.39693445 0.45000532 0.44589633  0.47476172 0.42761975 0.50206904 0.41641874
0.00039479 0.36283831 0.35232302 0.39930133 0.34523319 0.50234819  0.48417291 0.45702496 0.47508945 0.39693445 0.45000532 0.44589633  0.47476172 0.42761975 0.50206904 0.41641874
0.00039479 0.36283831 0.35232302 0.39930133 0.34523319 0.50234819  0.48417291 0.45702496 0.47508945 0.39693445 0.45000532 0.44589633  0.47476172 0.42761975 0.50206904 0.41641874
0.00039479 0.36283831 0.35232302 0.39930133 0.34523319 0.50234819  0.48417291 0.45702496 0.47508945 0.39693445 0.45000532 0.44589633  0.47476172 0.42761975 0.50206904 0.41641874
0.00039479 0.36283831 0.35232302 0.39930133 0.34523319 0.50234819  0.48417291 0.45702496 0.47508945 0.39693445 0.45000532 0.44589633  0.47476172 0.42761975 0.50206904 0.41641874
0.00039479 0.36283831 0.35232302 0.39930133 0.34523319 0.50234819  0.48417291 0.45702496 0.47508945 0.39693445 0.45000532 0.44589633  0.47476172 0.42761975 0.50206904 0.41641874
0.00039479 0.36283831 0.35232302 0.39930133 0.34523319 0.50234819  0.48417291 0.45702496 0.47508945 0.39693445 0.45000532 0.44589633  0.47476172 0.42761975 0.50206904 0.41641874
0.00039479 0.36283831 0.35232302 0.39930133 0.34523319 0.50234819  0.48417291 0.45702496 0.47508945 0.39693445 0.45000532 0.44589633  0.47476172 0.42761975 0.50206904 0.41641874
0.00039479 0.36283831 0.35232302 0.39930133 0.34523319 0.50234819  0.48417291 0.45702496 0.47508945 0.39693445 0.45000532 0.44589633  0.47476172 0.42761975 0.50206904 0.41641874
0.00039479 0.36283831 0.35232302 0.39930133 0.34523319 0.50234819  0.48417291 0.45702496 0.47508945 0.39693445 0.45000532 0.44589633  0.47476172 0.42761975 0.50206904 0.41641874
0.00039479 0.36283831 0.35232302 0.39930133 0.34523319 0.50234819  0.48417291 0.45702496 0.47508945 0.39693445 0.45000532 0.44589633  0.47476172 0.42761975 0.50206904 0.41641874
0.00039479 0.36283831 0.35232302 0.39930133 0.34523319 0.50234819  0.48417291 0.45702496 0.47508945 0.39693445 0.45000532 0.44589633  0.47476172 0.42761975 0.50206904 0.41641874
0.00039479 0.36283831 0.35232302 0.39930133 0.34523319 0.50234819  0.48417291 0.45702496 0.47508945 0.39693445 0.45000532 0.44589633  0.47476172 0.42761975 0.50206904 0.41641874
0.00039479 0.36283831 0.35232302 0.39930133 0.34523319 0.50234819  0.48417291 0.45702496 0.47508945 0.39693445 0.45000532 0.44589633  0.47476172 0.42761975 0.50206904 0.41641874
0.00039479 0.36283831 0.35232302 0.39930133 0.34523319 0.50234819  0.48417291 0.45702496 0.47508945 0.39693445 0.45000532 0.44589633  0.47476172 0.42761975 0.50206904 0.41641874
0.00039479 0.36283831 0.35232302 0.39930133 0.34523319 0.50234819  0.48417291 0.45702496 0.47508945 0.39693445 0.45000532 0.44589633  0.47476172 0.42761975 0.50206904 0.41641874
0.00039479 0.36283831 0.35232302 0.39930133 0.34523319 0.50234819  0.48417291 0.45702496 0.47508945 0.39693445 0.45000532 0.44589633  0.47476172 0.42761975 0.50206904 0.41641874
0.00039479 0.36283831 0.35232302 0.39930133 0.34523319 0.50234819  0.48417291 0.45702496 0.47508945 0.39693445 0.45000532 0.44589633  0.47476172 0.42761975 0.50206904 0.41641874
0.00039479 0.36283831 0.35232302 0.39930133 0.34523319 0.50234819  0.48417291 0.45702496 0.47508945 0.39693445 0.45000532 0.44589633  0.47476172 0.42761975 0.50206904 0.41641874
0.00039479 0.36283831 0.35232302 0.39930133 0.34523319 0.50234819  0.48417291 0.45702496 0.47508945 0.39693445 0.45000532 0.44589633  0.47476172 0.42761975 0.50206904 0.41641874
0.00039479 0.36283831 0.35232302 0.39930133 0.34523319 0.50234819  0.48417291 0.45702496 0.47508945 0.39693445 0.45000532 0.44589633  0.47476172 0.42761975 0.50206904 0.41641874
0.00039479 0.36283831 0.35232302 0.39930133 0.34523319 0.50234819  0.48417291 0.45702496 0.47508945 0.39693445 0.45000532 0.44589633  0.47476172 0.42761975 0.50206904 0.41641874
0.00039479 0.36283831 0.35232302 0.39930133 0.34523319 0.50234819  0.48417291 0.45702496 0.47508945 0.39693445 0.45000532 0.44589633  0.47476172 0.42761975 0.50206904 0.41641874
0.00039479 0.36283831 0.35232302 0.39930133 0.34523319 0.50234819  0.48417291 0.45702496 0.47508945 0.39693445 0.45000532 0.44589633  0.47476172 0.42761975 0.50206904 0.41641874
0.00039479 0.36283831 0.35232302 0.39930133 0.34523319 0.50234819  0.48417291 0.45702496 0.47508945 0.39693445 0.45000532 0.44589633  0.47476172 0.42761975 0.50206904 0.41641874
0.00039479 0.36283831 0.35232302 0.39930133 0.34523319 0.50234819  0.48417291 0.45702496 0.47508945 0.39693445 0.45000532 0.44589633  0.47476172 0.42761975 0.50206904 0.41641874
0.00039479 0.36283831 0.35232302 0.39930133 0.34523319 0.50234819  0.48417291 0.45702496 0.47508945 0.39693445 0.45000532 0.44589633  0.47476172 0.42761975 0.50206904 0.41641874
0.00039479 0.36283831 0.35232302 0.39930133 0.34523319 0.50234819  0.48417291 0.45702496 0.47508945 0.39693445 0.45000532 0.44589633  0.47476172 0.42761975 0.50206904 0.41641874
0.00039479 0.36283831 0.35232302 0.39930133 0.34523319 0.50234819  0.48417291 0.45702496 0.47508945 0.39693445 0.45000532 0.44589633  0.47476172 0.42761975 0.50206904 0.41641874
0.00039479 0.36283831 0.35232302 0.39930133 0.34523319 0.50234819  0.48417291 0.45702496 0.47508945 0.39693445 0.45000532 0.44589633  0.47476172 0.42761975 0.50206904 0.41641874
0.00039479 0.36283831 0.35232302 0.39930133 0.34523319 0.50234819  0.48417291 0.45702496 0.47508945 0.39693445 0.45000532 0.44589633  0.47476172 0.42761975 0.50206904 0.41641874
0.00039479 0.36283831 0.35232302 0.39930133 0.34523319 0.50234819  0.48417291 0.45702496 0.47508945 0.39693445 0.45000532 0.44589633  0.47476172 0.42761975 0.50206904 0.41641874
0.00039479 0.36283831 0.35232302 0.39930133 0.34523319 0.50234819  0.48417291 0.45702496 0.47508945 0.39693445 0.45000532 0.44589633  0.47476172 0.42761975 0.50206904 0.41641874
0.00039479 0.36283831 0.35232302 0.39930133 0.34523319 0.50234819  0.48417291 0.45702496 0.47508945 0.39693445 0.45000532 0.44589633  0.47476172 0.42761975 0.50206904 0.41641874
0.00039479 0.36283831 0.35232302 0.39930133 0.34523319 0.50234819  0.48417291 0.45702496 0.47508945 0.39693445 0.45000532 0.44589633  0.47476172 0.42761975 0.50206904 0.41641874
0.00039479 0.36283831 0.35232302 0.39930133 0.34523319 0.50234819  0.48417291 0.45702496 0.47508945 0.39693445 0.45000532 0.44589633  0.47476172 0.42761975 0.50206904 0.41641874
0.00039479 0.36283831 0.35232302 0.39930133 0.34523319 0.50234819  0.48417291 0.45702496 0.47508945 0.39693445 0.45000532 0.44589633  0.47476172 0.42761975 0.50206904 0.41641874
0.00039479 0.36283831 0.35232302 0.39930133 0.34523319 0.50234819  0.48417291 0.45702496 0.47508945 0.39693445 0.45000532 0.44589633  0.47476172 0.42761975 0.50206904 0.41641874
0.00039479 0.36283831 0.35232302 0.39930133 0.34523319 0.50234819  0.48417291 0.45702496 0.47508945 0.39693445 0.45000532 0.44589633  0.47476172 0.42761975 0.50206904 0.41641874
0.00039479 0.36283831 0.35232302 0.39930133 0.34523319 0.50234819  0.48417291 0.45702496 0.47508945 0.39693445 0.45000532 0.44589633  0.47476172 0.42761975 0.50206904 0.41641874
0.00039479 0.36283831 0.35232302 0.39930133 0.34523319 0.50234819  0.48417291 0.45702496 0.47508945 0.39693445 0.45000532 0.44589633  0.47476172 0.42761975 0.50206904 0.41641874
0.00039479 0.36283831 0.35232302 0.39930133 0.34523319 0.50234819  0.48417291 0.45702496 0.47508945 0.39693445 0.45000532 0.44589633  0.47476172 0.42761975 0.50206904 0.41641874
0.00039479 0.36283831 0.35232302 0.39930133 0.34523319 0.50234819  0.48417291 0.45702496 0.47508945 0.39693445 0.45000532 0.44589633  0.47476172 0.42761975 0.50206904 0.41641874
0.00039479 0.36283831 0.35232302 0.39930133 0.34523319 0.50234819  0.48417291 0.45702496 0.47508945 0.39693445 0.45000532 0.44589633  0.47476172 0.42761975 0.50206904 0.41641874
0.00039479 0.36283831 0.35232302 0.39930133 0.34523319 0.50234819  0.48417291 0.45702496 0.47508945 0.39693445 0.45000532 0.44589633  0.47476172 0.42761975 0.50206904 0.41641874
0.00039479 0.36283831 0.35232302 0.39930133 0.34523319 0.50234819  0.48417291 0.45702496 0.47508945 0.39693445 0.45000532 0.44589633  0.47476172 0.42761975 0.50206904 0.41641874
0.00039479 0.36283831 0.35232302 0.39930133 0.34523319 0.50234819  0.48417291 0.45702496 0.47508945 0.39693445 0.45000532 0.44589633  0.47476172 0.42761975 0.50206904 0.41641874
0.00039479 0.36283831 0.35232302 0.39930133 0.34523319 0.50234819  0.48417291 0.45702496 0.47508945 0.39693445 0.45000532 0.44589633  0.47476172 0.42761975 0.50206904 0.41641874
0.00039479 0.36283831 0.35232302 0.39930133 0.34523319 0.50234819  0.48417291 0.45702496 0.47508945 0.39693445 0.45000532 0.44589633  0.47476172 0.42761975 0.50206904 0.41641874
0.00039479 0.36283831 0.35232302 0.39930133 0.34523319 0.50234819  0.48417291 0.45702496 0.47508945 0.39693445 0.45000532 0.44589633  0.47476172 0.42761975 0.50206904 0.41641874
0.00039479 0.36283831 0.35232302 0.39930133 0.34523319 0.50234819  0.48417291 0.45702496 0.47508945 0.39693445 0.45000532 0.44589633  0.47476172 0.42761975 0.50206904 0.41641874
0.00039479 0.36283831 0.35232302 0.39930133 0.34523319 0.50234819  0.48417291 0.45702496 0.47508945 0.39693445 0.45000532 0.44589633  0.47476172 0.42761975 0.50206904 0.41641874
0.00039479 0.36283831 0.35232302 0.39930133 0.34523319 0.50234819  0.48417291 0.45702496 0.47508945 0.39693445 0.45000532 0.44589633  0.47476172 0.42761975 0.50206904 0.41641874
0.00039479 0.36283831 0.35232302 0.39930133 0.34523319 0.50234819  0.48417291 0.45702496 0.47508945 0.39693445 0.45000532 0.44589633  0.47476172 0.42761975 0.50206904 0.41641874
0.00039479 0.36283831 0.35232302 0.39930133 0.34523319 0.50234819  0.48417291 0.45702496 0.47508945 0.39693445 0.45000532 0.44589633  0.47476172 0.42761975 0.50206904 0.41641874
0.00039479 0.36283831 0.35232302 0.39930133 0.34523319 0.50234819  0.48417291 0.45702496 0.47508945 0.39693445 0.45000532 0.44589633  0.47476172 0.42761975 0.50206904 0.41641874
0.07773349 0.47706064 0.57814116 0.37771077 0.54634565 0.55022487  0.40223101 0.37954028 0.48733862 0.51071397 0.40051413 0.40550484  0.61270011 0.62690478 0.38072201 0.36565374
0.4088935  0.7532394  0.85270495 0.45177361 0.66379169 0.71303915  0.21564555 0.42949276 0.75145601 0.729096   0.3594945  0.44407411  0.5752764  0.51154763 0.54816509 0.44649384
0.60481638 0.87512163 0.89805559 0.59008317 0.65054122 0.62288655  0.2281576  0.47763106 0.69521449 0.77950805 0.45494078 0.48284145  0.64447614 0.3085708  0.33474756 0.36397429
0.65660498 0.84267701 0.89780806 0.50288467 0.64037143 0.61790542  0.27597177 0.59673739 0.64965675 0.76581212 0.48440026 0.46760868  0.58293102 0.27668877 0.32217912 0.34933087
0.71697609 0.83271921 0.92540506 0.45131192 0.63570989 0.59215538  0.36171002 0.5993734  0.53573202 0.6748135  0.50424397 0.49855011  0.39787433 0.12038319 0.38522569 0.37700253
0.76846484 0.78357899 0.91831739 0.3314951  0.64432412 0.56828106  0.44070544 0.70792564 0.54438322 0.61588148 0.55598585 0.47650547  0.5067121  0.16657439 0.51638602 0.39633461
0.80195994 0.75395947 0.89657351 0.25793596 0.65128165 0.52339228  0.54391102 0.72542782 0.51991168 0.60978007 0.54672225 0.45497865  0.56559163 0.22948262 0.6083779  0.39033248
0.81636114 0.73123904 0.83907914 0.27975158 0.48708466 0.44113425  0.67560221 0.66969321 0.49849499 0.63255218 0.3449518  0.29580654  0.50707721 0.27450284 0.59017311 0.3597091 
0.75766578 0.71318949 0.66622212 0.40000135 0.29480631 0.46778612  0.69650093 0.61458337 0.44810089 0.76215693 0.31301356 0.31278329  0.52509388 0.29192488 0.42412023 0.23524888
0.59342546 0.77961088 0.42746605 0.58343905 0.17005069 0.66500602  0.46676063 0.44651486 0.46576319 0.54195745 0.48254454 0.41707476  0.75449719 0.38471952 0.3008538  0.15747554
0.49361703 0.80114197 0.15679995 0.50010909 0.25640354 0.75144508  0.38507805 0.45620174 0.52511207 0.44155072 0.44311722 0.44227593  0.48410711 0.3182956  0.27868747 0.41343092
0.40307465 0.81317002 0.12939876 0.61095755 0.35690898 0.53654769  0.3929279  0.40591639 0.56606153 0.45419495 0.56041313 0.45027724  0.29108188 0.37615142 0.48867626 0.38116118
0.32814182 0.77170362 0.15751807 0.67042581 0.3808457  0.44991599  0.25376018 0.48097045 0.64218099 0.46450094 0.4516513  0.47933088  0.44118245 0.47070012 0.66369342 0.45249362
0.3097591  0.74837956 0.16959148 0.65520385 0.37581341 0.46350471  0.26027697 0.47563611 0.64050638 0.4717705  0.44037457 0.48366171  0.4427691  0.4634434  0.66173781 0.47782273
0.29145081 0.73925168 0.16827274 0.66094278 0.39762498 0.39287399  0.27725063 0.51426275 0.61375531 0.43103222 0.47624973 0.46124107  0.44253142 0.46646637 0.63709472 0.42857532
0.3097591  0.74837956 0.16959148 0.65520385 0.37581341 0.46350471  0.26027697 0.47563611 0.64050638 0.4717705  0.44037457 0.48366171  0.4427691  0.4634434  0.66173781 0.47782273
0.32804533 0.75920825 0.15794568 0.6465016  0.38053494 0.45022443  0.31350879 0.44398181 0.56734037 0.48117029 0.41325641 0.49153716  0.35231288 0.42144922 0.62312414 0.45832212
0.34693941 0.76820485 0.15641813 0.62883511 0.36220433 0.50663109  0.31998291 0.43822569 0.59555111 0.47837433 0.45722908 0.48102024  0.37218026 0.40608355 0.57469514 0.47170516
0.42197165 0.81966524 0.12883817 0.58940231 0.33714667 0.59212695  0.40594522 0.39674552 0.58230231 0.4492814  0.58590683 0.4428437  0.32859787 0.35979088 0.44326054 0.39509047
0.43917576 0.81684401 0.11488651 0.56584208 0.35122413 0.56182676  0.47942694 0.35652119 0.49760701 0.48167717 0.51210968 0.47442886  0.29605323 0.33657096 0.45465744 0.43788527
0.49347223 0.80865824 0.12904373 0.49365963 0.2967012  0.68122038  0.49342959 0.38969023 0.4607615  0.47210364 0.45139668 0.46662485  0.40562282 0.3111795  0.33385109 0.45655679
0.52826285 0.79148284 0.12973501 0.44155936 0.28650172 0.69434677  0.53662539 0.39424571 0.38866377 0.4869265  0.35700807 0.48543846  0.44436016 0.30729342 0.32176077 0.46668513
0.59787761 0.73134667 0.12022963 0.27059545 0.29584709 0.67845973  0.66056277 0.55335991 0.40061692 0.40211321 0.42785235 0.44404497  0.69609507 0.42322775 0.46911648 0.50576494
0.59787761 0.73134667 0.12022963 0.27059545 0.29584709 0.67845973  0.66056277 0.55335991 0.40061692 0.40211321 0.42785235 0.44404497  0.69609507 0.42322775 0.46911648 0.50576494
0.61332953 0.71798166 0.1433697  0.27841651 0.27177359 0.69538586  0.61579334 0.56364836 0.35005827 0.42085355 0.38554941 0.44909509  0.69017158 0.41546642 0.41309309 0.43748568
0.64509807 0.66656891 0.1513855  0.2189926  0.26625351 0.66215909  0.57966734 0.69280885 0.37009832 0.41960685 0.37883188 0.46078699  0.61694095 0.37034629 0.49514954 0.46184199
0.65978836 0.63719676 0.14442149 0.20029296 0.27423532 0.64528083  0.57197024 0.62316737 0.40011052 0.42962081 0.31131006 0.49010616  0.63419223 0.44462366 0.55542869 0.46880437
0.67522293 0.60991686 0.1511185  0.17997027 0.26514969 0.62820217  0.54307382 0.68393202 0.39706568 0.43706097 0.29417501 0.49751918  0.54201006 0.3828675  0.60789856 0.4708324 
0.70130581 0.57853899 0.19804618 0.20394214 0.21814577 0.59816756  0.50773133 0.71096472 0.33507354 0.48066563 0.31374716 0.5388525  0.47013328 0.37443561 0.62001144 0.4147228 
0.72517663 0.54984026 0.25426216 0.2583111  0.16788427 0.55259448  0.51511486 0.72098375 0.25285188 0.58394495 0.3972904  0.58859254  0.47390754 0.42308756 0.68561662 0.30983532
0.74021061 0.51948421 0.2488292  0.23395585 0.17581159 0.52919144  0.50443207 0.67397922 0.29185937 0.57857813 0.35264143 0.61083469  0.49371751 0.50215621 0.72403192 0.31937616
0.74021061 0.51948421 0.2488292  0.23395585 0.17581159 0.52919144  0.50443207 0.67397922 0.29185937 0.57857813 0.35264143 0.61083469  0.49371751 0.50215621 0.72403192 0.31937616
0.72883043 0.52447584 0.21433899 0.20718173 0.20616356 0.54464179  0.50427386 0.68841006 0.327052   0.55821054 0.31157321 0.57656992  0.44739514 0.44742919 0.74901387 0.35462473
0.72883043 0.52447584 0.21433899 0.20718173 0.20616356 0.54464179  0.50427386 0.68841006 0.327052   0.55821054 0.31157321 0.57656992  0.44739514 0.44742919 0.74901387 0.35462473
0.72883043 0.52447584 0.21433899 0.20718173 0.20616356 0.54464179  0.50427386 0.68841006 0.327052   0.55821054 0.31157321 0.57656992  0.44739514 0.44742919 0.74901387 0.35462473
0.71738868 0.52020875 0.14649654 0.15615335 0.27591633 0.58492376  0.47150559 0.59401972 0.42521487 0.45728458 0.18509123 0.53395505  0.46685758 0.36495551 0.69437417 0.43110125
0.71738868 0.52020875 0.14649654 0.15615335 0.27591633 0.58492376  0.47150559 0.59401972 0.42521487 0.45728458 0.18509123 0.53395505  0.46685758 0.36495551 0.69437417 0.43110125
0.71738868 0.52020875 0.14649654 0.15615335 0.27591633 0.58492376  0.47150559 0.59401972 0.42521487 0.45728458 0.18509123 0.53395505  0.46685758 0.36495551 0.69437417 0.43110125
0.73025974 0.48550827 0.13681214 0.15532472 0.29425312 0.57121659  0.43881759 0.51726591 0.45648501 0.45198563 0.16304716 0.53593069  0.48100494 0.33508676 0.6648773  0.39974931
0.73025974 0.48550827 0.13681214 0.15532472 0.29425312 0.57121659  0.43881759 0.51726591 0.45648501 0.45198563 0.16304716 0.53593069  0.48100494 0.33508676 0.6648773  0.39974931
0.66895177 0.57785707 0.08768536 0.1969691  0.34996033 0.59999117  0.57040454 0.33211771 0.54006387 0.38561211 0.25751326 0.50674799  0.75238349 0.48995148 0.61061384 0.47478537
0.66895177 0.57785707 0.08768536 0.1969691  0.34996033 0.59999117  0.57040454 0.33211771 0.54006387 0.38561211 0.25751326 0.50674799  0.75238349 0.48995148 0.61061384 0.47478537
0.61826486 0.62371514 0.05840427 0.2636396  0.40217215 0.53749498  0.65540108 0.22000703 0.55764389 0.3955696  0.41098296 0.48814002  0.68255909 0.54229337 0.64717178 0.45742696
0.53278548 0.70179436 0.0612127  0.43764571 0.42058922 0.50178384  0.60784785 0.11028432 0.48498235 0.46888997 0.4289699  0.49736148  0.39374327 0.40179511 0.55978836 0.36534105
0.50101742 0.72999963 0.07145769 0.46002957 0.42201474 0.45991175  0.62751854 0.196209   0.43747143 0.47910246 0.42552027 0.50281938  0.34207992 0.44802439 0.63470095 0.3827637 
0.46743304 0.75037517 0.07994926 0.49639569 0.43236353 0.42038335  0.62874152 0.2716066  0.37924848 0.47188445 0.44906943 0.48401714  0.30496127 0.3891127  0.62285081 0.36241828
0.37464858 0.7131078  0.11135436 0.58496416 0.4556177  0.30566289  0.50169369 0.31346949 0.3379216  0.4848312  0.25717513 0.52405693  0.35456887 0.36147437 0.57817424 0.42260863
0.32509458 0.71563802 0.13182443 0.58093081 0.45941415 0.22644969  0.54471558 0.44507962 0.27020902 0.44304644 0.28153397 0.50459011  0.38110486 0.3912698  0.52744051 0.44021789
0.1969283  0.60577992 0.21439804 0.57963548 0.42096953 0.28965612  0.40197717 0.50459971 0.3770421  0.42903799 0.20362611 0.50719153  0.6372567  0.39390892 0.4521016  0.56913928
0.17840913 0.59125975 0.21728098 0.57883433 0.43835866 0.23013175  0.41642608 0.54441599 0.34800988 0.38369806 0.22546344 0.48274716  0.68179676 0.40011481 0.39747709 0.52985505
0.10557724 0.49067152 0.26906522 0.49887986 0.41115523 0.30637833  0.47319166 0.50257024 0.33030166 0.40352897 0.22005928 0.49069071  0.64587596 0.36999705 0.37968525 0.56899921
0.03514825 0.41370071 0.3248389  0.44709904 0.36559576 0.43311778  0.45442367 0.49253738 0.44112986 0.38365436 0.37825223 0.45061328  0.56697354 0.40307785 0.42249623 0.46734004
0.0177474  0.38984345 0.33852207 0.42635267 0.35697043 0.47086435  0.45750391 0.47765391 0.48169648 0.39463854 0.42895995 0.44917931  0.51265071 0.44991576 0.53083289 0.43501917
0.0177474  0.38984345 0.33852207 0.42635267 0.35697043 0.47086435  0.45750391 0.47765391 0.48169648 0.39463854 0.42895995 0.44917931  0.51265071 0.44991576 0.53083289 0.43501917
0.0177474  0.38984345 0.33852207 0.42635267 0.35697043 0.47086435  0.45750391 0.47765391 0.48169648 0.39463854 0.42895995 0.44917931  0.51265071 0.44991576 0.53083289 0.43501917
0.0177474  0.38984345 0.33852207 0.42635267 0.35697043 0.47086435  0.45750391 0.47765391 0.48169648 0.39463854 0.42895995 0.44917931  0.51265071 0.44991576 0.53083289 0.43501917
0.00039479 0.36283831 0.35232302 0.39930133 0.34523319 0.50234819  0.48417291 0.45702496 0.47508945 0.39693445 0.45000532 0.44589633  0.47476172 0.42761975 0.50206904 0.41641874
0.00039479 0.36283831 0.35232302 0.39930133 0.34523319 0.50234819  0.48417291 0.45702496 0.47508945 0.39693445 0.45000532 0.44589633  0.47476172 0.42761975 0.50206904 0.41641874
0.00039479 0.36283831 0.35232302 0.39930133 0.34523319 0.50234819  0.48417291 0.45702496 0.47508945 0.39693445 0.45000532 0.44589633  0.47476172 0.42761975 0.50206904 0.41641874
0.00039479 0.36283831 0.35232302 0.39930133 0.34523319 0.50234819  0.48417291 0.45702496 0.47508945 0.39693445 0.45000532 0.44589633  0.47476172 0.42761975 0.50206904 0.41641874
0.00039479 0.36283831 0.35232302 0.39930133 0.34523319 0.50234819  0.48417291 0.45702496 0.47508945 0.39693445 0.45000532 0.44589633  0.47476172 0.42761975 0.50206904 0.41641874
0.00039479 0.36283831 0.35232302 0.39930133 0.34523319 0.50234819  0.48417291 0.45702496 0.47508945 0.39693445 0.45000532 0.44589633  0.47476172 0.42761975 0.50206904 0.41641874
0.00039479 0.36283831 0.35232302 0.39930133 0.34523319 0.50234819  0.48417291 0.45702496 0.47508945 0.39693445 0.45000532 0.44589633  0.47476172 0.42761975 0.50206904 0.41641874
0.00039479 0.36283831 0.35232302 0.39930133 0.34523319 0.50234819  0.48417291 0.45702496 0.47508945 0.39693445 0.45000532 0.44589633  0.47476172 0.42761975 0.50206904 0.41641874
0.00039479 0.36283831 0.35232302 0.39930133 0.34523319 0.50234819  0.48417291 0.45702496 0.47508945 0.39693445 0.45000532 0.44589633  0.47476172 0.42761975 0.50206904 0.41641874
0.00039479 0.36283831 0.35232302 0.39930133 0.34523319 0.50234819  0.48417291 0.45702496 0.47508945 0.39693445 0.45000532 0.44589633  0.47476172 0.42761975 0.50206904 0.41641874
0.00039479 0.36283831 0.35232302 0.39930133 0.34523319 0.50234819  0.48417291 0.45702496 0.47508945 0.39693445 0.45000532 0.44589633  0.47476172 0.42761975 0.50206904 0.41641874
0.00039479 0.36283831 0.35232302 0.39930133 0.34523319 0.50234819  0.48417291 0.45702496 0.47508945 0.39693445 0.45000532 0.44589633  0.47476172 0.42761975 0.50206904 0.41641874
0.00039479 0.36283831 0.35232302 0.39930133 0.34523319 0.50234819  0.48417291 0.45702496 0.47508945 0.39693445 0.45000532 0.44589633  0.47476172 0.42761975 0.50206904 0.41641874
0.00039479 0.36283831 0.35232302 0.39930133 0.34523319 0.50234819  0.48417291 0.45702496 0.47508945 0.39693445 0.45000532 0.44589633  0.47476172 0.42761975 0.50206904 0.41641874
0.00039479 0.36283831 0.35232302 0.39930133 0.34523319 0.50234819  0.48417291 0.45702496 0.47508945 0.39693445 0.45000532 0.44589633  0.47476172 0.42761975 0.50206904 0.41641874
0.00039479 0.36283831 0.35232302 0.39930133 0.34523319 0.50234819  0.48417291 0.45702496 0.47508945 0.39693445 0.45000532 0.44589633  0.47476172 0.42761975 0.50206904 0.41641874
0.00039479 0.36283831 0.35232302 0.39930133 0.34523319 0.50234819  0.48417291 0.45702496 0.47508945 0.39693445 0.45000532 0.44589633  0.47476172 0.42761975 0.50206904 0.41641874
0.00039479 0.36283831 0.35232302 0.39930133 0.34523319 0.50234819  0.48417291 0.45702496 0.47508945 0.39693445 0.45000532 0.44589633  0.47476172 0.42761975 0.50206904 0.41641874
0.00039479 0.36283831 0.35232302 0.39930133 0.34523319 0.50234819  0.48417291 0.45702496 0.47508945 0.39693445 0.45000532 0.44589633  0.47476172 0.42761975 0.50206904 0.41641874
0.00039479 0.36283831 0.35232302 0.39930133 0.34523319 0.50234819  0.48417291 0.45702496 0.47508945 0.39693445 0.45000532 0.44589633  0.47476172 0.42761975 0.50206904 0.41641874
0.00039479 0.36283831 0.35232302 0.39930133 0.34523319 0.50234819  0.48417291 0.45702496 0.47508945 0.39693445 0.45000532 0.44589633  0.47476172 0.42761975 0.50206904 0.41641874
0.00039479 0.36283831 0.35232302 0.39930133 0.34523319 0.50234819  0.48417291 0.45702496 0.47508945 0.39693445 0.45000532 0.44589633  0.47476172 0.42761975 0.50206904 0.41641874
0.00039479 0.36283831 0.35232302 0.39930133 0.34523319 0.50234819  0.48417291 0.45702496 0.47508945 0.39693445 0.45000532 0.44589633  0.47476172 0.42761975 0.50206904 0.41641874
0.00039479 0.36283831 0.35232302 0.39930133 0.34523319 0.50234819  0.48417291 0.45702496 0.47508945 0.39693445 0.45000532 0.44589633  0.47476172 0.42761975 0.50206904 0.41641874
0.00039479 0.36283831 0.35232302 0.39930133 0.34523319 0.50234819  0.48417291 0.45702496 0.47508945 0.39693445 0.45000532 0.44589633  0.47476172 0.42761975 0.50206904 0.41641874
0.00039479 0.36283831 0.35232302 0.39930133 0.34523319 0.50234819  0.48417291 0.45702496 0.47508945 0.39693445 0.45000532 0.44589633  0.47476172 0.42761975 0.50206904 0.41641874
0.00039479 0.36283831 0.35232302 0.39930133 0.34523319 0.50234819  0.48417291 0.45702496 0.47508945 0.39693445 0.45000532 0.44589633  0.47476172 0.42761975 0.50206904 0.41641874
0.00039479 0.36283831 0.35232302 0.39930133 0.34523319 0.50234819  0.48417291 0.45702496 0.47508945 0.39693445 0.45000532 0.44589633  0.47476172 0.42761975 0.50206904 0.41641874
0.00039479 0.36283831 0.35232302 0.39930133 0.34523319 0.50234819  0.48417291 0.45702496 0.47508945 0.39693445 0.45000532 0.44589633  0.47476172 0.42761975 0.50206904 0.41641874
0.00039479 0.36283831 0.35232302 0.39930133 0.34523319 0.50234819  0.48417291 0.45702496 0.47508945 0.39693445 0.45000532 0.44589633  0.47476172 0.42761975 0.50206904 0.41641874
0.00039479 0.36283831 0.35232302 0.39930133 0.34523319 0.50234819  0.48417291 0.45702496 0.47508945 0.39693445 0.45000532 0.44589633  0.47476172 0.42761975 0.50206904 0.41641874
0.00039479 0.36283831 0.35232302 0.39930133 0.34523319 0.50234819  0.48417291 0.45702496 0.47508945 0.39693445 0.45000532 0.44589633  0.47476172 0.42761975 0.50206904 0.41641874
0.00039479 0.36283831 0.35232302 0.39930133 0.34523319 0.50234819  0.48417291 0.45702496 0.47508945 0.39693445 0.45000532 0.44589633  0.47476172 0.42761975 0.50206904 0.41641874
0.00039479 0.36283831 0.35232302 0.39930133 0.34523319 0.50234819  0.48417291 0.45702496 0.47508945 0.39693445 0.45000532 0.44589633  0.47476172 0.42761975 0.50206904 0.41641874
0.00039479 0.36283831 0.35232302 0.39930133 0.34523319 0.50234819  0.48417291 0.45702496 0.47508945 0.39693445 0.45000532 0.44589633  0.47476172 0.42761975 0.50206904 0.41641874
0.00039479 0.36283831 0.35232302 0.39930133 0.34523319 0.50234819  0.48417291 0.45702496 0.47508945 0.39693445 0.45000532 0.44589633  0.47476172 0.42761975 0.50206904 0.41641874
0.00039479 0.36283831 0.35232302 0.39930133 0.34523319 0.50234819  0.48417291 0.45702496 0.47508945 0.39693445 0.45000532 0.44589633  0.47476172 0.42761975 0.50206904 0.41641874
0.00039479 0.36283831 0.35232302 0.39930133 0.34523319 0.50234819  0.48417291 0.45702496 0.47508945 0.39693445 0.45000532 0.44589633  0.47476172 0.42761975 0.50206904 0.41641874
0.12891756 0.51678507 0.27758664 0.47623848 0.35564562 0.50785609  0.43096289 0.47111121 0.58233747 0.380257   0.60556944 0.41433141  0.44016482 0.48594225 0.57117095 0.34436857
0.18331492 0.53644154 0.26486364 0.44093779 0.34065255 0.54441263  0.42996459 0.54604597 0.61629703 0.35094904 0.64801905 0.39120848  0.54771377 0.49312699 0.53401525 0.37616941
0.39770179 0.63088936 0.17095015 0.36987058 0.35206488 0.53530103  0.49878215 0.63462926 0.68923419 0.26176612 0.88649465 0.32942577  0.53631674 0.54874989 0.54335913 0.32272234
0.48004861 0.6068828  0.1326455  0.3366761  0.39289051 0.43404  0.48592062 0.70558404 0.71091933 0.1898842  0.95626804 0.29708669  0.58485979 0.49754823 0.53149335 0.2901734 
0.53044701 0.6093892  0.10240173 0.32666836 0.4162975  0.35031429  0.51543471 0.67229928 0.64377244 0.16438956 0.88351314 0.31128358  0.548548   0.45832702 0.36496146 0.30179535
0.5609647  0.56720688 0.08200797 0.28900058 0.4508407  0.29803511  0.55833127 0.60390356 0.63033673 0.15534139 0.8939271  0.30899853  0.53595963 0.43343089 0.32252377 0.27698306
0.5609647  0.56720688 0.08200797 0.28900058 0.4508407  0.29803511  0.55833127 0.60390356 0.63033673 0.15534139 0.8939271  0.30899853  0.53595963 0.43343089 0.32252377 0.27698306
0.57668348 0.54188923 0.0888602  0.26266008 0.44494457 0.28399731  0.53591088 0.67653513 0.62716087 0.17229735 0.88039506 0.31864955  0.48088589 0.41124256 0.34324592 0.28905927
0.61892336 0.48992687 0.10772818 0.25760785 0.39923782 0.30404178  0.51375189 0.7462921  0.63760379 0.23965702 0.93411471 0.36089681  0.46564612 0.35034021 0.31850336 0.41179063
0.61892336 0.48992687 0.10772818 0.25760785 0.39923782 0.30404178  0.51375189 0.7462921  0.63760379 0.23965702 0.93411471 0.36089681  0.46564612 0.35034021 0.31850336 0.41179063
0.63906925 0.51340522 0.12456318 0.25828503 0.34667427 0.37446296  0.49897132 0.79460336 0.60151922 0.3302622  0.86805536 0.40627214  0.30829297 0.3180893  0.48433679 0.46548553
0.65626468 0.50048016 0.16579397 0.25968744 0.27806567 0.48294623  0.34961477 0.87191682 0.6124763  0.32552736 0.72008315 0.41126187  0.40347657 0.27646147 0.35476814 0.46010442
0.63351267 0.61056741 0.18154615 0.28374442 0.22326268 0.64598498  0.42200881 0.85064184 0.53247546 0.44058152 0.5670758  0.45844764  0.46498303 0.28081197 0.55887498 0.54029825
0.61144714 0.62887134 0.2199727  0.39598031 0.17654822 0.65486048  0.33756147 0.80801369 0.47495735 0.52335834 0.57736756 0.49853692  0.34383348 0.25073852 0.43571485 0.49492789
0.60247422 0.66696093 0.23484789 0.39973669 0.16332723 0.71565896  0.29298113 0.757836   0.39596825 0.50588777 0.42978715 0.47015442  0.34331394 0.24929177 0.35714651 0.33210431
0.54429344 0.76059061 0.18120761 0.42309789 0.22479735 0.78215615  0.38561738 0.57718764 0.47631058 0.4085901  0.43674845 0.41698499  0.62497076 0.35664509 0.24123413 0.37522093
0.47503902 0.80057932 0.16202534 0.53393759 0.25916625 0.73561862  0.3278752  0.45738239 0.5497796  0.46303252 0.39801436 0.4628533  0.48076861 0.31461737 0.30694521 0.43860789
0.43862234 0.7980259  0.1536084  0.56457943 0.29691408 0.65596988  0.34198779 0.4490974  0.55601248 0.469773   0.42359438 0.46988833  0.4411583  0.34248725 0.3966873  0.45944306
0.43862234 0.7980259  0.1536084  0.56457943 0.29691408 0.65596988  0.34198779 0.4490974  0.55601248 0.469773   0.42359438 0.46988833  0.4411583  0.34248725 0.3966873  0.45944306
0.41993761 0.7892757  0.16316674 0.58414789 0.29571409 0.65218878  0.28328324 0.46873886 0.60128853 0.4780995  0.38818365 0.48202922  0.51434068 0.36791003 0.43868643 0.50415384
0.29040628 0.73363718 0.17557477 0.66816594 0.38809412 0.41544383  0.23715094 0.50256649 0.62267628 0.47160587 0.36583077 0.49784199  0.5029275  0.495003   0.71724453 0.49940832
0.20030121 0.61023588 0.24033925 0.57246482 0.35315329 0.52146623  0.28468326 0.4584112  0.65987784 0.49542725 0.4165373  0.50242147  0.43522704 0.54659268 0.8553596  0.47664619
0.18239235 0.58436494 0.25416562 0.54905016 0.34403634 0.55317563  0.29879027 0.44224443 0.67458065 0.50342094 0.44412638 0.50143239  0.39381189 0.55894093 0.89645525 0.4640644 
0.14692154 0.53082277 0.2816206  0.49834349 0.3234879  0.60978516  0.3444617  0.40704082 0.66511896 0.50990348 0.47427559 0.49801251  0.33495233 0.52982358 0.86512664 0.44503733
0.05488173 0.43692925 0.31482574 0.45654179 0.36352369 0.45639366  0.43586995 0.4884267  0.51290409 0.38413637 0.47607013 0.4375697  0.49383141 0.47953133 0.57038008 0.37571905
0.03722896 0.40958307 0.32883973 0.42947971 0.35234469 0.48761967  0.4609272  0.46918194 0.50900109 0.38619323 0.49800897 0.43433716  0.45871587 0.46603407 0.55456796 0.3585692 
0.03722896 0.40958307 0.32883973 0.42947971 0.35234469 0.48761967  0.4609272  0.46918194 0.50900109 0.38619323 0.49800897 0.43433716  0.45871587 0.46603407 0.55456796 0.3585692 
0.03722896 0.40958307 0.32883973 0.42947971 0.35234469 0.48761967  0.4609272  0.46918194 0.50900109 0.38619323 0.49800897 0.43433716  0.45871587 0.46603407 0.55456796 0.3585692 
0.00039479 0.36283831 0.35232302 0.39930133 0.34523319 0.50234819  0.48417291 0.45702496 0.47508945 0.39693445 0.45000532 0.44589633  0.47476172 0.42761975 0.50206904 0.41641874
0.00039479 0.36283831 0.35232302 0.39930133 0.34523319 0.50234819  0.48417291 0.45702496 0.47508945 0.39693445 0.45000532 0.44589633  0.47476172 0.42761975 0.50206904 0.41641874
0.00039479 0.36283831 0.35232302 0.39930133 0.34523319 0.50234819  0.48417291 0.45702496 0.47508945 0.39693445 0.45000532 0.44589633  0.47476172 0.42761975 0.50206904 0.41641874
0.00039479 0.36283831 0.35232302 0.39930133 0.34523319 0.50234819  0.48417291 0.45702496 0.47508945 0.39693445 0.45000532 0.44589633  0.47476172 0.42761975 0.50206904 0.41641874
0.00039479 0.36283831 0.35232302 0.39930133 0.34523319 0.50234819  0.48417291 0.45702496 0.47508945 0.39693445 0.45000532 0.44589633  0.47476172 0.42761975 0.50206904 0.41641874
0.01877751 0.38616237 0.34024961 0.41452329 0.35026547 0.48875947  0.47765612 0.4623593  0.47676406 0.38966489 0.46128205 0.44156549  0.47317508 0.43487647 0.50402464 0.39108964
0.01877751 0.38616237 0.34024961 0.41452329 0.35026547 0.48875947  0.47765612 0.4623593  0.47676406 0.38966489 0.46128205 0.44156549  0.47317508 0.43487647 0.50402464 0.39108964
0.01877751 0.38616237 0.34024961 0.41452329 0.35026547 0.48875947  0.47765612 0.4623593  0.47676406 0.38966489 0.46128205 0.44156549  0.47317508 0.43487647 0.50402464 0.39108964
0.01877751 0.38616237 0.34024961 0.41452329 0.35026547 0.48875947  0.47765612 0.4623593  0.47676406 0.38966489 0.46128205 0.44156549  0.47317508 0.43487647 0.50402464 0.39108964
0.03722896 0.40958307 0.32883973 0.42947971 0.35234469 0.48761967  0.4609272  0.46918194 0.50900109 0.38619323 0.49800897 0.43433716  0.45871587 0.46603407 0.55456796 0.3585692 
0.03722896 0.40958307 0.32883973 0.42947971 0.35234469 0.48761967  0.4609272  0.46918194 0.50900109 0.38619323 0.49800897 0.43433716  0.45871587 0.46603407 0.55456796 0.3585692 
0.03722896 0.40958307 0.32883973 0.42947971 0.35234469 0.48761967  0.4609272  0.46918194 0.50900109 0.38619323 0.49800897 0.43433716  0.45871587 0.46603407 0.55456796 0.3585692 
0.0730037  0.4614444  0.30280833 0.47419358 0.36832494 0.45031305  0.41711885 0.49558087 0.54348988 0.38351628 0.50778393 0.43288146  0.47172658 0.51671803 0.63769893 0.35034614
0.0730037  0.4614444  0.30280833 0.47419358 0.36832494 0.45031305  0.41711885 0.49558087 0.54348988 0.38351628 0.50778393 0.43288146  0.47172658 0.51671803 0.63769893 0.35034614
0.10891909 0.51400796 0.27672712 0.52039415 0.38369696 0.4142482  0.36994028 0.52181376 0.57827728 0.38829465 0.50534938 0.43804427  0.4817743  0.55765585 0.72702016 0.35963479
0.10891909 0.51400796 0.27672712 0.52039415 0.38369696 0.4142482  0.36994028 0.52181376 0.57827728 0.38829465 0.50534938 0.43804427  0.4817743  0.55765585 0.72702016 0.35963479
0.12642818 0.54102415 0.26257972 0.54752144 0.39527417 0.37907526  0.34729622 0.54173174 0.57310632 0.38486121 0.47259008 0.44191124  0.526697   0.56340604 0.72341461 0.38558039
0.12642818 0.54102415 0.26257972 0.54752144 0.39527417 0.37907526  0.34729622 0.54173174 0.57310632 0.38486121 0.47259008 0.44191124  0.526697   0.56340604 0.72341461 0.38558039
0.16307398 0.58773307 0.24158242 0.58111524 0.39481426 0.3878476  0.30756877 0.54060533 0.6136264  0.41390929 0.46907955 0.45843435  0.48303698 0.57391997 0.81358211 0.40147837
0.18098284 0.61360402 0.22775605 0.6045299  0.40393121 0.3561382  0.29346176 0.5567721  0.59892359 0.4059156  0.44149048 0.45942342  0.52445213 0.56157172 0.77248646 0.41406016
0.19929831 0.63939448 0.2146451  0.62477398 0.41141985 0.33920202  0.27932966 0.56364367 0.60730426 0.40484957 0.44949357 0.45822926  0.51150862 0.5731288  0.79760287 0.40123259
0.19929831 0.63939448 0.2146451  0.62477398 0.41141985 0.33920202  0.27932966 0.56364367 0.60730426 0.40484957 0.44949357 0.45822926  0.51150862 0.5731288  0.79760287 0.40123259
0.19929831 0.63939448 0.2146451  0.62477398 0.41141985 0.33920202  0.27932966 0.56364367 0.60730426 0.40484957 0.44949357 0.45822926  0.51150862 0.5731288  0.79760287 0.40123259
0.23476218 0.6886814  0.1873013  0.66667202 0.42877097 0.27141515  0.269237   0.58962159 0.5418727  0.38683453 0.3690882  0.46105598  0.59724024 0.49718258 0.62285176 0.44932239
0.23476218 0.6886814  0.1873013  0.66667202 0.42877097 0.27141515  0.269237   0.58962159 0.5418727  0.38683453 0.3690882  0.46105598  0.59724024 0.49718258 0.62285176 0.44932239
0.23476218 0.6886814  0.1873013  0.66667202 0.42877097 0.27141515  0.269237   0.58962159 0.5418727  0.38683453 0.3690882  0.46105598  0.59724024 0.49718258 0.62285176 0.44932239
0.23476218 0.6886814  0.1873013  0.66667202 0.42877097 0.27141515  0.269237   0.58962159 0.5418727  0.38683453 0.3690882  0.46105598  0.59724024 0.49718258 0.62285176 0.44932239
0.21623457 0.66850952 0.19464458 0.65673355 0.43804207 0.23751713  0.28996202 0.60532266 0.50420728 0.35359983 0.36349489 0.44466976  0.66187085 0.49348998 0.53524902 0.43385105
0.1807707  0.61922259 0.22198837 0.61483551 0.42069095 0.30530399  0.30005467 0.57934475 0.56963884 0.37161487 0.44390026 0.44184305  0.57613922 0.56943621 0.71000013 0.38576126
0.1807707  0.61922259 0.22198837 0.61483551 0.42069095 0.30530399  0.30005467 0.57934475 0.56963884 0.37161487 0.44390026 0.44184305  0.57613922 0.56943621 0.71000013 0.38576126
0.16250807 0.59400521 0.2340556  0.59569702 0.41649794 0.31014283  0.32217599 0.57235662 0.53875444 0.36477963 0.42439597 0.43991277  0.60120705 0.54199564 0.63649102 0.39362246
0.14459921 0.56813426 0.24788197 0.57228235 0.40738099 0.34185223  0.336283   0.55618985 0.55345725 0.37277332 0.45198504 0.4389237  0.55979191 0.55434389 0.67758668 0.38104067
0.10816555 0.51580677 0.27464695 0.52838295 0.39108116 0.3839141  0.36941754 0.53474362 0.54222192 0.37802598 0.45308579 0.43998097  0.55176484 0.53596547 0.6499055  0.39344159
0.07209067 0.4636044  0.30089137 0.48365834 0.37565915 0.42096289  0.41161414 0.50972888 0.51043717 0.38046388 0.44420429 0.44148711  0.54152757 0.49408027 0.57972627 0.40311523
0.05458158 0.4365882  0.31503877 0.45653105 0.36408194 0.45613583  0.4342582  0.48981089 0.51560813 0.38389732 0.4769636  0.43762014  0.49660486 0.48833009 0.58333181 0.37716963
0.05458158 0.4365882  0.31503877 0.45653105 0.36408194 0.45613583  0.4342582  0.48981089 0.51560813 0.38389732 0.4769636  0.43762014  0.49660486 0.48833009 0.58333181 0.37716963
0.03613013 0.4131675  0.32644866 0.44157464 0.36200272 0.45727563  0.45098712 0.48298825 0.4833711  0.38736898 0.44023668 0.44484848  0.51106407 0.45717248 0.5327885  0.40969006
0.01877751 0.38616237 0.34024961 0.41452329 0.35026547 0.48875947  0.47765612 0.4623593  0.47676406 0.38966489 0.46128205 0.44156549  0.47317508 0.43487647 0.50402464 0.39108964
0.00039479 0.36283831 0.35232302 0.39930133 0.34523319 0.50234819  0.48417291 0.45702496 0.47508945 0.39693445 0.45000532 0.44589633  0.47476172 0.42761975 0.50206904 0.41641874
0.00039479 0.36283831 0.35232302 0.39930133 0.34523319 0.50234819  0.48417291 0.45702496 0.47508945 0.39693445 0.45000532 0.44589633  0.47476172 0.42761975 0.50206904 0.41641874
0.00039479 0.36283831 0.35232302 0.39930133 0.34523319 0.50234819  0.48417291 0.45702496 0.47508945 0.39693445 0.45000532 0.44589633  0.47476172 0.42761975 0.50206904 0.41641874
0.00039479 0.36283831 0.35232302 0.39930133 0.34523319 0.50234819  0.48417291 0.45702496 0.47508945 0.39693445 0.45000532 0.44589633  0.47476172 0.42761975 0.50206904 0.41641874
0.00039479 0.36283831 0.35232302 0.39930133 0.34523319 0.50234819  0.48417291 0.45702496 0.47508945 0.39693445 0.45000532 0.44589633  0.47476172 0.42761975 0.50206904 0.41641874
0.00039479 0.36283831 0.35232302 0.39930133 0.34523319 0.50234819  0.48417291 0.45702496 0.47508945 0.39693445 0.45000532 0.44589633  0.47476172 0.42761975 0.50206904 0.41641874
0.00039479 0.36283831 0.35232302 0.39930133 0.34523319 0.50234819  0.48417291 0.45702496 0.47508945 0.39693445 0.45000532 0.44589633  0.47476172 0.42761975 0.50206904 0.41641874
0.00039479 0.36283831 0.35232302 0.39930133 0.34523319 0.50234819  0.48417291 0.45702496 0.47508945 0.39693445 0.45000532 0.44589633  0.47476172 0.42761975 0.50206904 0.41641874
0.00039479 0.36283831 0.35232302 0.39930133 0.34523319 0.50234819  0.48417291 0.45702496 0.47508945 0.39693445 0.45000532 0.44589633  0.47476172 0.42761975 0.50206904 0.41641874
0.00039479 0.36283831 0.35232302 0.39930133 0.34523319 0.50234819  0.48417291 0.45702496 0.47508945 0.39693445 0.45000532 0.44589633  0.47476172 0.42761975 0.50206904 0.41641874
0.00039479 0.36283831 0.35232302 0.39930133 0.34523319 0.50234819  0.48417291 0.45702496 0.47508945 0.39693445 0.45000532 0.44589633  0.47476172 0.42761975 0.50206904 0.41641874
0.00039479 0.36283831 0.35232302 0.39930133 0.34523319 0.50234819  0.48417291 0.45702496 0.47508945 0.39693445 0.45000532 0.44589633  0.47476172 0.42761975 0.50206904 0.41641874
0.00039479 0.36283831 0.35232302 0.39930133 0.34523319 0.50234819  0.48417291 0.45702496 0.47508945 0.39693445 0.45000532 0.44589633  0.47476172 0.42761975 0.50206904 0.41641874
0.00039479 0.36283831 0.35232302 0.39930133 0.34523319 0.50234819  0.48417291 0.45702496 0.47508945 0.39693445 0.45000532 0.44589633  0.47476172 0.42761975 0.50206904 0.41641874
0.00039479 0.36283831 0.35232302 0.39930133 0.34523319 0.50234819  0.48417291 0.45702496 0.47508945 0.39693445 0.45000532 0.44589633  0.47476172 0.42761975 0.50206904 0.41641874
0.00039479 0.36283831 0.35232302 0.39930133 0.34523319 0.50234819  0.48417291 0.45702496 0.47508945 0.39693445 0.45000532 0.44589633  0.47476172 0.42761975 0.50206904 0.41641874
0.00039479 0.36283831 0.35232302 0.39930133 0.34523319 0.50234819  0.48417291 0.45702496 0.47508945 0.39693445 0.45000532 0.44589633  0.47476172 0.42761975 0.50206904 0.41641874
0.00039479 0.36283831 0.35232302 0.39930133 0.34523319 0.50234819  0.48417291 0.45702496 0.47508945 0.39693445 0.45000532 0.44589633  0.47476172 0.42761975 0.50206904 0.41641874
0.00039479 0.36283831 0.35232302 0.39930133 0.34523319 0.50234819  0.48417291 0.45702496 0.47508945 0.39693445 0.45000532 0.44589633  0.47476172 0.42761975 0.50206904 0.41641874
0.00039479 0.36283831 0.35232302 0.39930133 0.34523319 0.50234819  0.48417291 0.45702496 0.47508945 0.39693445 0.45000532 0.44589633  0.47476172 0.42761975 0.50206904 0.41641874
0.00039479 0.36283831 0.35232302 0.39930133 0.34523319 0.50234819  0.48417291 0.45702496 0.47508945 0.39693445 0.45000532 0.44589633  0.47476172 0.42761975 0.50206904 0.41641874
0.00039479 0.36283831 0.35232302 0.39930133 0.34523319 0.50234819  0.48417291 0.45702496 0.47508945 0.39693445 0.45000532 0.44589633  0.47476172 0.42761975 0.50206904 0.41641874
0.00039479 0.36283831 0.35232302 0.39930133 0.34523319 0.50234819  0.48417291 0.45702496 0.47508945 0.39693445 0.45000532 0.44589633  0.47476172 0.42761975 0.50206904 0.41641874
0.00039479 0.36283831 0.35232302 0.39930133 0.34523319 0.50234819  0.48417291 0.45702496 0.47508945 0.39693445 0.45000532 0.44589633  0.47476172 0.42761975 0.50206904 0.41641874
0.00039479 0.36283831 0.35232302 0.39930133 0.34523319 0.50234819  0.48417291 0.45702496 0.47508945 0.39693445 0.45000532 0.44589633  0.47476172 0.42761975 0.50206904 0.41641874
0.00039479 0.36283831 0.35232302 0.39930133 0.34523319 0.50234819  0.48417291 0.45702496 0.47508945 0.39693445 0.45000532 0.44589633  0.47476172 0.42761975 0.50206904 0.41641874
0.00039479 0.36283831 0.35232302 0.39930133 0.34523319 0.50234819  0.48417291 0.45702496 0.47508945 0.39693445 0.45000532 0.44589633  0.47476172 0.42761975 0.50206904 0.41641874
0.00039479 0.36283831 0.35232302 0.39930133 0.34523319 0.50234819  0.48417291 0.45702496 0.47508945 0.39693445 0.45000532 0.44589633  0.47476172 0.42761975 0.50206904 0.41641874
0.00039479 0.36283831 0.35232302 0.39930133 0.34523319 0.50234819  0.48417291 0.45702496 0.47508945 0.39693445 0.45000532 0.44589633  0.47476172 0.42761975 0.50206904 0.41641874
0.00039479 0.36283831 0.35232302 0.39930133 0.34523319 0.50234819  0.48417291 0.45702496 0.47508945 0.39693445 0.45000532 0.44589633  0.47476172 0.42761975 0.50206904 0.41641874
