0.00039479 0.36283831 0.35232302 0.39930133 0.34523319 0.50234819  0.48417291 0.45702496 0.47508945 0.39693445 0.45000532 0.44589633  0.47476172 0.42761975 0.50206904 0.41641874
0.00039479 0.36283831 0.35232302 0.39930133 0.34523319 0.50234819  0.48417291 0.45702496 0.47508945 0.39693445 0.45000532 0.44589633  0.47476172 0.42761975 0.50206904 0.41641874
0.00039479 0.36283831 0.35232302 0.39930133 0.34523319 0.50234819  0.48417291 0.45702496 0.47508945 0.39693445 0.45000532 0.44589633  0.47476172 0.42761975 0.50206904 0.41641874
0.00039479 0.36283831 0.35232302 0.39930133 0.34523319 0.50234819  0.48417291 0.45702496 0.47508945 0.39693445 0.45000532 0.44589633  0.47476172 0.42761975 0.50206904 0.41641874
0.00039479 0.36283831 0.35232302 0.39930133 0.34523319 0.50234819  0.48417291 0.45702496 0.47508945 0.39693445 0.45000532 0.44589633  0.47476172 0.42761975 0.50206904 0.41641874
0.00039479 0.36283831 0.35232302 0.39930133 0.34523319 0.50234819  0.48417291 0.45702496 0.47508945 0.39693445 0.45000532 0.44589633  0.47476172 0.42761975 0.50206904 0.41641874
0.00039479 0.36283831 0.35232302 0.39930133 0.34523319 0.50234819  0.48417291 0.45702496 0.47508945 0.39693445 0.45000532 0.44589633  0.47476172 0.42761975 0.50206904 0.41641874
0.00039479 0.36283831 0.35232302 0.39930133 0.34523319 0.50234819  0.48417291 0.45702496 0.47508945 0.39693445 0.45000532 0.44589633  0.47476172 0.42761975 0.50206904 0.41641874
0.00039479 0.36283831 0.35232302 0.39930133 0.34523319 0.50234819  0.48417291 0.45702496 0.47508945 0.39693445 0.45000532 0.44589633  0.47476172 0.42761975 0.50206904 0.41641874
0.00039479 0.36283831 0.35232302 0.39930133 0.34523319 0.50234819  0.48417291 0.45702496 0.47508945 0.39693445 0.45000532 0.44589633  0.47476172 0.42761975 0.50206904 0.41641874
0.00039479 0.36283831 0.35232302 0.39930133 0.34523319 0.50234819  0.48417291 0.45702496 0.47508945 0.39693445 0.45000532 0.44589633  0.47476172 0.42761975 0.50206904 0.41641874
0.00039479 0.36283831 0.35232302 0.39930133 0.34523319 0.50234819  0.48417291 0.45702496 0.47508945 0.39693445 0.45000532 0.44589633  0.47476172 0.42761975 0.50206904 0.41641874
0.00039479 0.36283831 0.35232302 0.39930133 0.34523319 0.50234819  0.48417291 0.45702496 0.47508945 0.39693445 0.45000532 0.44589633  0.47476172 0.42761975 0.50206904 0.41641874
0.00039479 0.36283831 0.35232302 0.39930133 0.34523319 0.50234819  0.48417291 0.45702496 0.47508945 0.39693445 0.45000532 0.44589633  0.47476172 0.42761975 0.50206904 0.41641874
0.00039479 0.36283831 0.35232302 0.39930133 0.34523319 0.50234819  0.48417291 0.45702496 0.47508945 0.39693445 0.45000532 0.44589633  0.47476172 0.42761975 0.50206904 0.41641874
0.00039479 0.36283831 0.35232302 0.39930133 0.34523319 0.50234819  0.48417291 0.45702496 0.47508945 0.39693445 0.45000532 0.44589633  0.47476172 0.42761975 0.50206904 0.41641874
0.00039479 0.36283831 0.35232302 0.39930133 0.34523319 0.50234819  0.48417291 0.45702496 0.47508945 0.39693445 0.45000532 0.44589633  0.47476172 0.42761975 0.50206904 0.41641874
0.00039479 0.36283831 0.35232302 0.39930133 0.34523319 0.50234819  0.48417291 0.45702496 0.47508945 0.39693445 0.45000532 0.44589633  0.47476172 0.42761975 0.50206904 0.41641874
0.00039479 0.36283831 0.35232302 0.39930133 0.34523319 0.50234819  0.48417291 0.45702496 0.47508945 0.39693445 0.45000532 0.44589633  0.47476172 0.42761975 0.50206904 0.41641874
0.00039479 0.36283831 0.35232302 0.39930133 0.34523319 0.50234819  0.48417291 0.45702496 0.47508945 0.39693445 0.45000532 0.44589633  0.47476172 0.42761975 0.50206904 0.41641874
0.00039479 0.36283831 0.35232302 0.39930133 0.34523319 0.50234819  0.48417291 0.45702496 0.47508945 0.39693445 0.45000532 0.44589633  0.47476172 0.42761975 0.50206904 0.41641874
0.00039479 0.36283831 0.35232302 0.39930133 0.34523319 0.50234819  0.48417291 0.45702496 0.47508945 0.39693445 0.45000532 0.44589633  0.47476172 0.42761975 0.50206904 0.41641874
0.00039479 0.36283831 0.35232302 0.39930133 0.34523319 0.50234819  0.48417291 0.45702496 0.47508945 0.39693445 0.45000532 0.44589633  0.47476172 0.42761975 0.50206904 0.41641874
0.00039479 0.36283831 0.35232302 0.39930133 0.34523319 0.50234819  0.48417291 0.45702496 0.47508945 0.39693445 0.45000532 0.44589633  0.47476172 0.42761975 0.50206904 0.41641874
0.00039479 0.36283831 0.35232302 0.39930133 0.34523319 0.50234819  0.48417291 0.45702496 0.47508945 0.39693445 0.45000532 0.44589633  0.47476172 0.42761975 0.50206904 0.41641874
0.00039479 0.36283831 0.35232302 0.39930133 0.34523319 0.50234819  0.48417291 0.45702496 0.47508945 0.39693445 0.45000532 0.44589633  0.47476172 0.42761975 0.50206904 0.41641874
0.00039479 0.36283831 0.35232302 0.39930133 0.34523319 0.50234819  0.48417291 0.45702496 0.47508945 0.39693445 0.45000532 0.44589633  0.47476172 0.42761975 0.50206904 0.41641874
0.00039479 0.36283831 0.35232302 0.39930133 0.34523319 0.50234819  0.48417291 0.45702496 0.47508945 0.39693445 0.45000532 0.44589633  0.47476172 0.42761975 0.50206904 0.41641874
0.00039479 0.36283831 0.35232302 0.39930133 0.34523319 0.50234819  0.48417291 0.45702496 0.47508945 0.39693445 0.45000532 0.44589633  0.47476172 0.42761975 0.50206904 0.41641874
0.00039479 0.36283831 0.35232302 0.39930133 0.34523319 0.50234819  0.48417291 0.45702496 0.47508945 0.39693445 0.45000532 0.44589633  0.47476172 0.42761975 0.50206904 0.41641874
0.00039479 0.36283831 0.35232302 0.39930133 0.34523319 0.50234819  0.48417291 0.45702496 0.47508945 0.39693445 0.45000532 0.44589633  0.47476172 0.42761975 0.50206904 0.41641874
0.00039479 0.36283831 0.35232302 0.39930133 0.34523319 0.50234819  0.48417291 0.45702496 0.47508945 0.39693445 0.45000532 0.44589633  0.47476172 0.42761975 0.50206904 0.41641874
0.00039479 0.36283831 0.35232302 0.39930133 0.34523319 0.50234819  0.48417291 0.45702496 0.47508945 0.39693445 0.45000532 0.44589633  0.47476172 0.42761975 0.50206904 0.41641874
0.00039479 0.36283831 0.35232302 0.39930133 0.34523319 0.50234819  0.48417291 0.45702496 0.47508945 0.39693445 0.45000532 0.44589633  0.47476172 0.42761975 0.50206904 0.41641874
0.00039479 0.36283831 0.35232302 0.39930133 0.34523319 0.50234819  0.48417291 0.45702496 0.47508945 0.39693445 0.45000532 0.44589633  0.47476172 0.42761975 0.50206904 0.41641874
0.00039479 0.36283831 0.35232302 0.39930133 0.34523319 0.50234819  0.48417291 0.45702496 0.47508945 0.39693445 0.45000532 0.44589633  0.47476172 0.42761975 0.50206904 0.41641874
0.00039479 0.36283831 0.35232302 0.39930133 0.34523319 0.50234819  0.48417291 0.45702496 0.47508945 0.39693445 0.45000532 0.44589633  0.47476172 0.42761975 0.50206904 0.41641874
0.00039479 0.36283831 0.35232302 0.39930133 0.34523319 0.50234819  0.48417291 0.45702496 0.47508945 0.39693445 0.45000532 0.44589633  0.47476172 0.42761975 0.50206904 0.41641874
0.00039479 0.36283831 0.35232302 0.39930133 0.34523319 0.50234819  0.48417291 0.45702496 0.47508945 0.39693445 0.45000532 0.44589633  0.47476172 0.42761975 0.50206904 0.41641874
0.00039479 0.36283831 0.35232302 0.39930133 0.34523319 0.50234819  0.48417291 0.45702496 0.47508945 0.39693445 0.45000532 0.44589633  0.47476172 0.42761975 0.50206904 0.41641874
0.00039479 0.36283831 0.35232302 0.39930133 0.34523319 0.50234819  0.48417291 0.45702496 0.47508945 0.39693445 0.45000532 0.44589633  0.47476172 0.42761975 0.50206904 0.41641874
0.00039479 0.36283831 0.35232302 0.39930133 0.34523319 0.50234819  0.48417291 0.45702496 0.47508945 0.39693445 0.45000532 0.44589633  0.47476172 0.42761975 0.50206904 0.41641874
0.00039479 0.36283831 0.35232302 0.39930133 0.34523319 0.50234819  0.48417291 0.45702496 0.47508945 0.39693445 0.45000532 0.44589633  0.47476172 0.42761975 0.50206904 0.41641874
0.00039479 0.36283831 0.35232302 0.39930133 0.34523319 0.50234819  0.48417291 0.45702496 0.47508945 0.39693445 0.45000532 0.44589633  0.47476172 0.42761975 0.50206904 0.41641874
0.00039479 0.36283831 0.35232302 0.39930133 0.34523319 0.50234819  0.48417291 0.45702496 0.47508945 0.39693445 0.45000532 0.44589633  0.47476172 0.42761975 0.50206904 0.41641874
0.00039479 0.36283831 0.35232302 0.39930133 0.34523319 0.50234819  0.48417291 0.45702496 0.47508945 0.39693445 0.45000532 0.44589633  0.47476172 0.42761975 0.50206904 0.41641874
0.00039479 0.36283831 0.35232302 0.39930133 0.34523319 0.50234819  0.48417291 0.45702496 0.47508945 0.39693445 0.45000532 0.44589633  0.47476172 0.42761975 0.50206904 0.41641874
0.00039479 0.36283831 0.35232302 0.39930133 0.34523319 0.50234819  0.48417291 0.45702496 0.47508945 0.39693445 0.45000532 0.44589633  0.47476172 0.42761975 0.50206904 0.41641874
0.00039479 0.36283831 0.35232302 0.39930133 0.34523319 0.50234819  0.48417291 0.45702496 0.47508945 0.39693445 0.45000532 0.44589633  0.47476172 0.42761975 0.50206904 0.41641874
0.00039479 0.36283831 0.35232302 0.39930133 0.34523319 0.50234819  0.48417291 0.45702496 0.47508945 0.39693445 0.45000532 0.44589633  0.47476172 0.42761975 0.50206904 0.41641874
0.0177474  0.38984345 0.33852207 0.42635267 0.35697043 0.47086435  0.45750391 0.47765391 0.48169648 0.39463854 0.42895995 0.44917931  0.51265071 0.44991576 0.53083289 0.43501917
0.14403311 0.56857594 0.24732976 0.57692891 0.40895932 0.32806296  0.33132612 0.56670319 0.53337641 0.37306194 0.40507683 0.4477759  0.61396101 0.52949117 0.63051661 0.42541231
0.1979191  0.64271906 0.20775552 0.63648947 0.43055343 0.25445331  0.30409412 0.59845109 0.49582661 0.35466587 0.3554918  0.44586393  0.67481435 0.4819329  0.51013262 0.44667862
0.21623457 0.66850952 0.19464458 0.65673355 0.43804207 0.23751713  0.28996202 0.60532266 0.50420728 0.35359983 0.36349489 0.44466976  0.66187085 0.49348998 0.53524902 0.43385105
0.25348622 0.71136997 0.17563316 0.67688859 0.43151247 0.26742085  0.27495577 0.58244661 0.53373258 0.38449213 0.38678118 0.45763486  0.56439986 0.47958742 0.59795822 0.42736216
0.25348622 0.71136997 0.17563316 0.67688859 0.43151247 0.26742085  0.27495577 0.58244661 0.53373258 0.38449213 0.38678118 0.45763486  0.56439986 0.47958742 0.59795822 0.42736216
0.25348622 0.71136997 0.17563316 0.67688859 0.43151247 0.26742085  0.27495577 0.58244661 0.53373258 0.38449213 0.38678118 0.45763486  0.56439986 0.47958742 0.59795822 0.42736216
0.23495862 0.69119809 0.18297643 0.66695012 0.44078358 0.23352283  0.29568078 0.59814769 0.49606716 0.35125743 0.38118787 0.44124864  0.62903047 0.47589483 0.51035549 0.41189082
0.23495862 0.69119809 0.18297643 0.66695012 0.44078358 0.23352283  0.29568078 0.59814769 0.49606716 0.35125743 0.38118787 0.44124864  0.62903047 0.47589483 0.51035549 0.41189082
0.23495862 0.69119809 0.18297643 0.66695012 0.44078358 0.23352283  0.29568078 0.59814769 0.49606716 0.35125743 0.38118787 0.44124864  0.62903047 0.47589483 0.51035549 0.41189082
0.21623457 0.66850952 0.19464458 0.65673355 0.43804207 0.23751713  0.28996202 0.60532266 0.50420728 0.35359983 0.36349489 0.44466976  0.66187085 0.49348998 0.53524902 0.43385105
0.21623457 0.66850952 0.19464458 0.65673355 0.43804207 0.23751713  0.28996202 0.60532266 0.50420728 0.35359983 0.36349489 0.44466976  0.66187085 0.49348998 0.53524902 0.43385105
0.21623457 0.66850952 0.19464458 0.65673355 0.43804207 0.23751713  0.28996202 0.60532266 0.50420728 0.35359983 0.36349489 0.44466976  0.66187085 0.49348998 0.53524902 0.43385105
0.21623457 0.66850952 0.19464458 0.65673355 0.43804207 0.23751713  0.28996202 0.60532266 0.50420728 0.35359983 0.36349489 0.44466976  0.66187085 0.49348998 0.53524902 0.43385105
0.21623457 0.66850952 0.19464458 0.65673355 0.43804207 0.23751713  0.28996202 0.60532266 0.50420728 0.35359983 0.36349489 0.44466976  0.66187085 0.49348998 0.53524902 0.43385105
0.21623457 0.66850952 0.19464458 0.65673355 0.43804207 0.23751713  0.28996202 0.60532266 0.50420728 0.35359983 0.36349489 0.44466976  0.66187085 0.49348998 0.53524902 0.43385105
0.21623457 0.66850952 0.19464458 0.65673355 0.43804207 0.23751713  0.28996202 0.60532266 0.50420728 0.35359983 0.36349489 0.44466976  0.66187085 0.49348998 0.53524902 0.43385105
0.21623457 0.66850952 0.19464458 0.65673355 0.43804207 0.23751713  0.28996202 0.60532266 0.50420728 0.35359983 0.36349489 0.44466976  0.66187085 0.49348998 0.53524902 0.43385105
0.25348622 0.71136997 0.17563316 0.67688859 0.43151247 0.26742085  0.27495577 0.58244661 0.53373258 0.38449213 0.38678118 0.45763486  0.56439986 0.47958742 0.59795822 0.42736216
0.27230287 0.73267769 0.16547083 0.68332028 0.43003633 0.28129444  0.27429226 0.57383444 0.55875287 0.38318526 0.44123623 0.44755586  0.5143895  0.4866367  0.6130834  0.38891645
0.27230287 0.73267769 0.16547083 0.68332028 0.43003633 0.28129444  0.27429226 0.57383444 0.55875287 0.38318526 0.44123623 0.44755586  0.5143895  0.4866367  0.6130834  0.38891645
0.31038214 0.76094648 0.15369465 0.66183254 0.40851878 0.35948512  0.30593997 0.54141118 0.60050955 0.36983941 0.56586037 0.41819459  0.47915548 0.46816292 0.53845045 0.34345788
0.3477983  0.78196187 0.15025112 0.64107844 0.37136733 0.47458875  0.30450839 0.49242404 0.64578256 0.41026579 0.56951675 0.43520543  0.47213141 0.44559649 0.54765924 0.39667141
0.49402118 0.80233109 0.1085089  0.455516   0.33530935 0.62976709  0.59335689 0.38633036 0.5007273  0.43493177 0.60766342 0.43079884  0.43584203 0.39866471 0.46822064 0.41378588
0.54585538 0.76698681 0.08965354 0.34547207 0.35390861 0.59149901  0.72032369 0.43166193 0.43851868 0.41619343 0.58055577 0.44022078  0.54140279 0.43690875 0.55830019 0.48269548
0.57929023 0.72501455 0.09327569 0.27109913 0.34881102 0.5775856  0.7181481  0.55430708 0.46462874 0.37566538 0.59495106 0.42951876  0.5899569  0.42970602 0.62834303 0.51296674
0.62936194 0.67797168 0.12809022 0.21718934 0.28713751 0.64219209  0.61796075 0.6706535  0.42078798 0.3913507  0.4175318  0.45349888  0.58575601 0.33853978 0.58292065 0.52007308
0.67522731 0.58701645 0.1427057  0.17887999 0.27607083 0.58433763  0.49809725 0.77957069 0.384048   0.40858755 0.44472106 0.453401  0.28836126 0.32692091 0.45565956 0.56641307
0.71511744 0.48356226 0.12273039 0.16318604 0.31985823 0.50901944  0.39896441 0.66983248 0.48887647 0.35791702 0.49476691 0.43641245  0.25607929 0.26487354 0.28619098 0.49709688
0.75955304 0.39165451 0.10541861 0.09807931 0.34582751 0.43603928  0.35994703 0.53667254 0.6044819  0.33865391 0.3876671  0.49286124  0.29296213 0.46783043 0.36530386 0.51240178
0.79568702 0.33905116 0.15593592 0.15429825 0.30513038 0.39450134  0.32890179 0.44365901 0.53790838 0.41103934 0.43099847 0.56328804  0.34631943 0.52848578 0.35691293 0.41238242
0.83183271 0.31712588 0.2449127  0.20814977 0.23727822 0.37592692  0.29737999 0.43040282 0.44278664 0.45552057 0.4435887  0.60338925  0.39682121 0.57428273 0.33038372 0.29314509
0.83762635 0.33013806 0.27934014 0.21013381 0.23935162 0.37666266  0.28622553 0.40687807 0.4358053  0.38710257 0.4426943  0.60367498  0.36554698 0.58918376 0.32577879 0.35030781
0.8356002  0.33549437 0.27750787 0.22086858 0.24327594 0.38244355  0.3096227  0.39911075 0.4667631  0.38217467 0.43679197 0.61435523  0.43670372 0.47557165 0.39160057 0.32540921
0.85192865 0.35184679 0.35002045 0.21850865 0.22651022 0.350943  0.31418596 0.37206146 0.45818779 0.30304497 0.40173326 0.57498583  0.3107574  0.59760385 0.3260519  0.45008031
0.8541079  0.36089891 0.36797151 0.21205778 0.24521258 0.35767456  0.30145446 0.36401936 0.44919179 0.27222282 0.39706903 0.57194537  0.26327207 0.64369316 0.28926522 0.48834892
0.86096468 0.40970622 0.47353619 0.23907574 0.22726659 0.31954606  0.38718273 0.42635823 0.49979396 0.23541717 0.41680283 0.54469673  0.23791238 0.5732446  0.37843354 0.53965922
0.86096468 0.40970622 0.47353619 0.23907574 0.22726659 0.31954606  0.38718273 0.42635823 0.49979396 0.23541717 0.41680283 0.54469673  0.23791238 0.5732446  0.37843354 0.53965922
0.87306059 0.40169324 0.50588234 0.26904154 0.20386084 0.31496201  0.38070225 0.41124022 0.44987269 0.23990715 0.44100566 0.56202652  0.30122434 0.59446716 0.38247332 0.46074003
0.86677938 0.3982531  0.47520389 0.25883484 0.20312791 0.34171746  0.33923781 0.40744639 0.38502352 0.21085649 0.4647378  0.58479638  0.31334613 0.65108897 0.35515209 0.43918917
0.86677938 0.3982531  0.47520389 0.25883484 0.20312791 0.34171746  0.33923781 0.40744639 0.38502352 0.21085649 0.4647378  0.58479638  0.31334613 0.65108897 0.35515209 0.43918917
0.86677938 0.3982531  0.47520389 0.25883484 0.20312791 0.34171746  0.33923781 0.40744639 0.38502352 0.21085649 0.4647378  0.58479638  0.31334613 0.65108897 0.35515209 0.43918917
0.86677938 0.3982531  0.47520389 0.25883484 0.20312791 0.34171746  0.33923781 0.40744639 0.38502352 0.21085649 0.4647378  0.58479638  0.31334613 0.65108897 0.35515209 0.43918917
0.87920845 0.36528728 0.46357742 0.26217541 0.22261918 0.33642635  0.31385308 0.32307508 0.40096474 0.21320984 0.42179907 0.59192156  0.33658283 0.61726724 0.36611757 0.41077821
0.89491854 0.3442908  0.50353201 0.31497552 0.19821185 0.29891201  0.33700321 0.2999778  0.39679071 0.18394377 0.52396839 0.63100449  0.35163155 0.59725926 0.39627066 0.53286539
0.89491854 0.3442908  0.50353201 0.31497552 0.19821185 0.29891201  0.33700321 0.2999778  0.39679071 0.18394377 0.52396839 0.63100449  0.35163155 0.59725926 0.39627066 0.53286539
0.87951254 0.31818462 0.41849057 0.30907094 0.19680834 0.31878641  0.32458894 0.34510169 0.40257051 0.32298057 0.55229955 0.66635433  0.43415937 0.56828473 0.3805782  0.43156875
0.87850069 0.31670912 0.41848885 0.31194575 0.19740576 0.31865871  0.32567974 0.34352958 0.40330244 0.32380242 0.55868174 0.64794068  0.46707741 0.54624888 0.40580992 0.37428696
0.86614049 0.32998046 0.38384235 0.27943078 0.18843345 0.33882473  0.31993307 0.34927613 0.40690534 0.32457038 0.46996953 0.62366011  0.49077879 0.54592066 0.4172753  0.27551224
0.86614049 0.32998046 0.38384235 0.27943078 0.18843345 0.33882473  0.31993307 0.34927613 0.40690534 0.32457038 0.46996953 0.62366011  0.49077879 0.54592066 0.4172753  0.27551224
0.86614049 0.32998046 0.38384235 0.27943078 0.18843345 0.33882473  0.31993307 0.34927613 0.40690534 0.32457038 0.46996953 0.62366011  0.49077879 0.54592066 0.4172753  0.27551224
0.86614049 0.32998046 0.38384235 0.27943078 0.18843345 0.33882473  0.31993307 0.34927613 0.40690534 0.32457038 0.46996953 0.62366011  0.49077879 0.54592066 0.4172753  0.27551224
0.84972226 0.32212508 0.31168629 0.24009961 0.21594588 0.37207861  0.27974505 0.39176006 0.38588402 0.39159255 0.46689713 0.62100477  0.42885893 0.61040632 0.32981857 0.27138862
0.84972226 0.32212508 0.31168629 0.24009961 0.21594588 0.37207861  0.27974505 0.39176006 0.38588402 0.39159255 0.46689713 0.62100477  0.42885893 0.61040632 0.32981857 0.27138862
0.84972226 0.32212508 0.31168629 0.24009961 0.21594588 0.37207861  0.27974505 0.39176006 0.38588402 0.39159255 0.46689713 0.62100477  0.42885893 0.61040632 0.32981857 0.27138862
0.84972226 0.32212508 0.31168629 0.24009961 0.21594588 0.37207861  0.27974505 0.39176006 0.38588402 0.39159255 0.46689713 0.62100477  0.42885893 0.61040632 0.32981857 0.27138862
0.85874178 0.32243825 0.34740086 0.26488456 0.19655734 0.35089709  0.306394   0.37561756 0.39639569 0.38327111 0.4771751  0.63076233  0.47531206 0.57904687 0.37530717 0.25622659
0.86708864 0.32827678 0.38025586 0.27766177 0.18278116 0.33819383  0.31493682 0.35015518 0.38627518 0.29876961 0.47449926 0.65686719  0.4446898  0.56445749 0.41901789 0.35333134
0.86708864 0.32827678 0.38025586 0.27766177 0.18278116 0.33819383  0.31493682 0.35015518 0.38627518 0.29876961 0.47449926 0.65686719  0.4446898  0.56445749 0.41901789 0.35333134
0.86708864 0.32827678 0.38025586 0.27766177 0.18278116 0.33819383  0.31493682 0.35015518 0.38627518 0.29876961 0.47449926 0.65686719  0.4446898  0.56445749 0.41901789 0.35333134
0.87298039 0.34096782 0.41449296 0.2743652  0.17866107 0.32441883  0.33044897 0.34010788 0.39887996 0.27423461 0.44712598 0.6168666  0.40735152 0.58396793 0.40255459 0.37653641
0.8803791  0.34851002 0.45093445 0.28891142 0.17053717 0.31234647  0.34398805 0.31376646 0.4093896  0.21553387 0.43992041 0.60976438  0.42281826 0.55084173 0.44452272 0.39582205
0.8803791  0.34851002 0.45093445 0.28891142 0.17053717 0.31234647  0.34398805 0.31376646 0.4093896  0.21553387 0.43992041 0.60976438  0.42281826 0.55084173 0.44452272 0.39582205
0.87448735 0.33581899 0.41669736 0.29220799 0.17465726 0.32612147  0.3284759  0.32381375 0.39678482 0.24006888 0.46729369 0.64976497  0.46015654 0.53133129 0.46098601 0.37261698
0.87448735 0.33581899 0.41669736 0.29220799 0.17465726 0.32612147  0.3284759  0.32381375 0.39678482 0.24006888 0.46729369 0.64976497  0.46015654 0.53133129 0.46098601 0.37261698
0.87448735 0.33581899 0.41669736 0.29220799 0.17465726 0.32612147  0.3284759  0.32381375 0.39678482 0.24006888 0.46729369 0.64976497  0.46015654 0.53133129 0.46098601 0.37261698
0.88209874 0.3059614  0.41058492 0.33680468 0.19983719 0.35578235  0.3216208  0.32376407 0.34785356 0.23458824 0.48142616 0.59577264  0.47302676 0.50910092 0.49991584 0.39974772
0.88108689 0.30448591 0.4105832  0.33967949 0.20043461 0.35565465  0.3227116  0.32219196 0.34858549 0.2354101  0.48780835 0.57735898  0.50594479 0.48706507 0.52514757 0.34246594
0.88108689 0.30448591 0.4105832  0.33967949 0.20043461 0.35565465  0.3227116  0.32219196 0.34858549 0.2354101  0.48780835 0.57735898  0.50594479 0.48706507 0.52514757 0.34246594
0.88946197 0.2791264  0.4176845  0.37682759 0.18920605 0.33097128  0.33622811 0.32612917 0.35380004 0.28982367 0.58627132 0.60875071  0.51869773 0.50368231 0.48635822 0.42473015
0.88144938 0.26683929 0.36681487 0.36857832 0.23531703 0.40177289  0.30225913 0.34278678 0.29449477 0.28826634 0.49502094 0.52858045  0.50744419 0.49782695 0.53911131 0.3432198 
0.88144938 0.26683929 0.36681487 0.36857832 0.23531703 0.40177289  0.30225913 0.34278678 0.29449477 0.28826634 0.49502094 0.52858045  0.50744419 0.49782695 0.53911131 0.3432198 
0.88144938 0.26683929 0.36681487 0.36857832 0.23531703 0.40177289  0.30225913 0.34278678 0.29449477 0.28826634 0.49502094 0.52858045  0.50744419 0.49782695 0.53911131 0.3432198 
0.87242986 0.26652611 0.33110031 0.34379337 0.25470556 0.42295441  0.27561019 0.35892928 0.2839831  0.29658777 0.48474297 0.51882289  0.46099107 0.52918641 0.49362271 0.35838182
0.86509485 0.26216308 0.29824702 0.32814135 0.26788432 0.43578537  0.26597657 0.38596377 0.29337168 0.38026741 0.48103662 0.51113168  0.45869529 0.56581163 0.42468027 0.31855886
0.85930121 0.24915091 0.26381958 0.32615732 0.26581092 0.43504963  0.27713102 0.40948851 0.30035301 0.44868541 0.48193101 0.51084595  0.48996953 0.5509106  0.42928519 0.26139614
0.80714132 0.30745311 0.14316592 0.18380344 0.34301946 0.47275113  0.2764573  0.44742198 0.47101193 0.35875695 0.34076074 0.46837399  0.38645752 0.42523956 0.36321555 0.36392311
0.78743402 0.34532367 0.11693221 0.10924094 0.34124527 0.4476743  0.28979287 0.46258968 0.56986447 0.35974761 0.30242544 0.50503654  0.31027533 0.42624738 0.32024595 0.41571156
0.78743402 0.34532367 0.11693221 0.10924094 0.34124527 0.4476743  0.28979287 0.46258968 0.56986447 0.35974761 0.30242544 0.50503654  0.31027533 0.42624738 0.32024595 0.41571156
0.73852262 0.41427339 0.07266845 0.14417221 0.39238858 0.46502341  0.41697137 0.32886671 0.68208822 0.2967082  0.38023635 0.47553346  0.59354649 0.38370797 0.40950586 0.41059526
0.63431462 0.59762004 0.05956784 0.23055619 0.4025482  0.51830601  0.64169548 0.27653595 0.58085979 0.37736693 0.41779747 0.49018089  0.66440221 0.51936156 0.70850609 0.46970706
0.4955831  0.68366988 0.06142152 0.46105112 0.4607314  0.37474645  0.6183474  0.15466709 0.43002054 0.43094765 0.4208724  0.48545777  0.37363822 0.42018376 0.58357428 0.3027106 
0.32539205 0.72242557 0.12454503 0.58656137 0.47532714 0.18079891  0.55850099 0.47628372 0.26619709 0.39639963 0.35782634 0.47006674  0.37563455 0.40452496 0.48794117 0.36248795
0.17890834 0.58834555 0.21838636 0.56797713 0.43553461 0.24014973  0.44415452 0.52376795 0.31751402 0.38485728 0.22944301 0.48273366  0.63992058 0.35886745 0.34076808 0.5214641 
0.16155572 0.56134041 0.23218731 0.54092578 0.42379737 0.27163357  0.47082352 0.503139   0.31090698 0.3871532  0.25048838 0.47945068  0.60203158 0.33657144 0.31200423 0.50286367
0.05336775 0.43914143 0.31083182 0.46832666 0.37416152 0.39938838  0.45143619 0.50292086 0.40448693 0.37548598 0.33684065 0.45259001  0.60541605 0.3574237  0.32371238 0.49045415
0.01779563 0.38669558 0.33863985 0.42004769 0.35385851 0.46460162  0.48109267 0.47190843 0.43452283 0.38595027 0.3992976  0.44733029  0.52908455 0.38078184 0.39373238 0.44873962
0.00039479 0.36283831 0.35232302 0.39930133 0.34523319 0.50234819  0.48417291 0.45702496 0.47508945 0.39693445 0.45000532 0.44589633  0.47476172 0.42761975 0.50206904 0.41641874
0.00039479 0.36283831 0.35232302 0.39930133 0.34523319 0.50234819  0.48417291 0.45702496 0.47508945 0.39693445 0.45000532 0.44589633  0.47476172 0.42761975 0.50206904 0.41641874
0.00039479 0.36283831 0.35232302 0.39930133 0.34523319 0.50234819  0.48417291 0.45702496 0.47508945 0.39693445 0.45000532 0.44589633  0.47476172 0.42761975 0.50206904 0.41641874
0.00039479 0.36283831 0.35232302 0.39930133 0.34523319 0.50234819  0.48417291 0.45702496 0.47508945 0.39693445 0.45000532 0.44589633  0.47476172 0.42761975 0.50206904 0.41641874
0.00039479 0.36283831 0.35232302 0.39930133 0.34523319 0.50234819  0.48417291 0.45702496 0.47508945 0.39693445 0.45000532 0.44589633  0.47476172 0.42761975 0.50206904 0.41641874
0.00039479 0.36283831 0.35232302 0.39930133 0.34523319 0.50234819  0.48417291 0.45702496 0.47508945 0.39693445 0.45000532 0.44589633  0.47476172 0.42761975 0.50206904 0.41641874
0.00039479 0.36283831 0.35232302 0.39930133 0.34523319 0.50234819  0.48417291 0.45702496 0.47508945 0.39693445 0.45000532 0.44589633  0.47476172 0.42761975 0.50206904 0.41641874
0.00039479 0.36283831 0.35232302 0.39930133 0.34523319 0.50234819  0.48417291 0.45702496 0.47508945 0.39693445 0.45000532 0.44589633  0.47476172 0.42761975 0.50206904 0.41641874
0.00039479 0.36283831 0.35232302 0.39930133 0.34523319 0.50234819  0.48417291 0.45702496 0.47508945 0.39693445 0.45000532 0.44589633  0.47476172 0.42761975 0.50206904 0.41641874
0.00039479 0.36283831 0.35232302 0.39930133 0.34523319 0.50234819  0.48417291 0.45702496 0.47508945 0.39693445 0.45000532 0.44589633  0.47476172 0.42761975 0.50206904 0.41641874
0.00039479 0.36283831 0.35232302 0.39930133 0.34523319 0.50234819  0.48417291 0.45702496 0.47508945 0.39693445 0.45000532 0.44589633  0.47476172 0.42761975 0.50206904 0.41641874
0.00039479 0.36283831 0.35232302 0.39930133 0.34523319 0.50234819  0.48417291 0.45702496 0.47508945 0.39693445 0.45000532 0.44589633  0.47476172 0.42761975 0.50206904 0.41641874
0.00039479 0.36283831 0.35232302 0.39930133 0.34523319 0.50234819  0.48417291 0.45702496 0.47508945 0.39693445 0.45000532 0.44589633  0.47476172 0.42761975 0.50206904 0.41641874
0.00039479 0.36283831 0.35232302 0.39930133 0.34523319 0.50234819  0.48417291 0.45702496 0.47508945 0.39693445 0.45000532 0.44589633  0.47476172 0.42761975 0.50206904 0.41641874
0.00039479 0.36283831 0.35232302 0.39930133 0.34523319 0.50234819  0.48417291 0.45702496 0.47508945 0.39693445 0.45000532 0.44589633  0.47476172 0.42761975 0.50206904 0.41641874
0.00039479 0.36283831 0.35232302 0.39930133 0.34523319 0.50234819  0.48417291 0.45702496 0.47508945 0.39693445 0.45000532 0.44589633  0.47476172 0.42761975 0.50206904 0.41641874
0.00039479 0.36283831 0.35232302 0.39930133 0.34523319 0.50234819  0.48417291 0.45702496 0.47508945 0.39693445 0.45000532 0.44589633  0.47476172 0.42761975 0.50206904 0.41641874
0.00039479 0.36283831 0.35232302 0.39930133 0.34523319 0.50234819  0.48417291 0.45702496 0.47508945 0.39693445 0.45000532 0.44589633  0.47476172 0.42761975 0.50206904 0.41641874
0.00039479 0.36283831 0.35232302 0.39930133 0.34523319 0.50234819  0.48417291 0.45702496 0.47508945 0.39693445 0.45000532 0.44589633  0.47476172 0.42761975 0.50206904 0.41641874
0.00039479 0.36283831 0.35232302 0.39930133 0.34523319 0.50234819  0.48417291 0.45702496 0.47508945 0.39693445 0.45000532 0.44589633  0.47476172 0.42761975 0.50206904 0.41641874
0.00039479 0.36283831 0.35232302 0.39930133 0.34523319 0.50234819  0.48417291 0.45702496 0.47508945 0.39693445 0.45000532 0.44589633  0.47476172 0.42761975 0.50206904 0.41641874
0.00039479 0.36283831 0.35232302 0.39930133 0.34523319 0.50234819  0.48417291 0.45702496 0.47508945 0.39693445 0.45000532 0.44589633  0.47476172 0.42761975 0.50206904 0.41641874
0.00039479 0.36283831 0.35232302 0.39930133 0.34523319 0.50234819  0.48417291 0.45702496 0.47508945 0.39693445 0.45000532 0.44589633  0.47476172 0.42761975 0.50206904 0.41641874
0.00039479 0.36283831 0.35232302 0.39930133 0.34523319 0.50234819  0.48417291 0.45702496 0.47508945 0.39693445 0.45000532 0.44589633  0.47476172 0.42761975 0.50206904 0.41641874
0.00039479 0.36283831 0.35232302 0.39930133 0.34523319 0.50234819  0.48417291 0.45702496 0.47508945 0.39693445 0.45000532 0.44589633  0.47476172 0.42761975 0.50206904 0.41641874
0.00039479 0.36283831 0.35232302 0.39930133 0.34523319 0.50234819  0.48417291 0.45702496 0.47508945 0.39693445 0.45000532 0.44589633  0.47476172 0.42761975 0.50206904 0.41641874
0.00039479 0.36283831 0.35232302 0.39930133 0.34523319 0.50234819  0.48417291 0.45702496 0.47508945 0.39693445 0.45000532 0.44589633  0.47476172 0.42761975 0.50206904 0.41641874
0.00039479 0.36283831 0.35232302 0.39930133 0.34523319 0.50234819  0.48417291 0.45702496 0.47508945 0.39693445 0.45000532 0.44589633  0.47476172 0.42761975 0.50206904 0.41641874
0.00039479 0.36283831 0.35232302 0.39930133 0.34523319 0.50234819  0.48417291 0.45702496 0.47508945 0.39693445 0.45000532 0.44589633  0.47476172 0.42761975 0.50206904 0.41641874
0.00039479 0.36283831 0.35232302 0.39930133 0.34523319 0.50234819  0.48417291 0.45702496 0.47508945 0.39693445 0.45000532 0.44589633  0.47476172 0.42761975 0.50206904 0.41641874
0.00039479 0.36283831 0.35232302 0.39930133 0.34523319 0.50234819  0.48417291 0.45702496 0.47508945 0.39693445 0.45000532 0.44589633  0.47476172 0.42761975 0.50206904 0.41641874
0.00039479 0.36283831 0.35232302 0.39930133 0.34523319 0.50234819  0.48417291 0.45702496 0.47508945 0.39693445 0.45000532 0.44589633  0.47476172 0.42761975 0.50206904 0.41641874
0.00039479 0.36283831 0.35232302 0.39930133 0.34523319 0.50234819  0.48417291 0.45702496 0.47508945 0.39693445 0.45000532 0.44589633  0.47476172 0.42761975 0.50206904 0.41641874
0.00039479 0.36283831 0.35232302 0.39930133 0.34523319 0.50234819  0.48417291 0.45702496 0.47508945 0.39693445 0.45000532 0.44589633  0.47476172 0.42761975 0.50206904 0.41641874
0.00039479 0.36283831 0.35232302 0.39930133 0.34523319 0.50234819  0.48417291 0.45702496 0.47508945 0.39693445 0.45000532 0.44589633  0.47476172 0.42761975 0.50206904 0.41641874
0.00039479 0.36283831 0.35232302 0.39930133 0.34523319 0.50234819  0.48417291 0.45702496 0.47508945 0.39693445 0.45000532 0.44589633  0.47476172 0.42761975 0.50206904 0.41641874
0.00039479 0.36283831 0.35232302 0.39930133 0.34523319 0.50234819  0.48417291 0.45702496 0.47508945 0.39693445 0.45000532 0.44589633  0.47476172 0.42761975 0.50206904 0.41641874
0.00039479 0.36283831 0.35232302 0.39930133 0.34523319 0.50234819  0.48417291 0.45702496 0.47508945 0.39693445 0.45000532 0.44589633  0.47476172 0.42761975 0.50206904 0.41641874
0.00039479 0.36283831 0.35232302 0.39930133 0.34523319 0.50234819  0.48417291 0.45702496 0.47508945 0.39693445 0.45000532 0.44589633  0.47476172 0.42761975 0.50206904 0.41641874
0.00039479 0.36283831 0.35232302 0.39930133 0.34523319 0.50234819  0.48417291 0.45702496 0.47508945 0.39693445 0.45000532 0.44589633  0.47476172 0.42761975 0.50206904 0.41641874
0.00039479 0.36283831 0.35232302 0.39930133 0.34523319 0.50234819  0.48417291 0.45702496 0.47508945 0.39693445 0.45000532 0.44589633  0.47476172 0.42761975 0.50206904 0.41641874
0.00039479 0.36283831 0.35232302 0.39930133 0.34523319 0.50234819  0.48417291 0.45702496 0.47508945 0.39693445 0.45000532 0.44589633  0.47476172 0.42761975 0.50206904 0.41641874
0.00039479 0.36283831 0.35232302 0.39930133 0.34523319 0.50234819  0.48417291 0.45702496 0.47508945 0.39693445 0.45000532 0.44589633  0.47476172 0.42761975 0.50206904 0.41641874
0.00039479 0.36283831 0.35232302 0.39930133 0.34523319 0.50234819  0.48417291 0.45702496 0.47508945 0.39693445 0.45000532 0.44589633  0.47476172 0.42761975 0.50206904 0.41641874
0.00039479 0.36283831 0.35232302 0.39930133 0.34523319 0.50234819  0.48417291 0.45702496 0.47508945 0.39693445 0.45000532 0.44589633  0.47476172 0.42761975 0.50206904 0.41641874
0.00039479 0.36283831 0.35232302 0.39930133 0.34523319 0.50234819  0.48417291 0.45702496 0.47508945 0.39693445 0.45000532 0.44589633  0.47476172 0.42761975 0.50206904 0.41641874
0.00039479 0.36283831 0.35232302 0.39930133 0.34523319 0.50234819  0.48417291 0.45702496 0.47508945 0.39693445 0.45000532 0.44589633  0.47476172 0.42761975 0.50206904 0.41641874
0.00039479 0.36283831 0.35232302 0.39930133 0.34523319 0.50234819  0.48417291 0.45702496 0.47508945 0.39693445 0.45000532 0.44589633  0.47476172 0.42761975 0.50206904 0.41641874
0.00039479 0.36283831 0.35232302 0.39930133 0.34523319 0.50234819  0.48417291 0.45702496 0.47508945 0.39693445 0.45000532 0.44589633  0.47476172 0.42761975 0.50206904 0.41641874
0.00039479 0.36283831 0.35232302 0.39930133 0.34523319 0.50234819  0.48417291 0.45702496 0.47508945 0.39693445 0.45000532 0.44589633  0.47476172 0.42761975 0.50206904 0.41641874
0.00039479 0.36283831 0.35232302 0.39930133 0.34523319 0.50234819  0.48417291 0.45702496 0.47508945 0.39693445 0.45000532 0.44589633  0.47476172 0.42761975 0.50206904 0.41641874
0.00039479 0.36283831 0.35232302 0.39930133 0.34523319 0.50234819  0.48417291 0.45702496 0.47508945 0.39693445 0.45000532 0.44589633  0.47476172 0.42761975 0.50206904 0.41641874
0.00039479 0.36283831 0.35232302 0.39930133 0.34523319 0.50234819  0.48417291 0.45702496 0.47508945 0.39693445 0.45000532 0.44589633  0.47476172 0.42761975 0.50206904 0.41641874
0.00039479 0.36283831 0.35232302 0.39930133 0.34523319 0.50234819  0.48417291 0.45702496 0.47508945 0.39693445 0.45000532 0.44589633  0.47476172 0.42761975 0.50206904 0.41641874
0.00039479 0.36283831 0.35232302 0.39930133 0.34523319 0.50234819  0.48417291 0.45702496 0.47508945 0.39693445 0.45000532 0.44589633  0.47476172 0.42761975 0.50206904 0.41641874
0.00039479 0.36283831 0.35232302 0.39930133 0.34523319 0.50234819  0.48417291 0.45702496 0.47508945 0.39693445 0.45000532 0.44589633  0.47476172 0.42761975 0.50206904 0.41641874
0.00039479 0.36283831 0.35232302 0.39930133 0.34523319 0.50234819  0.48417291 0.45702496 0.47508945 0.39693445 0.45000532 0.44589633  0.47476172 0.42761975 0.50206904 0.41641874
0.00039479 0.36283831 0.35232302 0.39930133 0.34523319 0.50234819  0.48417291 0.45702496 0.47508945 0.39693445 0.45000532 0.44589633  0.47476172 0.42761975 0.50206904 0.41641874
0.00039479 0.36283831 0.35232302 0.39930133 0.34523319 0.50234819  0.48417291 0.45702496 0.47508945 0.39693445 0.45000532 0.44589633  0.47476172 0.42761975 0.50206904 0.41641874
0.00039479 0.36283831 0.35232302 0.39930133 0.34523319 0.50234819  0.48417291 0.45702496 0.47508945 0.39693445 0.45000532 0.44589633  0.47476172 0.42761975 0.50206904 0.41641874
0.00039479 0.36283831 0.35232302 0.39930133 0.34523319 0.50234819  0.48417291 0.45702496 0.47508945 0.39693445 0.45000532 0.44589633  0.47476172 0.42761975 0.50206904 0.41641874
0.00039479 0.36283831 0.35232302 0.39930133 0.34523319 0.50234819  0.48417291 0.45702496 0.47508945 0.39693445 0.45000532 0.44589633  0.47476172 0.42761975 0.50206904 0.41641874
0.00039479 0.36283831 0.35232302 0.39930133 0.34523319 0.50234819  0.48417291 0.45702496 0.47508945 0.39693445 0.45000532 0.44589633  0.47476172 0.42761975 0.50206904 0.41641874
0.00039479 0.36283831 0.35232302 0.39930133 0.34523319 0.50234819  0.48417291 0.45702496 0.47508945 0.39693445 0.45000532 0.44589633  0.47476172 0.42761975 0.50206904 0.41641874
0.00039479 0.36283831 0.35232302 0.39930133 0.34523319 0.50234819  0.48417291 0.45702496 0.47508945 0.39693445 0.45000532 0.44589633  0.47476172 0.42761975 0.50206904 0.41641874
0.05295748 0.44105795 0.31047847 0.47423707 0.37661473 0.39820267  0.43339135 0.51107118 0.43325487 0.38045997 0.34459946 0.45442981  0.6091228  0.40002928 0.40593895 0.49183507
0.18140794 0.60665981 0.23091571 0.58221413 0.39410711 0.38758133  0.33807026 0.52089424 0.56590959 0.41004702 0.46552972 0.45410665  0.4470599  0.48562727 0.661706   0.4122917 
0.29121956 0.71714211 0.18668292 0.62783153 0.36322973 0.4872677  0.27299996 0.47853107 0.61319053 0.47411811 0.38539935 0.49297346  0.51641942 0.4263975  0.58759926 0.54298372
0.52851353 0.79008439 0.1088702  0.41547945 0.32301913 0.64122754  0.63041749 0.37540061 0.39558081 0.47372987 0.45565867 0.47171485  0.44533902 0.36213852 0.42549201 0.46199006
0.59787761 0.73134667 0.12022963 0.27059545 0.29584709 0.67845973  0.66056277 0.55335991 0.40061692 0.40211321 0.42785235 0.44404497  0.69609507 0.42322775 0.46911648 0.50576494
0.64811872 0.64877321 0.13677644 0.17723926 0.27671964 0.6225011  0.57105238 0.75262449 0.38592239 0.4124127  0.4035199  0.4708833  0.42660749 0.45199941 0.51258929 0.61432968
0.69298467 0.5768424  0.16743916 0.16020623 0.24605434 0.59214412  0.47014475 0.78786253 0.35514997 0.43047986 0.34479187 0.48788942  0.30230645 0.43069006 0.47407918 0.52399106
0.73404711 0.48109514 0.14583825 0.13266012 0.28045557 0.53384479  0.40578713 0.64752935 0.43634444 0.41950378 0.28369528 0.519232  0.30175114 0.47608095 0.47946617 0.49984995
0.79672076 0.33455859 0.14275179 0.14895477 0.31593059 0.43253101  0.30846212 0.45903886 0.55423209 0.40530606 0.34810717 0.52633999  0.39814835 0.33034949 0.41692499 0.29717134
0.79672076 0.33455859 0.14275179 0.14895477 0.31593059 0.43253101  0.30846212 0.45903886 0.55423209 0.40530606 0.34810717 0.52633999  0.39814835 0.33034949 0.41692499 0.29717134
0.79975876 0.33067778 0.14458578 0.13534518 0.31140886 0.42687782  0.28397415 0.46837829 0.52254236 0.40941209 0.34762731 0.53407338  0.29407357 0.46599745 0.32587149 0.37935173
0.79975876 0.33067778 0.14458578 0.13534518 0.31140886 0.42687782  0.28397415 0.46837829 0.52254236 0.40941209 0.34762731 0.53407338  0.29407357 0.46599745 0.32587149 0.37935173
0.79975876 0.33067778 0.14458578 0.13534518 0.31140886 0.42687782  0.28397415 0.46837829 0.52254236 0.40941209 0.34762731 0.53407338  0.29407357 0.46599745 0.32587149 0.37935173
0.79975876 0.33067778 0.14458578 0.13534518 0.31140886 0.42687782  0.28397415 0.46837829 0.52254236 0.40941209 0.34762731 0.53407338  0.29407357 0.46599745 0.32587149 0.37935173
0.79975876 0.33067778 0.14458578 0.13534518 0.31140886 0.42687782  0.28397415 0.46837829 0.52254236 0.40941209 0.34762731 0.53407338  0.29407357 0.46599745 0.32587149 0.37935173
0.77502814 0.3806942  0.12344041 0.10479796 0.32524215 0.47125352  0.32724729 0.47710701 0.54493935 0.38680983 0.2397282  0.52958737  0.33032243 0.48816698 0.41427052 0.44276714
0.73513801 0.48414838 0.14341572 0.12049192 0.28145474 0.5465717  0.42638013 0.58684521 0.44011088 0.43748036 0.18968235 0.54657592  0.36260439 0.55021434 0.5837391  0.51208332
0.68651081 0.55506035 0.09930718 0.14940538 0.33578755 0.56696168  0.56003466 0.46498915 0.55220362 0.38395676 0.27109627 0.51931085  0.68298399 0.54724277 0.64125129 0.5170152 
0.59787761 0.73134667 0.12022963 0.27059545 0.29584709 0.67845973  0.66056277 0.55335991 0.40061692 0.40211321 0.42785235 0.44404497  0.69609507 0.42322775 0.46911648 0.50576494
0.56370184 0.76843772 0.12148377 0.35482595 0.2947399  0.68966142  0.62932641 0.44626902 0.37409907 0.44619714 0.40193544 0.46135294  0.57135481 0.37641643 0.39158679 0.4737371 
0.54635293 0.77877521 0.10767921 0.37193672 0.3209601  0.64973691  0.66419623 0.41998184 0.3944438  0.4443543  0.48401206 0.4541167  0.52541516 0.39252025 0.43535351 0.47406818
0.56370184 0.76843772 0.12148377 0.35482595 0.2947399  0.68966142  0.62932641 0.44626902 0.37409907 0.44619714 0.40193544 0.46135294  0.57135481 0.37641643 0.39158679 0.4737371 
0.56370184 0.76843772 0.12148377 0.35482595 0.2947399  0.68966142  0.62932641 0.44626902 0.37409907 0.44619714 0.40193544 0.46135294  0.57135481 0.37641643 0.39158679 0.4737371 
0.58108692 0.75256055 0.12394235 0.31353641 0.28926624 0.69493698  0.64085643 0.51238524 0.37699323 0.42387175 0.40951623 0.44861004  0.63806581 0.39214551 0.40029533 0.49172826
0.68224747 0.8638751  0.60012673 0.31845383 0.50398594 0.67811973  0.59273459 0.38282757 0.29876613 0.38358937 0.33058102 0.31048869  0.73128771 0.58114032 0.2412533  0.26493041
0.73041779 0.86200747 0.74442523 0.29805564 0.59825723 0.6304989  0.63829932 0.40287903 0.29783127 0.30556153 0.41864271 0.39508568  0.77347961 0.47920112 0.50925787 0.31838086
0.7640771  0.81434441 0.76448796 0.23151223 0.60863283 0.58447988  0.61987656 0.54183951 0.35883324 0.36890755 0.39544725 0.36927055  0.7136911  0.43619476 0.55673128 0.33917571
0.78885667 0.79108877 0.80232116 0.19258411 0.63812998 0.5446649  0.59346898 0.5044579  0.39515713 0.38275612 0.36832627 0.42383787  0.59404241 0.64336147 0.49301144 0.49665701
0.83442012 0.72521153 0.85643734 0.1560463  0.66184508 0.46388374  0.54374499 0.56932867 0.42043099 0.47976722 0.41471791 0.46767253  0.47872222 0.66945405 0.51820204 0.4961141 
0.86393802 0.67268212 0.8690599  0.1261421  0.69219823 0.44610912  0.48647883 0.54408439 0.40986092 0.51919148 0.35862817 0.55262909  0.38947916 0.66303067 0.61981285 0.50008997
0.86393802 0.67268212 0.8690599  0.1261421  0.69219823 0.44610912  0.48647883 0.54408439 0.40986092 0.51919148 0.35862817 0.55262909  0.38947916 0.66303067 0.61981285 0.50008997
0.87868378 0.64151833 0.87197803 0.10970501 0.70947693 0.40452457  0.4636258  0.56385769 0.46439141 0.53205214 0.39863431 0.52379798  0.35458553 0.66978361 0.5340506  0.494958  
0.87868378 0.64151833 0.87197803 0.10970501 0.70947693 0.40452457  0.4636258  0.56385769 0.46439141 0.53205214 0.39863431 0.52379798  0.35458553 0.66978361 0.5340506  0.494958  
0.89111285 0.60855252 0.86035157 0.11304558 0.72896819 0.39923346  0.43824106 0.47948638 0.48033263 0.53440549 0.35569558 0.53092316  0.37782223 0.63596188 0.54501608 0.46654705
0.89206103 0.611552   0.86438077 0.11110659 0.73326572 0.40154664  0.43576649 0.48242706 0.47227033 0.51833753 0.35935279 0.5507138  0.35418754 0.62411351 0.55541728 0.50408241
0.89206103 0.611552   0.86438077 0.11110659 0.73326572 0.40154664  0.43576649 0.48242706 0.47227033 0.51833753 0.35935279 0.5507138  0.35418754 0.62411351 0.55541728 0.50408241
0.89206103 0.611552   0.86438077 0.11110659 0.73326572 0.40154664  0.43576649 0.48242706 0.47227033 0.51833753 0.35935279 0.5507138  0.35418754 0.62411351 0.55541728 0.50408241
0.89206103 0.611552   0.86438077 0.11110659 0.73326572 0.40154664  0.43576649 0.48242706 0.47227033 0.51833753 0.35935279 0.5507138  0.35418754 0.62411351 0.55541728 0.50408241
0.89193612 0.60832303 0.85723166 0.1195089  0.69424245 0.38785875  0.44983484 0.47949339 0.48605309 0.5121643  0.32642463 0.50214496  0.34248273 0.64165535 0.55118045 0.48620789
0.89018526 0.60307803 0.84727388 0.12569794 0.67959437 0.39100016  0.44388665 0.47045902 0.47482594 0.4920282  0.33212525 0.50608365  0.35996777 0.65168603 0.56068387 0.45111195
0.90067803 0.56434119 0.82283977 0.13337684 0.68871518 0.39744728  0.39304661 0.38336701 0.46283956 0.42830584 0.32749543 0.55329189  0.39013407 0.60337008 0.55493495 0.40183842
0.90842045 0.50320323 0.75525004 0.18813783 0.49972953 0.33253762  0.39917633 0.31168668 0.52468661 0.32884114 0.2391356  0.38626818  0.3388237  0.63325349 0.48548305 0.30522967
0.90220893 0.49656638 0.72377762 0.17748888 0.52152888 0.35686801  0.37460662 0.31435551 0.48169238 0.32125592 0.25686262 0.41396613  0.38696175 0.62403901 0.5004447  0.2572454 
0.88500592 0.42862835 0.58269589 0.25250185 0.29862438 0.32696883  0.40332631 0.31826758 0.45554082 0.25499581 0.32328388 0.5452865  0.39710677 0.56972519 0.56550316 0.37224293
0.85527597 0.35670185 0.38877639 0.28865579 0.15717815 0.34883725  0.37817557 0.36028372 0.37957297 0.33637096 0.41187303 0.65561642  0.5443959  0.55631401 0.58484723 0.28522805
0.86768186 0.32133132 0.38226819 0.29309877 0.17318128 0.32525803  0.34072115 0.34576639 0.40449809 0.30930874 0.47457028 0.63106559  0.52434881 0.49439441 0.49082266 0.25817247
0.86034685 0.31696829 0.3494149  0.27744675 0.18636004 0.33808899  0.33108753 0.37280088 0.41388667 0.39298838 0.47086393 0.62337438  0.52205303 0.53101963 0.42188022 0.21834951
0.84380046 0.3039335  0.27569912 0.24513478 0.21783751 0.3608853  0.31750309 0.42691736 0.41304058 0.47956306 0.46151771 0.6161287  0.47013704 0.51948945 0.41039756 0.18149429
0.83478094 0.30362033 0.23998455 0.22034983 0.23722605 0.38206682  0.29085414 0.44305986 0.40252891 0.48788449 0.45123974 0.60637114  0.42368392 0.55084891 0.36490896 0.19665631
0.83478094 0.30362033 0.23998455 0.22034983 0.23722605 0.38206682  0.29085414 0.44305986 0.40252891 0.48788449 0.45123974 0.60637114  0.42368392 0.55084891 0.36490896 0.19665631
0.82340075 0.30861196 0.20549434 0.19357571 0.26757802 0.39751717  0.29069593 0.45749069 0.43772154 0.4675169  0.41017151 0.57210636  0.37736155 0.49612189 0.38989091 0.23190488
0.82340075 0.30861196 0.20549434 0.19357571 0.26757802 0.39751717  0.29069593 0.45749069 0.43772154 0.4675169  0.41017151 0.57210636  0.37736155 0.49612189 0.38989091 0.23190488
0.82340075 0.30861196 0.20549434 0.19357571 0.26757802 0.39751717  0.29069593 0.45749069 0.43772154 0.4675169  0.41017151 0.57210636  0.37736155 0.49612189 0.38989091 0.23190488
0.82340075 0.30861196 0.20549434 0.19357571 0.26757802 0.39751717  0.29069593 0.45749069 0.43772154 0.4675169  0.41017151 0.57210636  0.37736155 0.49612189 0.38989091 0.23190488
0.81185467 0.3226648  0.17693193 0.16531099 0.28800311 0.42229377  0.27749367 0.45326027 0.47262108 0.41390207 0.37183013 0.55140317  0.35738553 0.48722001 0.32991126 0.30043253
0.81185467 0.3226648  0.17693193 0.16531099 0.28800311 0.42229377  0.27749367 0.45326027 0.47262108 0.41390207 0.37183013 0.55140317  0.35738553 0.48722001 0.32991126 0.30043253
0.81185467 0.3226648  0.17693193 0.16531099 0.28800311 0.42229377  0.27749367 0.45326027 0.47262108 0.41390207 0.37183013 0.55140317  0.35738553 0.48722001 0.32991126 0.30043253
0.79952993 0.33731069 0.14927836 0.13920675 0.31783952 0.44309025  0.28331239 0.44747166 0.51994319 0.36423759 0.32662827 0.52236632  0.37358729 0.44746994 0.32428573 0.33679236
0.79952993 0.33731069 0.14927836 0.13920675 0.31783952 0.44309025  0.28331239 0.44747166 0.51994319 0.36423759 0.32662827 0.52236632  0.37358729 0.44746994 0.32428573 0.33679236
0.77502814 0.3806942  0.12344041 0.10479796 0.32524215 0.47125352  0.32724729 0.47710701 0.54493935 0.38680983 0.2397282  0.52958737  0.33032243 0.48816698 0.41427052 0.44276714
0.68725509 0.5571526  0.11296821 0.14778233 0.3187201  0.56676128  0.53883534 0.59539529 0.51914657 0.38138295 0.32148304 0.4974047  0.57355054 0.41120925 0.63344201 0.51208085
0.59787761 0.73134667 0.12022963 0.27059545 0.29584709 0.67845973  0.66056277 0.55335991 0.40061692 0.40211321 0.42785235 0.44404497  0.69609507 0.42322775 0.46911648 0.50576494
0.52906469 0.78820068 0.09336626 0.38841304 0.34732777 0.60797626  0.70061735 0.39068725 0.41489499 0.43795197 0.56221965 0.44478585  0.48337353 0.40582652 0.48947905 0.4686588 
0.49362571 0.81124581 0.1016175  0.47514645 0.3390896  0.61266162  0.60791633 0.33866394 0.42945969 0.47868133 0.51729227 0.46887136  0.35637887 0.33670351 0.41965302 0.46160683
0.45775376 0.81740666 0.10966112 0.53201358 0.34846142 0.57765323  0.53662979 0.35534054 0.47293948 0.46019537 0.55721253 0.45385149  0.29939173 0.3402492  0.42639969 0.4127083 
0.36400861 0.7793334  0.12104354 0.62433379 0.42265625 0.33948589  0.45615193 0.428077   0.41229257 0.45723172 0.42202187 0.48422997  0.24476155 0.38308621 0.56983444 0.38182963
0.2905891  0.74350638 0.15382504 0.67461803 0.43475786 0.26801415  0.32752409 0.54218014 0.48558686 0.39258504 0.41411807 0.45543131  0.42393328 0.44464253 0.57446973 0.36941585
0.21623457 0.66850952 0.19464458 0.65673355 0.43804207 0.23751713  0.28996202 0.60532266 0.50420728 0.35359983 0.36349489 0.44466976  0.66187085 0.49348998 0.53524902 0.43385105
0.19817155 0.64307986 0.20830521 0.63558188 0.42931627 0.26755743  0.29697443 0.59422821 0.52907222 0.36063069 0.39319254 0.44327701  0.63046205 0.5225983  0.60166348 0.41808213
0.12478859 0.54389177 0.25778723 0.56331482 0.40835934 0.30874395  0.35688399 0.5692642  0.46025077 0.36251209 0.32358809 0.45161042  0.69493831 0.44795598 0.44671523 0.49092349
0.05316535 0.44273058 0.31054829 0.47689463 0.3776646  0.40398201  0.42075284 0.51373867 0.46182271 0.3832114  0.36861157 0.45403535  0.59898857 0.44331769 0.48613169 0.47354656
0.03525649 0.41685964 0.32437467 0.45347996 0.36854765 0.43569141  0.43485985 0.4975719  0.47652552 0.39120509 0.39620065 0.45304628  0.55757342 0.45566594 0.52722734 0.46096477
0.01790387 0.3898545  0.33817562 0.42642862 0.35681041 0.46717525  0.46152885 0.47694295 0.46991849 0.39350101 0.41724602 0.4497633  0.51968443 0.43336993 0.49846349 0.44236435
0.00039479 0.36283831 0.35232302 0.39930133 0.34523319 0.50234819  0.48417291 0.45702496 0.47508945 0.39693445 0.45000532 0.44589633  0.47476172 0.42761975 0.50206904 0.41641874
0.00039479 0.36283831 0.35232302 0.39930133 0.34523319 0.50234819  0.48417291 0.45702496 0.47508945 0.39693445 0.45000532 0.44589633  0.47476172 0.42761975 0.50206904 0.41641874
0.00039479 0.36283831 0.35232302 0.39930133 0.34523319 0.50234819  0.48417291 0.45702496 0.47508945 0.39693445 0.45000532 0.44589633  0.47476172 0.42761975 0.50206904 0.41641874
0.00039479 0.36283831 0.35232302 0.39930133 0.34523319 0.50234819  0.48417291 0.45702496 0.47508945 0.39693445 0.45000532 0.44589633  0.47476172 0.42761975 0.50206904 0.41641874
0.00039479 0.36283831 0.35232302 0.39930133 0.34523319 0.50234819  0.48417291 0.45702496 0.47508945 0.39693445 0.45000532 0.44589633  0.47476172 0.42761975 0.50206904 0.41641874
0.00140664 0.36431381 0.35232474 0.39642652 0.34463577 0.50247588  0.48308211 0.45859707 0.47435751 0.39611259 0.44362313 0.46430998  0.44184368 0.4496556  0.47683731 0.47370053
0.00140664 0.36431381 0.35232474 0.39642652 0.34463577 0.50247588  0.48308211 0.45859707 0.47435751 0.39611259 0.44362313 0.46430998  0.44184368 0.4496556  0.47683731 0.47370053
0.00140664 0.36431381 0.35232474 0.39642652 0.34463577 0.50247588  0.48308211 0.45859707 0.47435751 0.39611259 0.44362313 0.46430998  0.44184368 0.4496556  0.47683731 0.47370053
0.00140664 0.36431381 0.35232474 0.39642652 0.34463577 0.50247588  0.48308211 0.45859707 0.47435751 0.39611259 0.44362313 0.46430998  0.44184368 0.4496556  0.47683731 0.47370053
0.00140664 0.36431381 0.35232474 0.39642652 0.34463577 0.50247588  0.48308211 0.45859707 0.47435751 0.39611259 0.44362313 0.46430998  0.44184368 0.4496556  0.47683731 0.47370053
0.05453021 0.44520216 0.31085577 0.47419527 0.37636321 0.41464034  0.41235343 0.51304544 0.4877222  0.3875732  0.39153508 0.47096241  0.5358188  0.4922702  0.52397804 0.50987744
0.05453021 0.44520216 0.31085577 0.47419527 0.37636321 0.41464034  0.41235343 0.51304544 0.4877222  0.3875732  0.39153508 0.47096241  0.5358188  0.4922702  0.52397804 0.50987744
0.31123387 0.75673156 0.14829763 0.65023577 0.43965796 0.27423613  0.38266326 0.52705147 0.43151658 0.36736873 0.44680381 0.48149472  0.29419818 0.42940722 0.51764008 0.41952223
0.31123387 0.75673156 0.14829763 0.65023577 0.43965796 0.27423613  0.38266326 0.52705147 0.43151658 0.36736873 0.44680381 0.48149472  0.29419818 0.42940722 0.51764008 0.41952223
0.42129061 0.81182429 0.11544882 0.58452251 0.37038901 0.50637519  0.46531882 0.36726416 0.48063429 0.48576886 0.48023379 0.50027605  0.22561921 0.37496735 0.47484143 0.48123776
0.51223715 0.80098536 0.09455897 0.42908096 0.34878938 0.59959459  0.66574782 0.34767813 0.41530007 0.46650568 0.52748407 0.48079765  0.37037935 0.39748064 0.45438581 0.51386247
0.57557965 0.7072586  0.07725656 0.30241718 0.36981775 0.5512177  0.7019438  0.31501592 0.50753837 0.42084057 0.46838498 0.4917821  0.57846404 0.59025477 0.65699464 0.4991987 
0.67379753 0.58606392 0.11077843 0.15208261 0.31310679 0.56921193  0.57894337 0.53749355 0.53639341 0.3720876  0.31043199 0.50994767  0.62263885 0.54149667 0.66203354 0.53537799
0.72789242 0.45773556 0.08903931 0.12557578 0.36356117 0.51069479  0.46328119 0.40233599 0.6187462  0.36406978 0.2546431  0.51483709  0.59956313 0.418504   0.5901102  0.45241958
0.7689441  0.36256951 0.09195815 0.11502946 0.36984051 0.43640136  0.35905026 0.4429618  0.65211285 0.33690123 0.34520823 0.49225303  0.42027361 0.29836074 0.46732284 0.40181043
0.7719821  0.35868869 0.09379214 0.10141988 0.36531877 0.43074817  0.3345623  0.45230123 0.62042312 0.34100727 0.34472837 0.49998642  0.31619883 0.4340087  0.37626934 0.48399082
0.78743402 0.34532367 0.11693221 0.10924094 0.34124527 0.4476743  0.28979287 0.46258968 0.56986447 0.35974761 0.30242544 0.50503654  0.31027533 0.42624738 0.32024595 0.41571156
0.79519522 0.31521926 0.10960538 0.15268599 0.36800379 0.48172018  0.28287948 0.45684307 0.52628339 0.35390311 0.30243246 0.44915579  0.32724147 0.40388306 0.37617782 0.43575106
0.81001377 0.25719729 0.10071027 0.24438932 0.41682257 0.53703244  0.27831154 0.45879879 0.44357979 0.36339375 0.33061991 0.34370231  0.33436536 0.40847965 0.41169313 0.53059011
0.81001377 0.25719729 0.10071027 0.24438932 0.41682257 0.53703244  0.27831154 0.45879879 0.44357979 0.36339375 0.33061991 0.34370231  0.33436536 0.40847965 0.41169313 0.53059011
0.81001377 0.25719729 0.10071027 0.24438932 0.41682257 0.53703244  0.27831154 0.45879879 0.44357979 0.36339375 0.33061991 0.34370231  0.33436536 0.40847965 0.41169313 0.53059011
0.81001377 0.25719729 0.10071027 0.24438932 0.41682257 0.53703244  0.27831154 0.45879879 0.44357979 0.36339375 0.33061991 0.34370231  0.33436536 0.40847965 0.41169313 0.53059011
0.81784004 0.22767545 0.09911195 0.29069852 0.43711312 0.55258136  0.27569639 0.45259421 0.40408665 0.37924706 0.3674338  0.29479129  0.3293912  0.4335681  0.38883631 0.61265602
0.81784004 0.22767545 0.09911195 0.29069852 0.43711312 0.55258136  0.27569639 0.45259421 0.40408665 0.37924706 0.3674338  0.29479129  0.3293912  0.4335681  0.38883631 0.61265602
0.81001377 0.25719729 0.10071027 0.24438932 0.41682257 0.53703244  0.27831154 0.45879879 0.44357979 0.36339375 0.33061991 0.34370231  0.33436536 0.40847965 0.41169313 0.53059011
0.80280662 0.28536167 0.10349294 0.19728268 0.39318372 0.51138106  0.27602439 0.45679339 0.47735212 0.34842247 0.31656493 0.39516345  0.34011169 0.38165268 0.41510765 0.4628818 
0.79519522 0.31521926 0.10960538 0.15268599 0.36800379 0.48172018  0.28287948 0.45684307 0.52628339 0.35390311 0.30243246 0.44915579  0.32724147 0.40388306 0.37617782 0.43575106
0.78743402 0.34532367 0.11693221 0.10924094 0.34124527 0.4476743  0.28979287 0.46258968 0.56986447 0.35974761 0.30242544 0.50503654  0.31027533 0.42624738 0.32024595 0.41571156
0.78439602 0.34920449 0.11509822 0.12285053 0.34576701 0.4533275  0.31428084 0.45325025 0.60155421 0.35564157 0.3029053  0.49730314  0.41435012 0.29059942 0.41129945 0.33353117
0.68366309 0.54567752 0.08277055 0.17491726 0.36002047 0.56729231  0.54976705 0.31560378 0.58664961 0.36170185 0.26258424 0.51163546  0.75220509 0.53956235 0.59103227 0.47358705
0.56320429 0.75664931 0.1034581  0.32836129 0.32768841 0.63142352  0.68545387 0.45794911 0.41817395 0.41803627 0.49847915 0.44745702  0.58734245 0.42080494 0.51453347 0.48236441
0.51122529 0.79950986 0.09455724 0.43195576 0.3493868  0.5994669  0.66683861 0.34610602 0.416032   0.46732754 0.53386627 0.462384  0.40329739 0.37544479 0.47961754 0.45658068
0.40307756 0.81066863 0.13036572 0.6070688  0.35547728 0.53572029  0.3994711  0.40250164 0.55409156 0.45207736 0.54193417 0.45336063  0.30873049 0.37515656 0.49168954 0.38170743
0.34610129 0.77590464 0.14270249 0.65011178 0.39675715 0.40195034  0.35480607 0.44409576 0.4960941  0.47033676 0.39181632 0.49015543  0.30644853 0.40999088 0.6117382  0.41323671
0.29082203 0.74719787 0.16258789 0.68412143 0.4126472  0.34081881  0.25984336 0.53401816 0.58778509 0.42852519 0.41939891 0.47200023  0.46984945 0.48043082 0.66770791 0.42820069
0.29082203 0.74719787 0.16258789 0.68412143 0.4126472  0.34081881  0.25984336 0.53401816 0.58778509 0.42852519 0.41939891 0.47200023  0.46984945 0.48043082 0.66770791 0.42820069
0.30913033 0.75632575 0.16390663 0.6783825  0.39083563 0.41144953  0.2428697  0.49539152 0.61453616 0.46926347 0.38352375 0.49442087  0.47008713 0.47740784 0.69235099 0.47744809
0.34720959 0.78459453 0.15213045 0.65689475 0.36931807 0.48964022  0.27451741 0.46296826 0.65629284 0.45591761 0.5081479  0.4650596  0.4348531  0.45893406 0.61771805 0.43198952
0.40343091 0.8007634  0.15511196 0.5957954  0.3058326  0.66343265  0.28722977 0.45309638 0.70901758 0.45371406 0.550006   0.45055164  0.55642592 0.41144441 0.48545025 0.49774096
0.40343091 0.8007634  0.15511196 0.5957954  0.3058326  0.66343265  0.28722977 0.45309638 0.70901758 0.45371406 0.550006   0.45055164  0.55642592 0.41144441 0.48545025 0.49774096
0.45998401 0.83279694 0.32091551 0.5443827  0.35496505 0.77011135  0.16277555 0.44811386 0.62377251 0.34845991 0.40869487 0.48387563  0.60129268 0.49826967 0.29901343 0.5756304 
0.58898988 0.93066388 0.73122565 0.4923548  0.587696   0.7543721  0.28674691 0.36017922 0.53978055 0.36566405 0.41897801 0.35704677  0.62967605 0.44398648 0.22852044 0.27425213
0.64197197 0.89606155 0.79252807 0.44643621 0.53793888 0.71905005  0.36982762 0.47243827 0.54963239 0.37516314 0.47552655 0.31971097  0.74830117 0.50821365 0.29210847 0.28377803
0.73733407 0.84224513 0.86609901 0.33778145 0.53121706 0.58983281  0.49444987 0.57006404 0.47930455 0.46151359 0.48432264 0.28790683  0.58716141 0.67318846 0.3281861  0.3853678 
0.78483058 0.77077    0.83840299 0.27208334 0.44851828 0.49261039  0.56900831 0.66394882 0.5033142  0.50000879 0.39117152 0.19456009  0.46530274 0.63492319 0.43814592 0.37763884
0.8020347  0.76794877 0.82445134 0.24852311 0.46259574 0.4623102  0.64249003 0.62372449 0.4186189  0.53240456 0.31737437 0.22614525  0.43275811 0.61170327 0.44954282 0.42043364
0.83144872 0.70938298 0.83197399 0.22366901 0.45600394 0.41502708  0.58635183 0.64867408 0.43840513 0.53173138 0.30094927 0.23810126  0.31438056 0.59815524 0.46705609 0.39837429
0.8464827  0.67902693 0.82654103 0.19931377 0.46393126 0.39162404  0.57566904 0.60166955 0.47741261 0.52636456 0.2563003  0.26034342  0.33419053 0.67722389 0.50547139 0.40791513
0.86042579 0.64561764 0.8235306  0.18712672 0.47085941 0.35549409  0.54439325 0.61534916 0.51265365 0.50302115 0.30566427 0.25524165  0.29314724 0.68215915 0.43961377 0.4052226 
0.87919228 0.60571965 0.82667324 0.19574358 0.48180145 0.31915159  0.58295045 0.54887047 0.62365157 0.5538362  0.24955329 0.30336662  0.33313942 0.68254501 0.47103218 0.48341561
0.88065969 0.61385374 0.8431764  0.18214227 0.52980068 0.33390275  0.56713926 0.55400153 0.60234526 0.54436921 0.27819547 0.34553541  0.32538913 0.6685705  0.48209232 0.50411785
0.87919228 0.60571965 0.82667324 0.19574358 0.48180145 0.31915159  0.58295045 0.54887047 0.62365157 0.5538362  0.24955329 0.30336662  0.33313942 0.68254501 0.47103218 0.48341561
0.89576447 0.55329606 0.81045884 0.20714694 0.47578457 0.29390598  0.50662085 0.4968872  0.56690825 0.50921644 0.3686892  0.32581946  0.31161576 0.73412219 0.4068941  0.46161691
0.89412334 0.54467407 0.79190022 0.22521723 0.41354774 0.28140369  0.51831558 0.49479755 0.57259704 0.4836717  0.3544671  0.30968186  0.29209831 0.73069827 0.41849517 0.47900703
0.88076679 0.42381268 0.58439439 0.31149001 0.17297102 0.25584329  0.51462826 0.43944199 0.54729886 0.44750821 0.39791412 0.44619156  0.40655275 0.60553234 0.50363076 0.41984605
0.86117503 0.38283242 0.4687983  0.32382254 0.13495605 0.28493151  0.48446566 0.47224332 0.5105433  0.49743912 0.47269971 0.57311704  0.44033241 0.58214911 0.49301754 0.41799514
0.82734058 0.34691034 0.30093509 0.27449932 0.17111455 0.36507226  0.39385875 0.5297432  0.37738878 0.55868549 0.54022217 0.66494608  0.47970037 0.63184802 0.4546673  0.31922504
0.84315601 0.27826081 0.24708586 0.25749793 0.22599748 0.35738345  0.30437065 0.44699707 0.40774346 0.54229806 0.54970271 0.63776287  0.43643686 0.56746615 0.32611961 0.27892053
0.83526317 0.23961906 0.17965225 0.29587492 0.32070393 0.4388107  0.29068218 0.45299831 0.40457016 0.49914023 0.52116197 0.48242273  0.35941797 0.55575266 0.26485058 0.53247097
0.82708922 0.23093469 0.14480881 0.30354109 0.36552589 0.47181221  0.3220741  0.48919226 0.46260427 0.48462342 0.46989617 0.45918761  0.27891542 0.57332309 0.25709214 0.60039151
0.82708922 0.23093469 0.14480881 0.30354109 0.36552589 0.47181221  0.3220741  0.48919226 0.46260427 0.48462342 0.46989617 0.45918761  0.27891542 0.57332309 0.25709214 0.60039151
0.82708922 0.23093469 0.14480881 0.30354109 0.36552589 0.47181221  0.3220741  0.48919226 0.46260427 0.48462342 0.46989617 0.45918761  0.27891542 0.57332309 0.25709214 0.60039151
0.82708922 0.23093469 0.14480881 0.30354109 0.36552589 0.47181221  0.3220741  0.48919226 0.46260427 0.48462342 0.46989617 0.45918761  0.27891542 0.57332309 0.25709214 0.60039151
0.82708922 0.23093469 0.14480881 0.30354109 0.36552589 0.47181221  0.3220741  0.48919226 0.46260427 0.48462342 0.46989617 0.45918761  0.27891542 0.57332309 0.25709214 0.60039151
0.81476448 0.24558059 0.11715524 0.27743685 0.39536231 0.49260869  0.32789281 0.48340365 0.50992638 0.43495893 0.4246943  0.43015076  0.29511719 0.53357302 0.2514666  0.63675134
0.81476448 0.24558059 0.11715524 0.27743685 0.39536231 0.49260869  0.32789281 0.48340365 0.50992638 0.43495893 0.4246943  0.43015076  0.29511719 0.53357302 0.2514666  0.63675134
0.8063894  0.2709401  0.11005394 0.24028876 0.40659088 0.51729207  0.3143763  0.47946644 0.50471183 0.38054536 0.32623133 0.39875903  0.28236425 0.51695578 0.29025595 0.55448713
0.8063894  0.2709401  0.11005394 0.24028876 0.40659088 0.51729207  0.3143763  0.47946644 0.50471183 0.38054536 0.32623133 0.39875903  0.28236425 0.51695578 0.29025595 0.55448713
0.79093748 0.28430511 0.08691386 0.23246769 0.43066438 0.50036594  0.35914573 0.469178   0.55527048 0.36180502 0.36853426 0.39370892  0.28828775 0.5247171  0.34627933 0.62276639
0.76448655 0.35691053 0.07857201 0.15132877 0.40560956 0.4709838  0.37235016 0.41284311 0.6134503  0.33274147 0.38027944 0.44145674  0.42865164 0.52399457 0.33575998 0.57256017
0.7572794  0.38507492 0.08135468 0.10422213 0.38197072 0.44533242  0.37006301 0.4108377  0.64722263 0.31777019 0.36622445 0.49291788  0.43439797 0.4971676  0.33917451 0.50485186
0.72640094 0.45160616 0.07933187 0.13371143 0.37957496 0.4916435  0.46090181 0.35525095 0.65703208 0.33328622 0.32114212 0.50232229  0.65070202 0.48519541 0.47178271 0.44769901
0.72640094 0.45160616 0.07933187 0.13371143 0.37957496 0.4916435  0.46090181 0.35525095 0.65703208 0.33328622 0.32114212 0.50232229  0.65070202 0.48519541 0.47178271 0.44769901
0.71332496 0.48695057 0.08661235 0.13638972 0.36105249 0.51712456  0.49607086 0.40191496 0.61871479 0.35531441 0.29841617 0.51618472  0.65608807 0.52230928 0.5458968  0.48297072
0.60767606 0.65920188 0.07480033 0.23907581 0.37440424 0.52379441  0.69283633 0.36461821 0.55701828 0.37460493 0.48103675 0.48392667  0.64499663 0.65559472 0.64612161 0.51599154
0.57617405 0.71259532 0.08342786 0.30406862 0.35776325 0.57297053  0.69376748 0.34015746 0.48680885 0.42027373 0.45762965 0.48360427  0.58714577 0.57490161 0.59688203 0.50315318
0.54035873 0.72779543 0.07589963 0.36723578 0.38862945 0.50588845  0.68901654 0.26898614 0.47564147 0.43709317 0.47765712 0.49290466  0.45624531 0.57493596 0.62659657 0.44672291
0.50701646 0.7490236  0.08001385 0.39732995 0.40251371 0.45866077  0.71667299 0.35461731 0.40988292 0.40172171 0.55818125 0.44824187  0.43619767 0.49889028 0.56353818 0.38793466
0.45558977 0.78320972 0.08872944 0.48112756 0.41635323 0.4114504  0.67757403 0.38884842 0.36476694 0.42599686 0.57185598 0.4439544  0.30135427 0.41059173 0.53881325 0.35496487
0.36293116 0.75797532 0.1108132  0.58854315 0.45606611 0.25316339  0.54866645 0.44616157 0.33150734 0.4248718  0.4315472  0.47136296  0.28209928 0.40150984 0.54688633 0.35300482
0.32647795 0.74943536 0.13031504 0.63148933 0.45003531 0.24149506  0.45971036 0.48231435 0.35561551 0.41665432 0.37573165 0.47487558  0.31820627 0.39599982 0.54386751 0.36749987
0.30795034 0.72926347 0.13765831 0.62155086 0.45930641 0.20759703  0.48043537 0.49801542 0.31795009 0.38341961 0.37013833 0.45848937  0.38283687 0.39230723 0.45626477 0.35202854
0.30795034 0.72926347 0.13765831 0.62155086 0.45930641 0.20759703  0.48043537 0.49801542 0.31795009 0.38341961 0.37013833 0.45848937  0.38283687 0.39230723 0.45626477 0.35202854
0.23482273 0.67717058 0.18356108 0.64058534 0.44126211 0.22606532  0.36605195 0.56072341 0.39501939 0.36103826 0.32324937 0.45386278  0.56345253 0.40551271 0.4173747  0.4192137 
0.16109837 0.59501524 0.23035213 0.60497612 0.42752684 0.24931854  0.3459516  0.58574191 0.41320409 0.3506173  0.27644334 0.45470652  0.72627617 0.40650386 0.35682948 0.50105617
0.05321358 0.43958271 0.31066608 0.47058965 0.37455268 0.39771928  0.4443416  0.50799319 0.41464906 0.37452314 0.33894922 0.45218633  0.61542241 0.37418377 0.34903118 0.48726701
0.00039479 0.36283831 0.35232302 0.39930133 0.34523319 0.50234819  0.48417291 0.45702496 0.47508945 0.39693445 0.45000532 0.44589633  0.47476172 0.42761975 0.50206904 0.41641874
0.00039479 0.36283831 0.35232302 0.39930133 0.34523319 0.50234819  0.48417291 0.45702496 0.47508945 0.39693445 0.45000532 0.44589633  0.47476172 0.42761975 0.50206904 0.41641874
0.00039479 0.36283831 0.35232302 0.39930133 0.34523319 0.50234819  0.48417291 0.45702496 0.47508945 0.39693445 0.45000532 0.44589633  0.47476172 0.42761975 0.50206904 0.41641874
0.00039479 0.36283831 0.35232302 0.39930133 0.34523319 0.50234819  0.48417291 0.45702496 0.47508945 0.39693445 0.45000532 0.44589633  0.47476172 0.42761975 0.50206904 0.41641874
0.00039479 0.36283831 0.35232302 0.39930133 0.34523319 0.50234819  0.48417291 0.45702496 0.47508945 0.39693445 0.45000532 0.44589633  0.47476172 0.42761975 0.50206904 0.41641874
0.00039479 0.36283831 0.35232302 0.39930133 0.34523319 0.50234819  0.48417291 0.45702496 0.47508945 0.39693445 0.45000532 0.44589633  0.47476172 0.42761975 0.50206904 0.41641874
0.00039479 0.36283831 0.35232302 0.39930133 0.34523319 0.50234819  0.48417291 0.45702496 0.47508945 0.39693445 0.45000532 0.44589633  0.47476172 0.42761975 0.50206904 0.41641874
0.00039479 0.36283831 0.35232302 0.39930133 0.34523319 0.50234819  0.48417291 0.45702496 0.47508945 0.39693445 0.45000532 0.44589633  0.47476172 0.42761975 0.50206904 0.41641874
0.00039479 0.36283831 0.35232302 0.39930133 0.34523319 0.50234819  0.48417291 0.45702496 0.47508945 0.39693445 0.45000532 0.44589633  0.47476172 0.42761975 0.50206904 0.41641874
0.00039479 0.36283831 0.35232302 0.39930133 0.34523319 0.50234819  0.48417291 0.45702496 0.47508945 0.39693445 0.45000532 0.44589633  0.47476172 0.42761975 0.50206904 0.41641874
0.00039479 0.36283831 0.35232302 0.39930133 0.34523319 0.50234819  0.48417291 0.45702496 0.47508945 0.39693445 0.45000532 0.44589633  0.47476172 0.42761975 0.50206904 0.41641874
0.00039479 0.36283831 0.35232302 0.39930133 0.34523319 0.50234819  0.48417291 0.45702496 0.47508945 0.39693445 0.45000532 0.44589633  0.47476172 0.42761975 0.50206904 0.41641874
0.00039479 0.36283831 0.35232302 0.39930133 0.34523319 0.50234819  0.48417291 0.45702496 0.47508945 0.39693445 0.45000532 0.44589633  0.47476172 0.42761975 0.50206904 0.41641874
0.00039479 0.36283831 0.35232302 0.39930133 0.34523319 0.50234819  0.48417291 0.45702496 0.47508945 0.39693445 0.45000532 0.44589633  0.47476172 0.42761975 0.50206904 0.41641874
0.00039479 0.36283831 0.35232302 0.39930133 0.34523319 0.50234819  0.48417291 0.45702496 0.47508945 0.39693445 0.45000532 0.44589633  0.47476172 0.42761975 0.50206904 0.41641874
0.00039479 0.36283831 0.35232302 0.39930133 0.34523319 0.50234819  0.48417291 0.45702496 0.47508945 0.39693445 0.45000532 0.44589633  0.47476172 0.42761975 0.50206904 0.41641874
