0.00039479 0.36283831 0.35232302 0.39930133 0.34523319 0.50234819  0.48417291 0.45702496 0.47508945 0.39693445 0.45000532 0.44589633  0.47476172 0.42761975 0.50206904 0.41641874
0.00039479 0.36283831 0.35232302 0.39930133 0.34523319 0.50234819  0.48417291 0.45702496 0.47508945 0.39693445 0.45000532 0.44589633  0.47476172 0.42761975 0.50206904 0.41641874
0.00039479 0.36283831 0.35232302 0.39930133 0.34523319 0.50234819  0.48417291 0.45702496 0.47508945 0.39693445 0.45000532 0.44589633  0.47476172 0.42761975 0.50206904 0.41641874
0.00039479 0.36283831 0.35232302 0.39930133 0.34523319 0.50234819  0.48417291 0.45702496 0.47508945 0.39693445 0.45000532 0.44589633  0.47476172 0.42761975 0.50206904 0.41641874
0.00039479 0.36283831 0.35232302 0.39930133 0.34523319 0.50234819  0.48417291 0.45702496 0.47508945 0.39693445 0.45000532 0.44589633  0.47476172 0.42761975 0.50206904 0.41641874
0.00039479 0.36283831 0.35232302 0.39930133 0.34523319 0.50234819  0.48417291 0.45702496 0.47508945 0.39693445 0.45000532 0.44589633  0.47476172 0.42761975 0.50206904 0.41641874
0.00039479 0.36283831 0.35232302 0.39930133 0.34523319 0.50234819  0.48417291 0.45702496 0.47508945 0.39693445 0.45000532 0.44589633  0.47476172 0.42761975 0.50206904 0.41641874
0.00039479 0.36283831 0.35232302 0.39930133 0.34523319 0.50234819  0.48417291 0.45702496 0.47508945 0.39693445 0.45000532 0.44589633  0.47476172 0.42761975 0.50206904 0.41641874
0.00039479 0.36283831 0.35232302 0.39930133 0.34523319 0.50234819  0.48417291 0.45702496 0.47508945 0.39693445 0.45000532 0.44589633  0.47476172 0.42761975 0.50206904 0.41641874
0.00039479 0.36283831 0.35232302 0.39930133 0.34523319 0.50234819  0.48417291 0.45702496 0.47508945 0.39693445 0.45000532 0.44589633  0.47476172 0.42761975 0.50206904 0.41641874
0.00039479 0.36283831 0.35232302 0.39930133 0.34523319 0.50234819  0.48417291 0.45702496 0.47508945 0.39693445 0.45000532 0.44589633  0.47476172 0.42761975 0.50206904 0.41641874
0.00039479 0.36283831 0.35232302 0.39930133 0.34523319 0.50234819  0.48417291 0.45702496 0.47508945 0.39693445 0.45000532 0.44589633  0.47476172 0.42761975 0.50206904 0.41641874
0.00039479 0.36283831 0.35232302 0.39930133 0.34523319 0.50234819  0.48417291 0.45702496 0.47508945 0.39693445 0.45000532 0.44589633  0.47476172 0.42761975 0.50206904 0.41641874
0.00039479 0.36283831 0.35232302 0.39930133 0.34523319 0.50234819  0.48417291 0.45702496 0.47508945 0.39693445 0.45000532 0.44589633  0.47476172 0.42761975 0.50206904 0.41641874
0.00039479 0.36283831 0.35232302 0.39930133 0.34523319 0.50234819  0.48417291 0.45702496 0.47508945 0.39693445 0.45000532 0.44589633  0.47476172 0.42761975 0.50206904 0.41641874
0.00039479 0.36283831 0.35232302 0.39930133 0.34523319 0.50234819  0.48417291 0.45702496 0.47508945 0.39693445 0.45000532 0.44589633  0.47476172 0.42761975 0.50206904 0.41641874
0.00039479 0.36283831 0.35232302 0.39930133 0.34523319 0.50234819  0.48417291 0.45702496 0.47508945 0.39693445 0.45000532 0.44589633  0.47476172 0.42761975 0.50206904 0.41641874
0.00039479 0.36283831 0.35232302 0.39930133 0.34523319 0.50234819  0.48417291 0.45702496 0.47508945 0.39693445 0.45000532 0.44589633  0.47476172 0.42761975 0.50206904 0.41641874
0.00039479 0.36283831 0.35232302 0.39930133 0.34523319 0.50234819  0.48417291 0.45702496 0.47508945 0.39693445 0.45000532 0.44589633  0.47476172 0.42761975 0.50206904 0.41641874
0.00039479 0.36283831 0.35232302 0.39930133 0.34523319 0.50234819  0.48417291 0.45702496 0.47508945 0.39693445 0.45000532 0.44589633  0.47476172 0.42761975 0.50206904 0.41641874
0.00039479 0.36283831 0.35232302 0.39930133 0.34523319 0.50234819  0.48417291 0.45702496 0.47508945 0.39693445 0.45000532 0.44589633  0.47476172 0.42761975 0.50206904 0.41641874
0.00039479 0.36283831 0.35232302 0.39930133 0.34523319 0.50234819  0.48417291 0.45702496 0.47508945 0.39693445 0.45000532 0.44589633  0.47476172 0.42761975 0.50206904 0.41641874
0.00039479 0.36283831 0.35232302 0.39930133 0.34523319 0.50234819  0.48417291 0.45702496 0.47508945 0.39693445 0.45000532 0.44589633  0.47476172 0.42761975 0.50206904 0.41641874
0.00039479 0.36283831 0.35232302 0.39930133 0.34523319 0.50234819  0.48417291 0.45702496 0.47508945 0.39693445 0.45000532 0.44589633  0.47476172 0.42761975 0.50206904 0.41641874
0.00039479 0.36283831 0.35232302 0.39930133 0.34523319 0.50234819  0.48417291 0.45702496 0.47508945 0.39693445 0.45000532 0.44589633  0.47476172 0.42761975 0.50206904 0.41641874
0.00039479 0.36283831 0.35232302 0.39930133 0.34523319 0.50234819  0.48417291 0.45702496 0.47508945 0.39693445 0.45000532 0.44589633  0.47476172 0.42761975 0.50206904 0.41641874
0.00039479 0.36283831 0.35232302 0.39930133 0.34523319 0.50234819  0.48417291 0.45702496 0.47508945 0.39693445 0.45000532 0.44589633  0.47476172 0.42761975 0.50206904 0.41641874
0.00039479 0.36283831 0.35232302 0.39930133 0.34523319 0.50234819  0.48417291 0.45702496 0.47508945 0.39693445 0.45000532 0.44589633  0.47476172 0.42761975 0.50206904 0.41641874
0.00039479 0.36283831 0.35232302 0.39930133 0.34523319 0.50234819  0.48417291 0.45702496 0.47508945 0.39693445 0.45000532 0.44589633  0.47476172 0.42761975 0.50206904 0.41641874
0.00039479 0.36283831 0.35232302 0.39930133 0.34523319 0.50234819  0.48417291 0.45702496 0.47508945 0.39693445 0.45000532 0.44589633  0.47476172 0.42761975 0.50206904 0.41641874
0.00039479 0.36283831 0.35232302 0.39930133 0.34523319 0.50234819  0.48417291 0.45702496 0.47508945 0.39693445 0.45000532 0.44589633  0.47476172 0.42761975 0.50206904 0.41641874
0.00039479 0.36283831 0.35232302 0.39930133 0.34523319 0.50234819  0.48417291 0.45702496 0.47508945 0.39693445 0.45000532 0.44589633  0.47476172 0.42761975 0.50206904 0.41641874
0.00039479 0.36283831 0.35232302 0.39930133 0.34523319 0.50234819  0.48417291 0.45702496 0.47508945 0.39693445 0.45000532 0.44589633  0.47476172 0.42761975 0.50206904 0.41641874
0.00039479 0.36283831 0.35232302 0.39930133 0.34523319 0.50234819  0.48417291 0.45702496 0.47508945 0.39693445 0.45000532 0.44589633  0.47476172 0.42761975 0.50206904 0.41641874
0.00039479 0.36283831 0.35232302 0.39930133 0.34523319 0.50234819  0.48417291 0.45702496 0.47508945 0.39693445 0.45000532 0.44589633  0.47476172 0.42761975 0.50206904 0.41641874
0.00039479 0.36283831 0.35232302 0.39930133 0.34523319 0.50234819  0.48417291 0.45702496 0.47508945 0.39693445 0.45000532 0.44589633  0.47476172 0.42761975 0.50206904 0.41641874
0.00039479 0.36283831 0.35232302 0.39930133 0.34523319 0.50234819  0.48417291 0.45702496 0.47508945 0.39693445 0.45000532 0.44589633  0.47476172 0.42761975 0.50206904 0.41641874
0.00039479 0.36283831 0.35232302 0.39930133 0.34523319 0.50234819  0.48417291 0.45702496 0.47508945 0.39693445 0.45000532 0.44589633  0.47476172 0.42761975 0.50206904 0.41641874
0.00039479 0.36283831 0.35232302 0.39930133 0.34523319 0.50234819  0.48417291 0.45702496 0.47508945 0.39693445 0.45000532 0.44589633  0.47476172 0.42761975 0.50206904 0.41641874
0.00039479 0.36283831 0.35232302 0.39930133 0.34523319 0.50234819  0.48417291 0.45702496 0.47508945 0.39693445 0.45000532 0.44589633  0.47476172 0.42761975 0.50206904 0.41641874
0.00039479 0.36283831 0.35232302 0.39930133 0.34523319 0.50234819  0.48417291 0.45702496 0.47508945 0.39693445 0.45000532 0.44589633  0.47476172 0.42761975 0.50206904 0.41641874
0.00039479 0.36283831 0.35232302 0.39930133 0.34523319 0.50234819  0.48417291 0.45702496 0.47508945 0.39693445 0.45000532 0.44589633  0.47476172 0.42761975 0.50206904 0.41641874
0.00039479 0.36283831 0.35232302 0.39930133 0.34523319 0.50234819  0.48417291 0.45702496 0.47508945 0.39693445 0.45000532 0.44589633  0.47476172 0.42761975 0.50206904 0.41641874
0.00039479 0.36283831 0.35232302 0.39930133 0.34523319 0.50234819  0.48417291 0.45702496 0.47508945 0.39693445 0.45000532 0.44589633  0.47476172 0.42761975 0.50206904 0.41641874
0.00039479 0.36283831 0.35232302 0.39930133 0.34523319 0.50234819  0.48417291 0.45702496 0.47508945 0.39693445 0.45000532 0.44589633  0.47476172 0.42761975 0.50206904 0.41641874
0.00039479 0.36283831 0.35232302 0.39930133 0.34523319 0.50234819  0.48417291 0.45702496 0.47508945 0.39693445 0.45000532 0.44589633  0.47476172 0.42761975 0.50206904 0.41641874
0.00039479 0.36283831 0.35232302 0.39930133 0.34523319 0.50234819  0.48417291 0.45702496 0.47508945 0.39693445 0.45000532 0.44589633  0.47476172 0.42761975 0.50206904 0.41641874
0.00039479 0.36283831 0.35232302 0.39930133 0.34523319 0.50234819  0.48417291 0.45702496 0.47508945 0.39693445 0.45000532 0.44589633  0.47476172 0.42761975 0.50206904 0.41641874
0.00039479 0.36283831 0.35232302 0.39930133 0.34523319 0.50234819  0.48417291 0.45702496 0.47508945 0.39693445 0.45000532 0.44589633  0.47476172 0.42761975 0.50206904 0.41641874
0.00039479 0.36283831 0.35232302 0.39930133 0.34523319 0.50234819  0.48417291 0.45702496 0.47508945 0.39693445 0.45000532 0.44589633  0.47476172 0.42761975 0.50206904 0.41641874
0.00039479 0.36283831 0.35232302 0.39930133 0.34523319 0.50234819  0.48417291 0.45702496 0.47508945 0.39693445 0.45000532 0.44589633  0.47476172 0.42761975 0.50206904 0.41641874
0.00039479 0.36283831 0.35232302 0.39930133 0.34523319 0.50234819  0.48417291 0.45702496 0.47508945 0.39693445 0.45000532 0.44589633  0.47476172 0.42761975 0.50206904 0.41641874
0.00039479 0.36283831 0.35232302 0.39930133 0.34523319 0.50234819  0.48417291 0.45702496 0.47508945 0.39693445 0.45000532 0.44589633  0.47476172 0.42761975 0.50206904 0.41641874
0.00039479 0.36283831 0.35232302 0.39930133 0.34523319 0.50234819  0.48417291 0.45702496 0.47508945 0.39693445 0.45000532 0.44589633  0.47476172 0.42761975 0.50206904 0.41641874
0.00039479 0.36283831 0.35232302 0.39930133 0.34523319 0.50234819  0.48417291 0.45702496 0.47508945 0.39693445 0.45000532 0.44589633  0.47476172 0.42761975 0.50206904 0.41641874
0.00039479 0.36283831 0.35232302 0.39930133 0.34523319 0.50234819  0.48417291 0.45702496 0.47508945 0.39693445 0.45000532 0.44589633  0.47476172 0.42761975 0.50206904 0.41641874
0.00039479 0.36283831 0.35232302 0.39930133 0.34523319 0.50234819  0.48417291 0.45702496 0.47508945 0.39693445 0.45000532 0.44589633  0.47476172 0.42761975 0.50206904 0.41641874
0.00039479 0.36283831 0.35232302 0.39930133 0.34523319 0.50234819  0.48417291 0.45702496 0.47508945 0.39693445 0.45000532 0.44589633  0.47476172 0.42761975 0.50206904 0.41641874
0.00039479 0.36283831 0.35232302 0.39930133 0.34523319 0.50234819  0.48417291 0.45702496 0.47508945 0.39693445 0.45000532 0.44589633  0.47476172 0.42761975 0.50206904 0.41641874
0.00039479 0.36283831 0.35232302 0.39930133 0.34523319 0.50234819  0.48417291 0.45702496 0.47508945 0.39693445 0.45000532 0.44589633  0.47476172 0.42761975 0.50206904 0.41641874
0.00039479 0.36283831 0.35232302 0.39930133 0.34523319 0.50234819  0.48417291 0.45702496 0.47508945 0.39693445 0.45000532 0.44589633  0.47476172 0.42761975 0.50206904 0.41641874
0.00039479 0.36283831 0.35232302 0.39930133 0.34523319 0.50234819  0.48417291 0.45702496 0.47508945 0.39693445 0.45000532 0.44589633  0.47476172 0.42761975 0.50206904 0.41641874
0.00039479 0.36283831 0.35232302 0.39930133 0.34523319 0.50234819  0.48417291 0.45702496 0.47508945 0.39693445 0.45000532 0.44589633  0.47476172 0.42761975 0.50206904 0.41641874
0.00039479 0.36283831 0.35232302 0.39930133 0.34523319 0.50234819  0.48417291 0.45702496 0.47508945 0.39693445 0.45000532 0.44589633  0.47476172 0.42761975 0.50206904 0.41641874
0.00039479 0.36283831 0.35232302 0.39930133 0.34523319 0.50234819  0.48417291 0.45702496 0.47508945 0.39693445 0.45000532 0.44589633  0.47476172 0.42761975 0.50206904 0.41641874
0.00039479 0.36283831 0.35232302 0.39930133 0.34523319 0.50234819  0.48417291 0.45702496 0.47508945 0.39693445 0.45000532 0.44589633  0.47476172 0.42761975 0.50206904 0.41641874
0.00039479 0.36283831 0.35232302 0.39930133 0.34523319 0.50234819  0.48417291 0.45702496 0.47508945 0.39693445 0.45000532 0.44589633  0.47476172 0.42761975 0.50206904 0.41641874
0.00039479 0.36283831 0.35232302 0.39930133 0.34523319 0.50234819  0.48417291 0.45702496 0.47508945 0.39693445 0.45000532 0.44589633  0.47476172 0.42761975 0.50206904 0.41641874
0.00039479 0.36283831 0.35232302 0.39930133 0.34523319 0.50234819  0.48417291 0.45702496 0.47508945 0.39693445 0.45000532 0.44589633  0.47476172 0.42761975 0.50206904 0.41641874
0.00039479 0.36283831 0.35232302 0.39930133 0.34523319 0.50234819  0.48417291 0.45702496 0.47508945 0.39693445 0.45000532 0.44589633  0.47476172 0.42761975 0.50206904 0.41641874
0.00039479 0.36283831 0.35232302 0.39930133 0.34523319 0.50234819  0.48417291 0.45702496 0.47508945 0.39693445 0.45000532 0.44589633  0.47476172 0.42761975 0.50206904 0.41641874
0.00039479 0.36283831 0.35232302 0.39930133 0.34523319 0.50234819  0.48417291 0.45702496 0.47508945 0.39693445 0.45000532 0.44589633  0.47476172 0.42761975 0.50206904 0.41641874
0.00039479 0.36283831 0.35232302 0.39930133 0.34523319 0.50234819  0.48417291 0.45702496 0.47508945 0.39693445 0.45000532 0.44589633  0.47476172 0.42761975 0.50206904 0.41641874
0.00039479 0.36283831 0.35232302 0.39930133 0.34523319 0.50234819  0.48417291 0.45702496 0.47508945 0.39693445 0.45000532 0.44589633  0.47476172 0.42761975 0.50206904 0.41641874
0.00039479 0.36283831 0.35232302 0.39930133 0.34523319 0.50234819  0.48417291 0.45702496 0.47508945 0.39693445 0.45000532 0.44589633  0.47476172 0.42761975 0.50206904 0.41641874
0.00039479 0.36283831 0.35232302 0.39930133 0.34523319 0.50234819  0.48417291 0.45702496 0.47508945 0.39693445 0.45000532 0.44589633  0.47476172 0.42761975 0.50206904 0.41641874
0.00039479 0.36283831 0.35232302 0.39930133 0.34523319 0.50234819  0.48417291 0.45702496 0.47508945 0.39693445 0.45000532 0.44589633  0.47476172 0.42761975 0.50206904 0.41641874
0.00039479 0.36283831 0.35232302 0.39930133 0.34523319 0.50234819  0.48417291 0.45702496 0.47508945 0.39693445 0.45000532 0.44589633  0.47476172 0.42761975 0.50206904 0.41641874
0.00039479 0.36283831 0.35232302 0.39930133 0.34523319 0.50234819  0.48417291 0.45702496 0.47508945 0.39693445 0.45000532 0.44589633  0.47476172 0.42761975 0.50206904 0.41641874
0.00039479 0.36283831 0.35232302 0.39930133 0.34523319 0.50234819  0.48417291 0.45702496 0.47508945 0.39693445 0.45000532 0.44589633  0.47476172 0.42761975 0.50206904 0.41641874
0.00039479 0.36283831 0.35232302 0.39930133 0.34523319 0.50234819  0.48417291 0.45702496 0.47508945 0.39693445 0.45000532 0.44589633  0.47476172 0.42761975 0.50206904 0.41641874
0.00039479 0.36283831 0.35232302 0.39930133 0.34523319 0.50234819  0.48417291 0.45702496 0.47508945 0.39693445 0.45000532 0.44589633  0.47476172 0.42761975 0.50206904 0.41641874
0.00039479 0.36283831 0.35232302 0.39930133 0.34523319 0.50234819  0.48417291 0.45702496 0.47508945 0.39693445 0.45000532 0.44589633  0.47476172 0.42761975 0.50206904 0.41641874
0.00039479 0.36283831 0.35232302 0.39930133 0.34523319 0.50234819  0.48417291 0.45702496 0.47508945 0.39693445 0.45000532 0.44589633  0.47476172 0.42761975 0.50206904 0.41641874
0.00039479 0.36283831 0.35232302 0.39930133 0.34523319 0.50234819  0.48417291 0.45702496 0.47508945 0.39693445 0.45000532 0.44589633  0.47476172 0.42761975 0.50206904 0.41641874
0.01779563 0.38669558 0.33863985 0.42004769 0.35385851 0.46460162  0.48109267 0.47190843 0.43452283 0.38595027 0.3992976  0.44733029  0.52908455 0.38078184 0.39373238 0.44873962
0.01779563 0.38669558 0.33863985 0.42004769 0.35385851 0.46460162  0.48109267 0.47190843 0.43452283 0.38595027 0.3992976  0.44733029  0.52908455 0.38078184 0.39373238 0.44873962
0.01779563 0.38669558 0.33863985 0.42004769 0.35385851 0.46460162  0.48109267 0.47190843 0.43452283 0.38595027 0.3992976  0.44733029  0.52908455 0.38078184 0.39373238 0.44873962
0.01779563 0.38669558 0.33863985 0.42004769 0.35385851 0.46460162  0.48109267 0.47190843 0.43452283 0.38595027 0.3992976  0.44733029  0.52908455 0.38078184 0.39373238 0.44873962
0.01779563 0.38669558 0.33863985 0.42004769 0.35385851 0.46460162  0.48109267 0.47190843 0.43452283 0.38595027 0.3992976  0.44733029  0.52908455 0.38078184 0.39373238 0.44873962
0.01779563 0.38669558 0.33863985 0.42004769 0.35385851 0.46460162  0.48109267 0.47190843 0.43452283 0.38595027 0.3992976  0.44733029  0.52908455 0.38078184 0.39373238 0.44873962
0.01779563 0.38669558 0.33863985 0.42004769 0.35385851 0.46460162  0.48109267 0.47190843 0.43452283 0.38595027 0.3992976  0.44733029  0.52908455 0.38078184 0.39373238 0.44873962
0.01779563 0.38669558 0.33863985 0.42004769 0.35385851 0.46460162  0.48109267 0.47190843 0.43452283 0.38595027 0.3992976  0.44733029  0.52908455 0.38078184 0.39373238 0.44873962
0.01779563 0.38669558 0.33863985 0.42004769 0.35385851 0.46460162  0.48109267 0.47190843 0.43452283 0.38595027 0.3992976  0.44733029  0.52908455 0.38078184 0.39373238 0.44873962
0.01779563 0.38669558 0.33863985 0.42004769 0.35385851 0.46460162  0.48109267 0.47190843 0.43452283 0.38595027 0.3992976  0.44733029  0.52908455 0.38078184 0.39373238 0.44873962
0.01779563 0.38669558 0.33863985 0.42004769 0.35385851 0.46460162  0.48109267 0.47190843 0.43452283 0.38595027 0.3992976  0.44733029  0.52908455 0.38078184 0.39373238 0.44873962
0.00039479 0.36283831 0.35232302 0.39930133 0.34523319 0.50234819  0.48417291 0.45702496 0.47508945 0.39693445 0.45000532 0.44589633  0.47476172 0.42761975 0.50206904 0.41641874
0.00039479 0.36283831 0.35232302 0.39930133 0.34523319 0.50234819  0.48417291 0.45702496 0.47508945 0.39693445 0.45000532 0.44589633  0.47476172 0.42761975 0.50206904 0.41641874
0.00039479 0.36283831 0.35232302 0.39930133 0.34523319 0.50234819  0.48417291 0.45702496 0.47508945 0.39693445 0.45000532 0.44589633  0.47476172 0.42761975 0.50206904 0.41641874
0.00039479 0.36283831 0.35232302 0.39930133 0.34523319 0.50234819  0.48417291 0.45702496 0.47508945 0.39693445 0.45000532 0.44589633  0.47476172 0.42761975 0.50206904 0.41641874
0.00039479 0.36283831 0.35232302 0.39930133 0.34523319 0.50234819  0.48417291 0.45702496 0.47508945 0.39693445 0.45000532 0.44589633  0.47476172 0.42761975 0.50206904 0.41641874
0.00039479 0.36283831 0.35232302 0.39930133 0.34523319 0.50234819  0.48417291 0.45702496 0.47508945 0.39693445 0.45000532 0.44589633  0.47476172 0.42761975 0.50206904 0.41641874
0.00039479 0.36283831 0.35232302 0.39930133 0.34523319 0.50234819  0.48417291 0.45702496 0.47508945 0.39693445 0.45000532 0.44589633  0.47476172 0.42761975 0.50206904 0.41641874
0.00039479 0.36283831 0.35232302 0.39930133 0.34523319 0.50234819  0.48417291 0.45702496 0.47508945 0.39693445 0.45000532 0.44589633  0.47476172 0.42761975 0.50206904 0.41641874
0.00039479 0.36283831 0.35232302 0.39930133 0.34523319 0.50234819  0.48417291 0.45702496 0.47508945 0.39693445 0.45000532 0.44589633  0.47476172 0.42761975 0.50206904 0.41641874
0.00039479 0.36283831 0.35232302 0.39930133 0.34523319 0.50234819  0.48417291 0.45702496 0.47508945 0.39693445 0.45000532 0.44589633  0.47476172 0.42761975 0.50206904 0.41641874
0.00039479 0.36283831 0.35232302 0.39930133 0.34523319 0.50234819  0.48417291 0.45702496 0.47508945 0.39693445 0.45000532 0.44589633  0.47476172 0.42761975 0.50206904 0.41641874
0.00039479 0.36283831 0.35232302 0.39930133 0.34523319 0.50234819  0.48417291 0.45702496 0.47508945 0.39693445 0.45000532 0.44589633  0.47476172 0.42761975 0.50206904 0.41641874
0.00039479 0.36283831 0.35232302 0.39930133 0.34523319 0.50234819  0.48417291 0.45702496 0.47508945 0.39693445 0.45000532 0.44589633  0.47476172 0.42761975 0.50206904 0.41641874
0.00039479 0.36283831 0.35232302 0.39930133 0.34523319 0.50234819  0.48417291 0.45702496 0.47508945 0.39693445 0.45000532 0.44589633  0.47476172 0.42761975 0.50206904 0.41641874
0.00039479 0.36283831 0.35232302 0.39930133 0.34523319 0.50234819  0.48417291 0.45702496 0.47508945 0.39693445 0.45000532 0.44589633  0.47476172 0.42761975 0.50206904 0.41641874
0.00039479 0.36283831 0.35232302 0.39930133 0.34523319 0.50234819  0.48417291 0.45702496 0.47508945 0.39693445 0.45000532 0.44589633  0.47476172 0.42761975 0.50206904 0.41641874
0.00039479 0.36283831 0.35232302 0.39930133 0.34523319 0.50234819  0.48417291 0.45702496 0.47508945 0.39693445 0.45000532 0.44589633  0.47476172 0.42761975 0.50206904 0.41641874
0.00039479 0.36283831 0.35232302 0.39930133 0.34523319 0.50234819  0.48417291 0.45702496 0.47508945 0.39693445 0.45000532 0.44589633  0.47476172 0.42761975 0.50206904 0.41641874
0.00039479 0.36283831 0.35232302 0.39930133 0.34523319 0.50234819  0.48417291 0.45702496 0.47508945 0.39693445 0.45000532 0.44589633  0.47476172 0.42761975 0.50206904 0.41641874
0.00039479 0.36283831 0.35232302 0.39930133 0.34523319 0.50234819  0.48417291 0.45702496 0.47508945 0.39693445 0.45000532 0.44589633  0.47476172 0.42761975 0.50206904 0.41641874
0.09140426 0.48826046 0.28791634 0.49634339 0.3787699  0.4108221  0.42209065 0.5015865  0.48107907 0.37784606 0.44368489 0.44000906  0.51495705 0.43239248 0.47968124 0.39528348
0.2006027  0.63641497 0.2127119  0.60636966 0.41491188 0.32515476  0.3428629  0.54774593 0.53594063 0.35753294 0.49960565 0.42393844  0.5048424  0.49659127 0.56391375 0.32303984
0.28913193 0.66927722 0.15948241 0.54223464 0.45866965 0.22806888  0.51132935 0.56707711 0.40035482 0.32325975 0.46550348 0.413752  0.64714264 0.51014079 0.51535472 0.36156262
0.32682816 0.69340529 0.14353551 0.51470949 0.44987971 0.27031643  0.58092438 0.53301458 0.38272361 0.31017072 0.56904176 0.38652112  0.54505559 0.47801028 0.44469803 0.29189737
0.35774355 0.6467517  0.13506405 0.46848847 0.46634315 0.25334474  0.57953407 0.53093181 0.41990389 0.25876697 0.62012109 0.35506055  0.61974568 0.47127814 0.38044545 0.26870379
0.37245487 0.61457215 0.13014923 0.44643663 0.47640329 0.22064588  0.55889658 0.51441787 0.46648963 0.23485671 0.62519208 0.35994802  0.61956727 0.52088902 0.36086388 0.26750547
0.43946053 0.57001866 0.1040868  0.35421732 0.49246211 0.17746271  0.64156608 0.51084564 0.45477091 0.21356721 0.6755916  0.36759507  0.59767927 0.52192053 0.32924894 0.30114031
0.50101665 0.4930671  0.08882522 0.29887567 0.50299776 0.20185855  0.58942779 0.4799346  0.54207108 0.1560847  0.76779822 0.32176005  0.67835791 0.43049558 0.16600704 0.27410698
0.50207517 0.52110571 0.09070965 0.34157439 0.49311332 0.2273199  0.49382474 0.52714706 0.65765078 0.13052417 0.86109967 0.29210516  0.68583471 0.48115607 0.22811925 0.22345098
0.52515832 0.54306821 0.11276408 0.28347571 0.439434   0.29607843  0.52404156 0.74040443 0.61607572 0.15357311 0.89684893 0.28950041  0.63615111 0.39993327 0.31383841 0.29428685
0.53976138 0.54082903 0.15607488 0.33198862 0.34419122 0.39286581  0.35506847 0.89183693 0.69120609 0.27564818 0.90985734 0.37029322  0.5379767  0.52869039 0.3700819  0.58419301
0.58127142 0.57797983 0.20326554 0.30414448 0.234631   0.57920025  0.30255813 0.94990366 0.59247672 0.40287599 0.59417853 0.44802583  0.52430916 0.48689986 0.52379118 0.63744262
0.5546373  0.61968265 0.25124157 0.43463835 0.18305647 0.64809913  0.17667207 0.8690551  0.66214837 0.5342604  0.43644015 0.5185272  0.41004675 0.35961646 0.46346051 0.65546305
0.54605742 0.64225076 0.26853375 0.46866998 0.1592951  0.66197575  0.15732562 0.81359381 0.52304722 0.56527681 0.45655618 0.51838371  0.42543877 0.46534166 0.49096657 0.50342466
0.5560183  0.71677666 0.22368163 0.44524103 0.19671711 0.72186209  0.29470841 0.6645697  0.43121297 0.50474873 0.41597508 0.47564998  0.48245976 0.47532837 0.25914016 0.42612684
0.58324775 0.71506219 0.23151515 0.47110885 0.18477621 0.68373571  0.4102835  0.57503267 0.30735477 0.59059671 0.40460912 0.52555937  0.4610505  0.32950707 0.32909684 0.31312633
0.68405862 0.64520781 0.31939858 0.41058812 0.12680321 0.59395766  0.5724804  0.62039759 0.16339    0.58682365 0.49563848 0.58181637  0.64474811 0.39368177 0.50761556 0.20333597
0.80657016 0.72772779 0.78533202 0.29377487 0.37191166 0.4921664  0.58384323 0.6269031  0.29976333 0.34277227 0.35313993 0.3667062  0.38921024 0.37100151 0.68977576 0.33561267
0.82479725 0.71560505 0.81716501 0.23540167 0.51870742 0.49880006  0.55211787 0.56710818 0.32081614 0.41711601 0.33527301 0.45747834  0.45979051 0.42642293 0.73118663 0.33885438
0.84203595 0.69495082 0.83315309 0.19307379 0.59027801 0.49176158  0.52019027 0.52697549 0.33485955 0.39960508 0.33455395 0.5504284  0.4637976  0.47190882 0.78916774 0.39959568
0.84630502 0.70273687 0.85994973 0.17744675 0.61538967 0.45881504  0.55604554 0.54711369 0.41907799 0.52262122 0.30066177 0.46768877  0.46122078 0.4924698  0.73083674 0.4139558 
0.86101634 0.67055731 0.85503492 0.15539491 0.62544981 0.42611618  0.53540805 0.53059975 0.46566374 0.49871097 0.30573275 0.47257624  0.46104238 0.54208068 0.71125517 0.41275748
0.86101634 0.67055731 0.85503492 0.15539491 0.62544981 0.42611618  0.53540805 0.53059975 0.46566374 0.49871097 0.30573275 0.47257624  0.46104238 0.54208068 0.71125517 0.41275748
0.87903563 0.62662218 0.86213114 0.17052436 0.63533819 0.37052198  0.55038656 0.54744216 0.58189048 0.51616864 0.36650756 0.48628028  0.44274    0.47312443 0.61653682 0.48129559
0.88372668 0.58199544 0.82601199 0.25075131 0.46474406 0.305576  0.61253217 0.53737457 0.6412664  0.56793967 0.35785395 0.35075429  0.44381749 0.56169661 0.54320096 0.48593887
0.89272647 0.55717688 0.80862485 0.22075652 0.4803063  0.29955918  0.53110881 0.48754777 0.59859798 0.5051104  0.36916906 0.31808607  0.41569054 0.59847423 0.4979476  0.37943652
0.89108534 0.54855488 0.79006623 0.23882682 0.41806948 0.28705688  0.54280355 0.48545812 0.60428677 0.47956566 0.35494696 0.30194846  0.39617309 0.59505031 0.50954867 0.39682664
0.88007995 0.51224104 0.70916658 0.26446435 0.33084311 0.27095936  0.56822993 0.50958129 0.60414967 0.51037051 0.3756153  0.34739344  0.42191832 0.55346837 0.55306901 0.39260472
0.87311192 0.4822682  0.64658663 0.30566805 0.2044685  0.24677447  0.59988966 0.51731081 0.62311946 0.51653574 0.37679512 0.34663173  0.45744903 0.50402509 0.59317411 0.39988824
0.8691268  0.47018003 0.61904143 0.31030118 0.18426762 0.24225712  0.6076595  0.52699457 0.63193691 0.57171726 0.38654587 0.35374289  0.49390335 0.52031411 0.56585013 0.38337773
0.87930466 0.42906986 0.58976059 0.32850776 0.16417259 0.23911005  0.57562857 0.43722926 0.62568022 0.52304876 0.3615308  0.39854763  0.49026944 0.47039368 0.60435722 0.38836374
0.87519086 0.41328801 0.55890926 0.33832973 0.14844506 0.23944827  0.57725795 0.43834281 0.61433877 0.51578688 0.3947258  0.45548417  0.51587721 0.44599437 0.61868155 0.41614388
0.88137581 0.36202754 0.50518137 0.34846503 0.13450078 0.24479196  0.51587837 0.35629741 0.58018194 0.45720278 0.42456918 0.54357376  0.54760657 0.4278336  0.60925971 0.39597366
0.89770365 0.30995966 0.49617589 0.39053999 0.17192012 0.24963021  0.50333538 0.36285602 0.61321989 0.42011372 0.46020344 0.51311759  0.51036889 0.40470698 0.51151647 0.35791943
0.8820986  0.28886923 0.41433579 0.38669207 0.18000299 0.29639045  0.46003758 0.3895996  0.56674718 0.46990495 0.50128462 0.59065957  0.56143032 0.40337456 0.48278528 0.27696981
0.87295092 0.28337666 0.3770615  0.36892632 0.20335657 0.3071144  0.45999222 0.41737466 0.57641073 0.49777889 0.48473284 0.57631167  0.52498107 0.35871818 0.51327074 0.25940023
0.87275936 0.24767006 0.33783734 0.40148674 0.23511931 0.34483814  0.44874029 0.44572149 0.53212876 0.57145091 0.5059934  0.53195274  0.503768   0.41867135 0.46788809 0.3078229 
0.87275936 0.24767006 0.33783734 0.40148674 0.23511931 0.34483814  0.44874029 0.44572149 0.53212876 0.57145091 0.5059934  0.53195274  0.503768   0.41867135 0.46788809 0.3078229 
0.87275936 0.24767006 0.33783734 0.40148674 0.23511931 0.34483814  0.44874029 0.44572149 0.53212876 0.57145091 0.5059934  0.53195274  0.503768   0.41867135 0.46788809 0.3078229 
0.86654784 0.24103321 0.30636492 0.39083778 0.25691866 0.36916853  0.42417058 0.44839032 0.48913453 0.56386569 0.52372041 0.55965069  0.55190605 0.40945687 0.48284974 0.25983863
0.86654784 0.24103321 0.30636492 0.39083778 0.25691866 0.36916853  0.42417058 0.44839032 0.48913453 0.56386569 0.52372041 0.55965069  0.55190605 0.40945687 0.48284974 0.25983863
0.86026663 0.23759307 0.27568647 0.38063107 0.25618573 0.39592397  0.38270615 0.44459649 0.42428536 0.53481503 0.54745255 0.58242055  0.56402784 0.46607868 0.45552852 0.23828777
0.86026663 0.23759307 0.27568647 0.38063107 0.25618573 0.39592397  0.38270615 0.44459649 0.42428536 0.53481503 0.54745255 0.58242055  0.56402784 0.46607868 0.45552852 0.23828777
0.86026663 0.23759307 0.27568647 0.38063107 0.25618573 0.39592397  0.38270615 0.44459649 0.42428536 0.53481503 0.54745255 0.58242055  0.56402784 0.46607868 0.45552852 0.23828777
0.86809291 0.20807124 0.27408815 0.42694027 0.27647628 0.4114729  0.380091   0.43839191 0.38479222 0.55066834 0.58426643 0.53350953  0.55905368 0.49116713 0.43267171 0.32035368
0.86809291 0.20807124 0.27408815 0.42694027 0.27647628 0.4114729  0.380091   0.43839191 0.38479222 0.55066834 0.58426643 0.53350953  0.55905368 0.49116713 0.43267171 0.32035368
0.84888645 0.24258471 0.24119626 0.35385695 0.28653771 0.41137432  0.38254793 0.45902732 0.45947799 0.51444744 0.50638432 0.54815578  0.51770547 0.41135166 0.48051047 0.27353634
0.83986693 0.24227153 0.20548169 0.329072   0.30592624 0.43255584  0.35589899 0.47516982 0.44896632 0.52276887 0.49610635 0.53839822  0.47125235 0.44271112 0.43502187 0.28869836
0.81939594 0.27564403 0.16603424 0.2619581  0.34056056 0.46182326  0.34886296 0.48635063 0.49367305 0.46386533 0.37344056 0.4896767  0.39518745 0.40487132 0.46977144 0.28535334
0.77591209 0.36787767 0.11910913 0.15603952 0.35118009 0.50532418  0.37664669 0.48884352 0.58474191 0.37267695 0.21314508 0.51594863  0.41720662 0.391312   0.50160535 0.34958809
0.71483379 0.50699485 0.11276285 0.15639782 0.33005084 0.57018064  0.48257723 0.39852379 0.5329151  0.39739815 0.20674927 0.5263366  0.69120785 0.5096127  0.55573103 0.41738399
0.58860311 0.6796295  0.07180139 0.30740919 0.37725451 0.56767941  0.66838274 0.25578616 0.50275007 0.42262708 0.41469092 0.49072945  0.61038247 0.54107988 0.60784751 0.47474222
0.47519548 0.81056876 0.09654784 0.49702408 0.36448215 0.55085511  0.61469541 0.33360884 0.42118648 0.47317538 0.54490054 0.46542886  0.29218941 0.35246694 0.45807609 0.42316772
0.43799019 0.79494566 0.0957897  0.52431825 0.40605603 0.42464512  0.61865175 0.38140634 0.37819463 0.43735065 0.55528199 0.45044176  0.25443575 0.37185045 0.47884873 0.35999102
0.34548945 0.76481322 0.12392648 0.62353265 0.44004538 0.27996152  0.47060084 0.46789328 0.38326034 0.41189179 0.4438592  0.45978559  0.2893016  0.3892921  0.51520993 0.3425454 
0.25333745 0.70064593 0.17283645 0.654463   0.44128746 0.23811043  0.34253033 0.56505619 0.45606156 0.36169274 0.39083178 0.44246622  0.52140427 0.45854508 0.51176053 0.37590475
0.25333745 0.70064593 0.17283645 0.654463   0.44128746 0.23811043  0.34253033 0.56505619 0.45606156 0.36169274 0.39083178 0.44246622  0.52140427 0.45854508 0.51176053 0.37590475
0.2345208  0.67933821 0.18299878 0.6480313  0.4427636  0.22423684  0.34319384 0.57366837 0.43104127 0.36299962 0.33637673 0.45254522  0.57141463 0.45149581 0.49663536 0.41435045
0.2345208  0.67933821 0.18299878 0.6480313  0.4427636  0.22423684  0.34319384 0.57366837 0.43104127 0.36299962 0.33637673 0.45254522  0.57141463 0.45149581 0.49663536 0.41435045
0.27206149 0.7233345  0.16116831 0.66467956 0.44402897 0.23411613  0.3482491  0.55788121 0.44792144 0.35935034 0.40852476 0.4390451  0.48856389 0.44094993 0.48686699 0.35394452
0.29074623 0.7320847  0.15160997 0.6451111  0.44522896 0.23789722  0.40695365 0.53823975 0.40264539 0.35102385 0.44393549 0.42690421  0.41538151 0.41552715 0.44486787 0.30923374
0.34686334 0.7681971  0.13265275 0.61326438 0.42320522 0.32608818  0.45432197 0.50693696 0.44328811 0.35801422 0.5627592  0.40762306  0.32518474 0.41619025 0.47555528 0.27457364
0.43799019 0.79494566 0.0957897  0.52431825 0.40605603 0.42464512  0.61865175 0.38140634 0.37819463 0.43735065 0.55528199 0.45044176  0.25443575 0.37185045 0.47884873 0.35999102
0.54375498 0.75882854 0.08640224 0.36971339 0.35530959 0.591098  0.69292025 0.32104577 0.4449072  0.44796593 0.49469783 0.47410501  0.50062481 0.48010388 0.54975819 0.47562118
0.59296473 0.69138144 0.07971514 0.26112765 0.3643441  0.55649327  0.71347382 0.38113214 0.51043254 0.39851518 0.47596577 0.4790392  0.64517503 0.60598385 0.66570318 0.51718986
0.62496429 0.64977641 0.08911328 0.22259949 0.34803657 0.56555505  0.65641521 0.39391279 0.53656709 0.38100726 0.40282916 0.49325752  0.68703825 0.64228845 0.59199608 0.52140092
0.70002879 0.51798128 0.09396877 0.1425579  0.35315555 0.53306456  0.51756234 0.42594264 0.60584982 0.35427628 0.31471689 0.50029888  0.6685086  0.51408189 0.52667486 0.4788025 
0.70002879 0.51798128 0.09396877 0.1425579  0.35315555 0.53306456  0.51756234 0.42594264 0.60584982 0.35427628 0.31471689 0.50029888  0.6685086  0.51408189 0.52667486 0.4788025 
0.74487352 0.42044544 0.08786288 0.09977915 0.36596759 0.46891164  0.40751743 0.42535503 0.62229751 0.34483242 0.30352721 0.51746871  0.45444506 0.55908721 0.43319907 0.53190744
0.74487352 0.42044544 0.08786288 0.09977915 0.36596759 0.46891164  0.40751743 0.42535503 0.62229751 0.34483242 0.30352721 0.51746871  0.45444506 0.55908721 0.43319907 0.53190744
0.72640094 0.45160616 0.07933187 0.13371143 0.37957496 0.4916435  0.46090181 0.35525095 0.65703208 0.33328622 0.32114212 0.50232229  0.65070202 0.48519541 0.47178271 0.44769901
0.72640094 0.45160616 0.07933187 0.13371143 0.37957496 0.4916435  0.46090181 0.35525095 0.65703208 0.33328622 0.32114212 0.50232229  0.65070202 0.48519541 0.47178271 0.44769901
0.66761333 0.57177261 0.08160697 0.20800067 0.35964442 0.58648128  0.56347265 0.25907486 0.56343371 0.37990452 0.25576974 0.50959458  0.77036197 0.56249416 0.52969797 0.46130694
0.66761333 0.57177261 0.08160697 0.20800067 0.35964442 0.58648128  0.56347265 0.25907486 0.56343371 0.37990452 0.25576974 0.50959458  0.77036197 0.56249416 0.52969797 0.46130694
0.6053938  0.65841562 0.06808867 0.26446823 0.38383536 0.55120216  0.68808908 0.29676084 0.52637376 0.40086854 0.43302704 0.48616438  0.66841173 0.57216212 0.67666865 0.4887789 
0.51063446 0.78752363 0.0882966  0.41029067 0.37272032 0.54616975  0.70739643 0.38563215 0.40662178 0.43244602 0.58982791 0.44134334  0.41918407 0.42158995 0.52790212 0.43021969
0.36293116 0.75797532 0.1108132  0.58854315 0.45606611 0.25316339  0.54866645 0.44616157 0.33150734 0.4248718  0.4315472  0.47136296  0.28209928 0.40150984 0.54688633 0.35300482
0.36293116 0.75797532 0.1108132  0.58854315 0.45606611 0.25316339  0.54866645 0.44616157 0.33150734 0.4248718  0.4315472  0.47136296  0.28209928 0.40150984 0.54688633 0.35300482
0.34548945 0.76481322 0.12392648 0.62353265 0.44004538 0.27996152  0.47060084 0.46789328 0.38326034 0.41189179 0.4438592  0.45978559  0.2893016  0.3892921  0.51520993 0.3425454 
0.32828533 0.76763445 0.13787814 0.64709288 0.42596792 0.31026171  0.39711911 0.50811761 0.46795564 0.37949602 0.51765635 0.42820043  0.32184623 0.41251202 0.50381303 0.29975061
0.2905891  0.74350638 0.15382504 0.67461803 0.43475786 0.26801415  0.32752409 0.54218014 0.48558686 0.39258504 0.41411807 0.45543131  0.42393328 0.44464253 0.57446973 0.36941585
0.27230287 0.73267769 0.16547083 0.68332028 0.43003633 0.28129444  0.27429226 0.57383444 0.55875287 0.38318526 0.44123623 0.44755586  0.5143895  0.4866367  0.6130834  0.38891645
0.27230287 0.73267769 0.16547083 0.68332028 0.43003633 0.28129444  0.27429226 0.57383444 0.55875287 0.38318526 0.44123623 0.44755586  0.5143895  0.4866367  0.6130834  0.38891645
0.29131437 0.74805556 0.15908228 0.6753636  0.42004641 0.3197609  0.28518274 0.55941337 0.5863977  0.37842273 0.50936378 0.43246587  0.48548483 0.47992898 0.58442582 0.36396198
0.3097591  0.74837956 0.16959148 0.65520385 0.37581341 0.46350471  0.26027697 0.47563611 0.64050638 0.4717705  0.44037457 0.48366171  0.4427691  0.4634434  0.66173781 0.47782273
0.3097591  0.74837956 0.16959148 0.65520385 0.37581341 0.46350471  0.26027697 0.47563611 0.64050638 0.4717705  0.44037457 0.48366171  0.4427691  0.4634434  0.66173781 0.47782273
0.36661795 0.7767623  0.16211571 0.60245107 0.32619286 0.61521486  0.30052563 0.44270694 0.69906975 0.45547767 0.56633753 0.45143997  0.4938231  0.41995112 0.52191772 0.48463096
0.44059716 0.79758089 0.14075584 0.51847421 0.30395913 0.68334865  0.46288578 0.39528564 0.56423338 0.4405751  0.59212469 0.43003966  0.39771247 0.34044897 0.37462411 0.43368172
0.63721853 0.90935708 0.70304026 0.34716576 0.68397711 0.70069478  0.5523722  0.25900665 0.32708523 0.3184814  0.30661424 0.42792351  0.51565627 0.31358061 0.3891502  0.42125476
0.71062787 0.86191392 0.74985466 0.36256521 0.59670428 0.5996353  0.56409415 0.35294624 0.29302927 0.36470264 0.36557349 0.43283975  0.53451029 0.37133415 0.54315769 0.29033962
0.74515223 0.83261697 0.74528514 0.27921169 0.54844746 0.57437739  0.65785341 0.49267829 0.40943747 0.47832626 0.33495419 0.28743372  0.65205602 0.47937294 0.43218046 0.30430651
0.79962363 0.71209916 0.74206287 0.23271793 0.43684827 0.45530381  0.61628    0.72543101 0.41700674 0.76292079 0.30281709 0.23234802  0.37999174 0.58655758 0.39497615 0.28607641
0.81644584 0.59840138 0.63115326 0.26770452 0.35240498 0.3907608  0.65796759 0.61018693 0.5612405  0.8919973  0.20765726 0.29257711  0.47604343 0.52957    0.4488461  0.31849399
0.78813792 0.57260452 0.50483749 0.24549    0.33643808 0.3974824  0.67695003 0.65573711 0.61792129 0.9130433  0.20488093 0.32329993  0.41471385 0.43986125 0.48358707 0.42803792
0.77155207 0.4667554  0.26905989 0.20982025 0.23429913 0.45611223  0.50545054 0.54754936 0.49137895 0.6605996  0.18817346 0.50542929  0.3338867  0.47409312 0.6172055  0.44301588
0.7499778  0.47864526 0.20809991 0.18667664 0.29045663 0.50689229  0.51118752 0.53509015 0.52739656 0.59924385 0.16117847 0.496357  0.5023013  0.28948062 0.71759511 0.34921105
0.73025974 0.48550827 0.13681214 0.15532472 0.29425312 0.57121659  0.43881759 0.51726591 0.45648501 0.45198563 0.16304716 0.53593069  0.48100494 0.33508676 0.6648773  0.39974931
0.63335524 0.57815467 0.07205367 0.21918434 0.39813957 0.4875998  0.62379932 0.34144977 0.53376399 0.3384715  0.37159601 0.4749965  0.71010419 0.50628072 0.64009628 0.42012858
0.56753751 0.66082048 0.06005991 0.33502331 0.42153005 0.48499174  0.67152751 0.23952198 0.48899118 0.38252352 0.4839263  0.45622012  0.59580045 0.45051862 0.57540486 0.38064755
0.45897896 0.63455372 0.08153006 0.41768861 0.46698181 0.33887051  0.67672435 0.19760567 0.35929661 0.35304872 0.44436215 0.44133859  0.51713545 0.37617376 0.34237472 0.29385851
0.37504852 0.68257188 0.10549202 0.51026709 0.48151884 0.24164355  0.64041517 0.36010859 0.27823027 0.377525   0.41935883 0.44857163  0.42501496 0.35981312 0.43369491 0.31611271
0.246184   0.56610438 0.17435355 0.49926723 0.4704597  0.22602362  0.61462506 0.35242267 0.18660585 0.40722662 0.22566317 0.4914226  0.44389264 0.26963906 0.31596673 0.42618458
0.19625356 0.56901227 0.20570069 0.50906342 0.45124459 0.21366005  0.58196875 0.46504761 0.19092039 0.41450665 0.17873612 0.50651732  0.54384868 0.3218343  0.3318752  0.53775202
0.12395256 0.46765717 0.25810711 0.42813676 0.42016024 0.29778377  0.63115809 0.42855529 0.19877561 0.42820469 0.2016745  0.50686054  0.51032843 0.3179246  0.34398413 0.5413576 
0.07057186 0.4363202  0.29688016 0.44476643 0.38823898 0.36908819  0.52491791 0.46269653 0.31979163 0.40788175 0.2630435  0.48417518  0.57287142 0.33420379 0.33510928 0.53324894
0.05306277 0.40930401 0.31102756 0.41763914 0.37666176 0.40426113  0.54756198 0.44277854 0.32496259 0.41131519 0.2958028  0.48030821  0.52794871 0.3284536  0.33871483 0.50730334
0.03585866 0.41212524 0.32497922 0.44119937 0.36258431 0.43456132  0.47408025 0.48300288 0.40965789 0.37891942 0.36959995 0.44872305  0.56049334 0.35167352 0.32731793 0.46450854
0.01779563 0.38669558 0.33863985 0.42004769 0.35385851 0.46460162  0.48109267 0.47190843 0.43452283 0.38595027 0.3992976  0.44733029  0.52908455 0.38078184 0.39373238 0.44873962
0.01779563 0.38669558 0.33863985 0.42004769 0.35385851 0.46460162  0.48109267 0.47190843 0.43452283 0.38595027 0.3992976  0.44733029  0.52908455 0.38078184 0.39373238 0.44873962
0.00039479 0.36283831 0.35232302 0.39930133 0.34523319 0.50234819  0.48417291 0.45702496 0.47508945 0.39693445 0.45000532 0.44589633  0.47476172 0.42761975 0.50206904 0.41641874
0.00039479 0.36283831 0.35232302 0.39930133 0.34523319 0.50234819  0.48417291 0.45702496 0.47508945 0.39693445 0.45000532 0.44589633  0.47476172 0.42761975 0.50206904 0.41641874
0.00039479 0.36283831 0.35232302 0.39930133 0.34523319 0.50234819  0.48417291 0.45702496 0.47508945 0.39693445 0.45000532 0.44589633  0.47476172 0.42761975 0.50206904 0.41641874
0.00039479 0.36283831 0.35232302 0.39930133 0.34523319 0.50234819  0.48417291 0.45702496 0.47508945 0.39693445 0.45000532 0.44589633  0.47476172 0.42761975 0.50206904 0.41641874
0.00039479 0.36283831 0.35232302 0.39930133 0.34523319 0.50234819  0.48417291 0.45702496 0.47508945 0.39693445 0.45000532 0.44589633  0.47476172 0.42761975 0.50206904 0.41641874
0.00039479 0.36283831 0.35232302 0.39930133 0.34523319 0.50234819  0.48417291 0.45702496 0.47508945 0.39693445 0.45000532 0.44589633  0.47476172 0.42761975 0.50206904 0.41641874
0.00039479 0.36283831 0.35232302 0.39930133 0.34523319 0.50234819  0.48417291 0.45702496 0.47508945 0.39693445 0.45000532 0.44589633  0.47476172 0.42761975 0.50206904 0.41641874
0.00039479 0.36283831 0.35232302 0.39930133 0.34523319 0.50234819  0.48417291 0.45702496 0.47508945 0.39693445 0.45000532 0.44589633  0.47476172 0.42761975 0.50206904 0.41641874
0.00039479 0.36283831 0.35232302 0.39930133 0.34523319 0.50234819  0.48417291 0.45702496 0.47508945 0.39693445 0.45000532 0.44589633  0.47476172 0.42761975 0.50206904 0.41641874
0.00039479 0.36283831 0.35232302 0.39930133 0.34523319 0.50234819  0.48417291 0.45702496 0.47508945 0.39693445 0.45000532 0.44589633  0.47476172 0.42761975 0.50206904 0.41641874
0.00039479 0.36283831 0.35232302 0.39930133 0.34523319 0.50234819  0.48417291 0.45702496 0.47508945 0.39693445 0.45000532 0.44589633  0.47476172 0.42761975 0.50206904 0.41641874
0.00039479 0.36283831 0.35232302 0.39930133 0.34523319 0.50234819  0.48417291 0.45702496 0.47508945 0.39693445 0.45000532 0.44589633  0.47476172 0.42761975 0.50206904 0.41641874
0.00039479 0.36283831 0.35232302 0.39930133 0.34523319 0.50234819  0.48417291 0.45702496 0.47508945 0.39693445 0.45000532 0.44589633  0.47476172 0.42761975 0.50206904 0.41641874
0.00039479 0.36283831 0.35232302 0.39930133 0.34523319 0.50234819  0.48417291 0.45702496 0.47508945 0.39693445 0.45000532 0.44589633  0.47476172 0.42761975 0.50206904 0.41641874
0.00039479 0.36283831 0.35232302 0.39930133 0.34523319 0.50234819  0.48417291 0.45702496 0.47508945 0.39693445 0.45000532 0.44589633  0.47476172 0.42761975 0.50206904 0.41641874
0.05331952 0.4422893  0.31071403 0.47463164 0.37727345 0.40565111  0.42784744 0.50866634 0.45166058 0.38417424 0.366503   0.45443904  0.58898222 0.42655762 0.46081289 0.47673369
0.16179346 0.59372619 0.23251654 0.59569455 0.42031212 0.28578352  0.35017285 0.56405395 0.44897657 0.37037338 0.32995296 0.45655743  0.62853945 0.42144081 0.4445851  0.48398206
0.25392014 0.70935364 0.17754424 0.66809832 0.42500405 0.29488316  0.28080905 0.5685001  0.55707825 0.39045482 0.4299595  0.45188669  0.51597614 0.47937998 0.61112779 0.41424556
0.41962889 0.77552745 0.10472566 0.51531592 0.41772164 0.37872416  0.61395732 0.4503964  0.38748771 0.36767692 0.6060053  0.40793265  0.35309664 0.40457988 0.45251234 0.30522122
0.52801598 0.77829598 0.09084452 0.3890148  0.35596765 0.58298964  0.68654495 0.3870807  0.43965569 0.445569   0.55220238 0.45781893  0.46132665 0.40652703 0.54843868 0.47061736
0.57929023 0.72501455 0.09327569 0.27109913 0.34881102 0.5775856  0.7181481  0.55430708 0.46462874 0.37566538 0.59495106 0.42951876  0.5899569  0.42970602 0.62834303 0.51296674
0.65674866 0.60737156 0.10376495 0.18842666 0.33273307 0.57768779  0.58036784 0.49970637 0.54774334 0.3326053  0.41781482 0.45935305  0.6921837  0.49186159 0.47517044 0.49111586
0.74183551 0.42432626 0.08602888 0.11338874 0.37048932 0.47456484  0.4320054  0.4160156  0.65398724 0.34072638 0.30400707 0.50973532  0.55851984 0.42343925 0.52425258 0.44972705
0.7719821  0.35868869 0.09379214 0.10141988 0.36531877 0.43074817  0.3345623  0.45230123 0.62042312 0.34100727 0.34472837 0.49998642  0.31619883 0.4340087  0.37626934 0.48399082
0.81113894 0.32568614 0.179076   0.16211931 0.28105688 0.41142747  0.28413237 0.45394746 0.48734973 0.42977968 0.38869553 0.56833816  0.34039593 0.52072446 0.30088954 0.34410316
0.84229734 0.37930062 0.34733858 0.1793995  0.2495848  0.36299566  0.31147576 0.38881798 0.5376453  0.32379983 0.32605763 0.45833671  0.23448685 0.63340611 0.22004989 0.46224466
0.91178016 0.45097638 0.69419898 0.20234505 0.43786755 0.29525041  0.37160439 0.3272919  0.5815953  0.36327929 0.29036821 0.33720697  0.24881279 0.60638413 0.33565715 0.31480763
0.92661993 0.49010703 0.80480303 0.14272841 0.67984386 0.32868746  0.3302992  0.32182494 0.53971463 0.36097564 0.39475146 0.4872123  0.30897006 0.51947454 0.40158105 0.38213755
0.92713027 0.50648609 0.83361961 0.12989696 0.76910924 0.33309529  0.36212254 0.33380086 0.61253124 0.46629291 0.41100845 0.48726342  0.44294009 0.35968864 0.4479592  0.3290025 
0.93213603 0.49888832 0.8476426  0.15540779 0.77603306 0.31585988  0.40597177 0.33968755 0.68567687 0.4910623  0.42576476 0.52527844  0.4422549  0.27443802 0.4295247  0.43690613
0.89035381 0.61245099 0.86535501 0.12113636 0.71924165 0.37790162  0.45524462 0.5121672  0.53255467 0.48026903 0.41663947 0.52192266  0.40217703 0.47393959 0.5709414  0.45249397
0.89035381 0.61245099 0.86535501 0.12113636 0.71924165 0.37790162  0.45524462 0.5121672  0.53255467 0.48026903 0.41663947 0.52192266  0.40217703 0.47393959 0.5709414  0.45249397
0.89035381 0.61245099 0.86535501 0.12113636 0.71924165 0.37790162  0.45524462 0.5121672  0.53255467 0.48026903 0.41663947 0.52192266  0.40217703 0.47393959 0.5709414  0.45249397
0.89701592 0.57871835 0.85655837 0.17356967 0.65135429 0.33695416  0.48609659 0.510524   0.56082736 0.5413572  0.47892667 0.48504385  0.42034743 0.52081797 0.51719484 0.48786796
0.8856792  0.60359205 0.84978452 0.17850067 0.57006861 0.34866498  0.50416144 0.55748143 0.48551897 0.52376324 0.42934382 0.47807929  0.30275487 0.70852648 0.51628003 0.5899837 
0.8856792  0.60359205 0.84978452 0.17850067 0.57006861 0.34866498  0.50416144 0.55748143 0.48551897 0.52376324 0.42934382 0.47807929  0.30275487 0.70852648 0.51628003 0.5899837 
0.89120309 0.53516482 0.76667975 0.24543126 0.35842477 0.29024685  0.49932874 0.48744736 0.52560726 0.38609044 0.38674763 0.38642145  0.23811998 0.69588536 0.47621267 0.56303367
0.88914559 0.5274808  0.74968216 0.2599986  0.31533311 0.29063297  0.49597271 0.48473375 0.50536936 0.33654733 0.4002794  0.42117828  0.21226931 0.67636914 0.51006166 0.59317482
0.88689439 0.51933645 0.73202778 0.27486461 0.27574682 0.29277702  0.48932651 0.47933975 0.48317145 0.28552547 0.41820306 0.45885784  0.18539869 0.66027043 0.53760328 0.62657179
0.88078961 0.49118337 0.67670918 0.30361389 0.18668682 0.2681045  0.51787242 0.48419534 0.50472834 0.30237935 0.42922851 0.47529569  0.21854421 0.65367526 0.53664066 0.66978562
0.90606656 0.42111236 0.66051658 0.30722825 0.22102674 0.23081811  0.44772999 0.3929242  0.5609236  0.27001818 0.46988168 0.45272049  0.21264448 0.56188691 0.41311922 0.6113781 
0.90388731 0.41206025 0.64256552 0.31367911 0.20232438 0.22408655  0.4604615  0.40096631 0.5699196  0.30084033 0.47454592 0.45576095  0.26012981 0.5157976  0.44990591 0.57310949
0.91052274 0.36608226 0.59651161 0.31503565 0.21974224 0.2180597  0.44623122 0.34011975 0.59284215 0.37161169 0.43250158 0.4626004  0.31464075 0.46707483 0.46547631 0.48753581
0.90403064 0.34626406 0.55091057 0.33336516 0.19479872 0.23855221  0.42970856 0.33089509 0.53824418 0.30592639 0.48311084 0.56476954  0.35626746 0.42422831 0.50354858 0.49739436
0.90403064 0.34626406 0.55091057 0.33336516 0.19479872 0.23855221  0.42970856 0.33089509 0.53824418 0.30592639 0.48311084 0.56476954  0.35626746 0.42422831 0.50354858 0.49739436
0.90403064 0.34626406 0.55091057 0.33336516 0.19479872 0.23855221  0.42970856 0.33089509 0.53824418 0.30592639 0.48311084 0.56476954  0.35626746 0.42422831 0.50354858 0.49739436
0.91350509 0.27313559 0.50826923 0.42915955 0.23858708 0.29457078  0.40858642 0.33212297 0.44112146 0.34156465 0.55264789 0.48190719  0.40920695 0.41674336 0.53080355 0.55855695
0.92367811 0.20205648 0.46616318 0.52355565 0.27259906 0.36052665  0.39297185 0.33289017 0.33930301 0.361999   0.60211942 0.42317222  0.45145087 0.43502777 0.56881289 0.65392502
0.91589274 0.19142574 0.42842444 0.51324807 0.29879687 0.37198306  0.38932764 0.36021692 0.33073123 0.39157008 0.60509871 0.4011347  0.38740006 0.44848251 0.55647585 0.68254519
0.91589274 0.19142574 0.42842444 0.51324807 0.29879687 0.37198306  0.38932764 0.36021692 0.33073123 0.39157008 0.60509871 0.4011347  0.38740006 0.44848251 0.55647585 0.68254519
0.90961154 0.1879856  0.39774599 0.50304137 0.29806394 0.3987385  0.3478632  0.35642309 0.26588206 0.36251942 0.62883085 0.42390456  0.39952185 0.50510432 0.52915463 0.66099434
0.90961154 0.1879856  0.39774599 0.50304137 0.29806394 0.3987385  0.3478632  0.35642309 0.26588206 0.36251942 0.62883085 0.42390456  0.39952185 0.50510432 0.52915463 0.66099434
0.90909396 0.15787131 0.36003772 0.5373813  0.34958914 0.46275466  0.34064307 0.37071189 0.20614111 0.33923729 0.61771209 0.41626213  0.4543001  0.50064656 0.60911503 0.59767832
0.90175895 0.15350828 0.32718443 0.52172928 0.3627679  0.47558562  0.33100945 0.39774638 0.21552969 0.42291693 0.61400574 0.40857092  0.45200431 0.53727178 0.54017259 0.55785536
0.90175895 0.15350828 0.32718443 0.52172928 0.3627679  0.47558562  0.33100945 0.39774638 0.21552969 0.42291693 0.61400574 0.40857092  0.45200431 0.53727178 0.54017259 0.55785536
0.90175895 0.15350828 0.32718443 0.52172928 0.3627679  0.47558562  0.33100945 0.39774638 0.21552969 0.42291693 0.61400574 0.40857092  0.45200431 0.53727178 0.54017259 0.55785536
0.90175895 0.15350828 0.32718443 0.52172928 0.3627679  0.47558562  0.33100945 0.39774638 0.21552969 0.42291693 0.61400574 0.40857092  0.45200431 0.53727178 0.54017259 0.55785536
0.90666032 0.13215833 0.3232514  0.56844177 0.38738991 0.51231745  0.35315682 0.42024796 0.20105493 0.40954204 0.59443467 0.39199185  0.45395544 0.54935651 0.58167601 0.54192815
0.90666032 0.13215833 0.3232514  0.56844177 0.38738991 0.51231745  0.35315682 0.42024796 0.20105493 0.40954204 0.59443467 0.39199185  0.45395544 0.54935651 0.58167601 0.54192815
0.90666032 0.13215833 0.3232514  0.56844177 0.38738991 0.51231745  0.35315682 0.42024796 0.20105493 0.40954204 0.59443467 0.39199185  0.45395544 0.54935651 0.58167601 0.54192815
0.90666032 0.13215833 0.3232514  0.56844177 0.38738991 0.51231745  0.35315682 0.42024796 0.20105493 0.40954204 0.59443467 0.39199185  0.45395544 0.54935651 0.58167601 0.54192815
0.90592302 0.1305906  0.31833352 0.5728131  0.37174587 0.51070405  0.35859045 0.41850717 0.2047127  0.41221917 0.57914694 0.36345273  0.46200802 0.56896476 0.57317034 0.51142992
0.90592302 0.1305906  0.31833352 0.5728131  0.37174587 0.51070405  0.35859045 0.41850717 0.2047127  0.41221917 0.57914694 0.36345273  0.46200802 0.56896476 0.57317034 0.51142992
0.90984497 0.11389325 0.31583624 0.61044508 0.39316208 0.53912151  0.38350188 0.43958311 0.21282553 0.40219233 0.55208396 0.35754739  0.44481743 0.60775774 0.56945168 0.50043127
0.90984497 0.11389325 0.31583624 0.61044508 0.39316208 0.53912151  0.38350188 0.43958311 0.21282553 0.40219233 0.55208396 0.35754739  0.44481743 0.60775774 0.56945168 0.50043127
0.90585985 0.10180507 0.28829104 0.6150782  0.3729612  0.53460416  0.39127173 0.44926687 0.22164298 0.45737385 0.56183471 0.36465855  0.48127175 0.62404676 0.5421277  0.48392075
0.90585985 0.10180507 0.28829104 0.6150782  0.3729612  0.53460416  0.39127173 0.44926687 0.22164298 0.45737385 0.56183471 0.36465855  0.48127175 0.62404676 0.5421277  0.48392075
0.90585985 0.10180507 0.28829104 0.6150782  0.3729612  0.53460416  0.39127173 0.44926687 0.22164298 0.45737385 0.56183471 0.36465855  0.48127175 0.62404676 0.5421277  0.48392075
0.90585985 0.10180507 0.28829104 0.6150782  0.3729612  0.53460416  0.39127173 0.44926687 0.22164298 0.45737385 0.56183471 0.36465855  0.48127175 0.62404676 0.5421277  0.48392075
0.90585985 0.10180507 0.28829104 0.6150782  0.3729612  0.53460416  0.39127173 0.44926687 0.22164298 0.45737385 0.56183471 0.36465855  0.48127175 0.62404676 0.5421277  0.48392075
0.90585985 0.10180507 0.28829104 0.6150782  0.3729612  0.53460416  0.39127173 0.44926687 0.22164298 0.45737385 0.56183471 0.36465855  0.48127175 0.62404676 0.5421277  0.48392075
0.90585985 0.10180507 0.28829104 0.6150782  0.3729612  0.53460416  0.39127173 0.44926687 0.22164298 0.45737385 0.56183471 0.36465855  0.48127175 0.62404676 0.5421277  0.48392075
0.90585985 0.10180507 0.28829104 0.6150782  0.3729612  0.53460416  0.39127173 0.44926687 0.22164298 0.45737385 0.56183471 0.36465855  0.48127175 0.62404676 0.5421277  0.48392075
0.90840445 0.09020531 0.28621324 0.64733347 0.3918427  0.5606736  0.42377481 0.47558422 0.2475472  0.43495299 0.52166995 0.3893236  0.45700299 0.65332406 0.52771448 0.43048584
0.89702427 0.09519695 0.25172303 0.62055935 0.42219468 0.57612395  0.4236166  0.49001505 0.28273983 0.4145854  0.48060172 0.35505882  0.41068063 0.59859705 0.55269643 0.46573441
0.89702427 0.09519695 0.25172303 0.62055935 0.42219468 0.57612395  0.4236166  0.49001505 0.28273983 0.4145854  0.48060172 0.35505882  0.41068063 0.59859705 0.55269643 0.46573441
0.89702427 0.09519695 0.25172303 0.62055935 0.42219468 0.57612395  0.4236166  0.49001505 0.28273983 0.4145854  0.48060172 0.35505882  0.41068063 0.59859705 0.55269643 0.46573441
0.88547819 0.10924978 0.22316062 0.59229463 0.44261976 0.60090055  0.41041435 0.48578463 0.31763937 0.36097057 0.44226034 0.33435563  0.3907046  0.58969516 0.49271679 0.53426206
0.86553898 0.14589588 0.18242255 0.49810632 0.45435536 0.620696  0.33774581 0.47167257 0.27600893 0.3372993  0.37368417 0.26854129  0.3557673  0.57516008 0.50043076 0.52059478
0.852856   0.16018918 0.14894279 0.43846995 0.43821881 0.60361844  0.30289414 0.47738636 0.27562179 0.40432973 0.38842165 0.28923847  0.38509271 0.51138218 0.50500381 0.46611804
0.84053127 0.17483508 0.12128921 0.41236571 0.46805522 0.62441492  0.30871286 0.47159775 0.3229439  0.35466524 0.34321978 0.26020162  0.40129447 0.47163211 0.49937827 0.50247787
0.82059647 0.25387126 0.12960323 0.27223738 0.39950382 0.54648278  0.28689347 0.45329535 0.41068412 0.33721553 0.31192198 0.37715286  0.41006384 0.40763196 0.48414618 0.36863086
0.79075985 0.29215129 0.08298563 0.25868341 0.44408324 0.57130428  0.35336264 0.41761041 0.51909465 0.30538244 0.30969509 0.34502114  0.56902581 0.31392035 0.53406508 0.3862307 
0.72459688 0.46159757 0.09212194 0.18450301 0.37047257 0.53515816  0.43237416 0.26471089 0.59933338 0.33135179 0.3057045  0.47827232  0.72084845 0.43276755 0.36687023 0.3429805 
0.66284253 0.54891062 0.07542744 0.23569897 0.39699717 0.50975109  0.561757   0.24016039 0.56861843 0.37407909 0.39822049 0.48136859  0.65309267 0.47448637 0.57836862 0.36615609
0.5680064  0.68125753 0.06256963 0.37282711 0.40177751 0.54711309  0.62077512 0.15631411 0.51687925 0.45263737 0.41969776 0.49623891  0.51596199 0.41711392 0.59018643 0.41781684
0.46802175 0.74774251 0.07806994 0.48057938 0.4344128  0.40533189  0.6587325  0.30106238 0.3687382  0.42623263 0.51043829 0.45416296  0.34223958 0.37577514 0.552792   0.32710017
0.36298743 0.75548837 0.11181414 0.58296878 0.45452841 0.25442116  0.5585332  0.44258046 0.31797435 0.42105101 0.41991624 0.47218167  0.3046746  0.3964515  0.52956854 0.35745519
0.25199751 0.67578485 0.16878887 0.61973121 0.45750335 0.19108214  0.43912324 0.51944642 0.30596882 0.39652465 0.24354564 0.4879376  0.52048882 0.37952313 0.43259541 0.46770545
0.21531276 0.62571127 0.19308654 0.5829302  0.44906733 0.20174376  0.47838391 0.50668831 0.24720266 0.39007045 0.19322101 0.49074601  0.57043493 0.32369462 0.30471918 0.50239014
0.21531276 0.62571127 0.19308654 0.5829302  0.44906733 0.20174376  0.47838391 0.50668831 0.24720266 0.39007045 0.19322101 0.49074601  0.57043493 0.32369462 0.30471918 0.50239014
0.08892937 0.49235855 0.28299146 0.51880341 0.39445748 0.33645297  0.41227192 0.53833239 0.39368712 0.36543542 0.28731273 0.45681163  0.68194675 0.35857271 0.29842885 0.52018578
0.03530472 0.41371177 0.32449245 0.44717499 0.36543573 0.42942868  0.4584486  0.49182641 0.42935187 0.38251683 0.3665383  0.45119726  0.57400726 0.38653202 0.39012683 0.47468522
0.03530472 0.41371177 0.32449245 0.44717499 0.36543573 0.42942868  0.4584486  0.49182641 0.42935187 0.38251683 0.3665383  0.45119726  0.57400726 0.38653202 0.39012683 0.47468522
0.03530472 0.41371177 0.32449245 0.44717499 0.36543573 0.42942868  0.4584486  0.49182641 0.42935187 0.38251683 0.3665383  0.45119726  0.57400726 0.38653202 0.39012683 0.47468522
0.00039479 0.36283831 0.35232302 0.39930133 0.34523319 0.50234819  0.48417291 0.45702496 0.47508945 0.39693445 0.45000532 0.44589633  0.47476172 0.42761975 0.50206904 0.41641874
0.00039479 0.36283831 0.35232302 0.39930133 0.34523319 0.50234819  0.48417291 0.45702496 0.47508945 0.39693445 0.45000532 0.44589633  0.47476172 0.42761975 0.50206904 0.41641874
0.00039479 0.36283831 0.35232302 0.39930133 0.34523319 0.50234819  0.48417291 0.45702496 0.47508945 0.39693445 0.45000532 0.44589633  0.47476172 0.42761975 0.50206904 0.41641874
0.00039479 0.36283831 0.35232302 0.39930133 0.34523319 0.50234819  0.48417291 0.45702496 0.47508945 0.39693445 0.45000532 0.44589633  0.47476172 0.42761975 0.50206904 0.41641874
0.00039479 0.36283831 0.35232302 0.39930133 0.34523319 0.50234819  0.48417291 0.45702496 0.47508945 0.39693445 0.45000532 0.44589633  0.47476172 0.42761975 0.50206904 0.41641874
0.00039479 0.36283831 0.35232302 0.39930133 0.34523319 0.50234819  0.48417291 0.45702496 0.47508945 0.39693445 0.45000532 0.44589633  0.47476172 0.42761975 0.50206904 0.41641874
0.00039479 0.36283831 0.35232302 0.39930133 0.34523319 0.50234819  0.48417291 0.45702496 0.47508945 0.39693445 0.45000532 0.44589633  0.47476172 0.42761975 0.50206904 0.41641874
0.00039479 0.36283831 0.35232302 0.39930133 0.34523319 0.50234819  0.48417291 0.45702496 0.47508945 0.39693445 0.45000532 0.44589633  0.47476172 0.42761975 0.50206904 0.41641874
0.00039479 0.36283831 0.35232302 0.39930133 0.34523319 0.50234819  0.48417291 0.45702496 0.47508945 0.39693445 0.45000532 0.44589633  0.47476172 0.42761975 0.50206904 0.41641874
0.00039479 0.36283831 0.35232302 0.39930133 0.34523319 0.50234819  0.48417291 0.45702496 0.47508945 0.39693445 0.45000532 0.44589633  0.47476172 0.42761975 0.50206904 0.41641874
0.00039479 0.36283831 0.35232302 0.39930133 0.34523319 0.50234819  0.48417291 0.45702496 0.47508945 0.39693445 0.45000532 0.44589633  0.47476172 0.42761975 0.50206904 0.41641874
0.00039479 0.36283831 0.35232302 0.39930133 0.34523319 0.50234819  0.48417291 0.45702496 0.47508945 0.39693445 0.45000532 0.44589633  0.47476172 0.42761975 0.50206904 0.41641874
0.00039479 0.36283831 0.35232302 0.39930133 0.34523319 0.50234819  0.48417291 0.45702496 0.47508945 0.39693445 0.45000532 0.44589633  0.47476172 0.42761975 0.50206904 0.41641874
0.00039479 0.36283831 0.35232302 0.39930133 0.34523319 0.50234819  0.48417291 0.45702496 0.47508945 0.39693445 0.45000532 0.44589633  0.47476172 0.42761975 0.50206904 0.41641874
0.00039479 0.36283831 0.35232302 0.39930133 0.34523319 0.50234819  0.48417291 0.45702496 0.47508945 0.39693445 0.45000532 0.44589633  0.47476172 0.42761975 0.50206904 0.41641874
0.00039479 0.36283831 0.35232302 0.39930133 0.34523319 0.50234819  0.48417291 0.45702496 0.47508945 0.39693445 0.45000532 0.44589633  0.47476172 0.42761975 0.50206904 0.41641874
0.00039479 0.36283831 0.35232302 0.39930133 0.34523319 0.50234819  0.48417291 0.45702496 0.47508945 0.39693445 0.45000532 0.44589633  0.47476172 0.42761975 0.50206904 0.41641874
0.00039479 0.36283831 0.35232302 0.39930133 0.34523319 0.50234819  0.48417291 0.45702496 0.47508945 0.39693445 0.45000532 0.44589633  0.47476172 0.42761975 0.50206904 0.41641874
0.00039479 0.36283831 0.35232302 0.39930133 0.34523319 0.50234819  0.48417291 0.45702496 0.47508945 0.39693445 0.45000532 0.44589633  0.47476172 0.42761975 0.50206904 0.41641874
0.00039479 0.36283831 0.35232302 0.39930133 0.34523319 0.50234819  0.48417291 0.45702496 0.47508945 0.39693445 0.45000532 0.44589633  0.47476172 0.42761975 0.50206904 0.41641874
0.00039479 0.36283831 0.35232302 0.39930133 0.34523319 0.50234819  0.48417291 0.45702496 0.47508945 0.39693445 0.45000532 0.44589633  0.47476172 0.42761975 0.50206904 0.41641874
0.00039479 0.36283831 0.35232302 0.39930133 0.34523319 0.50234819  0.48417291 0.45702496 0.47508945 0.39693445 0.45000532 0.44589633  0.47476172 0.42761975 0.50206904 0.41641874
0.00039479 0.36283831 0.35232302 0.39930133 0.34523319 0.50234819  0.48417291 0.45702496 0.47508945 0.39693445 0.45000532 0.44589633  0.47476172 0.42761975 0.50206904 0.41641874
0.00039479 0.36283831 0.35232302 0.39930133 0.34523319 0.50234819  0.48417291 0.45702496 0.47508945 0.39693445 0.45000532 0.44589633  0.47476172 0.42761975 0.50206904 0.41641874
