0.00039479 0.36283831 0.35232302 0.39930133 0.34523319 0.50234819  0.48417291 0.45702496 0.47508945 0.39693445 0.45000532 0.44589633  0.47476172 0.42761975 0.50206904 0.41641874
0.00039479 0.36283831 0.35232302 0.39930133 0.34523319 0.50234819  0.48417291 0.45702496 0.47508945 0.39693445 0.45000532 0.44589633  0.47476172 0.42761975 0.50206904 0.41641874
0.00039479 0.36283831 0.35232302 0.39930133 0.34523319 0.50234819  0.48417291 0.45702496 0.47508945 0.39693445 0.45000532 0.44589633  0.47476172 0.42761975 0.50206904 0.41641874
0.00039479 0.36283831 0.35232302 0.39930133 0.34523319 0.50234819  0.48417291 0.45702496 0.47508945 0.39693445 0.45000532 0.44589633  0.47476172 0.42761975 0.50206904 0.41641874
0.00039479 0.36283831 0.35232302 0.39930133 0.34523319 0.50234819  0.48417291 0.45702496 0.47508945 0.39693445 0.45000532 0.44589633  0.47476172 0.42761975 0.50206904 0.41641874
0.00039479 0.36283831 0.35232302 0.39930133 0.34523319 0.50234819  0.48417291 0.45702496 0.47508945 0.39693445 0.45000532 0.44589633  0.47476172 0.42761975 0.50206904 0.41641874
0.00039479 0.36283831 0.35232302 0.39930133 0.34523319 0.50234819  0.48417291 0.45702496 0.47508945 0.39693445 0.45000532 0.44589633  0.47476172 0.42761975 0.50206904 0.41641874
0.00039479 0.36283831 0.35232302 0.39930133 0.34523319 0.50234819  0.48417291 0.45702496 0.47508945 0.39693445 0.45000532 0.44589633  0.47476172 0.42761975 0.50206904 0.41641874
0.00039479 0.36283831 0.35232302 0.39930133 0.34523319 0.50234819  0.48417291 0.45702496 0.47508945 0.39693445 0.45000532 0.44589633  0.47476172 0.42761975 0.50206904 0.41641874
0.00039479 0.36283831 0.35232302 0.39930133 0.34523319 0.50234819  0.48417291 0.45702496 0.47508945 0.39693445 0.45000532 0.44589633  0.47476172 0.42761975 0.50206904 0.41641874
0.00039479 0.36283831 0.35232302 0.39930133 0.34523319 0.50234819  0.48417291 0.45702496 0.47508945 0.39693445 0.45000532 0.44589633  0.47476172 0.42761975 0.50206904 0.41641874
0.00039479 0.36283831 0.35232302 0.39930133 0.34523319 0.50234819  0.48417291 0.45702496 0.47508945 0.39693445 0.45000532 0.44589633  0.47476172 0.42761975 0.50206904 0.41641874
0.00039479 0.36283831 0.35232302 0.39930133 0.34523319 0.50234819  0.48417291 0.45702496 0.47508945 0.39693445 0.45000532 0.44589633  0.47476172 0.42761975 0.50206904 0.41641874
0.00039479 0.36283831 0.35232302 0.39930133 0.34523319 0.50234819  0.48417291 0.45702496 0.47508945 0.39693445 0.45000532 0.44589633  0.47476172 0.42761975 0.50206904 0.41641874
0.00039479 0.36283831 0.35232302 0.39930133 0.34523319 0.50234819  0.48417291 0.45702496 0.47508945 0.39693445 0.45000532 0.44589633  0.47476172 0.42761975 0.50206904 0.41641874
0.00039479 0.36283831 0.35232302 0.39930133 0.34523319 0.50234819  0.48417291 0.45702496 0.47508945 0.39693445 0.45000532 0.44589633  0.47476172 0.42761975 0.50206904 0.41641874
0.00039479 0.36283831 0.35232302 0.39930133 0.34523319 0.50234819  0.48417291 0.45702496 0.47508945 0.39693445 0.45000532 0.44589633  0.47476172 0.42761975 0.50206904 0.41641874
0.00039479 0.36283831 0.35232302 0.39930133 0.34523319 0.50234819  0.48417291 0.45702496 0.47508945 0.39693445 0.45000532 0.44589633  0.47476172 0.42761975 0.50206904 0.41641874
0.00039479 0.36283831 0.35232302 0.39930133 0.34523319 0.50234819  0.48417291 0.45702496 0.47508945 0.39693445 0.45000532 0.44589633  0.47476172 0.42761975 0.50206904 0.41641874
0.00039479 0.36283831 0.35232302 0.39930133 0.34523319 0.50234819  0.48417291 0.45702496 0.47508945 0.39693445 0.45000532 0.44589633  0.47476172 0.42761975 0.50206904 0.41641874
0.00039479 0.36283831 0.35232302 0.39930133 0.34523319 0.50234819  0.48417291 0.45702496 0.47508945 0.39693445 0.45000532 0.44589633  0.47476172 0.42761975 0.50206904 0.41641874
0.00039479 0.36283831 0.35232302 0.39930133 0.34523319 0.50234819  0.48417291 0.45702496 0.47508945 0.39693445 0.45000532 0.44589633  0.47476172 0.42761975 0.50206904 0.41641874
0.00039479 0.36283831 0.35232302 0.39930133 0.34523319 0.50234819  0.48417291 0.45702496 0.47508945 0.39693445 0.45000532 0.44589633  0.47476172 0.42761975 0.50206904 0.41641874
0.00039479 0.36283831 0.35232302 0.39930133 0.34523319 0.50234819  0.48417291 0.45702496 0.47508945 0.39693445 0.45000532 0.44589633  0.47476172 0.42761975 0.50206904 0.41641874
0.00039479 0.36283831 0.35232302 0.39930133 0.34523319 0.50234819  0.48417291 0.45702496 0.47508945 0.39693445 0.45000532 0.44589633  0.47476172 0.42761975 0.50206904 0.41641874
0.00039479 0.36283831 0.35232302 0.39930133 0.34523319 0.50234819  0.48417291 0.45702496 0.47508945 0.39693445 0.45000532 0.44589633  0.47476172 0.42761975 0.50206904 0.41641874
0.00039479 0.36283831 0.35232302 0.39930133 0.34523319 0.50234819  0.48417291 0.45702496 0.47508945 0.39693445 0.45000532 0.44589633  0.47476172 0.42761975 0.50206904 0.41641874
0.00039479 0.36283831 0.35232302 0.39930133 0.34523319 0.50234819  0.48417291 0.45702496 0.47508945 0.39693445 0.45000532 0.44589633  0.47476172 0.42761975 0.50206904 0.41641874
0.00039479 0.36283831 0.35232302 0.39930133 0.34523319 0.50234819  0.48417291 0.45702496 0.47508945 0.39693445 0.45000532 0.44589633  0.47476172 0.42761975 0.50206904 0.41641874
0.00039479 0.36283831 0.35232302 0.39930133 0.34523319 0.50234819  0.48417291 0.45702496 0.47508945 0.39693445 0.45000532 0.44589633  0.47476172 0.42761975 0.50206904 0.41641874
0.00039479 0.36283831 0.35232302 0.39930133 0.34523319 0.50234819  0.48417291 0.45702496 0.47508945 0.39693445 0.45000532 0.44589633  0.47476172 0.42761975 0.50206904 0.41641874
0.00039479 0.36283831 0.35232302 0.39930133 0.34523319 0.50234819  0.48417291 0.45702496 0.47508945 0.39693445 0.45000532 0.44589633  0.47476172 0.42761975 0.50206904 0.41641874
0.00039479 0.36283831 0.35232302 0.39930133 0.34523319 0.50234819  0.48417291 0.45702496 0.47508945 0.39693445 0.45000532 0.44589633  0.47476172 0.42761975 0.50206904 0.41641874
0.00039479 0.36283831 0.35232302 0.39930133 0.34523319 0.50234819  0.48417291 0.45702496 0.47508945 0.39693445 0.45000532 0.44589633  0.47476172 0.42761975 0.50206904 0.41641874
0.00039479 0.36283831 0.35232302 0.39930133 0.34523319 0.50234819  0.48417291 0.45702496 0.47508945 0.39693445 0.45000532 0.44589633  0.47476172 0.42761975 0.50206904 0.41641874
0.03540017 0.41718963 0.32450808 0.45341476 0.36814944 0.43963834  0.43244666 0.49689867 0.48559948 0.39258167 0.40702111 0.45241186  0.54776626 0.46341302 0.546645   0.45216901
0.12577048 0.54335856 0.25939699 0.55779041 0.4047663  0.3329018  0.35344744 0.55971507 0.50249201 0.36622671 0.38557254 0.44584563  0.63902884 0.50205061 0.5570075  0.43327351
0.19781245 0.64365332 0.20687501 0.63907103 0.43379907 0.24333991  0.30710137 0.59955268 0.47632552 0.35398087 0.33267455 0.44940845  0.68674913 0.46510203 0.48088191 0.46067454
0.21623457 0.66850952 0.19464458 0.65673355 0.43804207 0.23751713  0.28996202 0.60532266 0.50420728 0.35359983 0.36349489 0.44466976  0.66187085 0.49348998 0.53524902 0.43385105
0.21623457 0.66850952 0.19464458 0.65673355 0.43804207 0.23751713  0.28996202 0.60532266 0.50420728 0.35359983 0.36349489 0.44466976  0.66187085 0.49348998 0.53524902 0.43385105
0.21623457 0.66850952 0.19464458 0.65673355 0.43804207 0.23751713  0.28996202 0.60532266 0.50420728 0.35359983 0.36349489 0.44466976  0.66187085 0.49348998 0.53524902 0.43385105
0.21623457 0.66850952 0.19464458 0.65673355 0.43804207 0.23751713  0.28996202 0.60532266 0.50420728 0.35359983 0.36349489 0.44466976  0.66187085 0.49348998 0.53524902 0.43385105
0.23505122 0.68981724 0.18448225 0.66316525 0.43656593 0.25139071  0.28929851 0.59671048 0.52922757 0.35229296 0.41794994 0.43459076  0.61186048 0.50053926 0.5503742  0.39540535
0.23505122 0.68981724 0.18448225 0.66316525 0.43656593 0.25139071  0.28929851 0.59671048 0.52922757 0.35229296 0.41794994 0.43459076  0.61186048 0.50053926 0.5503742  0.39540535
0.19958734 0.64053032 0.21182604 0.62126721 0.41921481 0.31917758  0.29939117 0.57073257 0.59465913 0.37030799 0.49835531 0.43176405  0.52612886 0.57648548 0.72512531 0.34731555
0.19958734 0.64053032 0.21182604 0.62126721 0.41921481 0.31917758  0.29939117 0.57073257 0.59465913 0.37030799 0.49835531 0.43176405  0.52612886 0.57648548 0.72512531 0.34731555
0.19958734 0.64053032 0.21182604 0.62126721 0.41921481 0.31917758  0.29939117 0.57073257 0.59465913 0.37030799 0.49835531 0.43176405  0.52612886 0.57648548 0.72512531 0.34731555
0.19958734 0.64053032 0.21182604 0.62126721 0.41921481 0.31917758  0.29939117 0.57073257 0.59465913 0.37030799 0.49835531 0.43176405  0.52612886 0.57648548 0.72512531 0.34731555
0.1807707  0.61922259 0.22198837 0.61483551 0.42069095 0.30530399  0.30005467 0.57934475 0.56963884 0.37161487 0.44390026 0.44184305  0.57613922 0.56943621 0.71000013 0.38576126
0.1807707  0.61922259 0.22198837 0.61483551 0.42069095 0.30530399  0.30005467 0.57934475 0.56963884 0.37161487 0.44390026 0.44184305  0.57613922 0.56943621 0.71000013 0.38576126
0.1807707  0.61922259 0.22198837 0.61483551 0.42069095 0.30530399  0.30005467 0.57934475 0.56963884 0.37161487 0.44390026 0.44184305  0.57613922 0.56943621 0.71000013 0.38576126
0.1807707  0.61922259 0.22198837 0.61483551 0.42069095 0.30530399  0.30005467 0.57934475 0.56963884 0.37161487 0.44390026 0.44184305  0.57613922 0.56943621 0.71000013 0.38576126
0.14412534 0.57068115 0.246129   0.58047505 0.41146565 0.32373156  0.32869278 0.56702228 0.53707982 0.37204919 0.41311924 0.44424361  0.6027937  0.53473892 0.63453541 0.41895156
0.14307474 0.57111772 0.24385573 0.586265   0.41801176 0.28712478  0.34234146 0.57508311 0.46427617 0.36453667 0.3256846  0.45290591  0.67157574 0.45674341 0.47565544 0.48379287
0.12465262 0.54626153 0.25608617 0.56860248 0.41376876 0.29294757  0.35948081 0.56931313 0.43639442 0.36491771 0.29486426 0.4576446  0.69645401 0.42835546 0.42128832 0.51061636
0.12465262 0.54626153 0.25608617 0.56860248 0.41376876 0.29294757  0.35948081 0.56931313 0.43639442 0.36491771 0.29486426 0.4576446  0.69645401 0.42835546 0.42128832 0.51061636
0.16113776 0.59654737 0.2301951  0.60741668 0.42673755 0.25708448  0.33532904 0.58617756 0.43941123 0.35750582 0.29598695 0.45429866  0.70298453 0.42763509 0.40924099 0.49956179
0.16113776 0.59654737 0.2301951  0.60741668 0.42673755 0.25708448  0.33532904 0.58617756 0.43941123 0.35750582 0.29598695 0.45429866  0.70298453 0.42763509 0.40924099 0.49956179
0.23495472 0.67732188 0.18490986 0.63924104 0.43625517 0.25169915  0.34904712 0.55972185 0.45438694 0.3689623  0.37955505 0.44679705  0.52299091 0.45128836 0.50980492 0.40123386
0.29074623 0.7320847  0.15160997 0.6451111  0.44522896 0.23789722  0.40695365 0.53823975 0.40264539 0.35102385 0.44393549 0.42690421  0.41538151 0.41552715 0.44486787 0.30923374
0.34686334 0.7681971  0.13265275 0.61326438 0.42320522 0.32608818  0.45432197 0.50693696 0.44328811 0.35801422 0.5627592  0.40762306  0.32518474 0.41619025 0.47555528 0.27457364
0.45268047 0.76557351 0.08882568 0.5056186  0.41403784 0.40776686  0.61095465 0.31176486 0.40820683 0.44736462 0.48776017 0.47976093  0.27168703 0.44612781 0.53912787 0.3669534 
0.50772517 0.76988743 0.08839284 0.43478171 0.37040493 0.54248621  0.64077704 0.30854859 0.45006168 0.45381378 0.5057321  0.47714987  0.38951683 0.45712603 0.52821675 0.44220822
0.62496429 0.64977641 0.08911328 0.22259949 0.34803657 0.56555505  0.65641521 0.39391279 0.53656709 0.38100726 0.40282916 0.49325752  0.68703825 0.64228845 0.59199608 0.52140092
0.69662296 0.49490947 0.07715378 0.14748163 0.3863039  0.4570101  0.52115636 0.41333508 0.66143559 0.32909002 0.44615747 0.48796087  0.58152566 0.53512096 0.50458395 0.47644104
0.7542414  0.38895574 0.07952069 0.11783172 0.38649245 0.45098562  0.39455098 0.40149828 0.67891237 0.31366416 0.36670431 0.48518449  0.53847275 0.36151965 0.43022801 0.42267147
0.7572794  0.38507492 0.08135468 0.10422213 0.38197072 0.44533242  0.37006301 0.4108377  0.64722263 0.31777019 0.36622445 0.49291788  0.43439797 0.4971676  0.33917451 0.50485186
0.7572794  0.38507492 0.08135468 0.10422213 0.38197072 0.44533242  0.37006301 0.4108377  0.64722263 0.31777019 0.36622445 0.49291788  0.43439797 0.4971676  0.33917451 0.50485186
0.7650406  0.35497051 0.07402785 0.14766718 0.40872923 0.4793783  0.36314962 0.4050911  0.60364155 0.3119257  0.36623147 0.43703714  0.4513641  0.47480329 0.39510638 0.52489136
0.7797433  0.32858427 0.08646531 0.14486493 0.39207729 0.46479405  0.3276489  0.44655463 0.57684204 0.33516277 0.34473539 0.44410568  0.33316496 0.41164438 0.43220121 0.50403032
0.79518097 0.26920485 0.07875455 0.23577082 0.43754777 0.51000385  0.31817867 0.44030037 0.48841763 0.34553545 0.39568174 0.34120232  0.34106102 0.41450246 0.44827422 0.61322697
0.80238812 0.24104046 0.07597188 0.28287746 0.46118662 0.53565523  0.32046582 0.44230577 0.4546453  0.36050672 0.40973673 0.28974117  0.33531469 0.44132943 0.4448597  0.68093529
0.80238812 0.24104046 0.07597188 0.28287746 0.46118662 0.53565523  0.32046582 0.44230577 0.4546453  0.36050672 0.40973673 0.28974117  0.33531469 0.44132943 0.4448597  0.68093529
0.80865181 0.21455235 0.07157441 0.33704812 0.48865287 0.57311952  0.33901435 0.46435904 0.42193522 0.34882898 0.40969673 0.26547248  0.30966426 0.51152528 0.44354061 0.71119783
0.80865181 0.21455235 0.07157441 0.33704812 0.48865287 0.57311952  0.33901435 0.46435904 0.42193522 0.34882898 0.40969673 0.26547248  0.30966426 0.51152528 0.44354061 0.71119783
0.80865181 0.21455235 0.07157441 0.33704812 0.48865287 0.57311952  0.33901435 0.46435904 0.42193522 0.34882898 0.40969673 0.26547248  0.30966426 0.51152528 0.44354061 0.71119783
0.80728949 0.21969051 0.07203886 0.32958995 0.48580863 0.57238706  0.34261319 0.46480735 0.44017055 0.34713184 0.39016566 0.2731621  0.33726581 0.45341416 0.48636313 0.66500807
0.80728949 0.21969051 0.07203886 0.32958995 0.48580863 0.57238706  0.34261319 0.46480735 0.44017055 0.34713184 0.39016566 0.2731621  0.33726581 0.45341416 0.48636313 0.66500807
0.81298344 0.19621308 0.065803   0.37457884 0.51553448 0.61207283  0.35996276 0.47642732 0.42342382 0.33143492 0.36131988 0.23782172  0.34390601 0.45817087 0.55136188 0.64967633
0.81434575 0.19107491 0.06533855 0.38203701 0.51837871 0.61280529  0.35636392 0.47597901 0.40518849 0.33313206 0.38085095 0.2301321  0.31630445 0.516282   0.50853937 0.69586608
0.81434575 0.19107491 0.06533855 0.38203701 0.51837871 0.61280529  0.35636392 0.47597901 0.40518849 0.33313206 0.38085095 0.2301321  0.31630445 0.516282   0.50853937 0.69586608
0.8182677  0.17437756 0.06284127 0.41966899 0.53979492 0.64122276  0.38127535 0.49705496 0.41330133 0.32310523 0.35378797 0.22422676  0.29911386 0.55507498 0.5048207  0.68486743
0.8182677  0.17437756 0.06284127 0.41966899 0.53979492 0.64122276  0.38127535 0.49705496 0.41330133 0.32310523 0.35378797 0.22422676  0.29911386 0.55507498 0.5048207  0.68486743
0.8182677  0.17437756 0.06284127 0.41966899 0.53979492 0.64122276  0.38127535 0.49705496 0.41330133 0.32310523 0.35378797 0.22422676  0.29911386 0.55507498 0.5048207  0.68486743
0.8182677  0.17437756 0.06284127 0.41966899 0.53979492 0.64122276  0.38127535 0.49705496 0.41330133 0.32310523 0.35378797 0.22422676  0.29911386 0.55507498 0.5048207  0.68486743
0.8182677  0.17437756 0.06284127 0.41966899 0.53979492 0.64122276  0.38127535 0.49705496 0.41330133 0.32310523 0.35378797 0.22422676  0.29911386 0.55507498 0.5048207  0.68486743
0.8182677  0.17437756 0.06284127 0.41966899 0.53979492 0.64122276  0.38127535 0.49705496 0.41330133 0.32310523 0.35378797 0.22422676  0.29911386 0.55507498 0.5048207  0.68486743
0.81690539 0.17951573 0.06330571 0.41221082 0.53695069 0.6404903  0.3848742  0.49750326 0.43153666 0.32140809 0.3342569  0.23191638  0.32671542 0.49696385 0.54764321 0.63867767
0.81690539 0.17951573 0.06330571 0.41221082 0.53695069 0.6404903  0.3848742  0.49750326 0.43153666 0.32140809 0.3342569  0.23191638  0.32671542 0.49696385 0.54764321 0.63867767
0.78007403 0.29728428 0.06964686 0.24108302 0.45265863 0.52057861  0.36282162 0.40089192 0.53037608 0.34275029 0.41710034 0.33666497  0.44064361 0.5267187  0.36883504 0.67466558
0.77993847 0.34354552 0.10171208 0.15914983 0.38153606 0.48790993  0.32758073 0.42313155 0.56289166 0.35148181 0.33797651 0.44650686  0.42272815 0.51623325 0.2797366  0.50428091
0.77273132 0.3717099  0.10449475 0.11204319 0.35789721 0.46225855  0.32529358 0.42112615 0.59666398 0.33651053 0.32392152 0.497968  0.42847448 0.48940628 0.28315112 0.4365726 
0.83841888 0.42110512 0.39819993 0.13082474 0.47121605 0.40884955  0.31471151 0.37662158 0.50816393 0.49836797 0.37637675 0.42907046  0.45650605 0.77364423 0.14765647 0.24397177
0.88316241 0.51851189 0.69428283 0.16657497 0.56172062 0.36938638  0.41795238 0.30958113 0.5546963  0.45385859 0.29919466 0.42709948  0.50939861 0.73091387 0.3566778  0.27911209
0.88764359 0.53494445 0.73178777 0.1503296  0.62981242 0.38747538  0.394376   0.30284969 0.53189077 0.40620119 0.32517876 0.47227804  0.48569847 0.69786048 0.38788179 0.3133984 
0.88764359 0.53494445 0.73178777 0.1503296  0.62981242 0.38747538  0.394376   0.30284969 0.53189077 0.40620119 0.32517876 0.47227804  0.48569847 0.69786048 0.38788179 0.3133984 
0.90234629 0.50855822 0.74422524 0.14752734 0.61316048 0.37289113  0.35887529 0.34431322 0.50509126 0.42943826 0.30368268 0.47934658  0.36749932 0.63470157 0.42497662 0.29253736
0.9095062  0.45138149 0.68834336 0.18156192 0.50871054 0.31727201  0.35985814 0.3338876  0.56781776 0.44064008 0.30787726 0.3611373  0.35293515 0.62424813 0.29519206 0.22184062
0.9095062  0.45138149 0.68834336 0.18156192 0.50871054 0.31727201  0.35985814 0.3338876  0.56781776 0.44064008 0.30787726 0.3611373  0.35293515 0.62424813 0.29519206 0.22184062
0.90329468 0.44474464 0.65687094 0.17091296 0.53050989 0.34160239  0.33528843 0.33655643 0.52482353 0.43305486 0.32560427 0.38883525  0.4010732  0.61503365 0.31015371 0.17385635
0.86034685 0.31696829 0.3494149  0.27744675 0.18636004 0.33808899  0.33108753 0.37280088 0.41388667 0.39298838 0.47086393 0.62337438  0.52205303 0.53101963 0.42188022 0.21834951
0.86034685 0.31696829 0.3494149  0.27744675 0.18636004 0.33808899  0.33108753 0.37280088 0.41388667 0.39298838 0.47086393 0.62337438  0.52205303 0.53101963 0.42188022 0.21834951
0.86034685 0.31696829 0.3494149  0.27744675 0.18636004 0.33808899  0.33108753 0.37280088 0.41388667 0.39298838 0.47086393 0.62337438  0.52205303 0.53101963 0.42188022 0.21834951
0.84392862 0.3091129  0.27725885 0.23811558 0.21387247 0.37134287  0.29089951 0.4152848  0.39286536 0.46001055 0.46779153 0.62071904  0.46013317 0.59550529 0.33442349 0.21422589
0.86672324 0.22132226 0.26555103 0.37497646 0.28456038 0.44658906  0.28365812 0.40533902 0.2760188  0.48499064 0.51866741 0.46446612  0.46637881 0.62505639 0.36408403 0.38403962
0.86518695 0.1859721  0.22216429 0.40180741 0.33309389 0.48697389  0.27675766 0.4330644  0.23675109 0.50738395 0.5162481  0.39612589  0.44279978 0.55816963 0.43349932 0.39360078
0.87356203 0.16061259 0.2292656  0.4389555  0.32186532 0.46229051  0.29027417 0.43700161 0.24196564 0.56179752 0.61471107 0.42751762  0.45555272 0.57478687 0.39470997 0.47586499
0.86201595 0.17466542 0.20070319 0.41069079 0.34229041 0.48706711  0.27707191 0.43277119 0.27686518 0.50818268 0.57636969 0.40681442  0.43557669 0.56588498 0.33473033 0.54439265
0.85364087 0.20002493 0.19360189 0.37354269 0.35351898 0.51175049  0.2635554  0.42883398 0.27165064 0.45376912 0.47790672 0.37542269  0.42282375 0.54926774 0.37351968 0.46212843
0.85364087 0.20002493 0.19360189 0.37354269 0.35351898 0.51175049  0.2635554  0.42883398 0.27165064 0.45376912 0.47790672 0.37542269  0.42282375 0.54926774 0.37351968 0.46212843
0.83016478 0.21302955 0.12676552 0.31680276 0.4072767  0.53178488  0.26987767 0.45838283 0.35676454 0.42891155 0.41263566 0.32382813  0.31318943 0.47331817 0.39446185 0.57629619
0.80240238 0.28705487 0.10682271 0.19979263 0.39164264 0.50737156  0.28516663 0.45884848 0.49251106 0.36887439 0.31648745 0.39769465  0.32149513 0.43071003 0.3727633  0.50345937
0.77224775 0.32680612 0.07124518 0.19477382 0.43236808 0.50502968  0.36543677 0.4070965  0.56986922 0.32689697 0.38028646 0.385576  0.44561777 0.50163025 0.39169186 0.59259967
0.69673908 0.51033311 0.07549007 0.17223897 0.37854294 0.54181124  0.514598   0.26893977 0.6249669  0.33967367 0.28531019 0.49777304  0.74681904 0.50244848 0.51691819 0.43831534
0.50522413 0.76586699 0.07786112 0.45717397 0.39427061 0.53236928  0.64823296 0.25667961 0.42370001 0.46417495 0.5185358  0.46606667  0.36234463 0.35738649 0.52900609 0.38973061
0.25145102 0.64207442 0.16981711 0.55828893 0.46277265 0.19756911  0.54018149 0.47799821 0.24967973 0.41584839 0.24359162 0.49850549  0.48974106 0.36314548 0.42307425 0.49187176
0.12488514 0.49955687 0.25775397 0.48313416 0.41088865 0.29897282  0.54504029 0.46178366 0.23477747 0.40510123 0.19923242 0.4931766  0.54480092 0.2866827  0.25796473 0.52675677
0.01779563 0.38669558 0.33863985 0.42004769 0.35385851 0.46460162  0.48109267 0.47190843 0.43452283 0.38595027 0.3992976  0.44733029  0.52908455 0.38078184 0.39373238 0.44873962
0.00039479 0.36283831 0.35232302 0.39930133 0.34523319 0.50234819  0.48417291 0.45702496 0.47508945 0.39693445 0.45000532 0.44589633  0.47476172 0.42761975 0.50206904 0.41641874
0.00039479 0.36283831 0.35232302 0.39930133 0.34523319 0.50234819  0.48417291 0.45702496 0.47508945 0.39693445 0.45000532 0.44589633  0.47476172 0.42761975 0.50206904 0.41641874
0.00039479 0.36283831 0.35232302 0.39930133 0.34523319 0.50234819  0.48417291 0.45702496 0.47508945 0.39693445 0.45000532 0.44589633  0.47476172 0.42761975 0.50206904 0.41641874
0.00039479 0.36283831 0.35232302 0.39930133 0.34523319 0.50234819  0.48417291 0.45702496 0.47508945 0.39693445 0.45000532 0.44589633  0.47476172 0.42761975 0.50206904 0.41641874
0.00039479 0.36283831 0.35232302 0.39930133 0.34523319 0.50234819  0.48417291 0.45702496 0.47508945 0.39693445 0.45000532 0.44589633  0.47476172 0.42761975 0.50206904 0.41641874
0.00039479 0.36283831 0.35232302 0.39930133 0.34523319 0.50234819  0.48417291 0.45702496 0.47508945 0.39693445 0.45000532 0.44589633  0.47476172 0.42761975 0.50206904 0.41641874
0.00039479 0.36283831 0.35232302 0.39930133 0.34523319 0.50234819  0.48417291 0.45702496 0.47508945 0.39693445 0.45000532 0.44589633  0.47476172 0.42761975 0.50206904 0.41641874
0.00039479 0.36283831 0.35232302 0.39930133 0.34523319 0.50234819  0.48417291 0.45702496 0.47508945 0.39693445 0.45000532 0.44589633  0.47476172 0.42761975 0.50206904 0.41641874
0.00039479 0.36283831 0.35232302 0.39930133 0.34523319 0.50234819  0.48417291 0.45702496 0.47508945 0.39693445 0.45000532 0.44589633  0.47476172 0.42761975 0.50206904 0.41641874
0.00039479 0.36283831 0.35232302 0.39930133 0.34523319 0.50234819  0.48417291 0.45702496 0.47508945 0.39693445 0.45000532 0.44589633  0.47476172 0.42761975 0.50206904 0.41641874
0.00039479 0.36283831 0.35232302 0.39930133 0.34523319 0.50234819  0.48417291 0.45702496 0.47508945 0.39693445 0.45000532 0.44589633  0.47476172 0.42761975 0.50206904 0.41641874
0.12561225 0.5417595  0.2598312  0.55088755 0.40277514 0.34094951  0.37618769 0.53838485 0.47098685 0.38159085 0.36875445 0.45502778  0.57616008 0.44372779 0.50843478 0.4677865 
0.31057741 0.73818507 0.16054267 0.61278207 0.40072378 0.38890031  0.36965961 0.5348962  0.5741674  0.35562716 0.5996865  0.40194805  0.48408063 0.46458443 0.50823709 0.34361002
0.52906469 0.78820068 0.09336626 0.38841304 0.34732777 0.60797626  0.70061735 0.39068725 0.41489499 0.43795197 0.56221965 0.44478585  0.48337353 0.40582652 0.48947905 0.4686588 
0.5805287  0.74168416 0.10642507 0.28770622 0.32206729 0.63853522  0.69543258 0.52707274 0.42096165 0.40027037 0.50992896 0.43680873  0.65015541 0.43933157 0.5128832  0.50609601
0.6565227  0.61082289 0.09931182 0.19362853 0.33046906 0.60528228  0.59578927 0.41648902 0.52412265 0.38325875 0.30045199 0.49962281  0.72914679 0.52377321 0.59964836 0.50319633
0.72789242 0.45773556 0.08903931 0.12557578 0.36356117 0.51069479  0.46328119 0.40233599 0.6187462  0.36406978 0.2546431  0.51483709  0.59956313 0.418504   0.5901102  0.45241958
0.72789242 0.45773556 0.08903931 0.12557578 0.36356117 0.51069479  0.46328119 0.40233599 0.6187462  0.36406978 0.2546431  0.51483709  0.59956313 0.418504   0.5901102  0.45241958
0.71245785 0.48501546 0.0823423  0.14589847 0.37264681 0.52777345  0.49217761 0.34157134 0.62179105 0.35662963 0.27177815 0.50742406  0.6917453  0.48026016 0.53764033 0.45039154
0.64139042 0.6419297  0.10433377 0.21649737 0.32364172 0.6305766  0.61078965 0.47851301 0.47878153 0.38089708 0.34707915 0.47545319  0.72098485 0.44554286 0.57983156 0.49917493
0.56324047 0.75110964 0.09211211 0.30418254 0.34843496 0.59677457  0.7318537  0.49777815 0.44141285 0.39386804 0.58813656 0.42747788  0.60811379 0.45263783 0.56700873 0.50068664
0.52906469 0.78820068 0.09336626 0.38841304 0.34732777 0.60797626  0.70061735 0.39068725 0.41489499 0.43795197 0.56221965 0.44478585  0.48337353 0.40582652 0.48947905 0.4686588 
0.47519548 0.81056876 0.09654784 0.49702408 0.36448215 0.55085511  0.61469541 0.33360884 0.42118648 0.47317538 0.54490054 0.46542886  0.29218941 0.35246694 0.45807609 0.42316772
0.47519548 0.81056876 0.09654784 0.49702408 0.36448215 0.55085511  0.61469541 0.33360884 0.42118648 0.47317538 0.54490054 0.46542886  0.29218941 0.35246694 0.45807609 0.42316772
0.47519548 0.81056876 0.09654784 0.49702408 0.36448215 0.55085511  0.61469541 0.33360884 0.42118648 0.47317538 0.54490054 0.46542886  0.29218941 0.35246694 0.45807609 0.42316772
0.47519548 0.81056876 0.09654784 0.49702408 0.36448215 0.55085511  0.61469541 0.33360884 0.42118648 0.47317538 0.54490054 0.46542886  0.29218941 0.35246694 0.45807609 0.42316772
0.51146511 0.79993663 0.10042651 0.43160372 0.33703057 0.62117098  0.64169506 0.38324518 0.42832268 0.44930576 0.54564566 0.45127321  0.43645501 0.36708524 0.42951453 0.47368495
0.56373801 0.76289804 0.11013779 0.33064719 0.31548645 0.65501247  0.67572625 0.48609806 0.39733796 0.42202891 0.49159284 0.4413738  0.59212615 0.40824933 0.44406205 0.49205933
0.56373801 0.76289804 0.11013779 0.33064719 0.31548645 0.65501247  0.67572625 0.48609806 0.39733796 0.42202891 0.49159284 0.4413738  0.59212615 0.40824933 0.44406205 0.49205933
0.59787761 0.73134667 0.12022963 0.27059545 0.29584709 0.67845973  0.66056277 0.55335991 0.40061692 0.40211321 0.42785235 0.44404497  0.69609507 0.42322775 0.46911648 0.50576494
0.6948533  0.68329846 0.33925318 0.26826373 0.19484548 0.60322742  0.54119043 0.62411685 0.24285774 0.34209586 0.44824199 0.50341459  0.46333818 0.7256285  0.29639926 0.60861996
0.78531925 0.73772582 0.72422088 0.28218153 0.35763434 0.51607247  0.57857615 0.61641948 0.28206377 0.35629902 0.38837346 0.3973594  0.37416821 0.5903349  0.5202266  0.43222811
0.84912282 0.6988253  0.8688748  0.15324405 0.64519314 0.44929949  0.50824427 0.6107922  0.39363147 0.50300429 0.39322184 0.47474107  0.36052308 0.60629515 0.55529687 0.47525306
0.8825697  0.62708574 0.87392489 0.14530253 0.67870738 0.37844043  0.51009206 0.55973391 0.53621266 0.52779881 0.40176256 0.5463034  0.35141939 0.59200801 0.52936334 0.58125177
0.90031265 0.57023652 0.872684   0.20050319 0.68800367 0.33583103  0.51064212 0.53981436 0.59804207 0.55104412 0.56340263 0.5454109  0.44820002 0.41105769 0.48760292 0.55428002
0.90031265 0.57023652 0.872684   0.20050319 0.68800367 0.33583103  0.51064212 0.53981436 0.59804207 0.55104412 0.56340263 0.5454109  0.44820002 0.41105769 0.48760292 0.55428002
0.90111533 0.57248203 0.87861257 0.19625314 0.69835423 0.33037644  0.51906489 0.54590804 0.61733151 0.58724818 0.5540448  0.52168156  0.45434967 0.41287538 0.4676983  0.55184059
0.89703913 0.58300787 0.86850591 0.16893665 0.695394   0.34984068  0.47281058 0.54274525 0.5363458  0.5464471  0.54263396 0.50287575  0.43160877 0.48676688 0.49655903 0.48060995
0.91419131 0.53713762 0.87133209 0.19357486 0.7168767  0.30489538  0.48389584 0.49924403 0.6556488  0.56521999 0.57677076 0.50781914  0.44896362 0.37576151 0.39358421 0.51656888
0.91369525 0.53279324 0.86137234 0.2051871  0.66898577 0.29132373  0.49970237 0.49629171 0.6696369  0.55769587 0.5410359  0.45552941  0.43620945 0.39252589 0.3897042  0.49879309
0.91048666 0.5165521  0.82501642 0.24085367 0.54403713 0.27032513  0.51783523 0.48546865 0.67103208 0.48655371 0.50365306 0.41464126  0.39232512 0.40569704 0.41665388 0.50926778
0.92197846 0.47177127 0.79482673 0.2611363  0.48136422 0.22646505  0.52190457 0.40518425 0.75709942 0.52153252 0.41294088 0.30298885  0.41111134 0.4115799  0.34576755 0.43770855
0.90239027 0.50636679 0.76969101 0.25795625 0.38904309 0.25656235  0.50792578 0.47082543 0.6270905  0.42024549 0.42466423 0.29667062  0.34329494 0.50959898 0.43337723 0.42540724
0.90636175 0.43426148 0.68277253 0.30481558 0.25958418 0.21695537  0.50586127 0.39447282 0.66333739 0.38493443 0.41188966 0.32130181  0.37278973 0.47322709 0.42826106 0.43691205
0.90202238 0.394451   0.62972856 0.35808207 0.18405488 0.18838627  0.56597073 0.40996747 0.73993863 0.46071732 0.45563915 0.38793879  0.45259967 0.3534366  0.43640466 0.48676054
0.88713641 0.36038467 0.53228526 0.33068085 0.17425312 0.2010869  0.53201527 0.47437454 0.70015378 0.62822857 0.48775686 0.43630217  0.40852747 0.5246305  0.26650562 0.4795755 
0.8830226  0.34460282 0.50143393 0.34050282 0.15852558 0.20142512  0.53364464 0.47548809 0.68881233 0.62096669 0.52095186 0.49323871  0.43413524 0.50023119 0.28082995 0.50735564
0.86878559 0.33465158 0.43029354 0.33210993 0.13457378 0.2676109  0.43602291 0.46223439 0.51100339 0.48168447 0.57080647 0.59717312  0.45130943 0.53405127 0.38448497 0.39855982
0.87381595 0.29414356 0.38222558 0.32090428 0.16218894 0.27439215  0.39709911 0.40420452 0.51643497 0.54273856 0.53507331 0.61140052  0.45907939 0.53335574 0.35348231 0.35086321
0.87381595 0.29414356 0.38222558 0.32090428 0.16218894 0.27439215  0.39709911 0.40420452 0.51643497 0.54273856 0.53507331 0.61140052  0.45907939 0.53335574 0.35348231 0.35086321
0.87381595 0.29414356 0.38222558 0.32090428 0.16218894 0.27439215  0.39709911 0.40420452 0.51643497 0.54273856 0.53507331 0.61140052  0.45907939 0.53335574 0.35348231 0.35086321
0.87187542 0.26048659 0.34216862 0.35024518 0.20918136 0.31076748  0.39934089 0.43398498 0.49232619 0.58558378 0.53257652 0.54559148  0.41688381 0.51552632 0.38055326 0.40100195
0.84609353 0.22858757 0.21035872 0.32094796 0.29333262 0.4031678  0.31052313 0.45791591 0.38439927 0.56863267 0.57636875 0.52006091  0.36240441 0.59815901 0.2958085  0.50761395
0.84609353 0.22858757 0.21035872 0.32094796 0.29333262 0.4031678  0.31052313 0.45791591 0.38439927 0.56863267 0.57636875 0.52006091  0.36240441 0.59815901 0.2958085  0.50761395
0.84609353 0.22858757 0.21035872 0.32094796 0.29333262 0.4031678  0.31052313 0.45791591 0.38439927 0.56863267 0.57636875 0.52006091  0.36240441 0.59815901 0.2958085  0.50761395
0.84609353 0.22858757 0.21035872 0.32094796 0.29333262 0.4031678  0.31052313 0.45791591 0.38439927 0.56863267 0.57636875 0.52006091  0.36240441 0.59815901 0.2958085  0.50761395
0.84609353 0.22858757 0.21035872 0.32094796 0.29333262 0.4031678  0.31052313 0.45791591 0.38439927 0.56863267 0.57636875 0.52006091  0.36240441 0.59815901 0.2958085  0.50761395
0.84609353 0.22858757 0.21035872 0.32094796 0.29333262 0.4031678  0.31052313 0.45791591 0.38439927 0.56863267 0.57636875 0.52006091  0.36240441 0.59815901 0.2958085  0.50761395
0.84609353 0.22858757 0.21035872 0.32094796 0.29333262 0.4031678  0.31052313 0.45791591 0.38439927 0.56863267 0.57636875 0.52006091  0.36240441 0.59815901 0.2958085  0.50761395
0.82688708 0.26310104 0.17746683 0.24786463 0.30339405 0.40306922  0.31298007 0.47855132 0.45908504 0.53241177 0.49848664 0.53470717  0.3210562  0.51834354 0.34364726 0.46079661
0.80696591 0.30251339 0.14180311 0.18245182 0.3350477  0.4525292  0.2862613  0.47038369 0.48877003 0.42438337 0.3616823  0.48261224  0.28832724 0.49282441 0.32245697 0.44706004
0.78743402 0.34532367 0.11693221 0.10924094 0.34124527 0.4476743  0.28979287 0.46258968 0.56986447 0.35974761 0.30242544 0.50503654  0.31027533 0.42624738 0.32024595 0.41571156
0.75957622 0.39405921 0.10030034 0.0969769  0.34931565 0.45432739  0.37201671 0.46681856 0.595498   0.36806949 0.28203113 0.52453725  0.33624592 0.4959283  0.4702939  0.5110464 
0.64605217 0.55619117 0.04620898 0.23890947 0.43075476 0.47931506  0.59959454 0.15682909 0.64254693 0.34963116 0.4387799  0.47916506  0.67699464 0.55479038 0.55347613 0.42095693
0.52951117 0.66231043 0.05446101 0.41902939 0.45032811 0.40775007  0.61413873 0.10190644 0.49723877 0.42278487 0.42019609 0.497183  0.41331556 0.48388673 0.57356058 0.32563448
0.38391008 0.645559   0.08892688 0.58031215 0.51186591 0.17882039  0.47200614 0.22981605 0.38108607 0.43670271 0.23091502 0.52487293  0.36563928 0.41880445 0.61729166 0.32515877
0.2510171  0.64409075 0.16790603 0.56707919 0.46928108 0.1701068  0.53432821 0.49194473 0.22633406 0.40988571 0.2004133  0.50425365  0.53816478 0.36335292 0.40990469 0.50498835
0.10613348 0.48953733 0.26903981 0.49524318 0.40853494 0.30615278  0.48575365 0.49810806 0.30899182 0.39783119 0.21351558 0.48839679  0.64940211 0.33535279 0.30982575 0.56298057
0.01779563 0.38669558 0.33863985 0.42004769 0.35385851 0.46460162  0.48109267 0.47190843 0.43452283 0.38595027 0.3992976  0.44733029  0.52908455 0.38078184 0.39373238 0.44873962
0.00039479 0.36283831 0.35232302 0.39930133 0.34523319 0.50234819  0.48417291 0.45702496 0.47508945 0.39693445 0.45000532 0.44589633  0.47476172 0.42761975 0.50206904 0.41641874
0.00039479 0.36283831 0.35232302 0.39930133 0.34523319 0.50234819  0.48417291 0.45702496 0.47508945 0.39693445 0.45000532 0.44589633  0.47476172 0.42761975 0.50206904 0.41641874
0.00039479 0.36283831 0.35232302 0.39930133 0.34523319 0.50234819  0.48417291 0.45702496 0.47508945 0.39693445 0.45000532 0.44589633  0.47476172 0.42761975 0.50206904 0.41641874
0.00039479 0.36283831 0.35232302 0.39930133 0.34523319 0.50234819  0.48417291 0.45702496 0.47508945 0.39693445 0.45000532 0.44589633  0.47476172 0.42761975 0.50206904 0.41641874
0.00039479 0.36283831 0.35232302 0.39930133 0.34523319 0.50234819  0.48417291 0.45702496 0.47508945 0.39693445 0.45000532 0.44589633  0.47476172 0.42761975 0.50206904 0.41641874
0.00039479 0.36283831 0.35232302 0.39930133 0.34523319 0.50234819  0.48417291 0.45702496 0.47508945 0.39693445 0.45000532 0.44589633  0.47476172 0.42761975 0.50206904 0.41641874
0.00039479 0.36283831 0.35232302 0.39930133 0.34523319 0.50234819  0.48417291 0.45702496 0.47508945 0.39693445 0.45000532 0.44589633  0.47476172 0.42761975 0.50206904 0.41641874
0.00039479 0.36283831 0.35232302 0.39930133 0.34523319 0.50234819  0.48417291 0.45702496 0.47508945 0.39693445 0.45000532 0.44589633  0.47476172 0.42761975 0.50206904 0.41641874
0.00039479 0.36283831 0.35232302 0.39930133 0.34523319 0.50234819  0.48417291 0.45702496 0.47508945 0.39693445 0.45000532 0.44589633  0.47476172 0.42761975 0.50206904 0.41641874
0.00039479 0.36283831 0.35232302 0.39930133 0.34523319 0.50234819  0.48417291 0.45702496 0.47508945 0.39693445 0.45000532 0.44589633  0.47476172 0.42761975 0.50206904 0.41641874
0.00039479 0.36283831 0.35232302 0.39930133 0.34523319 0.50234819  0.48417291 0.45702496 0.47508945 0.39693445 0.45000532 0.44589633  0.47476172 0.42761975 0.50206904 0.41641874
0.00039479 0.36283831 0.35232302 0.39930133 0.34523319 0.50234819  0.48417291 0.45702496 0.47508945 0.39693445 0.45000532 0.44589633  0.47476172 0.42761975 0.50206904 0.41641874
0.00039479 0.36283831 0.35232302 0.39930133 0.34523319 0.50234819  0.48417291 0.45702496 0.47508945 0.39693445 0.45000532 0.44589633  0.47476172 0.42761975 0.50206904 0.41641874
0.00039479 0.36283831 0.35232302 0.39930133 0.34523319 0.50234819  0.48417291 0.45702496 0.47508945 0.39693445 0.45000532 0.44589633  0.47476172 0.42761975 0.50206904 0.41641874
0.00039479 0.36283831 0.35232302 0.39930133 0.34523319 0.50234819  0.48417291 0.45702496 0.47508945 0.39693445 0.45000532 0.44589633  0.47476172 0.42761975 0.50206904 0.41641874
0.00039479 0.36283831 0.35232302 0.39930133 0.34523319 0.50234819  0.48417291 0.45702496 0.47508945 0.39693445 0.45000532 0.44589633  0.47476172 0.42761975 0.50206904 0.41641874
0.00039479 0.36283831 0.35232302 0.39930133 0.34523319 0.50234819  0.48417291 0.45702496 0.47508945 0.39693445 0.45000532 0.44589633  0.47476172 0.42761975 0.50206904 0.41641874
0.00039479 0.36283831 0.35232302 0.39930133 0.34523319 0.50234819  0.48417291 0.45702496 0.47508945 0.39693445 0.45000532 0.44589633  0.47476172 0.42761975 0.50206904 0.41641874
0.00039479 0.36283831 0.35232302 0.39930133 0.34523319 0.50234819  0.48417291 0.45702496 0.47508945 0.39693445 0.45000532 0.44589633  0.47476172 0.42761975 0.50206904 0.41641874
0.00039479 0.36283831 0.35232302 0.39930133 0.34523319 0.50234819  0.48417291 0.45702496 0.47508945 0.39693445 0.45000532 0.44589633  0.47476172 0.42761975 0.50206904 0.41641874
0.00039479 0.36283831 0.35232302 0.39930133 0.34523319 0.50234819  0.48417291 0.45702496 0.47508945 0.39693445 0.45000532 0.44589633  0.47476172 0.42761975 0.50206904 0.41641874
0.00039479 0.36283831 0.35232302 0.39930133 0.34523319 0.50234819  0.48417291 0.45702496 0.47508945 0.39693445 0.45000532 0.44589633  0.47476172 0.42761975 0.50206904 0.41641874
0.00039479 0.36283831 0.35232302 0.39930133 0.34523319 0.50234819  0.48417291 0.45702496 0.47508945 0.39693445 0.45000532 0.44589633  0.47476172 0.42761975 0.50206904 0.41641874
0.00039479 0.36283831 0.35232302 0.39930133 0.34523319 0.50234819  0.48417291 0.45702496 0.47508945 0.39693445 0.45000532 0.44589633  0.47476172 0.42761975 0.50206904 0.41641874
