0.00039479 0.36283831 0.35232302 0.39930133 0.34523319 0.50234819  0.48417291 0.45702496 0.47508945 0.39693445 0.45000532 0.44589633  0.47476172 0.42761975 0.50206904 0.41641874
0.00039479 0.36283831 0.35232302 0.39930133 0.34523319 0.50234819  0.48417291 0.45702496 0.47508945 0.39693445 0.45000532 0.44589633  0.47476172 0.42761975 0.50206904 0.41641874
0.00039479 0.36283831 0.35232302 0.39930133 0.34523319 0.50234819  0.48417291 0.45702496 0.47508945 0.39693445 0.45000532 0.44589633  0.47476172 0.42761975 0.50206904 0.41641874
0.00039479 0.36283831 0.35232302 0.39930133 0.34523319 0.50234819  0.48417291 0.45702496 0.47508945 0.39693445 0.45000532 0.44589633  0.47476172 0.42761975 0.50206904 0.41641874
0.00039479 0.36283831 0.35232302 0.39930133 0.34523319 0.50234819  0.48417291 0.45702496 0.47508945 0.39693445 0.45000532 0.44589633  0.47476172 0.42761975 0.50206904 0.41641874
0.00039479 0.36283831 0.35232302 0.39930133 0.34523319 0.50234819  0.48417291 0.45702496 0.47508945 0.39693445 0.45000532 0.44589633  0.47476172 0.42761975 0.50206904 0.41641874
0.00039479 0.36283831 0.35232302 0.39930133 0.34523319 0.50234819  0.48417291 0.45702496 0.47508945 0.39693445 0.45000532 0.44589633  0.47476172 0.42761975 0.50206904 0.41641874
0.00039479 0.36283831 0.35232302 0.39930133 0.34523319 0.50234819  0.48417291 0.45702496 0.47508945 0.39693445 0.45000532 0.44589633  0.47476172 0.42761975 0.50206904 0.41641874
0.00039479 0.36283831 0.35232302 0.39930133 0.34523319 0.50234819  0.48417291 0.45702496 0.47508945 0.39693445 0.45000532 0.44589633  0.47476172 0.42761975 0.50206904 0.41641874
0.00039479 0.36283831 0.35232302 0.39930133 0.34523319 0.50234819  0.48417291 0.45702496 0.47508945 0.39693445 0.45000532 0.44589633  0.47476172 0.42761975 0.50206904 0.41641874
0.00039479 0.36283831 0.35232302 0.39930133 0.34523319 0.50234819  0.48417291 0.45702496 0.47508945 0.39693445 0.45000532 0.44589633  0.47476172 0.42761975 0.50206904 0.41641874
0.00039479 0.36283831 0.35232302 0.39930133 0.34523319 0.50234819  0.48417291 0.45702496 0.47508945 0.39693445 0.45000532 0.44589633  0.47476172 0.42761975 0.50206904 0.41641874
0.00039479 0.36283831 0.35232302 0.39930133 0.34523319 0.50234819  0.48417291 0.45702496 0.47508945 0.39693445 0.45000532 0.44589633  0.47476172 0.42761975 0.50206904 0.41641874
0.00039479 0.36283831 0.35232302 0.39930133 0.34523319 0.50234819  0.48417291 0.45702496 0.47508945 0.39693445 0.45000532 0.44589633  0.47476172 0.42761975 0.50206904 0.41641874
0.00039479 0.36283831 0.35232302 0.39930133 0.34523319 0.50234819  0.48417291 0.45702496 0.47508945 0.39693445 0.45000532 0.44589633  0.47476172 0.42761975 0.50206904 0.41641874
0.00039479 0.36283831 0.35232302 0.39930133 0.34523319 0.50234819  0.48417291 0.45702496 0.47508945 0.39693445 0.45000532 0.44589633  0.47476172 0.42761975 0.50206904 0.41641874
0.00039479 0.36283831 0.35232302 0.39930133 0.34523319 0.50234819  0.48417291 0.45702496 0.47508945 0.39693445 0.45000532 0.44589633  0.47476172 0.42761975 0.50206904 0.41641874
0.00039479 0.36283831 0.35232302 0.39930133 0.34523319 0.50234819  0.48417291 0.45702496 0.47508945 0.39693445 0.45000532 0.44589633  0.47476172 0.42761975 0.50206904 0.41641874
0.00039479 0.36283831 0.35232302 0.39930133 0.34523319 0.50234819  0.48417291 0.45702496 0.47508945 0.39693445 0.45000532 0.44589633  0.47476172 0.42761975 0.50206904 0.41641874
0.00039479 0.36283831 0.35232302 0.39930133 0.34523319 0.50234819  0.48417291 0.45702496 0.47508945 0.39693445 0.45000532 0.44589633  0.47476172 0.42761975 0.50206904 0.41641874
0.00039479 0.36283831 0.35232302 0.39930133 0.34523319 0.50234819  0.48417291 0.45702496 0.47508945 0.39693445 0.45000532 0.44589633  0.47476172 0.42761975 0.50206904 0.41641874
0.00039479 0.36283831 0.35232302 0.39930133 0.34523319 0.50234819  0.48417291 0.45702496 0.47508945 0.39693445 0.45000532 0.44589633  0.47476172 0.42761975 0.50206904 0.41641874
0.00039479 0.36283831 0.35232302 0.39930133 0.34523319 0.50234819  0.48417291 0.45702496 0.47508945 0.39693445 0.45000532 0.44589633  0.47476172 0.42761975 0.50206904 0.41641874
0.00039479 0.36283831 0.35232302 0.39930133 0.34523319 0.50234819  0.48417291 0.45702496 0.47508945 0.39693445 0.45000532 0.44589633  0.47476172 0.42761975 0.50206904 0.41641874
0.00039479 0.36283831 0.35232302 0.39930133 0.34523319 0.50234819  0.48417291 0.45702496 0.47508945 0.39693445 0.45000532 0.44589633  0.47476172 0.42761975 0.50206904 0.41641874
0.00039479 0.36283831 0.35232302 0.39930133 0.34523319 0.50234819  0.48417291 0.45702496 0.47508945 0.39693445 0.45000532 0.44589633  0.47476172 0.42761975 0.50206904 0.41641874
0.00039479 0.36283831 0.35232302 0.39930133 0.34523319 0.50234819  0.48417291 0.45702496 0.47508945 0.39693445 0.45000532 0.44589633  0.47476172 0.42761975 0.50206904 0.41641874
0.00039479 0.36283831 0.35232302 0.39930133 0.34523319 0.50234819  0.48417291 0.45702496 0.47508945 0.39693445 0.45000532 0.44589633  0.47476172 0.42761975 0.50206904 0.41641874
0.00039479 0.36283831 0.35232302 0.39930133 0.34523319 0.50234819  0.48417291 0.45702496 0.47508945 0.39693445 0.45000532 0.44589633  0.47476172 0.42761975 0.50206904 0.41641874
0.00039479 0.36283831 0.35232302 0.39930133 0.34523319 0.50234819  0.48417291 0.45702496 0.47508945 0.39693445 0.45000532 0.44589633  0.47476172 0.42761975 0.50206904 0.41641874
0.00039479 0.36283831 0.35232302 0.39930133 0.34523319 0.50234819  0.48417291 0.45702496 0.47508945 0.39693445 0.45000532 0.44589633  0.47476172 0.42761975 0.50206904 0.41641874
0.00039479 0.36283831 0.35232302 0.39930133 0.34523319 0.50234819  0.48417291 0.45702496 0.47508945 0.39693445 0.45000532 0.44589633  0.47476172 0.42761975 0.50206904 0.41641874
0.00039479 0.36283831 0.35232302 0.39930133 0.34523319 0.50234819  0.48417291 0.45702496 0.47508945 0.39693445 0.45000532 0.44589633  0.47476172 0.42761975 0.50206904 0.41641874
0.00039479 0.36283831 0.35232302 0.39930133 0.34523319 0.50234819  0.48417291 0.45702496 0.47508945 0.39693445 0.45000532 0.44589633  0.47476172 0.42761975 0.50206904 0.41641874
0.00039479 0.36283831 0.35232302 0.39930133 0.34523319 0.50234819  0.48417291 0.45702496 0.47508945 0.39693445 0.45000532 0.44589633  0.47476172 0.42761975 0.50206904 0.41641874
0.00039479 0.36283831 0.35232302 0.39930133 0.34523319 0.50234819  0.48417291 0.45702496 0.47508945 0.39693445 0.45000532 0.44589633  0.47476172 0.42761975 0.50206904 0.41641874
0.00039479 0.36283831 0.35232302 0.39930133 0.34523319 0.50234819  0.48417291 0.45702496 0.47508945 0.39693445 0.45000532 0.44589633  0.47476172 0.42761975 0.50206904 0.41641874
0.00039479 0.36283831 0.35232302 0.39930133 0.34523319 0.50234819  0.48417291 0.45702496 0.47508945 0.39693445 0.45000532 0.44589633  0.47476172 0.42761975 0.50206904 0.41641874
0.00039479 0.36283831 0.35232302 0.39930133 0.34523319 0.50234819  0.48417291 0.45702496 0.47508945 0.39693445 0.45000532 0.44589633  0.47476172 0.42761975 0.50206904 0.41641874
0.00039479 0.36283831 0.35232302 0.39930133 0.34523319 0.50234819  0.48417291 0.45702496 0.47508945 0.39693445 0.45000532 0.44589633  0.47476172 0.42761975 0.50206904 0.41641874
0.00039479 0.36283831 0.35232302 0.39930133 0.34523319 0.50234819  0.48417291 0.45702496 0.47508945 0.39693445 0.45000532 0.44589633  0.47476172 0.42761975 0.50206904 0.41641874
0.00039479 0.36283831 0.35232302 0.39930133 0.34523319 0.50234819  0.48417291 0.45702496 0.47508945 0.39693445 0.45000532 0.44589633  0.47476172 0.42761975 0.50206904 0.41641874
0.00039479 0.36283831 0.35232302 0.39930133 0.34523319 0.50234819  0.48417291 0.45702496 0.47508945 0.39693445 0.45000532 0.44589633  0.47476172 0.42761975 0.50206904 0.41641874
0.00039479 0.36283831 0.35232302 0.39930133 0.34523319 0.50234819  0.48417291 0.45702496 0.47508945 0.39693445 0.45000532 0.44589633  0.47476172 0.42761975 0.50206904 0.41641874
0.00039479 0.36283831 0.35232302 0.39930133 0.34523319 0.50234819  0.48417291 0.45702496 0.47508945 0.39693445 0.45000532 0.44589633  0.47476172 0.42761975 0.50206904 0.41641874
0.00039479 0.36283831 0.35232302 0.39930133 0.34523319 0.50234819  0.48417291 0.45702496 0.47508945 0.39693445 0.45000532 0.44589633  0.47476172 0.42761975 0.50206904 0.41641874
0.00039479 0.36283831 0.35232302 0.39930133 0.34523319 0.50234819  0.48417291 0.45702496 0.47508945 0.39693445 0.45000532 0.44589633  0.47476172 0.42761975 0.50206904 0.41641874
0.00039479 0.36283831 0.35232302 0.39930133 0.34523319 0.50234819  0.48417291 0.45702496 0.47508945 0.39693445 0.45000532 0.44589633  0.47476172 0.42761975 0.50206904 0.41641874
0.00039479 0.36283831 0.35232302 0.39930133 0.34523319 0.50234819  0.48417291 0.45702496 0.47508945 0.39693445 0.45000532 0.44589633  0.47476172 0.42761975 0.50206904 0.41641874
0.00039479 0.36283831 0.35232302 0.39930133 0.34523319 0.50234819  0.48417291 0.45702496 0.47508945 0.39693445 0.45000532 0.44589633  0.47476172 0.42761975 0.50206904 0.41641874
0.00039479 0.36283831 0.35232302 0.39930133 0.34523319 0.50234819  0.48417291 0.45702496 0.47508945 0.39693445 0.45000532 0.44589633  0.47476172 0.42761975 0.50206904 0.41641874
0.00039479 0.36283831 0.35232302 0.39930133 0.34523319 0.50234819  0.48417291 0.45702496 0.47508945 0.39693445 0.45000532 0.44589633  0.47476172 0.42761975 0.50206904 0.41641874
0.00039479 0.36283831 0.35232302 0.39930133 0.34523319 0.50234819  0.48417291 0.45702496 0.47508945 0.39693445 0.45000532 0.44589633  0.47476172 0.42761975 0.50206904 0.41641874
0.00039479 0.36283831 0.35232302 0.39930133 0.34523319 0.50234819  0.48417291 0.45702496 0.47508945 0.39693445 0.45000532 0.44589633  0.47476172 0.42761975 0.50206904 0.41641874
0.00039479 0.36283831 0.35232302 0.39930133 0.34523319 0.50234819  0.48417291 0.45702496 0.47508945 0.39693445 0.45000532 0.44589633  0.47476172 0.42761975 0.50206904 0.41641874
0.00039479 0.36283831 0.35232302 0.39930133 0.34523319 0.50234819  0.48417291 0.45702496 0.47508945 0.39693445 0.45000532 0.44589633  0.47476172 0.42761975 0.50206904 0.41641874
0.07219041 0.4625789  0.30509759 0.48249172 0.36307135 0.46869752  0.38960032 0.48818572 0.5541493  0.43265161 0.43211871 0.47072834  0.45806783 0.49454618 0.70775685 0.45977915
0.19983418 0.61384753 0.23898068 0.58119957 0.35806991 0.51465523  0.2685309  0.46369964 0.67611575 0.50619103 0.40809344 0.50843603  0.42737774 0.56899148 0.9160105  0.50251155
0.32980875 0.76073726 0.16581361 0.63614838 0.36069275 0.52738678  0.27759765 0.4480848  0.69685946 0.46690179 0.55885562 0.46362564  0.38053028 0.50577197 0.7260547  0.39966864
0.46065378 0.80979539 0.3515947  0.68353029 0.21577052 0.6408832  0.24804347 0.34359109 0.59301383 0.23827205 0.54406406 0.48815416  0.63675192 0.41471164 0.50928683 0.48438341
0.50885035 0.7940929  0.43215348 0.67026646 0.15153303 0.71384956  0.16417924 0.37669991 0.50802928 0.23606266 0.42018385 0.53594558  0.72357023 0.48611789 0.34962594 0.49248175
0.521855   0.80649426 0.49541324 0.69041828 0.15234538 0.6971854  0.18305834 0.35087366 0.50972351 0.17255971 0.42071106 0.53859198  0.73356904 0.43846941 0.42243852 0.49383024
0.52500925 0.8221119  0.52488786 0.67736405 0.19440669 0.7129333  0.16543039 0.34756163 0.49660404 0.16062975 0.41446889 0.5276181  0.71324738 0.4456341  0.41737208 0.47103059
0.53569632 0.84761325 0.59112152 0.67022307 0.20667199 0.6928997  0.19193087 0.33300593 0.53367385 0.12478717 0.35168609 0.43901059  0.64488498 0.45132277 0.4154168  0.4866154 
0.55438106 0.85636345 0.58156317 0.65065461 0.20787198 0.6966808  0.25063542 0.31336447 0.4883978  0.11646068 0.38709682 0.4268697  0.57170261 0.42589999 0.37341768 0.44190462
0.63801587 0.82651562 0.59452199 0.5515563  0.18187303 0.68823532  0.41958109 0.3954574  0.35742187 0.10629253 0.47935707 0.40452992  0.65134806 0.44259674 0.38509595 0.35876868
0.63801587 0.82651562 0.59452199 0.5515563  0.18187303 0.68823532  0.41958109 0.3954574  0.35742187 0.10629253 0.47935707 0.40452992  0.65134806 0.44259674 0.38509595 0.35876868
0.66512736 0.78449785 0.56101124 0.52903823 0.16291316 0.64960948  0.44657378 0.401205   0.22146203 0.17323295 0.41947336 0.49179054  0.5316284  0.37003968 0.41907967 0.3883227 
0.74110767 0.68424771 0.54703247 0.43059261 0.11181329 0.53984549  0.55924492 0.52517651 0.14211874 0.23520692 0.46846186 0.54858318  0.50223386 0.40846394 0.60346902 0.4045521 
0.7693478  0.62366575 0.52247156 0.37196208 0.08910761 0.50177221  0.55782468 0.6365996  0.17151503 0.27607005 0.47941368 0.55854229  0.50453527 0.39407904 0.69743605 0.4041063 
0.7693478  0.62366575 0.52247156 0.37196208 0.08910761 0.50177221  0.55782468 0.6365996  0.17151503 0.27607005 0.47941368 0.55854229  0.50453527 0.39407904 0.69743605 0.4041063 
0.76716856 0.61461364 0.5045205  0.37841294 0.07040525 0.49504066  0.57055619 0.64464171 0.18051103 0.3068922  0.48407791 0.56158275  0.5520206  0.34798973 0.73422274 0.3658377 
0.80571241 0.51001484 0.45297162 0.31660278 0.10049462 0.43583548  0.51602666 0.52152905 0.28351168 0.3121641  0.40435138 0.65803213  0.62624172 0.53143618 0.82979892 0.35793753
0.81386186 0.46359337 0.41553375 0.3024317  0.10534936 0.39896979  0.49590532 0.55873341 0.32573405 0.35723869 0.45460974 0.65264463  0.61647267 0.5214704  0.76854622 0.29808227
0.77746209 0.43518246 0.23427521 0.1916278  0.23474055 0.46548728  0.42864443 0.5608808  0.42816117 0.37680379 0.32667139 0.57431541  0.50213032 0.41695385 0.70143449 0.31664553
0.79142105 0.38092507 0.18680585 0.16402537 0.29317937 0.45949171  0.35488839 0.42561507 0.51731922 0.30351413 0.26811723 0.54687497  0.50000495 0.33711636 0.57830624 0.32149051
0.79649193 0.34119151 0.14744437 0.15281633 0.32236126 0.44874345  0.30780036 0.43813223 0.55163293 0.36013155 0.32710813 0.51463293  0.47766208 0.31182198 0.41533923 0.25461197
0.78439602 0.34920449 0.11509822 0.12285053 0.34576701 0.4533275  0.31428084 0.45325025 0.60155421 0.35564157 0.3029053  0.49730314  0.41435012 0.29059942 0.41129945 0.33353117
0.78439602 0.34920449 0.11509822 0.12285053 0.34576701 0.4533275  0.31428084 0.45325025 0.60155421 0.35564157 0.3029053  0.49730314  0.41435012 0.29059942 0.41129945 0.33353117
0.78439602 0.34920449 0.11509822 0.12285053 0.34576701 0.4533275  0.31428084 0.45325025 0.60155421 0.35564157 0.3029053  0.49730314  0.41435012 0.29059942 0.41129945 0.33353117
0.78439602 0.34920449 0.11509822 0.12285053 0.34576701 0.4533275  0.31428084 0.45325025 0.60155421 0.35564157 0.3029053  0.49730314  0.41435012 0.29059942 0.41129945 0.33353117
0.78439602 0.34920449 0.11509822 0.12285053 0.34576701 0.4533275  0.31428084 0.45325025 0.60155421 0.35564157 0.3029053  0.49730314  0.41435012 0.29059942 0.41129945 0.33353117
0.78439602 0.34920449 0.11509822 0.12285053 0.34576701 0.4533275  0.31428084 0.45325025 0.60155421 0.35564157 0.3029053  0.49730314  0.41435012 0.29059942 0.41129945 0.33353117
0.78439602 0.34920449 0.11509822 0.12285053 0.34576701 0.4533275  0.31428084 0.45325025 0.60155421 0.35564157 0.3029053  0.49730314  0.41435012 0.29059942 0.41129945 0.33353117
0.78439602 0.34920449 0.11509822 0.12285053 0.34576701 0.4533275  0.31428084 0.45325025 0.60155421 0.35564157 0.3029053  0.49730314  0.41435012 0.29059942 0.41129945 0.33353117
0.72896445 0.45902674 0.09571328 0.11421736 0.35215253 0.48827201  0.4646934  0.49276941 0.62271711 0.34602532 0.32605114 0.50775968  0.54437248 0.453308   0.55374945 0.48107899
0.7034594  0.52733697 0.11462023 0.11355507 0.3141388  0.51904418  0.52524718 0.62380473 0.56845859 0.36570015 0.34626392 0.51449692  0.52652183 0.5242436  0.61689806 0.54476166
0.62936194 0.67797168 0.12809022 0.21718934 0.28713751 0.64219209  0.61796075 0.6706535  0.42078798 0.3913507  0.4175318  0.45349888  0.58575601 0.33853978 0.58292065 0.52007308
0.59663914 0.71467705 0.10708025 0.25398835 0.32259081 0.61751011  0.68327829 0.58059425 0.44428401 0.37750822 0.51287444 0.436755  0.63589656 0.41360221 0.58457631 0.51263567
0.57929023 0.72501455 0.09327569 0.27109913 0.34881102 0.5775856  0.7181481  0.55430708 0.46462874 0.37566538 0.59495106 0.42951876  0.5899569  0.42970602 0.62834303 0.51296674
0.52906469 0.78820068 0.09336626 0.38841304 0.34732777 0.60797626  0.70061735 0.39068725 0.41489499 0.43795197 0.56221965 0.44478585  0.48337353 0.40582652 0.48947905 0.4686588 
0.49362571 0.81124581 0.1016175  0.47514645 0.3390896  0.61266162  0.60791633 0.33866394 0.42945969 0.47868133 0.51729227 0.46887136  0.35637887 0.33670351 0.41965302 0.46160683
0.45775376 0.81740666 0.10966112 0.53201358 0.34846142 0.57765323  0.53662979 0.35534054 0.47293948 0.46019537 0.55721253 0.45385149  0.29939173 0.3402492  0.42639969 0.4127083 
0.40334728 0.80210341 0.1238216  0.57897922 0.37452614 0.48091604  0.47364761 0.43994764 0.50267297 0.38985728 0.62291218 0.41036262  0.31183132 0.38185777 0.4387887  0.30728306
0.3099991  0.75680576 0.14952393 0.65579513 0.4212464  0.32354199  0.34388729 0.53977191 0.54112165 0.37009623 0.54477451 0.42032498  0.41230245 0.45450619 0.5424267  0.31925121
0.25357882 0.70998913 0.17713897 0.67310372 0.42729483 0.28528874  0.2685735  0.58100941 0.56689299 0.38552766 0.42354325 0.45097698  0.54722988 0.50423186 0.63797693 0.41087669
0.1807707  0.61922259 0.22198837 0.61483551 0.42069095 0.30530399  0.30005467 0.57934475 0.56963884 0.37161487 0.44390026 0.44184305  0.57613922 0.56943621 0.71000013 0.38576126
0.16250807 0.59400521 0.2340556  0.59569702 0.41649794 0.31014283  0.32217599 0.57235662 0.53875444 0.36477963 0.42439597 0.43991277  0.60120705 0.54199564 0.63649102 0.39362246
0.12648102 0.54159723 0.261536   0.54862703 0.3985698  0.36697792  0.35528544 0.54161519 0.55060259 0.37695994 0.46108888 0.4387868  0.53882133 0.54752256 0.67502191 0.38061403
0.12648102 0.54159723 0.261536   0.54862703 0.3985698  0.36697792  0.35528544 0.54161519 0.55060259 0.37695994 0.46108888 0.4387868  0.53882133 0.54752256 0.67502191 0.38061403
0.03555663 0.41720068 0.32416163 0.4534907  0.36798941 0.43594923  0.43647159 0.49618771 0.47382149 0.39144415 0.39530718 0.45299584  0.55479998 0.44686718 0.51427561 0.45951419
0.00039479 0.36283831 0.35232302 0.39930133 0.34523319 0.50234819  0.48417291 0.45702496 0.47508945 0.39693445 0.45000532 0.44589633  0.47476172 0.42761975 0.50206904 0.41641874
0.00039479 0.36283831 0.35232302 0.39930133 0.34523319 0.50234819  0.48417291 0.45702496 0.47508945 0.39693445 0.45000532 0.44589633  0.47476172 0.42761975 0.50206904 0.41641874
0.00039479 0.36283831 0.35232302 0.39930133 0.34523319 0.50234819  0.48417291 0.45702496 0.47508945 0.39693445 0.45000532 0.44589633  0.47476172 0.42761975 0.50206904 0.41641874
0.01877751 0.38616237 0.34024961 0.41452329 0.35026547 0.48875947  0.47765612 0.4623593  0.47676406 0.38966489 0.46128205 0.44156549  0.47317508 0.43487647 0.50402464 0.39108964
0.01877751 0.38616237 0.34024961 0.41452329 0.35026547 0.48875947  0.47765612 0.4623593  0.47676406 0.38966489 0.46128205 0.44156549  0.47317508 0.43487647 0.50402464 0.39108964
0.03722896 0.40958307 0.32883973 0.42947971 0.35234469 0.48761967  0.4609272  0.46918194 0.50900109 0.38619323 0.49800897 0.43433716  0.45871587 0.46603407 0.55456796 0.3585692 
0.03722896 0.40958307 0.32883973 0.42947971 0.35234469 0.48761967  0.4609272  0.46918194 0.50900109 0.38619323 0.49800897 0.43433716  0.45871587 0.46603407 0.55456796 0.3585692 
0.03817715 0.41258255 0.33286893 0.42754072 0.35664222 0.48993285  0.45845263 0.47212262 0.5009388  0.37012527 0.50166617 0.4541278  0.43508117 0.4541857  0.56496916 0.39610457
0.03817715 0.41258255 0.33286893 0.42754072 0.35664222 0.48993285  0.45845263 0.47212262 0.5009388  0.37012527 0.50166617 0.4541278  0.43508117 0.4541857  0.56496916 0.39610457
0.03817715 0.41258255 0.33286893 0.42754072 0.35664222 0.48993285  0.45845263 0.47212262 0.5009388  0.37012527 0.50166617 0.4541278  0.43508117 0.4541857  0.56496916 0.39610457
0.03817715 0.41258255 0.33286893 0.42754072 0.35664222 0.48993285  0.45845263 0.47212262 0.5009388  0.37012527 0.50166617 0.4541278  0.43508117 0.4541857  0.56496916 0.39610457
0.03817715 0.41258255 0.33286893 0.42754072 0.35664222 0.48993285  0.45845263 0.47212262 0.5009388  0.37012527 0.50166617 0.4541278  0.43508117 0.4541857  0.56496916 0.39610457
0.0197257  0.38916185 0.34427882 0.4125843  0.354563   0.49107265  0.47518155 0.46529998 0.46870177 0.37359693 0.46493926 0.46135614  0.44954038 0.42302809 0.51442585 0.428625  
0.01877751 0.38616237 0.34024961 0.41452329 0.35026547 0.48875947  0.47765612 0.4623593  0.47676406 0.38966489 0.46128205 0.44156549  0.47317508 0.43487647 0.50402464 0.39108964
0.00039479 0.36283831 0.35232302 0.39930133 0.34523319 0.50234819  0.48417291 0.45702496 0.47508945 0.39693445 0.45000532 0.44589633  0.47476172 0.42761975 0.50206904 0.41641874
0.00039479 0.36283831 0.35232302 0.39930133 0.34523319 0.50234819  0.48417291 0.45702496 0.47508945 0.39693445 0.45000532 0.44589633  0.47476172 0.42761975 0.50206904 0.41641874
0.00039479 0.36283831 0.35232302 0.39930133 0.34523319 0.50234819  0.48417291 0.45702496 0.47508945 0.39693445 0.45000532 0.44589633  0.47476172 0.42761975 0.50206904 0.41641874
0.00039479 0.36283831 0.35232302 0.39930133 0.34523319 0.50234819  0.48417291 0.45702496 0.47508945 0.39693445 0.45000532 0.44589633  0.47476172 0.42761975 0.50206904 0.41641874
0.00039479 0.36283831 0.35232302 0.39930133 0.34523319 0.50234819  0.48417291 0.45702496 0.47508945 0.39693445 0.45000532 0.44589633  0.47476172 0.42761975 0.50206904 0.41641874
0.00039479 0.36283831 0.35232302 0.39930133 0.34523319 0.50234819  0.48417291 0.45702496 0.47508945 0.39693445 0.45000532 0.44589633  0.47476172 0.42761975 0.50206904 0.41641874
0.00039479 0.36283831 0.35232302 0.39930133 0.34523319 0.50234819  0.48417291 0.45702496 0.47508945 0.39693445 0.45000532 0.44589633  0.47476172 0.42761975 0.50206904 0.41641874
0.00039479 0.36283831 0.35232302 0.39930133 0.34523319 0.50234819  0.48417291 0.45702496 0.47508945 0.39693445 0.45000532 0.44589633  0.47476172 0.42761975 0.50206904 0.41641874
0.00039479 0.36283831 0.35232302 0.39930133 0.34523319 0.50234819  0.48417291 0.45702496 0.47508945 0.39693445 0.45000532 0.44589633  0.47476172 0.42761975 0.50206904 0.41641874
0.00039479 0.36283831 0.35232302 0.39930133 0.34523319 0.50234819  0.48417291 0.45702496 0.47508945 0.39693445 0.45000532 0.44589633  0.47476172 0.42761975 0.50206904 0.41641874
0.00039479 0.36283831 0.35232302 0.39930133 0.34523319 0.50234819  0.48417291 0.45702496 0.47508945 0.39693445 0.45000532 0.44589633  0.47476172 0.42761975 0.50206904 0.41641874
0.00039479 0.36283831 0.35232302 0.39930133 0.34523319 0.50234819  0.48417291 0.45702496 0.47508945 0.39693445 0.45000532 0.44589633  0.47476172 0.42761975 0.50206904 0.41641874
0.00039479 0.36283831 0.35232302 0.39930133 0.34523319 0.50234819  0.48417291 0.45702496 0.47508945 0.39693445 0.45000532 0.44589633  0.47476172 0.42761975 0.50206904 0.41641874
0.00039479 0.36283831 0.35232302 0.39930133 0.34523319 0.50234819  0.48417291 0.45702496 0.47508945 0.39693445 0.45000532 0.44589633  0.47476172 0.42761975 0.50206904 0.41641874
0.00039479 0.36283831 0.35232302 0.39930133 0.34523319 0.50234819  0.48417291 0.45702496 0.47508945 0.39693445 0.45000532 0.44589633  0.47476172 0.42761975 0.50206904 0.41641874
0.00039479 0.36283831 0.35232302 0.39930133 0.34523319 0.50234819  0.48417291 0.45702496 0.47508945 0.39693445 0.45000532 0.44589633  0.47476172 0.42761975 0.50206904 0.41641874
0.00039479 0.36283831 0.35232302 0.39930133 0.34523319 0.50234819  0.48417291 0.45702496 0.47508945 0.39693445 0.45000532 0.44589633  0.47476172 0.42761975 0.50206904 0.41641874
0.00039479 0.36283831 0.35232302 0.39930133 0.34523319 0.50234819  0.48417291 0.45702496 0.47508945 0.39693445 0.45000532 0.44589633  0.47476172 0.42761975 0.50206904 0.41641874
0.00039479 0.36283831 0.35232302 0.39930133 0.34523319 0.50234819  0.48417291 0.45702496 0.47508945 0.39693445 0.45000532 0.44589633  0.47476172 0.42761975 0.50206904 0.41641874
0.00039479 0.36283831 0.35232302 0.39930133 0.34523319 0.50234819  0.48417291 0.45702496 0.47508945 0.39693445 0.45000532 0.44589633  0.47476172 0.42761975 0.50206904 0.41641874
0.00039479 0.36283831 0.35232302 0.39930133 0.34523319 0.50234819  0.48417291 0.45702496 0.47508945 0.39693445 0.45000532 0.44589633  0.47476172 0.42761975 0.50206904 0.41641874
0.00039479 0.36283831 0.35232302 0.39930133 0.34523319 0.50234819  0.48417291 0.45702496 0.47508945 0.39693445 0.45000532 0.44589633  0.47476172 0.42761975 0.50206904 0.41641874
0.05378289 0.44051368 0.31243468 0.46863672 0.37318173 0.42604961  0.42592987 0.50223301 0.48727409 0.38531211 0.41829784 0.44808102  0.54617962 0.47066974 0.54860061 0.42683991
0.10811944 0.49117793 0.29672307 0.49082623 0.34555824 0.52103176  0.37186324 0.44370808 0.53788643 0.46795688 0.32782606 0.498813  0.54679995 0.46719106 0.62426266 0.54131715
0.42171714 0.81159209 0.14346617 0.58709314 0.31055413 0.65015237  0.34046159 0.42144209 0.63585157 0.46311384 0.52288784 0.4584271  0.4659697  0.36945024 0.44683659 0.47824036
0.59787761 0.73134667 0.12022963 0.27059545 0.29584709 0.67845973  0.66056277 0.55335991 0.40061692 0.40211321 0.42785235 0.44404497  0.69609507 0.42322775 0.46911648 0.50576494
0.64508072 0.65265402 0.13494245 0.19084885 0.28124137 0.6281543  0.59554035 0.74328506 0.41761212 0.40830666 0.40399976 0.4631499  0.53068227 0.31635145 0.6036428  0.53214929
0.7189027  0.51976528 0.15511258 0.14062573 0.26335321 0.55408492  0.46561453 0.69207063 0.44451469 0.43158781 0.27739393 0.52172811  0.4025776  0.40371249 0.61755107 0.45681968
0.73361402 0.48758572 0.15019776 0.11857388 0.27341336 0.52138606  0.44497704 0.6755567  0.49110043 0.40767756 0.28246491 0.52661558  0.4023992  0.45332337 0.5979695  0.45562136
0.74669    0.45224132 0.14291729 0.1158956  0.29193583 0.495905  0.40980799 0.62889269 0.52941772 0.38564938 0.30519086 0.51275316  0.39701315 0.4162095  0.52385542 0.42034965
0.75956107 0.41754083 0.13323289 0.11506697 0.31027262 0.48219783  0.37711999 0.55213888 0.56068786 0.38035044 0.28314679 0.51472879  0.41116051 0.38634075 0.49435855 0.38899771
0.75956107 0.41754083 0.13323289 0.11506697 0.31027262 0.48219783  0.37711999 0.55213888 0.56068786 0.38035044 0.28314679 0.51472879  0.41116051 0.38634075 0.49435855 0.38899771
0.7034594  0.52733697 0.11462023 0.11355507 0.3141388  0.51904418  0.52524718 0.62380473 0.56845859 0.36570015 0.34626392 0.51449692  0.52652183 0.5242436  0.61689806 0.54476166
0.6125679  0.70197452 0.11326561 0.2518958  0.3038289  0.66158146  0.65286567 0.48371843 0.43062913 0.41212718 0.36033053 0.47336414  0.71334635 0.49750511 0.52939562 0.51272732
0.52906469 0.78820068 0.09336626 0.38841304 0.34732777 0.60797626  0.70061735 0.39068725 0.41489499 0.43795197 0.56221965 0.44478585  0.48337353 0.40582652 0.48947905 0.4686588 
0.49279506 0.79883281 0.08948759 0.4538334  0.37477935 0.53766039  0.67361769 0.34105092 0.40775879 0.46182159 0.56147453 0.45894149  0.33910793 0.39120822 0.51804061 0.41814157
0.47519548 0.81056876 0.09654784 0.49702408 0.36448215 0.55085511  0.61469541 0.33360884 0.42118648 0.47317538 0.54490054 0.46542886  0.29218941 0.35246694 0.45807609 0.42316772
0.44054965 0.82022789 0.12361278 0.55557381 0.33438396 0.60795342  0.46314807 0.39556488 0.55763478 0.4277996  0.63100969 0.42226633  0.33193637 0.36346912 0.41500279 0.3699135 
0.42197165 0.81966524 0.12883817 0.58940231 0.33714667 0.59212695  0.40594522 0.39674552 0.58230231 0.4492814  0.58590683 0.4428437  0.32859787 0.35979088 0.44326054 0.39509047
0.44040188 0.82034229 0.13390782 0.56752468 0.31175412 0.65393346  0.39916614 0.40180063 0.59057552 0.45478735 0.55829857 0.44628621  0.39278733 0.34402745 0.40483746 0.43352958
0.45897988 0.82090494 0.12868243 0.53369618 0.30899141 0.66975993  0.45636899 0.40061998 0.56590799 0.43330554 0.60340142 0.42570883  0.39612583 0.34770569 0.37657972 0.40835261
0.49361703 0.80114197 0.15679995 0.50010909 0.25640354 0.75144508  0.38507805 0.45620174 0.52511207 0.44155072 0.44311722 0.44227593  0.48410711 0.3182956  0.27868747 0.41343092
0.5488243  0.82826428 0.31643507 0.44656182 0.33199133 0.80187413  0.32092408 0.45050713 0.42896727 0.31741617 0.44814075 0.44648478  0.51514523 0.45715135 0.14398101 0.43004091
0.64399661 0.92049359 0.77980457 0.48402655 0.55675465 0.71199363  0.39659334 0.35030209 0.42118941 0.31562346 0.46226096 0.37571848  0.64156778 0.4046507  0.32869037 0.23812496
0.71837121 0.8817241  0.76310721 0.36524688 0.52187781 0.6078946  0.65897387 0.35410447 0.33850812 0.34437228 0.3539374  0.32978401  0.67506259 0.47130787 0.41441494 0.33162622
0.78214426 0.79567918 0.81552521 0.29946615 0.45639086 0.49260696  0.67226084 0.55176245 0.40780329 0.51029712 0.32039755 0.24010032  0.54884013 0.49716943 0.49916663 0.32841257
0.77316817 0.77282433 0.75948114 0.2978652  0.44446713 0.48189927  0.6996079  0.59106464 0.44289151 0.6701007  0.32168488 0.22319641  0.62271834 0.50037511 0.45654296 0.25229991
0.77307003 0.70068915 0.64302222 0.30576293 0.27434789 0.43203079  0.72633314 0.68203639 0.50483662 0.72320422 0.31320964 0.20615668  0.62577673 0.45346712 0.51173646 0.25181617
0.76621832 0.64104869 0.53890231 0.30091111 0.19908308 0.43170435  0.68480991 0.77644636 0.46539053 0.78839677 0.30068241 0.24620033  0.44263478 0.35983133 0.56516858 0.24465524
0.67868282 0.67280031 0.31512591 0.34695525 0.18009323 0.55644655  0.68465208 0.64279311 0.37827346 0.66268502 0.43869177 0.45477609  0.63837675 0.45136351 0.452215   0.37539949
0.59653885 0.73919554 0.14708242 0.32135748 0.26519274 0.71186311  0.596087   0.52267368 0.32643458 0.44261209 0.3672133  0.45366016  0.63214232 0.38438419 0.34427195 0.423449  
0.54641361 0.77786319 0.10717082 0.37130226 0.32110757 0.64790077  0.66574753 0.41697443 0.39455026 0.43979481 0.48014303 0.45202209  0.52931319 0.3897227  0.44571233 0.46832773
0.49279506 0.79883281 0.08948759 0.4538334  0.37477935 0.53766039  0.67361769 0.34105092 0.40775879 0.46182159 0.56147453 0.45894149  0.33910793 0.39120822 0.51804061 0.41814157
0.43772339 0.8010095  0.10330079 0.54851907 0.38557547 0.47862197  0.55101844 0.34054561 0.41764326 0.49745314 0.45582502 0.49652316  0.26898354 0.36415438 0.53476284 0.43496165
0.36243883 0.75711763 0.11431882 0.59730098 0.4486669  0.27422131  0.52332707 0.42076636 0.33289473 0.47497426 0.34158233 0.51089732  0.2664639  0.40201168 0.63016842 0.41724352
0.28897657 0.71937743 0.15003571 0.6446261  0.45031146 0.22384037  0.40166931 0.51056799 0.37587127 0.42628769 0.28586587 0.49709547  0.44139901 0.41437333 0.57074146 0.45065635
0.27069034 0.70854874 0.16168151 0.65332835 0.44558993 0.23712066  0.34843749 0.54222228 0.44903728 0.4168879  0.31298403 0.48922002  0.53185523 0.45636751 0.60935512 0.47015695
0.16104553 0.59444216 0.23139585 0.60387053 0.42423122 0.26141588  0.33796238 0.58585846 0.43570782 0.35851857 0.28794454 0.45783095  0.71415184 0.42238734 0.40522218 0.50602254
0.1427829  0.56922478 0.24346308 0.58473204 0.42003821 0.26625472  0.3600837  0.57887034 0.40482342 0.35168333 0.26844025 0.45590068  0.73921967 0.39494678 0.33171307 0.51388374
0.1427829  0.56922478 0.24346308 0.58473204 0.42003821 0.26625472  0.3600837  0.57887034 0.40482342 0.35168333 0.26844025 0.45590068  0.73921967 0.39494678 0.33171307 0.51388374
0.12471987 0.54379512 0.25712371 0.56358036 0.41131241 0.29629502  0.36709612 0.56777589 0.42968836 0.35871419 0.2981379  0.45450793  0.70781088 0.42405509 0.39812753 0.49811482
0.14317132 0.56721582 0.24571382 0.57853678 0.41339162 0.29515523  0.3503672  0.57459853 0.46192539 0.35524253 0.33486482 0.44727959  0.69335167 0.4552127  0.44867084 0.46559438
0.19781245 0.64365332 0.20687501 0.63907103 0.43379907 0.24333991  0.30710137 0.59955268 0.47632552 0.35398087 0.33267455 0.44940845  0.68674913 0.46510203 0.48088191 0.46067454
0.21623457 0.66850952 0.19464458 0.65673355 0.43804207 0.23751713  0.28996202 0.60532266 0.50420728 0.35359983 0.36349489 0.44466976  0.66187085 0.49348998 0.53524902 0.43385105
0.29082203 0.74719787 0.16258789 0.68412143 0.4126472  0.34081881  0.25984336 0.53401816 0.58778509 0.42852519 0.41939891 0.47200023  0.46984945 0.48043082 0.66770791 0.42820069
0.36589433 0.79334473 0.1425721  0.63732629 0.37051806 0.49342131  0.33322196 0.4433268  0.61101679 0.44759112 0.54355863 0.45291871  0.36167073 0.43351127 0.57571892 0.38727874
0.49378358 0.80634777 0.10767052 0.46694526 0.33336607 0.62626502  0.588773   0.36783773 0.467785   0.45434752 0.54617826 0.45080663  0.41049971 0.36322705 0.44794114 0.44612126
0.51122529 0.79950986 0.09455724 0.43195576 0.3493868  0.5994669  0.66683861 0.34610602 0.416032   0.46732754 0.53386627 0.462384  0.40329739 0.37544479 0.47961754 0.45658068
0.58058938 0.74077215 0.10591668 0.28707176 0.32221476 0.63669908  0.69698389 0.52406533 0.42106811 0.39571088 0.50605994 0.43471412  0.65405345 0.43653402 0.52324201 0.50035556
0.64407327 0.64579212 0.12317541 0.1951375  0.29719765 0.60949323  0.59732326 0.65413956 0.46737372 0.36744045 0.42260278 0.45838635  0.58557761 0.38815065 0.56333909 0.51887477
0.65979204 0.62047447 0.13002764 0.168797   0.29130152 0.59545544  0.57490286 0.72677113 0.46419787 0.38439641 0.40907074 0.46803737  0.53050387 0.36596233 0.58406123 0.53095097
0.70077307 0.52007352 0.1076298  0.14093485 0.3360881  0.53286416  0.49636302 0.55634878 0.57279278 0.35170246 0.36510365 0.47839274  0.55907515 0.37804836 0.51886558 0.47386816
0.73955111 0.41832789 0.0864847  0.13653136 0.37851063 0.46786388  0.40224808 0.47113976 0.64890016 0.30365019 0.43422613 0.45586532  0.52122148 0.28724228 0.36994886 0.41570909
0.73955111 0.41832789 0.0864847  0.13653136 0.37851063 0.46786388  0.40224808 0.47113976 0.64890016 0.30365019 0.43422613 0.45586532  0.52122148 0.28724228 0.36994886 0.41570909
0.73852262 0.41427339 0.07266845 0.14417221 0.39238858 0.46502341  0.41697137 0.32886671 0.68208822 0.2967082  0.38023635 0.47553346  0.59354649 0.38370797 0.40950586 0.41059526
0.67945084 0.51975859 0.06117711 0.18871529 0.40491061 0.5000506  0.55101912 0.23964519 0.64541809 0.33327134 0.36351779 0.48844219  0.70477741 0.51575475 0.57104372 0.43290596
0.55776128 0.71576038 0.08049675 0.34260771 0.37395511 0.52688774  0.65522467 0.32356224 0.52524892 0.41629193 0.5126244  0.48494855  0.48095822 0.53520655 0.56727242 0.47895988
0.39861641 0.74594433 0.10203318 0.52028179 0.4562014  0.27685305  0.63945221 0.4270278  0.29479951 0.44213867 0.40325917 0.48383259  0.31672092 0.44443119 0.66187519 0.3870404 
0.25143921 0.62762356 0.17041492 0.52837224 0.46628805 0.17872674  0.61515408 0.46531515 0.15017361 0.39472397 0.21631974 0.49018249  0.49005024 0.31048957 0.29439646 0.46813878
0.08892937 0.49235855 0.28299146 0.51880341 0.39445748 0.33645297  0.41227192 0.53833239 0.39368712 0.36543542 0.28731273 0.45681163  0.68194675 0.35857271 0.29842885 0.52018578
0.00039479 0.36283831 0.35232302 0.39930133 0.34523319 0.50234819  0.48417291 0.45702496 0.47508945 0.39693445 0.45000532 0.44589633  0.47476172 0.42761975 0.50206904 0.41641874
0.00039479 0.36283831 0.35232302 0.39930133 0.34523319 0.50234819  0.48417291 0.45702496 0.47508945 0.39693445 0.45000532 0.44589633  0.47476172 0.42761975 0.50206904 0.41641874
0.00039479 0.36283831 0.35232302 0.39930133 0.34523319 0.50234819  0.48417291 0.45702496 0.47508945 0.39693445 0.45000532 0.44589633  0.47476172 0.42761975 0.50206904 0.41641874
0.00039479 0.36283831 0.35232302 0.39930133 0.34523319 0.50234819  0.48417291 0.45702496 0.47508945 0.39693445 0.45000532 0.44589633  0.47476172 0.42761975 0.50206904 0.41641874
0.00039479 0.36283831 0.35232302 0.39930133 0.34523319 0.50234819  0.48417291 0.45702496 0.47508945 0.39693445 0.45000532 0.44589633  0.47476172 0.42761975 0.50206904 0.41641874
0.00039479 0.36283831 0.35232302 0.39930133 0.34523319 0.50234819  0.48417291 0.45702496 0.47508945 0.39693445 0.45000532 0.44589633  0.47476172 0.42761975 0.50206904 0.41641874
0.00039479 0.36283831 0.35232302 0.39930133 0.34523319 0.50234819  0.48417291 0.45702496 0.47508945 0.39693445 0.45000532 0.44589633  0.47476172 0.42761975 0.50206904 0.41641874
0.00039479 0.36283831 0.35232302 0.39930133 0.34523319 0.50234819  0.48417291 0.45702496 0.47508945 0.39693445 0.45000532 0.44589633  0.47476172 0.42761975 0.50206904 0.41641874
0.00039479 0.36283831 0.35232302 0.39930133 0.34523319 0.50234819  0.48417291 0.45702496 0.47508945 0.39693445 0.45000532 0.44589633  0.47476172 0.42761975 0.50206904 0.41641874
0.00039479 0.36283831 0.35232302 0.39930133 0.34523319 0.50234819  0.48417291 0.45702496 0.47508945 0.39693445 0.45000532 0.44589633  0.47476172 0.42761975 0.50206904 0.41641874
0.00039479 0.36283831 0.35232302 0.39930133 0.34523319 0.50234819  0.48417291 0.45702496 0.47508945 0.39693445 0.45000532 0.44589633  0.47476172 0.42761975 0.50206904 0.41641874
0.00039479 0.36283831 0.35232302 0.39930133 0.34523319 0.50234819  0.48417291 0.45702496 0.47508945 0.39693445 0.45000532 0.44589633  0.47476172 0.42761975 0.50206904 0.41641874
0.00039479 0.36283831 0.35232302 0.39930133 0.34523319 0.50234819  0.48417291 0.45702496 0.47508945 0.39693445 0.45000532 0.44589633  0.47476172 0.42761975 0.50206904 0.41641874
0.00039479 0.36283831 0.35232302 0.39930133 0.34523319 0.50234819  0.48417291 0.45702496 0.47508945 0.39693445 0.45000532 0.44589633  0.47476172 0.42761975 0.50206904 0.41641874
0.00039479 0.36283831 0.35232302 0.39930133 0.34523319 0.50234819  0.48417291 0.45702496 0.47508945 0.39693445 0.45000532 0.44589633  0.47476172 0.42761975 0.50206904 0.41641874
0.12769584 0.53745546 0.26201657 0.53498001 0.39291914 0.36552398  0.40146685 0.52308761 0.46805088 0.36258281 0.42737254 0.4366673  0.55478556 0.42730094 0.4405412  0.38253616
0.12769584 0.53745546 0.26201657 0.53498001 0.39291914 0.36552398  0.40146685 0.52308761 0.46805088 0.36258281 0.42737254 0.4366673  0.55478556 0.42730094 0.4405412  0.38253616
0.30781666 0.67802742 0.14992407 0.52266617 0.45986964 0.23184998  0.5700339  0.54743565 0.35507877 0.31493325 0.50091421 0.40161111  0.57396026 0.48471801 0.4733556  0.31685184
0.30781666 0.67802742 0.14992407 0.52266617 0.45986964 0.23184998  0.5700339  0.54743565 0.35507877 0.31493325 0.50091421 0.40161111  0.57396026 0.48471801 0.4733556  0.31685184
0.34514707 0.71613572 0.13246922 0.52827361 0.45253502 0.26673536  0.56866981 0.53642159 0.40007502 0.31318516 0.57691509 0.38927011  0.54256308 0.50039251 0.50088934 0.28848654
0.44024938 0.60504929 0.08553079 0.40398478 0.51442478 0.12509466  0.64860037 0.39533517 0.38974792 0.28191692 0.47748386 0.43743286  0.491837   0.55782631 0.48721337 0.29888823
0.44024938 0.60504929 0.08553079 0.40398478 0.51442478 0.12509466  0.64860037 0.39533517 0.38974792 0.28191692 0.47748386 0.43743286  0.491837   0.55782631 0.48721337 0.29888823
0.53175799 0.44625826 0.05103746 0.43481856 0.58911437 0.14386395  0.58238113 0.34164954 0.41926764 0.20244693 0.71492828 0.27416439  0.50396152 0.4975053  0.29511126 0.33410848
0.53175799 0.44625826 0.05103746 0.43481856 0.58911437 0.14386395  0.58238113 0.34164954 0.41926764 0.20244693 0.71492828 0.27416439  0.50396152 0.4975053  0.29511126 0.33410848
0.5331203  0.44112009 0.05057302 0.44227673 0.5919586  0.14459641  0.57878228 0.34120124 0.40103231 0.20414407 0.73445935 0.26647477  0.47635997 0.55561642 0.25228874 0.38029823
0.55050539 0.42524293 0.0530316  0.4009872  0.58648495 0.14987198  0.5903123  0.40731746 0.40392647 0.18181868 0.74204014 0.25373187  0.54307097 0.5713455  0.26099728 0.39828939
0.56939947 0.43423953 0.05150405 0.38332072 0.56815434 0.20627865  0.59678642 0.40156134 0.43213722 0.17902272 0.7860128  0.24321495  0.56293834 0.55597982 0.21256828 0.41167243
0.60366562 0.45691574 0.07926443 0.20801007 0.47754428 0.18901325  0.56853319 0.63602272 0.53302545 0.17359963 0.76182547 0.34323716  0.43493704 0.29270514 0.29001308 0.28705882
0.59079455 0.49161622 0.08894883 0.20883869 0.4592075  0.20272043  0.60122119 0.71277653 0.50175532 0.17889857 0.78386954 0.34126152  0.42078968 0.32257389 0.31950995 0.31841076
0.67619918 0.52300058 0.14364385 0.22318955 0.29810371 0.45854678  0.5217996  0.82647472 0.42944225 0.3948134  0.62890301 0.44953693  0.36390802 0.21584842 0.417423   0.51455695
0.65978342 0.62626779 0.14737991 0.18804659 0.26458943 0.61357004  0.56003964 0.78474859 0.39081261 0.43154374 0.38250368 0.47021844  0.41248313 0.25319255 0.64073763 0.51128825
0.52706994 0.77504303 0.13741898 0.43409833 0.28379078 0.68379587  0.49095255 0.46154257 0.41622546 0.48608292 0.319486   0.49327293  0.50773265 0.31934427 0.35872705 0.50985326
0.47504771 0.81068316 0.10684289 0.50897495 0.34185231 0.59683515  0.55071348 0.33984459 0.45412722 0.50016313 0.47218942 0.48944874  0.35304037 0.33302527 0.44791077 0.4867838 
0.47504771 0.81068316 0.10684289 0.50897495 0.34185231 0.59683515  0.55071348 0.33984459 0.45412722 0.50016313 0.47218942 0.48944874  0.35304037 0.33302527 0.44791077 0.4867838 
0.42049102 0.80809381 0.12444485 0.58541054 0.35002414 0.55804566  0.42072239 0.37616265 0.54288306 0.49000367 0.47669895 0.48656975  0.36923561 0.36199375 0.49665656 0.48259605
0.36439165 0.78347412 0.12521426 0.63037119 0.40992863 0.37542902  0.41820461 0.42971628 0.47168047 0.45697489 0.44310774 0.48209958  0.31161457 0.39674294 0.5658582  0.40603631
0.32631238 0.75520533 0.13699044 0.65185894 0.43144618 0.29723833  0.3865569  0.46213953 0.42992379 0.47032074 0.31848359 0.51146085  0.34684859 0.41521672 0.64049114 0.45149488
0.32631238 0.75520533 0.13699044 0.65185894 0.43144618 0.29723833  0.3865569  0.46213953 0.42992379 0.47032074 0.31848359 0.51146085  0.34684859 0.41521672 0.64049114 0.45149488
0.32631238 0.75520533 0.13699044 0.65185894 0.43144618 0.29723833  0.3865569  0.46213953 0.42992379 0.47032074 0.31848359 0.51146085  0.34684859 0.41521672 0.64049114 0.45149488
0.40159694 0.79909721 0.12597241 0.60307703 0.36835475 0.501639  0.41424827 0.38191877 0.51467231 0.49279962 0.43272629 0.49708668  0.34936823 0.37735943 0.54508556 0.46921301
0.45760599 0.81752107 0.11995617 0.54396445 0.32583158 0.62363327  0.47264786 0.36157629 0.50588022 0.48718311 0.48450142 0.47787137  0.36024269 0.32080754 0.41623437 0.47632438
0.45760599 0.81752107 0.11995617 0.54396445 0.32583158 0.62363327  0.47264786 0.36157629 0.50588022 0.48718311 0.48450142 0.47787137  0.36024269 0.32080754 0.41623437 0.47632438
0.5401762  0.79573879 0.22961187 0.4976781  0.23771727 0.67094749  0.45021063 0.36789245 0.36571387 0.4747397  0.25878078 0.48541326  0.43420914 0.36002069 0.24704637 0.46435749
0.59704345 0.79662217 0.36136485 0.5473585  0.1638817  0.64629378  0.5165857  0.2974957  0.25946277 0.40137602 0.37853827 0.52647373  0.56236085 0.42319007 0.23873012 0.36701345
0.62849282 0.82158235 0.50664355 0.58454557 0.14796326 0.59150778  0.55353586 0.26356022 0.28041255 0.38031507 0.35408783 0.45239977  0.47657246 0.47866886 0.27460524 0.37624418
0.64081756 0.80693645 0.53429712 0.61064981 0.11812685 0.5707113  0.54771714 0.26934883 0.23309044 0.42997956 0.3992897  0.48143662  0.46037069 0.51841893 0.28023078 0.33988435
0.65865696 0.79562728 0.53310614 0.56710708 0.11606782 0.57922066  0.58149588 0.31393006 0.23195344 0.40060399 0.42764308 0.46383847  0.54044683 0.54880065 0.29009228 0.35196247
0.68142654 0.77271041 0.57265644 0.56243641 0.09380342 0.54931104  0.56223308 0.34766023 0.21952002 0.3243645  0.41421438 0.4789427  0.45056044 0.45041927 0.4115046  0.39381347
0.68770775 0.77615055 0.60333489 0.57264311 0.09453634 0.5225556  0.60369752 0.35145406 0.28436918 0.35341516 0.39048224 0.45617284  0.43843865 0.39379746 0.43882582 0.41536432
0.70720578 0.76257463 0.64776891 0.56599645 0.09426979 0.50171273  0.57918514 0.38840919 0.28203471 0.36534466 0.33357664 0.41463446  0.28921539 0.3168168  0.49042866 0.38688303
0.72480536 0.75083868 0.64070866 0.52280577 0.104567   0.48851801  0.63810742 0.39585127 0.26860702 0.35399087 0.35015063 0.4081471  0.33613391 0.35555808 0.55039318 0.38185688
0.72795962 0.76645633 0.67018327 0.50975154 0.14662831 0.50426592  0.62047947 0.39253924 0.25548755 0.34206092 0.34390846 0.39717321  0.31581225 0.36272277 0.54532675 0.35905723
0.74400937 0.74036124 0.67134684 0.47666813 0.14700436 0.48507695  0.60677387 0.44906816 0.27870344 0.32385825 0.35072297 0.39921409  0.29765536 0.33979096 0.60666105 0.37133734
0.74400937 0.74036124 0.67134684 0.47666813 0.14700436 0.48507695  0.60677387 0.44906816 0.27870344 0.32385825 0.35072297 0.39921409  0.29765536 0.33979096 0.60666105 0.37133734
0.74400937 0.74036124 0.67134684 0.47666813 0.14700436 0.48507695  0.60677387 0.44906816 0.27870344 0.32385825 0.35072297 0.39921409  0.29765536 0.33979096 0.60666105 0.37133734
0.75764581 0.70352971 0.63815951 0.44678139 0.11152389 0.45285179  0.64410816 0.49335487 0.3154466  0.31402967 0.37530125 0.40562291  0.37600628 0.36370851 0.68054863 0.40817367
0.69398809 0.72994188 0.4886531  0.45639223 0.15197963 0.53547779  0.64587881 0.44398702 0.32999344 0.36254134 0.38513924 0.45406632  0.5713133  0.31295722 0.56613733 0.35306216
0.61052226 0.75766403 0.31615374 0.52151717 0.17802859 0.6247397  0.59773341 0.33082965 0.25121437 0.45752175 0.41344752 0.53903743  0.66701228 0.34856855 0.44669258 0.26762607
0.53852245 0.77953032 0.17090828 0.49582254 0.26539014 0.66492821  0.5217966  0.36012155 0.30863503 0.50375449 0.41711555 0.49848751  0.459707   0.33406093 0.32390269 0.3140773 
0.47473162 0.80224921 0.10314505 0.49281293 0.35742021 0.55625495  0.60144221 0.34442007 0.40124895 0.48147729 0.47331961 0.47938829  0.3365115  0.35206919 0.46808202 0.44822379
0.32618047 0.74264781 0.13759443 0.62585878 0.43412231 0.28714584  0.44592496 0.45111025 0.35962745 0.46330112 0.29943927 0.50939896  0.32367658 0.38274466 0.58336684 0.44522981
0.25324485 0.70202677 0.17133064 0.65824786 0.44550511 0.22024254  0.3489126  0.56649339 0.42290115 0.36065722 0.35406971 0.4491241  0.53857425 0.43390065 0.47174182 0.39239022
0.17949698 0.61786287 0.21998596 0.61882695 0.42631043 0.26027609  0.32123347 0.59268111 0.46794485 0.35504691 0.32467146 0.45060262  0.69969263 0.45354495 0.4557655  0.4735021 
0.08971449 0.4894438  0.28493865 0.50946693 0.38839616 0.35900488  0.41882237 0.52790218 0.41917833 0.36306697 0.34112212 0.4479924  0.63480634 0.38826183 0.35355156 0.46236455
0.08971449 0.4894438  0.28493865 0.50946693 0.38839616 0.35900488  0.41882237 0.52790218 0.41917833 0.36306697 0.34112212 0.4479924  0.63480634 0.38826183 0.35355156 0.46236455
0.05408722 0.43589058 0.31274008 0.45868432 0.36800775 0.4193035  0.46046887 0.49340954 0.42149463 0.37068702 0.38298525 0.44398853  0.56891305 0.37569031 0.35459234 0.4359923 
0.03570449 0.41256652 0.32481348 0.44346236 0.36297546 0.43289222  0.46698566 0.4880752  0.41982002 0.37795658 0.37170853 0.44831936  0.5704997  0.36843359 0.35263673 0.4613214 
0.01830365 0.38870926 0.33849665 0.42271599 0.35435014 0.47063879  0.4700659  0.47319173 0.46038664 0.38894076 0.42241625 0.4468854  0.51617687 0.4152715  0.46097338 0.42900053
0.03570449 0.41256652 0.32481348 0.44346236 0.36297546 0.43289222  0.46698566 0.4880752  0.41982002 0.37795658 0.37170853 0.44831936  0.5704997  0.36843359 0.35263673 0.4613214 
0.03570449 0.41256652 0.32481348 0.44346236 0.36297546 0.43289222  0.46698566 0.4880752  0.41982002 0.37795658 0.37170853 0.44831936  0.5704997  0.36843359 0.35263673 0.4613214 
0.01830365 0.38870926 0.33849665 0.42271599 0.35435014 0.47063879  0.4700659  0.47319173 0.46038664 0.38894076 0.42241625 0.4468854  0.51617687 0.4152715  0.46097338 0.42900053
0.01830365 0.38870926 0.33849665 0.42271599 0.35435014 0.47063879  0.4700659  0.47319173 0.46038664 0.38894076 0.42241625 0.4468854  0.51617687 0.4152715  0.46097338 0.42900053
0.01830365 0.38870926 0.33849665 0.42271599 0.35435014 0.47063879  0.4700659  0.47319173 0.46038664 0.38894076 0.42241625 0.4468854  0.51617687 0.4152715  0.46097338 0.42900053
0.01830365 0.38870926 0.33849665 0.42271599 0.35435014 0.47063879  0.4700659  0.47319173 0.46038664 0.38894076 0.42241625 0.4468854  0.51617687 0.4152715  0.46097338 0.42900053
