0.00039479 0.36283831 0.35232302 0.39930133 0.34523319 0.50234819  0.48417291 0.45702496 0.47508945 0.39693445 0.45000532 0.44589633  0.47476172 0.42761975 0.50206904 0.41641874
0.00039479 0.36283831 0.35232302 0.39930133 0.34523319 0.50234819  0.48417291 0.45702496 0.47508945 0.39693445 0.45000532 0.44589633  0.47476172 0.42761975 0.50206904 0.41641874
0.00039479 0.36283831 0.35232302 0.39930133 0.34523319 0.50234819  0.48417291 0.45702496 0.47508945 0.39693445 0.45000532 0.44589633  0.47476172 0.42761975 0.50206904 0.41641874
0.00039479 0.36283831 0.35232302 0.39930133 0.34523319 0.50234819  0.48417291 0.45702496 0.47508945 0.39693445 0.45000532 0.44589633  0.47476172 0.42761975 0.50206904 0.41641874
0.00039479 0.36283831 0.35232302 0.39930133 0.34523319 0.50234819  0.48417291 0.45702496 0.47508945 0.39693445 0.45000532 0.44589633  0.47476172 0.42761975 0.50206904 0.41641874
0.00039479 0.36283831 0.35232302 0.39930133 0.34523319 0.50234819  0.48417291 0.45702496 0.47508945 0.39693445 0.45000532 0.44589633  0.47476172 0.42761975 0.50206904 0.41641874
0.00039479 0.36283831 0.35232302 0.39930133 0.34523319 0.50234819  0.48417291 0.45702496 0.47508945 0.39693445 0.45000532 0.44589633  0.47476172 0.42761975 0.50206904 0.41641874
0.00039479 0.36283831 0.35232302 0.39930133 0.34523319 0.50234819  0.48417291 0.45702496 0.47508945 0.39693445 0.45000532 0.44589633  0.47476172 0.42761975 0.50206904 0.41641874
0.00039479 0.36283831 0.35232302 0.39930133 0.34523319 0.50234819  0.48417291 0.45702496 0.47508945 0.39693445 0.45000532 0.44589633  0.47476172 0.42761975 0.50206904 0.41641874
0.00039479 0.36283831 0.35232302 0.39930133 0.34523319 0.50234819  0.48417291 0.45702496 0.47508945 0.39693445 0.45000532 0.44589633  0.47476172 0.42761975 0.50206904 0.41641874
0.00039479 0.36283831 0.35232302 0.39930133 0.34523319 0.50234819  0.48417291 0.45702496 0.47508945 0.39693445 0.45000532 0.44589633  0.47476172 0.42761975 0.50206904 0.41641874
0.00039479 0.36283831 0.35232302 0.39930133 0.34523319 0.50234819  0.48417291 0.45702496 0.47508945 0.39693445 0.45000532 0.44589633  0.47476172 0.42761975 0.50206904 0.41641874
0.00039479 0.36283831 0.35232302 0.39930133 0.34523319 0.50234819  0.48417291 0.45702496 0.47508945 0.39693445 0.45000532 0.44589633  0.47476172 0.42761975 0.50206904 0.41641874
0.00039479 0.36283831 0.35232302 0.39930133 0.34523319 0.50234819  0.48417291 0.45702496 0.47508945 0.39693445 0.45000532 0.44589633  0.47476172 0.42761975 0.50206904 0.41641874
0.00039479 0.36283831 0.35232302 0.39930133 0.34523319 0.50234819  0.48417291 0.45702496 0.47508945 0.39693445 0.45000532 0.44589633  0.47476172 0.42761975 0.50206904 0.41641874
0.00039479 0.36283831 0.35232302 0.39930133 0.34523319 0.50234819  0.48417291 0.45702496 0.47508945 0.39693445 0.45000532 0.44589633  0.47476172 0.42761975 0.50206904 0.41641874
0.00039479 0.36283831 0.35232302 0.39930133 0.34523319 0.50234819  0.48417291 0.45702496 0.47508945 0.39693445 0.45000532 0.44589633  0.47476172 0.42761975 0.50206904 0.41641874
0.00039479 0.36283831 0.35232302 0.39930133 0.34523319 0.50234819  0.48417291 0.45702496 0.47508945 0.39693445 0.45000532 0.44589633  0.47476172 0.42761975 0.50206904 0.41641874
0.00039479 0.36283831 0.35232302 0.39930133 0.34523319 0.50234819  0.48417291 0.45702496 0.47508945 0.39693445 0.45000532 0.44589633  0.47476172 0.42761975 0.50206904 0.41641874
0.00039479 0.36283831 0.35232302 0.39930133 0.34523319 0.50234819  0.48417291 0.45702496 0.47508945 0.39693445 0.45000532 0.44589633  0.47476172 0.42761975 0.50206904 0.41641874
0.00039479 0.36283831 0.35232302 0.39930133 0.34523319 0.50234819  0.48417291 0.45702496 0.47508945 0.39693445 0.45000532 0.44589633  0.47476172 0.42761975 0.50206904 0.41641874
0.00039479 0.36283831 0.35232302 0.39930133 0.34523319 0.50234819  0.48417291 0.45702496 0.47508945 0.39693445 0.45000532 0.44589633  0.47476172 0.42761975 0.50206904 0.41641874
0.00039479 0.36283831 0.35232302 0.39930133 0.34523319 0.50234819  0.48417291 0.45702496 0.47508945 0.39693445 0.45000532 0.44589633  0.47476172 0.42761975 0.50206904 0.41641874
0.00039479 0.36283831 0.35232302 0.39930133 0.34523319 0.50234819  0.48417291 0.45702496 0.47508945 0.39693445 0.45000532 0.44589633  0.47476172 0.42761975 0.50206904 0.41641874
0.00039479 0.36283831 0.35232302 0.39930133 0.34523319 0.50234819  0.48417291 0.45702496 0.47508945 0.39693445 0.45000532 0.44589633  0.47476172 0.42761975 0.50206904 0.41641874
0.00039479 0.36283831 0.35232302 0.39930133 0.34523319 0.50234819  0.48417291 0.45702496 0.47508945 0.39693445 0.45000532 0.44589633  0.47476172 0.42761975 0.50206904 0.41641874
0.00039479 0.36283831 0.35232302 0.39930133 0.34523319 0.50234819  0.48417291 0.45702496 0.47508945 0.39693445 0.45000532 0.44589633  0.47476172 0.42761975 0.50206904 0.41641874
0.00039479 0.36283831 0.35232302 0.39930133 0.34523319 0.50234819  0.48417291 0.45702496 0.47508945 0.39693445 0.45000532 0.44589633  0.47476172 0.42761975 0.50206904 0.41641874
0.00039479 0.36283831 0.35232302 0.39930133 0.34523319 0.50234819  0.48417291 0.45702496 0.47508945 0.39693445 0.45000532 0.44589633  0.47476172 0.42761975 0.50206904 0.41641874
0.00039479 0.36283831 0.35232302 0.39930133 0.34523319 0.50234819  0.48417291 0.45702496 0.47508945 0.39693445 0.45000532 0.44589633  0.47476172 0.42761975 0.50206904 0.41641874
0.00039479 0.36283831 0.35232302 0.39930133 0.34523319 0.50234819  0.48417291 0.45702496 0.47508945 0.39693445 0.45000532 0.44589633  0.47476172 0.42761975 0.50206904 0.41641874
0.00039479 0.36283831 0.35232302 0.39930133 0.34523319 0.50234819  0.48417291 0.45702496 0.47508945 0.39693445 0.45000532 0.44589633  0.47476172 0.42761975 0.50206904 0.41641874
0.00039479 0.36283831 0.35232302 0.39930133 0.34523319 0.50234819  0.48417291 0.45702496 0.47508945 0.39693445 0.45000532 0.44589633  0.47476172 0.42761975 0.50206904 0.41641874
0.00039479 0.36283831 0.35232302 0.39930133 0.34523319 0.50234819  0.48417291 0.45702496 0.47508945 0.39693445 0.45000532 0.44589633  0.47476172 0.42761975 0.50206904 0.41641874
0.00039479 0.36283831 0.35232302 0.39930133 0.34523319 0.50234819  0.48417291 0.45702496 0.47508945 0.39693445 0.45000532 0.44589633  0.47476172 0.42761975 0.50206904 0.41641874
0.00039479 0.36283831 0.35232302 0.39930133 0.34523319 0.50234819  0.48417291 0.45702496 0.47508945 0.39693445 0.45000532 0.44589633  0.47476172 0.42761975 0.50206904 0.41641874
0.00039479 0.36283831 0.35232302 0.39930133 0.34523319 0.50234819  0.48417291 0.45702496 0.47508945 0.39693445 0.45000532 0.44589633  0.47476172 0.42761975 0.50206904 0.41641874
0.00039479 0.36283831 0.35232302 0.39930133 0.34523319 0.50234819  0.48417291 0.45702496 0.47508945 0.39693445 0.45000532 0.44589633  0.47476172 0.42761975 0.50206904 0.41641874
0.00039479 0.36283831 0.35232302 0.39930133 0.34523319 0.50234819  0.48417291 0.45702496 0.47508945 0.39693445 0.45000532 0.44589633  0.47476172 0.42761975 0.50206904 0.41641874
0.00039479 0.36283831 0.35232302 0.39930133 0.34523319 0.50234819  0.48417291 0.45702496 0.47508945 0.39693445 0.45000532 0.44589633  0.47476172 0.42761975 0.50206904 0.41641874
0.00039479 0.36283831 0.35232302 0.39930133 0.34523319 0.50234819  0.48417291 0.45702496 0.47508945 0.39693445 0.45000532 0.44589633  0.47476172 0.42761975 0.50206904 0.41641874
0.00039479 0.36283831 0.35232302 0.39930133 0.34523319 0.50234819  0.48417291 0.45702496 0.47508945 0.39693445 0.45000532 0.44589633  0.47476172 0.42761975 0.50206904 0.41641874
0.00039479 0.36283831 0.35232302 0.39930133 0.34523319 0.50234819  0.48417291 0.45702496 0.47508945 0.39693445 0.45000532 0.44589633  0.47476172 0.42761975 0.50206904 0.41641874
0.00039479 0.36283831 0.35232302 0.39930133 0.34523319 0.50234819  0.48417291 0.45702496 0.47508945 0.39693445 0.45000532 0.44589633  0.47476172 0.42761975 0.50206904 0.41641874
0.00039479 0.36283831 0.35232302 0.39930133 0.34523319 0.50234819  0.48417291 0.45702496 0.47508945 0.39693445 0.45000532 0.44589633  0.47476172 0.42761975 0.50206904 0.41641874
0.00039479 0.36283831 0.35232302 0.39930133 0.34523319 0.50234819  0.48417291 0.45702496 0.47508945 0.39693445 0.45000532 0.44589633  0.47476172 0.42761975 0.50206904 0.41641874
0.00039479 0.36283831 0.35232302 0.39930133 0.34523319 0.50234819  0.48417291 0.45702496 0.47508945 0.39693445 0.45000532 0.44589633  0.47476172 0.42761975 0.50206904 0.41641874
0.00039479 0.36283831 0.35232302 0.39930133 0.34523319 0.50234819  0.48417291 0.45702496 0.47508945 0.39693445 0.45000532 0.44589633  0.47476172 0.42761975 0.50206904 0.41641874
0.00039479 0.36283831 0.35232302 0.39930133 0.34523319 0.50234819  0.48417291 0.45702496 0.47508945 0.39693445 0.45000532 0.44589633  0.47476172 0.42761975 0.50206904 0.41641874
0.00039479 0.36283831 0.35232302 0.39930133 0.34523319 0.50234819  0.48417291 0.45702496 0.47508945 0.39693445 0.45000532 0.44589633  0.47476172 0.42761975 0.50206904 0.41641874
0.00039479 0.36283831 0.35232302 0.39930133 0.34523319 0.50234819  0.48417291 0.45702496 0.47508945 0.39693445 0.45000532 0.44589633  0.47476172 0.42761975 0.50206904 0.41641874
0.00039479 0.36283831 0.35232302 0.39930133 0.34523319 0.50234819  0.48417291 0.45702496 0.47508945 0.39693445 0.45000532 0.44589633  0.47476172 0.42761975 0.50206904 0.41641874
0.00039479 0.36283831 0.35232302 0.39930133 0.34523319 0.50234819  0.48417291 0.45702496 0.47508945 0.39693445 0.45000532 0.44589633  0.47476172 0.42761975 0.50206904 0.41641874
0.00039479 0.36283831 0.35232302 0.39930133 0.34523319 0.50234819  0.48417291 0.45702496 0.47508945 0.39693445 0.45000532 0.44589633  0.47476172 0.42761975 0.50206904 0.41641874
0.00039479 0.36283831 0.35232302 0.39930133 0.34523319 0.50234819  0.48417291 0.45702496 0.47508945 0.39693445 0.45000532 0.44589633  0.47476172 0.42761975 0.50206904 0.41641874
0.00039479 0.36283831 0.35232302 0.39930133 0.34523319 0.50234819  0.48417291 0.45702496 0.47508945 0.39693445 0.45000532 0.44589633  0.47476172 0.42761975 0.50206904 0.41641874
0.00039479 0.36283831 0.35232302 0.39930133 0.34523319 0.50234819  0.48417291 0.45702496 0.47508945 0.39693445 0.45000532 0.44589633  0.47476172 0.42761975 0.50206904 0.41641874
0.00039479 0.36283831 0.35232302 0.39930133 0.34523319 0.50234819  0.48417291 0.45702496 0.47508945 0.39693445 0.45000532 0.44589633  0.47476172 0.42761975 0.50206904 0.41641874
0.00039479 0.36283831 0.35232302 0.39930133 0.34523319 0.50234819  0.48417291 0.45702496 0.47508945 0.39693445 0.45000532 0.44589633  0.47476172 0.42761975 0.50206904 0.41641874
0.00039479 0.36283831 0.35232302 0.39930133 0.34523319 0.50234819  0.48417291 0.45702496 0.47508945 0.39693445 0.45000532 0.44589633  0.47476172 0.42761975 0.50206904 0.41641874
0.00039479 0.36283831 0.35232302 0.39930133 0.34523319 0.50234819  0.48417291 0.45702496 0.47508945 0.39693445 0.45000532 0.44589633  0.47476172 0.42761975 0.50206904 0.41641874
0.00039479 0.36283831 0.35232302 0.39930133 0.34523319 0.50234819  0.48417291 0.45702496 0.47508945 0.39693445 0.45000532 0.44589633  0.47476172 0.42761975 0.50206904 0.41641874
0.00039479 0.36283831 0.35232302 0.39930133 0.34523319 0.50234819  0.48417291 0.45702496 0.47508945 0.39693445 0.45000532 0.44589633  0.47476172 0.42761975 0.50206904 0.41641874
0.00039479 0.36283831 0.35232302 0.39930133 0.34523319 0.50234819  0.48417291 0.45702496 0.47508945 0.39693445 0.45000532 0.44589633  0.47476172 0.42761975 0.50206904 0.41641874
0.00039479 0.36283831 0.35232302 0.39930133 0.34523319 0.50234819  0.48417291 0.45702496 0.47508945 0.39693445 0.45000532 0.44589633  0.47476172 0.42761975 0.50206904 0.41641874
0.00039479 0.36283831 0.35232302 0.39930133 0.34523319 0.50234819  0.48417291 0.45702496 0.47508945 0.39693445 0.45000532 0.44589633  0.47476172 0.42761975 0.50206904 0.41641874
0.00039479 0.36283831 0.35232302 0.39930133 0.34523319 0.50234819  0.48417291 0.45702496 0.47508945 0.39693445 0.45000532 0.44589633  0.47476172 0.42761975 0.50206904 0.41641874
0.0157259  0.44232364 0.51834766 0.26825103 0.80654163 0.62069202  0.35012015 0.46622306 0.35903695 0.42340102 0.6172973  0.69105892  0.48261381 0.40099874 0.47945413 0.45171848
0.01971103 0.45441182 0.54589285 0.2636179  0.82674251 0.62520937  0.3423503  0.4565393  0.35021951 0.3682195  0.60754654 0.68394776  0.44615949 0.38470972 0.50677811 0.46822899
0.02382483 0.47019366 0.57674418 0.25379593 0.84247005 0.62487116  0.34072093 0.45542576 0.36156096 0.37548138 0.57435154 0.62701122  0.42055171 0.40910903 0.49245378 0.44044885
0.03167596 0.49088985 0.62816922 0.24121263 0.88763511 0.62522078  0.3329225  0.43461462 0.37481753 0.35660649 0.55992537 0.59254013  0.41512815 0.44352628 0.45399987 0.46747042
0.02994204 0.48694603 0.6182784  0.23097974 0.90702052 0.61855938  0.34733854 0.44969238 0.40583288 0.46280987 0.55175246 0.56197173  0.47845308 0.47591401 0.39913428 0.41756294
0.01971527 0.45346366 0.53976273 0.26922302 0.77400057 0.59526938  0.38018138 0.45819885 0.42612406 0.4842797  0.51126024 0.50946685  0.4813459  0.47884819 0.40979598 0.35602933
0.0121582  0.4170508  0.46293621 0.32697311 0.57590593 0.55478328  0.4231905  0.44807306 0.4373114  0.404384   0.45680543 0.45182176  0.4384268  0.48765163 0.44529644 0.36894545
0.00039479 0.36283831 0.35232302 0.39930133 0.34523319 0.50234819  0.48417291 0.45702496 0.47508945 0.39693445 0.45000532 0.44589633  0.47476172 0.42761975 0.50206904 0.41641874
0.03718503 0.40822758 0.33291252 0.42837829 0.3401551  0.53140737  0.44132658 0.44831201 0.54363927 0.43700439 0.47510292 0.46421281  0.38506329 0.45875291 0.66318088 0.42402888
0.14700966 0.53958618 0.27220636 0.5020879  0.34154476 0.55993666  0.37527123 0.4314968  0.63244933 0.46971857 0.52915315 0.46939355  0.32870295 0.4836931  0.74159597 0.43018082
0.18421203 0.55771066 0.27199754 0.47868249 0.30140257 0.68697404  0.36477169 0.38711404 0.68741114 0.50766089 0.53725066 0.48129726  0.348808   0.46530445 0.71781005 0.49281127
0.34889245 0.72778949 0.16914393 0.53127711 0.34289934 0.59569462  0.45307756 0.38635335 0.58087696 0.4675439  0.61603946 0.44587894  0.20659841 0.44352516 0.65387058 0.35691476
0.45843656 0.78627171 0.13956485 0.47493149 0.30190009 0.69185802  0.49666451 0.43986688 0.56309637 0.41119953 0.62047808 0.41244151  0.47778861 0.3708307  0.38448562 0.44575984
0.5114926  0.78429312 0.14426298 0.4323876  0.27509106 0.72530551  0.46525662 0.54061202 0.54721396 0.38800691 0.561128   0.40469863  0.58495459 0.38051023 0.34102423 0.44383127
0.64334169 0.64349341 0.11673409 0.19784786 0.30793842 0.60832003  0.60682209 0.56247302 0.48303429 0.3897921  0.37474232 0.48082562  0.6606529  0.52971895 0.50867236 0.52618367
0.7064974  0.52345615 0.11645422 0.09994549 0.30961707 0.51339099  0.50075921 0.63314416 0.53676886 0.36980619 0.34578406 0.52223032  0.42244705 0.65989156 0.52584456 0.62694205
0.7212001  0.49706992 0.12889168 0.09714323 0.29296513 0.49880673  0.4652585  0.67460769 0.50996935 0.39304326 0.32428798 0.52929886  0.30424791 0.59673265 0.56293939 0.60608101
0.74714715 0.42702503 0.11192681 0.09363633 0.32982439 0.4596185  0.39740145 0.55118987 0.57955677 0.36571614 0.32496986 0.51741208  0.31300922 0.52975003 0.45932843 0.53945736
0.7719821  0.35868869 0.09379214 0.10141988 0.36531877 0.43074817  0.3345623  0.45230123 0.62042312 0.34100727 0.34472837 0.49998642  0.31619883 0.4340087  0.37626934 0.48399082
0.78743402 0.34532367 0.11693221 0.10924094 0.34124527 0.4476743  0.28979287 0.46258968 0.56986447 0.35974761 0.30242544 0.50503654  0.31027533 0.42624738 0.32024595 0.41571156
0.80246745 0.28763745 0.11255122 0.20265678 0.38517467 0.4888746  0.28946487 0.4583905  0.496599   0.3905722  0.35329431 0.40466437  0.29955484 0.4781628  0.29397462 0.56548578
0.80246745 0.28763745 0.11255122 0.20265678 0.38517467 0.4888746  0.28946487 0.4583905  0.496599   0.3905722  0.35329431 0.40466437  0.29955484 0.4781628  0.29397462 0.56548578
0.80246745 0.28763745 0.11255122 0.20265678 0.38517467 0.4888746  0.28946487 0.4583905  0.496599   0.3905722  0.35329431 0.40466437  0.29955484 0.4781628  0.29397462 0.56548578
0.81784004 0.22767545 0.09911195 0.29069852 0.43711312 0.55258136  0.27569639 0.45259421 0.40408665 0.37924706 0.3674338  0.29479129  0.3293912  0.4335681  0.38883631 0.61265602
0.81784004 0.22767545 0.09911195 0.29069852 0.43711312 0.55258136  0.27569639 0.45259421 0.40408665 0.37924706 0.3674338  0.29479129  0.3293912  0.4335681  0.38883631 0.61265602
0.81784004 0.22767545 0.09911195 0.29069852 0.43711312 0.55258136  0.27569639 0.45259421 0.40408665 0.37924706 0.3674338  0.29479129  0.3293912  0.4335681  0.38883631 0.61265602
0.81784004 0.22767545 0.09911195 0.29069852 0.43711312 0.55258136  0.27569639 0.45259421 0.40408665 0.37924706 0.3674338  0.29479129  0.3293912  0.4335681  0.38883631 0.61265602
0.78743402 0.34532367 0.11693221 0.10924094 0.34124527 0.4476743  0.28979287 0.46258968 0.56986447 0.35974761 0.30242544 0.50503654  0.31027533 0.42624738 0.32024595 0.41571156
0.74183551 0.42432626 0.08602888 0.11338874 0.37048932 0.47456484  0.4320054  0.4160156  0.65398724 0.34072638 0.30400707 0.50973532  0.55851984 0.42343925 0.52425258 0.44972705
0.6535038  0.58980348 0.07814199 0.19222219 0.36805135 0.53923884  0.61887618 0.363063   0.57583067 0.36059847 0.36283591 0.50032897  0.6960161  0.58273737 0.67465468 0.49952961
0.52906469 0.78820068 0.09336626 0.38841304 0.34732777 0.60797626  0.70061735 0.39068725 0.41489499 0.43795197 0.56221965 0.44478585  0.48337353 0.40582652 0.48947905 0.4686588 
0.47519548 0.81056876 0.09654784 0.49702408 0.36448215 0.55085511  0.61469541 0.33360884 0.42118648 0.47317538 0.54490054 0.46542886  0.29218941 0.35246694 0.45807609 0.42316772
0.47519548 0.81056876 0.09654784 0.49702408 0.36448215 0.55085511  0.61469541 0.33360884 0.42118648 0.47317538 0.54490054 0.46542886  0.29218941 0.35246694 0.45807609 0.42316772
0.40165439 0.79278696 0.11043053 0.57697423 0.40836591 0.39503658  0.53411201 0.40889417 0.40173689 0.42716659 0.52362132 0.44938132  0.2417707  0.37499839 0.49560133 0.33614857
0.38258662 0.77989605 0.11581815 0.59050529 0.41989354 0.35531236  0.51335478 0.42689635 0.38762504 0.43574991 0.46712473 0.46365259  0.24810005 0.38676445 0.5415767  0.35665267
0.3653825  0.78271727 0.12976981 0.61406552 0.40581608 0.38561255  0.43987306 0.46712069 0.47232034 0.40335415 0.54092188 0.43206743  0.28064469 0.40998437 0.53017979 0.31385787
0.40334436 0.80460479 0.12285463 0.58286797 0.37595784 0.48174344  0.46710441 0.44336238 0.51464293 0.39197487 0.64139114 0.40727923  0.29418271 0.38285263 0.43577543 0.3067368 
0.44054965 0.82022789 0.12361278 0.55557381 0.33438396 0.60795342  0.46314807 0.39556488 0.55763478 0.4277996  0.63100969 0.42226633  0.33193637 0.36346912 0.41500279 0.3699135 
0.44054965 0.82022789 0.12361278 0.55557381 0.33438396 0.60795342  0.46314807 0.39556488 0.55763478 0.4277996  0.63100969 0.42226633  0.33193637 0.36346912 0.41500279 0.3699135 
0.51146511 0.79993663 0.10042651 0.43160372 0.33703057 0.62117098  0.64169506 0.38324518 0.42832268 0.44930576 0.54564566 0.45127321  0.43645501 0.36708524 0.42951453 0.47368495
0.54644978 0.77232352 0.09582484 0.34712351 0.34185412 0.61325183  0.71214736 0.45680348 0.41778916 0.41562658 0.56980044 0.43204295  0.55008453 0.4215556  0.49818758 0.48664996
0.56324047 0.75110964 0.09211211 0.30418254 0.34843496 0.59677457  0.7318537  0.49777815 0.44141285 0.39386804 0.58813656 0.42747788  0.60811379 0.45263783 0.56700873 0.50068664
0.62762292 0.66881106 0.10988186 0.22418836 0.31383455 0.62235782  0.62924249 0.48984145 0.48621015 0.37283614 0.38827436 0.4711746  0.71572664 0.55190727 0.48795022 0.51410746
0.68876911 0.55670912 0.12158425 0.13225471 0.30615699 0.53592245  0.53294428 0.69344621 0.53844639 0.35568618 0.41378574 0.48517776  0.50927056 0.44996623 0.55661891 0.53779928
0.7034594  0.52733697 0.11462023 0.11355507 0.3141388  0.51904418  0.52524718 0.62380473 0.56845859 0.36570015 0.34626392 0.51449692  0.52652183 0.5242436  0.61689806 0.54476166
0.73427609 0.46172551 0.12161121 0.09446495 0.3114876  0.47332567  0.43008945 0.62794368 0.54828664 0.37101508 0.34701393 0.51543644  0.29886186 0.55961878 0.4888253  0.5708093 
0.76314575 0.41446547 0.1382448  0.10385418 0.3028198  0.46680028  0.34677481 0.6252869  0.52192118 0.36187134 0.36102605 0.51434937  0.23997324 0.5119737  0.31354562 0.53275625
0.76314575 0.41446547 0.1382448  0.10385418 0.3028198  0.46680028  0.34677481 0.6252869  0.52192118 0.36187134 0.36102605 0.51434937  0.23997324 0.5119737  0.31354562 0.53275625
0.77601681 0.37976498 0.1285604  0.10302556 0.32115659 0.4530931  0.3140868  0.54853309 0.55319132 0.3565724  0.33898198 0.51632501  0.2541206  0.48210496 0.28404875 0.50140431
0.78928973 0.36811857 0.16024318 0.12719081 0.2956177  0.4346098  0.30579351 0.55726238 0.49780691 0.39016892 0.38784105 0.5651525  0.21428414 0.51000665 0.30007549 0.50257985
0.78928973 0.36811857 0.16024318 0.12719081 0.2956177  0.4346098  0.30579351 0.55726238 0.49780691 0.39016892 0.38784105 0.5651525  0.21428414 0.51000665 0.30007549 0.50257985
0.8280403  0.34866587 0.25480866 0.17705529 0.26347682 0.40388013  0.26945791 0.40716044 0.46191062 0.31659792 0.40162794 0.62117608  0.28901822 0.59046935 0.25096863 0.51365262
0.8280403  0.34866587 0.25480866 0.17705529 0.26347682 0.40388013  0.26945791 0.40716044 0.46191062 0.31659792 0.40162794 0.62117608  0.28901822 0.59046935 0.25096863 0.51365262
0.8280403  0.34866587 0.25480866 0.17705529 0.26347682 0.40388013  0.26945791 0.40716044 0.46191062 0.31659792 0.40162794 0.62117608  0.28901822 0.59046935 0.25096863 0.51365262
0.8280403  0.34866587 0.25480866 0.17705529 0.26347682 0.40388013  0.26945791 0.40716044 0.46191062 0.31659792 0.40162794 0.62117608  0.28901822 0.59046935 0.25096863 0.51365262
0.8280403  0.34866587 0.25480866 0.17705529 0.26347682 0.40388013  0.26945791 0.40716044 0.46191062 0.31659792 0.40162794 0.62117608  0.28901822 0.59046935 0.25096863 0.51365262
0.8354672  0.32030687 0.25788076 0.21614238 0.24795072 0.37688357  0.28544899 0.40815697 0.47518746 0.38707945 0.4964337  0.63277716  0.32540585 0.61893497 0.20177808 0.55838147
0.85090486 0.26092745 0.25017    0.30704827 0.2934212  0.42209338  0.27597875 0.40190271 0.38676305 0.39745212 0.54738005 0.5298738  0.33330191 0.62179304 0.21785109 0.66757812
0.84989301 0.25945195 0.25016828 0.30992307 0.29401862 0.42196569  0.27706955 0.4003306  0.38749499 0.39827398 0.55376224 0.51146015  0.36621995 0.5997572  0.24308282 0.61029633
0.86335123 0.24630081 0.28204998 0.34734705 0.27345711 0.4181141  0.26699023 0.38476428 0.31933838 0.4044611  0.59749614 0.52110032  0.40193035 0.67909088 0.20430008 0.57756689
0.88407203 0.160967   0.26607545 0.46417942 0.30135598 0.45229902  0.28672069 0.40877824 0.21406676 0.53562071 0.65079392 0.4341759  0.46440042 0.67755438 0.32140199 0.53962433
0.88407203 0.160967   0.26607545 0.46417942 0.30135598 0.45229902  0.28672069 0.40877824 0.21406676 0.53562071 0.65079392 0.4341759  0.46440042 0.67755438 0.32140199 0.53962433
0.88407203 0.160967   0.26607545 0.46417942 0.30135598 0.45229902  0.28672069 0.40877824 0.21406676 0.53562071 0.65079392 0.4341759  0.46440042 0.67755438 0.32140199 0.53962433
0.87197612 0.16897998 0.2337293  0.43421361 0.32476173 0.45688307  0.29320117 0.42389626 0.26398803 0.53113073 0.62659109 0.41684611  0.40108846 0.65633182 0.31736222 0.61854352
0.87197612 0.16897998 0.2337293  0.43421361 0.32476173 0.45688307  0.29320117 0.42389626 0.26398803 0.53113073 0.62659109 0.41684611  0.40108846 0.65633182 0.31736222 0.61854352
0.86360104 0.1943395  0.226628   0.39706552 0.3359903  0.48156644  0.27968466 0.41995905 0.25877349 0.47671716 0.52812813 0.38545438  0.38833552 0.63971458 0.35615156 0.53627931
0.86360104 0.1943395  0.226628   0.39706552 0.3359903  0.48156644  0.27968466 0.41995905 0.25877349 0.47671716 0.52812813 0.38545438  0.38833552 0.63971458 0.35615156 0.53627931
0.86415087 0.20037935 0.23041174 0.39876661 0.33300964 0.501759  0.26000193 0.40061061 0.24375175 0.42759231 0.51398957 0.38208097  0.43167145 0.65203525 0.3002117  0.52588776
0.86905224 0.17902939 0.22647871 0.4454791  0.35763165 0.53849082  0.28214931 0.42311219 0.229277   0.41421743 0.4944185  0.3655019  0.43362258 0.66411998 0.34171512 0.50996055
0.85350259 0.15807236 0.15062241 0.44273644 0.43411682 0.59348459  0.30593399 0.47762524 0.27211511 0.42190448 0.42481812 0.29848383  0.34050156 0.60299776 0.43315957 0.55597842
0.85350259 0.15807236 0.15062241 0.44273644 0.43411682 0.59348459  0.30593399 0.47762524 0.27211511 0.42190448 0.42481812 0.29848383  0.34050156 0.60299776 0.43315957 0.55597842
0.85350259 0.15807236 0.15062241 0.44273644 0.43411682 0.59348459  0.30593399 0.47762524 0.27211511 0.42190448 0.42481812 0.29848383  0.34050156 0.60299776 0.43315957 0.55597842
0.8407601  0.16820216 0.11659664 0.40850415 0.46162456 0.60820248  0.30937462 0.49250438 0.32554306 0.39983975 0.36421882 0.27190868  0.32178075 0.49015962 0.50096403 0.54503724
0.82843536 0.18284806 0.08894307 0.3823999  0.49146097 0.62899896  0.31519334 0.48671577 0.37286518 0.35017526 0.31901695 0.24287183  0.33798251 0.45040955 0.4953385  0.58139706
0.80850056 0.26188424 0.09725708 0.24227157 0.42290957 0.55106683  0.29337396 0.46841337 0.4606054  0.33272556 0.28771915 0.35982307  0.34675188 0.3864094  0.48010641 0.44755006
0.80850056 0.26188424 0.09725708 0.24227157 0.42290957 0.55106683  0.29337396 0.46841337 0.4606054  0.33272556 0.28771915 0.35982307  0.34675188 0.3864094  0.48010641 0.44755006
0.78431669 0.30260751 0.07851888 0.2030712  0.42177896 0.50010812  0.34528178 0.43716552 0.55960051 0.32557609 0.35934772 0.38237994  0.45010996 0.25376605 0.56218454 0.44898067
0.73852262 0.41427339 0.07266845 0.14417221 0.39238858 0.46502341  0.41697137 0.32886671 0.68208822 0.2967082  0.38023635 0.47553346  0.59354649 0.38370797 0.40950586 0.41059526
0.66210193 0.53009608 0.04737255 0.20582606 0.43113082 0.46012609  0.58588894 0.21335801 0.66576282 0.3314285  0.4455944  0.48120594  0.65883775 0.53185857 0.61481044 0.43323704
0.66210193 0.53009608 0.04737255 0.20582606 0.43113082 0.46012609  0.58588894 0.21335801 0.66576282 0.3314285  0.4455944  0.48120594  0.65883775 0.53185857 0.61481044 0.43323704
0.46802175 0.74774251 0.07806994 0.48057938 0.4344128  0.40533189  0.6587325  0.30106238 0.3687382  0.42623263 0.51043829 0.45416296  0.34223958 0.37577514 0.552792   0.32710017
0.36243883 0.75711763 0.11431882 0.59730098 0.4486669  0.27422131  0.52332707 0.42076636 0.33289473 0.47497426 0.34158233 0.51089732  0.2664639  0.40201168 0.63016842 0.41724352
0.21528916 0.64009997 0.1926651  0.61077094 0.44853882 0.21018521  0.40303077 0.54533073 0.35125307 0.3875059  0.23984346 0.48480083  0.63582332 0.39312936 0.41684195 0.51402954
0.14160429 0.5430795  0.24158482 0.54594985 0.42908338 0.24954325  0.44008222 0.53331167 0.31845351 0.39134866 0.18336637 0.49181668  0.70826168 0.36447014 0.34115437 0.58200764
0.07102051 0.46648761 0.29681783 0.49538875 0.38534053 0.36816237  0.42637893 0.52216562 0.40838993 0.37342912 0.31490181 0.45582256  0.6405316  0.37092096 0.3395245  0.50760399
0.01779563 0.38669558 0.33863985 0.42004769 0.35385851 0.46460162  0.48109267 0.47190843 0.43452283 0.38595027 0.3992976  0.44733029  0.52908455 0.38078184 0.39373238 0.44873962
0.00039479 0.36283831 0.35232302 0.39930133 0.34523319 0.50234819  0.48417291 0.45702496 0.47508945 0.39693445 0.45000532 0.44589633  0.47476172 0.42761975 0.50206904 0.41641874
0.00039479 0.36283831 0.35232302 0.39930133 0.34523319 0.50234819  0.48417291 0.45702496 0.47508945 0.39693445 0.45000532 0.44589633  0.47476172 0.42761975 0.50206904 0.41641874
0.00039479 0.36283831 0.35232302 0.39930133 0.34523319 0.50234819  0.48417291 0.45702496 0.47508945 0.39693445 0.45000532 0.44589633  0.47476172 0.42761975 0.50206904 0.41641874
0.00039479 0.36283831 0.35232302 0.39930133 0.34523319 0.50234819  0.48417291 0.45702496 0.47508945 0.39693445 0.45000532 0.44589633  0.47476172 0.42761975 0.50206904 0.41641874
0.00039479 0.36283831 0.35232302 0.39930133 0.34523319 0.50234819  0.48417291 0.45702496 0.47508945 0.39693445 0.45000532 0.44589633  0.47476172 0.42761975 0.50206904 0.41641874
0.00039479 0.36283831 0.35232302 0.39930133 0.34523319 0.50234819  0.48417291 0.45702496 0.47508945 0.39693445 0.45000532 0.44589633  0.47476172 0.42761975 0.50206904 0.41641874
0.00039479 0.36283831 0.35232302 0.39930133 0.34523319 0.50234819  0.48417291 0.45702496 0.47508945 0.39693445 0.45000532 0.44589633  0.47476172 0.42761975 0.50206904 0.41641874
0.00039479 0.36283831 0.35232302 0.39930133 0.34523319 0.50234819  0.48417291 0.45702496 0.47508945 0.39693445 0.45000532 0.44589633  0.47476172 0.42761975 0.50206904 0.41641874
0.00039479 0.36283831 0.35232302 0.39930133 0.34523319 0.50234819  0.48417291 0.45702496 0.47508945 0.39693445 0.45000532 0.44589633  0.47476172 0.42761975 0.50206904 0.41641874
0.00039479 0.36283831 0.35232302 0.39930133 0.34523319 0.50234819  0.48417291 0.45702496 0.47508945 0.39693445 0.45000532 0.44589633  0.47476172 0.42761975 0.50206904 0.41641874
0.00039479 0.36283831 0.35232302 0.39930133 0.34523319 0.50234819  0.48417291 0.45702496 0.47508945 0.39693445 0.45000532 0.44589633  0.47476172 0.42761975 0.50206904 0.41641874
0.00039479 0.36283831 0.35232302 0.39930133 0.34523319 0.50234819  0.48417291 0.45702496 0.47508945 0.39693445 0.45000532 0.44589633  0.47476172 0.42761975 0.50206904 0.41641874
0.00039479 0.36283831 0.35232302 0.39930133 0.34523319 0.50234819  0.48417291 0.45702496 0.47508945 0.39693445 0.45000532 0.44589633  0.47476172 0.42761975 0.50206904 0.41641874
0.00039479 0.36283831 0.35232302 0.39930133 0.34523319 0.50234819  0.48417291 0.45702496 0.47508945 0.39693445 0.45000532 0.44589633  0.47476172 0.42761975 0.50206904 0.41641874
0.00039479 0.36283831 0.35232302 0.39930133 0.34523319 0.50234819  0.48417291 0.45702496 0.47508945 0.39693445 0.45000532 0.44589633  0.47476172 0.42761975 0.50206904 0.41641874
0.00039479 0.36283831 0.35232302 0.39930133 0.34523319 0.50234819  0.48417291 0.45702496 0.47508945 0.39693445 0.45000532 0.44589633  0.47476172 0.42761975 0.50206904 0.41641874
0.00039479 0.36283831 0.35232302 0.39930133 0.34523319 0.50234819  0.48417291 0.45702496 0.47508945 0.39693445 0.45000532 0.44589633  0.47476172 0.42761975 0.50206904 0.41641874
0.00039479 0.36283831 0.35232302 0.39930133 0.34523319 0.50234819  0.48417291 0.45702496 0.47508945 0.39693445 0.45000532 0.44589633  0.47476172 0.42761975 0.50206904 0.41641874
0.00039479 0.36283831 0.35232302 0.39930133 0.34523319 0.50234819  0.48417291 0.45702496 0.47508945 0.39693445 0.45000532 0.44589633  0.47476172 0.42761975 0.50206904 0.41641874
0.00039479 0.36283831 0.35232302 0.39930133 0.34523319 0.50234819  0.48417291 0.45702496 0.47508945 0.39693445 0.45000532 0.44589633  0.47476172 0.42761975 0.50206904 0.41641874
0.00039479 0.36283831 0.35232302 0.39930133 0.34523319 0.50234819  0.48417291 0.45702496 0.47508945 0.39693445 0.45000532 0.44589633  0.47476172 0.42761975 0.50206904 0.41641874
0.00039479 0.36283831 0.35232302 0.39930133 0.34523319 0.50234819  0.48417291 0.45702496 0.47508945 0.39693445 0.45000532 0.44589633  0.47476172 0.42761975 0.50206904 0.41641874
0.00039479 0.36283831 0.35232302 0.39930133 0.34523319 0.50234819  0.48417291 0.45702496 0.47508945 0.39693445 0.45000532 0.44589633  0.47476172 0.42761975 0.50206904 0.41641874
0.00039479 0.36283831 0.35232302 0.39930133 0.34523319 0.50234819  0.48417291 0.45702496 0.47508945 0.39693445 0.45000532 0.44589633  0.47476172 0.42761975 0.50206904 0.41641874
0.00039479 0.36283831 0.35232302 0.39930133 0.34523319 0.50234819  0.48417291 0.45702496 0.47508945 0.39693445 0.45000532 0.44589633  0.47476172 0.42761975 0.50206904 0.41641874
0.00039479 0.36283831 0.35232302 0.39930133 0.34523319 0.50234819  0.48417291 0.45702496 0.47508945 0.39693445 0.45000532 0.44589633  0.47476172 0.42761975 0.50206904 0.41641874
0.00039479 0.36283831 0.35232302 0.39930133 0.34523319 0.50234819  0.48417291 0.45702496 0.47508945 0.39693445 0.45000532 0.44589633  0.47476172 0.42761975 0.50206904 0.41641874
