0.00039479 0.36283831 0.35232302 0.39930133 0.34523319 0.50234819  0.48417291 0.45702496 0.47508945 0.39693445 0.45000532 0.44589633  0.47476172 0.42761975 0.50206904 0.41641874
0.00039479 0.36283831 0.35232302 0.39930133 0.34523319 0.50234819  0.48417291 0.45702496 0.47508945 0.39693445 0.45000532 0.44589633  0.47476172 0.42761975 0.50206904 0.41641874
0.00039479 0.36283831 0.35232302 0.39930133 0.34523319 0.50234819  0.48417291 0.45702496 0.47508945 0.39693445 0.45000532 0.44589633  0.47476172 0.42761975 0.50206904 0.41641874
0.00039479 0.36283831 0.35232302 0.39930133 0.34523319 0.50234819  0.48417291 0.45702496 0.47508945 0.39693445 0.45000532 0.44589633  0.47476172 0.42761975 0.50206904 0.41641874
0.00039479 0.36283831 0.35232302 0.39930133 0.34523319 0.50234819  0.48417291 0.45702496 0.47508945 0.39693445 0.45000532 0.44589633  0.47476172 0.42761975 0.50206904 0.41641874
0.00039479 0.36283831 0.35232302 0.39930133 0.34523319 0.50234819  0.48417291 0.45702496 0.47508945 0.39693445 0.45000532 0.44589633  0.47476172 0.42761975 0.50206904 0.41641874
0.00039479 0.36283831 0.35232302 0.39930133 0.34523319 0.50234819  0.48417291 0.45702496 0.47508945 0.39693445 0.45000532 0.44589633  0.47476172 0.42761975 0.50206904 0.41641874
0.00039479 0.36283831 0.35232302 0.39930133 0.34523319 0.50234819  0.48417291 0.45702496 0.47508945 0.39693445 0.45000532 0.44589633  0.47476172 0.42761975 0.50206904 0.41641874
0.00039479 0.36283831 0.35232302 0.39930133 0.34523319 0.50234819  0.48417291 0.45702496 0.47508945 0.39693445 0.45000532 0.44589633  0.47476172 0.42761975 0.50206904 0.41641874
0.00039479 0.36283831 0.35232302 0.39930133 0.34523319 0.50234819  0.48417291 0.45702496 0.47508945 0.39693445 0.45000532 0.44589633  0.47476172 0.42761975 0.50206904 0.41641874
0.00039479 0.36283831 0.35232302 0.39930133 0.34523319 0.50234819  0.48417291 0.45702496 0.47508945 0.39693445 0.45000532 0.44589633  0.47476172 0.42761975 0.50206904 0.41641874
0.00039479 0.36283831 0.35232302 0.39930133 0.34523319 0.50234819  0.48417291 0.45702496 0.47508945 0.39693445 0.45000532 0.44589633  0.47476172 0.42761975 0.50206904 0.41641874
0.00039479 0.36283831 0.35232302 0.39930133 0.34523319 0.50234819  0.48417291 0.45702496 0.47508945 0.39693445 0.45000532 0.44589633  0.47476172 0.42761975 0.50206904 0.41641874
0.00039479 0.36283831 0.35232302 0.39930133 0.34523319 0.50234819  0.48417291 0.45702496 0.47508945 0.39693445 0.45000532 0.44589633  0.47476172 0.42761975 0.50206904 0.41641874
0.00039479 0.36283831 0.35232302 0.39930133 0.34523319 0.50234819  0.48417291 0.45702496 0.47508945 0.39693445 0.45000532 0.44589633  0.47476172 0.42761975 0.50206904 0.41641874
0.00039479 0.36283831 0.35232302 0.39930133 0.34523319 0.50234819  0.48417291 0.45702496 0.47508945 0.39693445 0.45000532 0.44589633  0.47476172 0.42761975 0.50206904 0.41641874
0.00039479 0.36283831 0.35232302 0.39930133 0.34523319 0.50234819  0.48417291 0.45702496 0.47508945 0.39693445 0.45000532 0.44589633  0.47476172 0.42761975 0.50206904 0.41641874
0.00039479 0.36283831 0.35232302 0.39930133 0.34523319 0.50234819  0.48417291 0.45702496 0.47508945 0.39693445 0.45000532 0.44589633  0.47476172 0.42761975 0.50206904 0.41641874
0.00039479 0.36283831 0.35232302 0.39930133 0.34523319 0.50234819  0.48417291 0.45702496 0.47508945 0.39693445 0.45000532 0.44589633  0.47476172 0.42761975 0.50206904 0.41641874
0.00039479 0.36283831 0.35232302 0.39930133 0.34523319 0.50234819  0.48417291 0.45702496 0.47508945 0.39693445 0.45000532 0.44589633  0.47476172 0.42761975 0.50206904 0.41641874
0.00039479 0.36283831 0.35232302 0.39930133 0.34523319 0.50234819  0.48417291 0.45702496 0.47508945 0.39693445 0.45000532 0.44589633  0.47476172 0.42761975 0.50206904 0.41641874
0.00039479 0.36283831 0.35232302 0.39930133 0.34523319 0.50234819  0.48417291 0.45702496 0.47508945 0.39693445 0.45000532 0.44589633  0.47476172 0.42761975 0.50206904 0.41641874
0.00039479 0.36283831 0.35232302 0.39930133 0.34523319 0.50234819  0.48417291 0.45702496 0.47508945 0.39693445 0.45000532 0.44589633  0.47476172 0.42761975 0.50206904 0.41641874
0.00039479 0.36283831 0.35232302 0.39930133 0.34523319 0.50234819  0.48417291 0.45702496 0.47508945 0.39693445 0.45000532 0.44589633  0.47476172 0.42761975 0.50206904 0.41641874
0.00039479 0.36283831 0.35232302 0.39930133 0.34523319 0.50234819  0.48417291 0.45702496 0.47508945 0.39693445 0.45000532 0.44589633  0.47476172 0.42761975 0.50206904 0.41641874
0.00039479 0.36283831 0.35232302 0.39930133 0.34523319 0.50234819  0.48417291 0.45702496 0.47508945 0.39693445 0.45000532 0.44589633  0.47476172 0.42761975 0.50206904 0.41641874
0.00039479 0.36283831 0.35232302 0.39930133 0.34523319 0.50234819  0.48417291 0.45702496 0.47508945 0.39693445 0.45000532 0.44589633  0.47476172 0.42761975 0.50206904 0.41641874
0.00039479 0.36283831 0.35232302 0.39930133 0.34523319 0.50234819  0.48417291 0.45702496 0.47508945 0.39693445 0.45000532 0.44589633  0.47476172 0.42761975 0.50206904 0.41641874
0.00039479 0.36283831 0.35232302 0.39930133 0.34523319 0.50234819  0.48417291 0.45702496 0.47508945 0.39693445 0.45000532 0.44589633  0.47476172 0.42761975 0.50206904 0.41641874
0.00039479 0.36283831 0.35232302 0.39930133 0.34523319 0.50234819  0.48417291 0.45702496 0.47508945 0.39693445 0.45000532 0.44589633  0.47476172 0.42761975 0.50206904 0.41641874
0.00039479 0.36283831 0.35232302 0.39930133 0.34523319 0.50234819  0.48417291 0.45702496 0.47508945 0.39693445 0.45000532 0.44589633  0.47476172 0.42761975 0.50206904 0.41641874
0.00039479 0.36283831 0.35232302 0.39930133 0.34523319 0.50234819  0.48417291 0.45702496 0.47508945 0.39693445 0.45000532 0.44589633  0.47476172 0.42761975 0.50206904 0.41641874
0.00039479 0.36283831 0.35232302 0.39930133 0.34523319 0.50234819  0.48417291 0.45702496 0.47508945 0.39693445 0.45000532 0.44589633  0.47476172 0.42761975 0.50206904 0.41641874
0.00039479 0.36283831 0.35232302 0.39930133 0.34523319 0.50234819  0.48417291 0.45702496 0.47508945 0.39693445 0.45000532 0.44589633  0.47476172 0.42761975 0.50206904 0.41641874
0.00039479 0.36283831 0.35232302 0.39930133 0.34523319 0.50234819  0.48417291 0.45702496 0.47508945 0.39693445 0.45000532 0.44589633  0.47476172 0.42761975 0.50206904 0.41641874
0.00039479 0.36283831 0.35232302 0.39930133 0.34523319 0.50234819  0.48417291 0.45702496 0.47508945 0.39693445 0.45000532 0.44589633  0.47476172 0.42761975 0.50206904 0.41641874
0.00039479 0.36283831 0.35232302 0.39930133 0.34523319 0.50234819  0.48417291 0.45702496 0.47508945 0.39693445 0.45000532 0.44589633  0.47476172 0.42761975 0.50206904 0.41641874
0.00039479 0.36283831 0.35232302 0.39930133 0.34523319 0.50234819  0.48417291 0.45702496 0.47508945 0.39693445 0.45000532 0.44589633  0.47476172 0.42761975 0.50206904 0.41641874
0.00039479 0.36283831 0.35232302 0.39930133 0.34523319 0.50234819  0.48417291 0.45702496 0.47508945 0.39693445 0.45000532 0.44589633  0.47476172 0.42761975 0.50206904 0.41641874
0.00039479 0.36283831 0.35232302 0.39930133 0.34523319 0.50234819  0.48417291 0.45702496 0.47508945 0.39693445 0.45000532 0.44589633  0.47476172 0.42761975 0.50206904 0.41641874
0.036499   0.4136052  0.32689915 0.44131983 0.35849141 0.46998238  0.44238674 0.48309237 0.51122948 0.39140593 0.4647934  0.44190053  0.49541806 0.47227461 0.56842447 0.40104815
0.07211425 0.46582772 0.30103097 0.48750967 0.37442167 0.4336597  0.39359642 0.51070944 0.54872091 0.39594525 0.46325231 0.44711379  0.50823922 0.52201119 0.67069743 0.41178738
0.07211425 0.46582772 0.30103097 0.48750967 0.37442167 0.4336597  0.39359642 0.51070944 0.54872091 0.39594525 0.46325231 0.44711379  0.50823922 0.52201119 0.67069743 0.41178738
0.07211425 0.46582772 0.30103097 0.48750967 0.37442167 0.4336597  0.39359642 0.51070944 0.54872091 0.39594525 0.46325231 0.44711379  0.50823922 0.52201119 0.67069743 0.41178738
0.12714277 0.53586069 0.26796026 0.53632542 0.37899404 0.42884332  0.34735218 0.51491736 0.5909156  0.41772377 0.47101852 0.45930607  0.46299255 0.53978184 0.76282054 0.40235625
0.21736134 0.66482413 0.20098447 0.64592566 0.42014565 0.30916172  0.27231725 0.57473812 0.58243932 0.39781871 0.41979592 0.45962201  0.54291742 0.54402049 0.73118842 0.41700151
0.25348622 0.71136997 0.17563316 0.67688859 0.43151247 0.26742085  0.27495577 0.58244661 0.53373258 0.38449213 0.38678118 0.45763486  0.56439986 0.47958742 0.59795822 0.42736216
0.29082203 0.74719787 0.16258789 0.68412143 0.4126472  0.34081881  0.25984336 0.53401816 0.58778509 0.42852519 0.41939891 0.47200023  0.46984945 0.48043082 0.66770791 0.42820069
0.38269994 0.79260199 0.126533   0.62463227 0.38811706 0.44605974  0.40123095 0.39108963 0.49843153 0.49771317 0.40723258 0.50452022  0.31185225 0.39371996 0.59050128 0.45528372
0.476184   0.81808372 0.11473078 0.51013595 0.32306887 0.63945974  0.52985071 0.36039565 0.48121269 0.46570131 0.52960427 0.45729399  0.36358119 0.32448577 0.38797662 0.45114741
0.52906469 0.78820068 0.09336626 0.38841304 0.34732777 0.60797626  0.70061735 0.39068725 0.41489499 0.43795197 0.56221965 0.44478585  0.48337353 0.40582652 0.48947905 0.4686588 
0.5805287  0.74168416 0.10642507 0.28770622 0.32206729 0.63853522  0.69543258 0.52707274 0.42096165 0.40027037 0.50992896 0.43680873  0.65015541 0.43933157 0.5128832  0.50609601
0.70117714 0.52655071 0.10790857 0.13894749 0.32356992 0.54645193  0.52049994 0.55594736 0.53781407 0.39196376 0.2982542  0.51673463  0.54993693 0.44081099 0.6474451  0.51754902
0.75208067 0.39228106 0.08508021 0.14688579 0.38960644 0.49456302  0.40980458 0.42736044 0.58852518 0.35980369 0.3175822  0.46600757  0.44869873 0.58591418 0.42978455 0.59961575
0.80228822 0.23614651 0.07657788 0.34254933 0.49859112 0.58857074  0.43837252 0.53399942 0.5838619  0.29662386 0.26607284 0.41664422  0.1829745  0.68682872 0.29234416 0.53663698
0.82599565 0.13849337 0.05818227 0.52866461 0.59984568 0.72602069  0.50521178 0.60139197 0.53489211 0.23154291 0.19489479 0.36210081  0.14566592 0.73121409 0.34270791 0.47870405
0.82745254 0.13169389 0.05885334 0.55184962 0.60750935 0.73772689  0.53240704 0.61851436 0.56167558 0.21444763 0.17590709 0.39519902  0.12584285 0.75418211 0.30831442 0.46006283
0.85127954 0.09296936 0.08909472 0.59681877 0.57220728 0.72996964  0.50115412 0.63274001 0.51633148 0.28760154 0.23206712 0.43164086  0.13267229 0.76303803 0.21350168 0.47404779
0.86598823 0.06715304 0.11641858 0.65649996 0.55546112 0.72985407  0.52861188 0.66470949 0.49377293 0.32068151 0.25371732 0.49795561  0.10157771 0.82138534 0.19396549 0.40111276
0.86598823 0.06715304 0.11641858 0.65649996 0.55546112 0.72985407  0.52861188 0.66470949 0.49377293 0.32068151 0.25371732 0.49795561  0.10157771 0.82138534 0.19396549 0.40111276
0.86360428 0.07832347 0.11674829 0.62292302 0.54237087 0.70917316  0.4953354  0.63852862 0.46900937 0.33726603 0.27726899 0.46067771  0.11647053 0.80278809 0.21912722 0.43768796
0.82599565 0.13849337 0.05818227 0.52866461 0.59984568 0.72602069  0.50521178 0.60139197 0.53489211 0.23154291 0.19489479 0.36210081  0.14566592 0.73121409 0.34270791 0.47870405
0.81542619 0.18106966 0.06509665 0.45210918 0.5598427  0.6779666  0.48660862 0.57700256 0.57142519 0.25755036 0.1963964  0.38734552  0.20430045 0.64423678 0.39970004 0.44814827
0.78197053 0.31566824 0.0839206  0.20404334 0.43040128 0.51822051  0.41738793 0.51757096 0.66724987 0.27412897 0.22273588 0.53061135  0.23848714 0.53800919 0.36515668 0.35167166
0.72156351 0.45187337 0.07829868 0.21363388 0.40965984 0.58287978  0.54592352 0.43985229 0.62787229 0.31719663 0.22940563 0.50550938  0.6384595  0.5563433  0.59648233 0.41420407
0.65608071 0.61255755 0.09736976 0.19779772 0.33162354 0.61369834  0.60309255 0.40887152 0.50879373 0.39091105 0.27955733 0.50477235  0.73823613 0.51982022 0.64011071 0.50613731
0.60770874 0.67843418 0.08732619 0.27171269 0.34968784 0.61452971  0.66390205 0.37005254 0.46702154 0.4080782  0.39559939 0.47115847  0.69454142 0.47698965 0.59448663 0.47890698
0.52906469 0.78820068 0.09336626 0.38841304 0.34732777 0.60797626  0.70061735 0.39068725 0.41489499 0.43795197 0.56221965 0.44478585  0.48337353 0.40582652 0.48947905 0.4686588 
0.52906469 0.78820068 0.09336626 0.38841304 0.34732777 0.60797626  0.70061735 0.39068725 0.41489499 0.43795197 0.56221965 0.44478585  0.48337353 0.40582652 0.48947905 0.4686588 
0.52906469 0.78820068 0.09336626 0.38841304 0.34732777 0.60797626  0.70061735 0.39068725 0.41489499 0.43795197 0.56221965 0.44478585  0.48337353 0.40582652 0.48947905 0.4686588 
0.52906469 0.78820068 0.09336626 0.38841304 0.34732777 0.60797626  0.70061735 0.39068725 0.41489499 0.43795197 0.56221965 0.44478585  0.48337353 0.40582652 0.48947905 0.4686588 
0.54644978 0.77232352 0.09582484 0.34712351 0.34185412 0.61325183  0.71214736 0.45680348 0.41778916 0.41562658 0.56980044 0.43204295  0.55008453 0.4215556  0.49818758 0.48664996
0.58058938 0.74077215 0.10591668 0.28707176 0.32221476 0.63669908  0.69698389 0.52406533 0.42106811 0.39571088 0.50605994 0.43471412  0.65405345 0.43653402 0.52324201 0.50035556
0.59787761 0.73134667 0.12022963 0.27059545 0.29584709 0.67845973  0.66056277 0.55335991 0.40061692 0.40211321 0.42785235 0.44404497  0.69609507 0.42322775 0.46911648 0.50576494
0.61392737 0.70525158 0.1213932  0.23751204 0.29622314 0.65927076  0.64685717 0.60988884 0.42383282 0.38391055 0.43466685 0.44608585  0.67793819 0.40029594 0.53045078 0.51804505
0.61392737 0.70525158 0.1213932  0.23751204 0.29622314 0.65927076  0.64685717 0.60988884 0.42383282 0.38391055 0.43466685 0.44608585  0.67793819 0.40029594 0.53045078 0.51804505
0.61392737 0.70525158 0.1213932  0.23751204 0.29622314 0.65927076  0.64685717 0.60988884 0.42383282 0.38391055 0.43466685 0.44608585  0.67793819 0.40029594 0.53045078 0.51804505
0.61392737 0.70525158 0.1213932  0.23751204 0.29622314 0.65927076  0.64685717 0.60988884 0.42383282 0.38391055 0.43466685 0.44608585  0.67793819 0.40029594 0.53045078 0.51804505
0.56324047 0.75110964 0.09211211 0.30418254 0.34843496 0.59677457  0.7318537  0.49777815 0.44141285 0.39386804 0.58813656 0.42747788  0.60811379 0.45263783 0.56700873 0.50068664
0.51122529 0.79950986 0.09455724 0.43195576 0.3493868  0.5994669  0.66683861 0.34610602 0.416032   0.46732754 0.53386627 0.462384  0.40329739 0.37544479 0.47961754 0.45658068
0.40159402 0.8015986  0.12500544 0.60696578 0.36978644 0.5024664  0.40770507 0.38533351 0.52664228 0.49491721 0.45120525 0.49400329  0.33171962 0.37835429 0.54207228 0.46866675
0.28941048 0.7173611  0.15194679 0.63583584 0.44380303 0.25130268  0.4075226  0.49662147 0.39921694 0.43225037 0.32904419 0.49134731  0.39297529 0.41416589 0.58391102 0.43753976
0.14266281 0.57111811 0.24346926 0.58864857 0.41919893 0.2750046  0.34447917 0.58052413 0.43403321 0.36578813 0.27666781 0.46216179  0.71573849 0.41513062 0.40326657 0.53135164
0.03544839 0.41404176 0.32462587 0.44710978 0.36503751 0.43337561  0.45603541 0.49115319 0.43842582 0.38389341 0.37735876 0.45056284  0.56420009 0.3942791  0.4095445  0.46588946
0.00039479 0.36283831 0.35232302 0.39930133 0.34523319 0.50234819  0.48417291 0.45702496 0.47508945 0.39693445 0.45000532 0.44589633  0.47476172 0.42761975 0.50206904 0.41641874
0.00039479 0.36283831 0.35232302 0.39930133 0.34523319 0.50234819  0.48417291 0.45702496 0.47508945 0.39693445 0.45000532 0.44589633  0.47476172 0.42761975 0.50206904 0.41641874
0.00039479 0.36283831 0.35232302 0.39930133 0.34523319 0.50234819  0.48417291 0.45702496 0.47508945 0.39693445 0.45000532 0.44589633  0.47476172 0.42761975 0.50206904 0.41641874
0.00039479 0.36283831 0.35232302 0.39930133 0.34523319 0.50234819  0.48417291 0.45702496 0.47508945 0.39693445 0.45000532 0.44589633  0.47476172 0.42761975 0.50206904 0.41641874
0.00039479 0.36283831 0.35232302 0.39930133 0.34523319 0.50234819  0.48417291 0.45702496 0.47508945 0.39693445 0.45000532 0.44589633  0.47476172 0.42761975 0.50206904 0.41641874
0.00039479 0.36283831 0.35232302 0.39930133 0.34523319 0.50234819  0.48417291 0.45702496 0.47508945 0.39693445 0.45000532 0.44589633  0.47476172 0.42761975 0.50206904 0.41641874
0.00039479 0.36283831 0.35232302 0.39930133 0.34523319 0.50234819  0.48417291 0.45702496 0.47508945 0.39693445 0.45000532 0.44589633  0.47476172 0.42761975 0.50206904 0.41641874
0.00039479 0.36283831 0.35232302 0.39930133 0.34523319 0.50234819  0.48417291 0.45702496 0.47508945 0.39693445 0.45000532 0.44589633  0.47476172 0.42761975 0.50206904 0.41641874
0.00039479 0.36283831 0.35232302 0.39930133 0.34523319 0.50234819  0.48417291 0.45702496 0.47508945 0.39693445 0.45000532 0.44589633  0.47476172 0.42761975 0.50206904 0.41641874
0.00039479 0.36283831 0.35232302 0.39930133 0.34523319 0.50234819  0.48417291 0.45702496 0.47508945 0.39693445 0.45000532 0.44589633  0.47476172 0.42761975 0.50206904 0.41641874
0.00039479 0.36283831 0.35232302 0.39930133 0.34523319 0.50234819  0.48417291 0.45702496 0.47508945 0.39693445 0.45000532 0.44589633  0.47476172 0.42761975 0.50206904 0.41641874
0.00039479 0.36283831 0.35232302 0.39930133 0.34523319 0.50234819  0.48417291 0.45702496 0.47508945 0.39693445 0.45000532 0.44589633  0.47476172 0.42761975 0.50206904 0.41641874
0.00039479 0.36283831 0.35232302 0.39930133 0.34523319 0.50234819  0.48417291 0.45702496 0.47508945 0.39693445 0.45000532 0.44589633  0.47476172 0.42761975 0.50206904 0.41641874
0.00039479 0.36283831 0.35232302 0.39930133 0.34523319 0.50234819  0.48417291 0.45702496 0.47508945 0.39693445 0.45000532 0.44589633  0.47476172 0.42761975 0.50206904 0.41641874
0.03540017 0.41718963 0.32450808 0.45341476 0.36814944 0.43963834  0.43244666 0.49689867 0.48559948 0.39258167 0.40702111 0.45241186  0.54776626 0.46341302 0.546645   0.45216901
0.03540017 0.41718963 0.32450808 0.45341476 0.36814944 0.43963834  0.43244666 0.49689867 0.48559948 0.39258167 0.40702111 0.45241186  0.54776626 0.46341302 0.546645   0.45216901
0.08929007 0.49596024 0.28463943 0.52333586 0.39273086 0.37450087  0.36867884 0.53837944 0.51416758 0.39179685 0.38466226 0.458346  0.58859171 0.5034251  0.61911333 0.47068006
0.10774152 0.51938094 0.27322954 0.53829228 0.39481008 0.37336108  0.35194992 0.54520208 0.54640461 0.38832519 0.42138917 0.45111766  0.5741325  0.53458271 0.66965665 0.43815963
0.10774152 0.51938094 0.27322954 0.53829228 0.39481008 0.37336108  0.35194992 0.54520208 0.54640461 0.38832519 0.42138917 0.45111766  0.5741325  0.53458271 0.66965665 0.43815963
0.10774152 0.51938094 0.27322954 0.53829228 0.39481008 0.37336108  0.35194992 0.54520208 0.54640461 0.38832519 0.42138917 0.45111766  0.5741325  0.53458271 0.66965665 0.43815963
0.10774152 0.51938094 0.27322954 0.53829228 0.39481008 0.37336108  0.35194992 0.54520208 0.54640461 0.38832519 0.42138917 0.45111766  0.5741325  0.53458271 0.66965665 0.43815963
0.08947889 0.49416356 0.28529676 0.51915379 0.39061706 0.37819992  0.37407124 0.53821396 0.51552021 0.38148996 0.40188488 0.44918739  0.59920033 0.50714214 0.59614754 0.44602083
0.05385162 0.44061033 0.31309819 0.46837117 0.37022865 0.43849854  0.41571774 0.50372131 0.51783651 0.38911002 0.44374802 0.44518352  0.53330705 0.49457062 0.59718832 0.41964858
0.03540017 0.41718963 0.32450808 0.45341476 0.36814944 0.43963834  0.43244666 0.49689867 0.48559948 0.39258167 0.40702111 0.45241186  0.54776626 0.46341302 0.546645   0.45216901
0.0177474  0.38984345 0.33852207 0.42635267 0.35697043 0.47086435  0.45750391 0.47765391 0.48169648 0.39463854 0.42895995 0.44917931  0.51265071 0.44991576 0.53083289 0.43501917
0.0177474  0.38984345 0.33852207 0.42635267 0.35697043 0.47086435  0.45750391 0.47765391 0.48169648 0.39463854 0.42895995 0.44917931  0.51265071 0.44991576 0.53083289 0.43501917
0.0177474  0.38984345 0.33852207 0.42635267 0.35697043 0.47086435  0.45750391 0.47765391 0.48169648 0.39463854 0.42895995 0.44917931  0.51265071 0.44991576 0.53083289 0.43501917
0.08841115 0.52787043 0.53399646 0.4176422  0.52182587 0.47069694  0.38231876 0.4214005  0.54019762 0.31986341 0.4241576  0.33143384  0.3824947  0.68540558 0.50552793 0.43842939
0.13642683 0.61726389 0.60691903 0.4011795  0.6873777  0.48241963  0.33524281 0.42614237 0.61845519 0.41541245 0.35796331 0.26856828  0.36078076 0.70822634 0.59259077 0.38448122
0.13448469 0.62553467 0.62040323 0.35806182 0.85826699 0.54463985  0.26370752 0.44430755 0.52991716 0.44034374 0.52319659 0.50868245  0.42673079 0.65535461 0.60181574 0.45780889
0.13448469 0.62553467 0.62040323 0.35806182 0.85826699 0.54463985  0.26370752 0.44430755 0.52991716 0.44034374 0.52319659 0.50868245  0.42673079 0.65535461 0.60181574 0.45780889
0.13448469 0.62553467 0.62040323 0.35806182 0.85826699 0.54463985  0.26370752 0.44430755 0.52991716 0.44034374 0.52319659 0.50868245  0.42673079 0.65535461 0.60181574 0.45780889
0.15279298 0.63466255 0.62172197 0.35232289 0.83645542 0.61527057  0.24673386 0.40568091 0.55666823 0.48108202 0.48732143 0.53110308  0.42696847 0.65233164 0.62645883 0.50705629
0.13448469 0.62553467 0.62040323 0.35806182 0.85826699 0.54463985  0.26370752 0.44430755 0.52991716 0.44034374 0.52319659 0.50868245  0.42673079 0.65535461 0.60181574 0.45780889
0.13163151 0.60445357 0.57492247 0.40502391 0.67099231 0.48867824  0.32425448 0.43065077 0.59399016 0.42672002 0.39337283 0.31717521  0.39180488 0.7220481  0.57808276 0.39210148
0.12063614 0.57076162 0.49699666 0.43360095 0.58233393 0.48116193  0.33968068 0.45032508 0.587211   0.44904008 0.41697416 0.360033  0.40903237 0.69161788 0.60420025 0.3887499 
0.09061253 0.48743509 0.29286715 0.50015424 0.36731435 0.46287474  0.37246097 0.49395571 0.58203106 0.43227057 0.46293904 0.46598966  0.43318955 0.52293413 0.76212397 0.43295566
0.05443216 0.43991703 0.3142244  0.46315369 0.36540645 0.46020273  0.41824324 0.49041202 0.54046264 0.40109273 0.47928458 0.4463709  0.4627046  0.50574427 0.65870912 0.40033448
0.0177474  0.38984345 0.33852207 0.42635267 0.35697043 0.47086435  0.45750391 0.47765391 0.48169648 0.39463854 0.42895995 0.44917931  0.51265071 0.44991576 0.53083289 0.43501917
0.0177474  0.38984345 0.33852207 0.42635267 0.35697043 0.47086435  0.45750391 0.47765391 0.48169648 0.39463854 0.42895995 0.44917931  0.51265071 0.44991576 0.53083289 0.43501917
0.0177474  0.38984345 0.33852207 0.42635267 0.35697043 0.47086435  0.45750391 0.47765391 0.48169648 0.39463854 0.42895995 0.44917931  0.51265071 0.44991576 0.53083289 0.43501917
0.0177474  0.38984345 0.33852207 0.42635267 0.35697043 0.47086435  0.45750391 0.47765391 0.48169648 0.39463854 0.42895995 0.44917931  0.51265071 0.44991576 0.53083289 0.43501917
0.0177474  0.38984345 0.33852207 0.42635267 0.35697043 0.47086435  0.45750391 0.47765391 0.48169648 0.39463854 0.42895995 0.44917931  0.51265071 0.44991576 0.53083289 0.43501917
0.0177474  0.38984345 0.33852207 0.42635267 0.35697043 0.47086435  0.45750391 0.47765391 0.48169648 0.39463854 0.42895995 0.44917931  0.51265071 0.44991576 0.53083289 0.43501917
0.03616952 0.41469964 0.32629163 0.4440152  0.36121344 0.46504157  0.44036456 0.48342389 0.50957824 0.3942575  0.45978029 0.44444063  0.48777243 0.47830371 0.58520001 0.40819568
0.09097892 0.53638187 0.44814732 0.42501971 0.55468326 0.44551221  0.37078379 0.49261829 0.55167155 0.41272191 0.37574091 0.32066718  0.42224239 0.63159835 0.53701278 0.3896427 
0.17290692 0.65185223 0.5949934  0.41574986 0.67345298 0.53216724  0.30655024 0.39506052 0.64451298 0.45370811 0.31927079 0.29042918  0.3578821  0.70901338 0.6229326  0.42969682
0.20907885 0.69371859 0.57809648 0.44361309 0.66724285 0.5604656  0.26704408 0.37448901 0.6774482  0.49699118 0.27549462 0.3181061  0.34845759 0.71630475 0.69336923 0.4861309 
0.20033469 0.66817099 0.51782505 0.45732411 0.61817075 0.55080524  0.28911649 0.39955732 0.69286695 0.57033309 0.2811723  0.32328434  0.39255569 0.70197323 0.6919451  0.44938235
0.19020586 0.63069092 0.43840281 0.48067361 0.5410217  0.5345844  0.30848761 0.41541986 0.69051738 0.62439277 0.32748822 0.38590559  0.4913868  0.66254099 0.71929021 0.44153366
0.18171599 0.5873105  0.2526347  0.55754425 0.34925871 0.53978092  0.28753333 0.44912499 0.67326109 0.51037764 0.41719727 0.50829913  0.40640717 0.56217014 0.91344574 0.50208491
0.1634077  0.57818262 0.25131597 0.56328317 0.37107029 0.4691502  0.30450699 0.48775163 0.64651003 0.46963936 0.45307243 0.4858785  0.40616949 0.56519311 0.88880265 0.4528375 
0.16300672 0.59019948 0.24054488 0.58613735 0.39727061 0.38450014  0.29995346 0.54214256 0.62033245 0.42011282 0.46580591 0.46157102  0.47168012 0.57822034 0.83674291 0.41397991
0.21811495 0.6607022  0.20448277 0.63120568 0.40994371 0.35307561  0.27866616 0.55503149 0.63232455 0.40354269 0.50394862 0.44815026  0.46149826 0.58017808 0.81272804 0.36278689
0.25490202 0.70882043 0.179154   0.66257392 0.42141101 0.319041  0.27737251 0.55895097 0.59931949 0.39416943 0.49194395 0.44612189  0.46006667 0.53347461 0.72142005 0.35659558
0.38438991 0.80441982 0.1389571  0.63052601 0.35570899 0.5327666  0.33422335 0.42555785 0.61133757 0.46252145 0.5250024  0.46241813  0.36426426 0.40157421 0.53067538 0.42587196
0.40307465 0.81317002 0.12939876 0.61095755 0.35690898 0.53654769  0.3929279  0.40591639 0.56606153 0.45419495 0.56041313 0.45027724  0.29108188 0.37615142 0.48867626 0.38116118
0.45897988 0.82090494 0.12868243 0.53369618 0.30899141 0.66975993  0.45636899 0.40061998 0.56590799 0.43330554 0.60340142 0.42570883  0.39612583 0.34770569 0.37657972 0.40835261
0.52869672 0.7814719  0.13031132 0.40882737 0.28916851 0.69500532  0.53873834 0.50038769 0.46251866 0.42040268 0.48733085 0.43628379  0.55240995 0.35729031 0.35242113 0.48662607
0.61204657 0.69166987 0.13530569 0.25436222 0.2800298  0.65842768  0.56551448 0.67507833 0.43408465 0.4122203  0.40456082 0.46222424  0.57594593 0.33936633 0.49120841 0.5351474 
0.70498338 0.52389963 0.10783818 0.1154731  0.32218018 0.54422982  0.50665027 0.53509324 0.51746905 0.39550295 0.25348136 0.53445727  0.48672703 0.62113457 0.60266765 0.60122362
0.73362917 0.4641041  0.11726522 0.10048381 0.31245639 0.49351562  0.43987377 0.59023638 0.52591057 0.39539662 0.28134925 0.53642404  0.3274846  0.56291092 0.57390486 0.57767005
0.77435804 0.38066808 0.12421269 0.11191923 0.3227228  0.47315536  0.32496192 0.50925369 0.53154718 0.38177579 0.27969949 0.51889896  0.31566138 0.46336125 0.39436004 0.45098327
0.78743402 0.34532367 0.11693221 0.10924094 0.34124527 0.4476743  0.28979287 0.46258968 0.56986447 0.35974761 0.30242544 0.50503654  0.31027533 0.42624738 0.32024595 0.41571156
0.78743402 0.34532367 0.11693221 0.10924094 0.34124527 0.4476743  0.28979287 0.46258968 0.56986447 0.35974761 0.30242544 0.50503654  0.31027533 0.42624738 0.32024595 0.41571156
0.81632683 0.2323624  0.09565876 0.28858077 0.44320011 0.56661576  0.29075881 0.46220879 0.42111226 0.34857887 0.32453303 0.31091205  0.34177773 0.41149785 0.45724959 0.52961597
0.836248   0.19295006 0.13132247 0.35399358 0.41154646 0.51715578  0.31747757 0.47037642 0.39142726 0.45660727 0.46133738 0.36300697  0.37450669 0.43701698 0.47843988 0.54335253
0.84993505 0.17316599 0.1585116  0.387556   0.38455428 0.49709176  0.30806001 0.47571672 0.32586982 0.5079689  0.52607032 0.3843542  0.33070337 0.53487817 0.44124291 0.55318246
0.8571422  0.14500161 0.15572894 0.43466263 0.40819313 0.52274314  0.31034716 0.47772213 0.29209749 0.52294017 0.54012531 0.33289306  0.32495704 0.56170514 0.43782839 0.62089077
0.8571422  0.14500161 0.15572894 0.43466263 0.40819313 0.52274314  0.31034716 0.47772213 0.29209749 0.52294017 0.54012531 0.33289306  0.32495704 0.56170514 0.43782839 0.62089077
0.8571422  0.14500161 0.15572894 0.43466263 0.40819313 0.52274314  0.31034716 0.47772213 0.29209749 0.52294017 0.54012531 0.33289306  0.32495704 0.56170514 0.43782839 0.62089077
0.8571422  0.14500161 0.15572894 0.43466263 0.40819313 0.52274314  0.31034716 0.47772213 0.29209749 0.52294017 0.54012531 0.33289306  0.32495704 0.56170514 0.43782839 0.62089077
0.8571422  0.14500161 0.15572894 0.43466263 0.40819313 0.52274314  0.31034716 0.47772213 0.29209749 0.52294017 0.54012531 0.33289306  0.32495704 0.56170514 0.43782839 0.62089077
0.84481746 0.1596475  0.12807536 0.40855839 0.43802954 0.54353962  0.31616588 0.47193351 0.3394196  0.47327569 0.49492344 0.30385621  0.3411588  0.52195507 0.43220285 0.6572506 
0.8248963  0.19905985 0.09241165 0.34314558 0.4696832  0.5929996  0.28944711 0.46376588 0.3691046  0.36524729 0.35811909 0.25176129  0.30842984 0.49643595 0.41101256 0.64351403
0.81022865 0.25753303 0.10522439 0.24610183 0.41193319 0.52292048  0.28255148 0.4526439  0.45301792 0.3847277  0.35330133 0.34878362  0.31652098 0.45579848 0.34990649 0.58552528
0.78743402 0.34532367 0.11693221 0.10924094 0.34124527 0.4476743  0.28979287 0.46258968 0.56986447 0.35974761 0.30242544 0.50503654  0.31027533 0.42624738 0.32024595 0.41571156
0.68366309 0.54567752 0.08277055 0.17491726 0.36002047 0.56729231  0.54976705 0.31560378 0.58664961 0.36170185 0.26258424 0.51163546  0.75220509 0.53956235 0.59103227 0.47358705
0.55121571 0.70247141 0.06628236 0.41576808 0.39519667 0.56359035  0.60106878 0.11533943 0.49325556 0.47439592 0.40136164 0.50080398  0.45793273 0.38603168 0.52136529 0.40378016
0.34375409 0.74836743 0.12387717 0.61686944 0.44746691 0.27044021  0.46462252 0.44040782 0.37817078 0.48330076 0.3061716  0.52303821  0.33964627 0.42743446 0.67216754 0.4619543 
0.1430219  0.57054464 0.24489945 0.58515942 0.41471614 0.29922212  0.33435224 0.57519966 0.4867799  0.37243794 0.3371858  0.45603035  0.65945141 0.47262689 0.52404814 0.48875923
0.05305711 0.43957166 0.31101253 0.47051371 0.37471271 0.40140838  0.44031666 0.50870415 0.42642705 0.37566067 0.35066315 0.45160235  0.60838869 0.3907296  0.38140058 0.47992183
0.01830365 0.38870926 0.33849665 0.42271599 0.35435014 0.47063879  0.4700659  0.47319173 0.46038664 0.38894076 0.42241625 0.4468854  0.51617687 0.4152715  0.46097338 0.42900053
0.00039479 0.36283831 0.35232302 0.39930133 0.34523319 0.50234819  0.48417291 0.45702496 0.47508945 0.39693445 0.45000532 0.44589633  0.47476172 0.42761975 0.50206904 0.41641874
0.00039479 0.36283831 0.35232302 0.39930133 0.34523319 0.50234819  0.48417291 0.45702496 0.47508945 0.39693445 0.45000532 0.44589633  0.47476172 0.42761975 0.50206904 0.41641874
0.00039479 0.36283831 0.35232302 0.39930133 0.34523319 0.50234819  0.48417291 0.45702496 0.47508945 0.39693445 0.45000532 0.44589633  0.47476172 0.42761975 0.50206904 0.41641874
0.00039479 0.36283831 0.35232302 0.39930133 0.34523319 0.50234819  0.48417291 0.45702496 0.47508945 0.39693445 0.45000532 0.44589633  0.47476172 0.42761975 0.50206904 0.41641874
0.00039479 0.36283831 0.35232302 0.39930133 0.34523319 0.50234819  0.48417291 0.45702496 0.47508945 0.39693445 0.45000532 0.44589633  0.47476172 0.42761975 0.50206904 0.41641874
0.036499   0.4136052  0.32689915 0.44131983 0.35849141 0.46998238  0.44238674 0.48309237 0.51122948 0.39140593 0.4647934  0.44190053  0.49541806 0.47227461 0.56842447 0.40104815
0.1274987  0.53801618 0.26347218 0.53512754 0.39105664 0.38996705  0.37877793 0.52222532 0.54210742 0.3749304  0.49443423 0.43282978  0.49497232 0.51944147 0.63118228 0.3459624 
0.18253967 0.61098531 0.22637253 0.58521798 0.40618609 0.35519506  0.34987532 0.53665149 0.56080557 0.36456379 0.5293033  0.42254568  0.4734336  0.52569958 0.63032821 0.30727092
0.29303169 0.71747998 0.1694957  0.59731919 0.40640185 0.37916013  0.38694808 0.54104814 0.57874322 0.32610708 0.65607764 0.37979704  0.49280176 0.51498646 0.53092663 0.2704887 
0.34671685 0.7383515  0.13919394 0.55530642 0.42652437 0.33199994  0.50149467 0.54373223 0.47947286 0.29544262 0.65735464 0.36260275  0.52086073 0.48146705 0.44055537 0.25307266
0.38134694 0.70582844 0.13429023 0.46882272 0.43104618 0.32403206  0.55497975 0.62928814 0.50195954 0.2443085  0.70404414 0.34043953  0.65896613 0.54293102 0.51923802 0.27918746
0.39878865 0.69899053 0.12117695 0.43383322 0.44706691 0.29723393  0.63304536 0.60755643 0.45020654 0.25728852 0.69173214 0.3520169  0.65176381 0.55514875 0.55091442 0.28964687
0.43984895 0.59803116 0.10674351 0.40403731 0.48005833 0.2048259  0.54367766 0.59020478 0.55695844 0.18297264 0.80886433 0.32725177  0.59049503 0.54777528 0.37145066 0.25870044
0.43984895 0.59803116 0.10674351 0.40403731 0.48005833 0.2048259  0.54367766 0.59020478 0.55695844 0.18297264 0.80886433 0.32725177  0.59049503 0.54777528 0.37145066 0.25870044
0.51107488 0.57155072 0.10827752 0.29044265 0.43686781 0.30289843  0.56099351 0.69792294 0.62752003 0.13473508 0.89272599 0.29859928  0.69643249 0.50884634 0.34764879 0.31628404
0.52415087 0.53620631 0.10099704 0.28776436 0.45539028 0.27741736  0.52582446 0.65125893 0.66583732 0.1127069  0.91545195 0.28473686  0.69104645 0.47173247 0.2735347  0.28101233
0.54267847 0.55637819 0.09365377 0.29770283 0.44611917 0.31131539  0.50509945 0.63555786 0.70350274 0.1459416  0.92104526 0.30112307  0.62641584 0.47542506 0.36113744 0.29648366
0.54267847 0.55637819 0.09365377 0.29770283 0.44611917 0.31131539  0.50509945 0.63555786 0.70350274 0.1459416  0.92104526 0.30112307  0.62641584 0.47542506 0.36113744 0.29648366
0.54267847 0.55637819 0.09365377 0.29770283 0.44611917 0.31131539  0.50509945 0.63555786 0.70350274 0.1459416  0.92104526 0.30112307  0.62641584 0.47542506 0.36113744 0.29648366
0.54532127 0.56640495 0.10778648 0.27404062 0.42170057 0.32275866  0.5178481  0.75485343 0.66200959 0.18492574 0.88478727 0.32463652  0.57672815 0.49035061 0.45597367 0.34383158
0.56075583 0.53912505 0.11448349 0.25371793 0.41261494 0.30567999  0.48895169 0.81561809 0.65896475 0.1923659  0.86765221 0.33204954  0.48454598 0.42859445 0.50844354 0.34585961
0.57918607 0.5398021  0.11955315 0.2318403  0.38722239 0.3674865  0.48217261 0.82067319 0.66723797 0.19787184 0.84004395 0.33549205  0.54873544 0.41283102 0.47002046 0.38429873
0.57918607 0.5398021  0.11955315 0.2318403  0.38722239 0.3674865  0.48217261 0.82067319 0.66723797 0.19787184 0.84004395 0.33549205  0.54873544 0.41283102 0.47002046 0.38429873
0.57918607 0.5398021  0.11955315 0.2318403  0.38722239 0.3674865  0.48217261 0.82067319 0.66723797 0.19787184 0.84004395 0.33549205  0.54873544 0.41283102 0.47002046 0.38429873
0.57918607 0.5398021  0.11955315 0.2318403  0.38722239 0.3674865  0.48217261 0.82067319 0.66723797 0.19787184 0.84004395 0.33549205  0.54873544 0.41283102 0.47002046 0.38429873
0.57918607 0.5398021  0.11955315 0.2318403  0.38722239 0.3674865  0.48217261 0.82067319 0.66723797 0.19787184 0.84004395 0.33549205  0.54873544 0.41283102 0.47002046 0.38429873
0.56447474 0.57198165 0.12446796 0.25389214 0.37716224 0.40018536  0.5028101  0.83718713 0.62065222 0.22178209 0.83497297 0.33060458  0.54891384 0.36322014 0.48960203 0.38549704
0.53308994 0.61222885 0.14059167 0.30106868 0.35421336 0.46311344  0.45602027 0.84523922 0.63716419 0.23214548 0.797921   0.32412898  0.59715945 0.34606715 0.52378325 0.37773016
0.53308994 0.61222885 0.14059167 0.30106868 0.35421336 0.46311344  0.45602027 0.84523922 0.63716419 0.23214548 0.797921   0.32412898  0.59715945 0.34606715 0.52378325 0.37773016
0.50524949 0.67487928 0.14040285 0.3169484  0.34729587 0.50377132  0.52237111 0.79899189 0.61528391 0.25176755 0.75235881 0.34126678  0.70938871 0.46974292 0.56533795 0.4027577 
0.45241574 0.69076968 0.1380393  0.38473499 0.37738456 0.45222151  0.49286604 0.74094669 0.6554626  0.23763214 0.75808838 0.34031415  0.77345537 0.53311745 0.625038   0.39695316
0.34817322 0.77643829 0.1516065  0.62261082 0.37042585 0.47147105  0.32543141 0.5264842  0.64496107 0.3621299  0.63532674 0.40024413  0.53653883 0.4364367  0.44460573 0.37077021
0.34817322 0.77643829 0.1516065  0.62261082 0.37042585 0.47147105  0.32543141 0.5264842  0.64496107 0.3621299  0.63532674 0.40024413  0.53653883 0.4364367  0.44460573 0.37077021
0.25402639 0.704089   0.17758881 0.65341906 0.42925595 0.27324705  0.31643801 0.5801455  0.51017901 0.34267411 0.43768446 0.42697737  0.62270112 0.46412877 0.46438012 0.39138672
0.16234699 0.59027321 0.23556356 0.58821051 0.41025042 0.31966655  0.33375059 0.56743866 0.52586251 0.36513017 0.41794875 0.44060421  0.59848285 0.50529103 0.58015262 0.40496409
0.07249044 0.46245915 0.3012124  0.47994572 0.37319889 0.42442643  0.4201512  0.50597766 0.50090532 0.37590363 0.44937452 0.43860921  0.53802001 0.47598184 0.54223616 0.38975141
0.07249044 0.46245915 0.3012124  0.47994572 0.37319889 0.42442643  0.4201512  0.50597766 0.50090532 0.37590363 0.44937452 0.43860921  0.53802001 0.47598184 0.54223616 0.38975141
0.05458158 0.4365882  0.31503877 0.45653105 0.36408194 0.45613583  0.4342582  0.48981089 0.51560813 0.38389732 0.4769636  0.43762014  0.49660486 0.48833009 0.58333181 0.37716963
0.03613013 0.4131675  0.32644866 0.44157464 0.36200272 0.45727563  0.45098712 0.48298825 0.4833711  0.38736898 0.44023668 0.44484848  0.51106407 0.45717248 0.5327885  0.40969006
0.00039479 0.36283831 0.35232302 0.39930133 0.34523319 0.50234819  0.48417291 0.45702496 0.47508945 0.39693445 0.45000532 0.44589633  0.47476172 0.42761975 0.50206904 0.41641874
0.00039479 0.36283831 0.35232302 0.39930133 0.34523319 0.50234819  0.48417291 0.45702496 0.47508945 0.39693445 0.45000532 0.44589633  0.47476172 0.42761975 0.50206904 0.41641874
0.00039479 0.36283831 0.35232302 0.39930133 0.34523319 0.50234819  0.48417291 0.45702496 0.47508945 0.39693445 0.45000532 0.44589633  0.47476172 0.42761975 0.50206904 0.41641874
0.00039479 0.36283831 0.35232302 0.39930133 0.34523319 0.50234819  0.48417291 0.45702496 0.47508945 0.39693445 0.45000532 0.44589633  0.47476172 0.42761975 0.50206904 0.41641874
0.00039479 0.36283831 0.35232302 0.39930133 0.34523319 0.50234819  0.48417291 0.45702496 0.47508945 0.39693445 0.45000532 0.44589633  0.47476172 0.42761975 0.50206904 0.41641874
0.00039479 0.36283831 0.35232302 0.39930133 0.34523319 0.50234819  0.48417291 0.45702496 0.47508945 0.39693445 0.45000532 0.44589633  0.47476172 0.42761975 0.50206904 0.41641874
0.00039479 0.36283831 0.35232302 0.39930133 0.34523319 0.50234819  0.48417291 0.45702496 0.47508945 0.39693445 0.45000532 0.44589633  0.47476172 0.42761975 0.50206904 0.41641874
0.00039479 0.36283831 0.35232302 0.39930133 0.34523319 0.50234819  0.48417291 0.45702496 0.47508945 0.39693445 0.45000532 0.44589633  0.47476172 0.42761975 0.50206904 0.41641874
0.00039479 0.36283831 0.35232302 0.39930133 0.34523319 0.50234819  0.48417291 0.45702496 0.47508945 0.39693445 0.45000532 0.44589633  0.47476172 0.42761975 0.50206904 0.41641874
0.00039479 0.36283831 0.35232302 0.39930133 0.34523319 0.50234819  0.48417291 0.45702496 0.47508945 0.39693445 0.45000532 0.44589633  0.47476172 0.42761975 0.50206904 0.41641874
0.00039479 0.36283831 0.35232302 0.39930133 0.34523319 0.50234819  0.48417291 0.45702496 0.47508945 0.39693445 0.45000532 0.44589633  0.47476172 0.42761975 0.50206904 0.41641874
0.00039479 0.36283831 0.35232302 0.39930133 0.34523319 0.50234819  0.48417291 0.45702496 0.47508945 0.39693445 0.45000532 0.44589633  0.47476172 0.42761975 0.50206904 0.41641874
0.00039479 0.36283831 0.35232302 0.39930133 0.34523319 0.50234819  0.48417291 0.45702496 0.47508945 0.39693445 0.45000532 0.44589633  0.47476172 0.42761975 0.50206904 0.41641874
0.00039479 0.36283831 0.35232302 0.39930133 0.34523319 0.50234819  0.48417291 0.45702496 0.47508945 0.39693445 0.45000532 0.44589633  0.47476172 0.42761975 0.50206904 0.41641874
0.00039479 0.36283831 0.35232302 0.39930133 0.34523319 0.50234819  0.48417291 0.45702496 0.47508945 0.39693445 0.45000532 0.44589633  0.47476172 0.42761975 0.50206904 0.41641874
0.00039479 0.36283831 0.35232302 0.39930133 0.34523319 0.50234819  0.48417291 0.45702496 0.47508945 0.39693445 0.45000532 0.44589633  0.47476172 0.42761975 0.50206904 0.41641874
0.00039479 0.36283831 0.35232302 0.39930133 0.34523319 0.50234819  0.48417291 0.45702496 0.47508945 0.39693445 0.45000532 0.44589633  0.47476172 0.42761975 0.50206904 0.41641874
0.00039479 0.36283831 0.35232302 0.39930133 0.34523319 0.50234819  0.48417291 0.45702496 0.47508945 0.39693445 0.45000532 0.44589633  0.47476172 0.42761975 0.50206904 0.41641874
0.00039479 0.36283831 0.35232302 0.39930133 0.34523319 0.50234819  0.48417291 0.45702496 0.47508945 0.39693445 0.45000532 0.44589633  0.47476172 0.42761975 0.50206904 0.41641874
