0.00039479 0.36283831 0.35232302 0.39930133 0.34523319 0.50234819  0.48417291 0.45702496 0.47508945 0.39693445 0.45000532 0.44589633  0.47476172 0.42761975 0.50206904 0.41641874
0.00039479 0.36283831 0.35232302 0.39930133 0.34523319 0.50234819  0.48417291 0.45702496 0.47508945 0.39693445 0.45000532 0.44589633  0.47476172 0.42761975 0.50206904 0.41641874
0.00039479 0.36283831 0.35232302 0.39930133 0.34523319 0.50234819  0.48417291 0.45702496 0.47508945 0.39693445 0.45000532 0.44589633  0.47476172 0.42761975 0.50206904 0.41641874
0.00039479 0.36283831 0.35232302 0.39930133 0.34523319 0.50234819  0.48417291 0.45702496 0.47508945 0.39693445 0.45000532 0.44589633  0.47476172 0.42761975 0.50206904 0.41641874
0.00039479 0.36283831 0.35232302 0.39930133 0.34523319 0.50234819  0.48417291 0.45702496 0.47508945 0.39693445 0.45000532 0.44589633  0.47476172 0.42761975 0.50206904 0.41641874
0.00039479 0.36283831 0.35232302 0.39930133 0.34523319 0.50234819  0.48417291 0.45702496 0.47508945 0.39693445 0.45000532 0.44589633  0.47476172 0.42761975 0.50206904 0.41641874
0.00039479 0.36283831 0.35232302 0.39930133 0.34523319 0.50234819  0.48417291 0.45702496 0.47508945 0.39693445 0.45000532 0.44589633  0.47476172 0.42761975 0.50206904 0.41641874
0.00039479 0.36283831 0.35232302 0.39930133 0.34523319 0.50234819  0.48417291 0.45702496 0.47508945 0.39693445 0.45000532 0.44589633  0.47476172 0.42761975 0.50206904 0.41641874
0.00039479 0.36283831 0.35232302 0.39930133 0.34523319 0.50234819  0.48417291 0.45702496 0.47508945 0.39693445 0.45000532 0.44589633  0.47476172 0.42761975 0.50206904 0.41641874
0.00039479 0.36283831 0.35232302 0.39930133 0.34523319 0.50234819  0.48417291 0.45702496 0.47508945 0.39693445 0.45000532 0.44589633  0.47476172 0.42761975 0.50206904 0.41641874
0.00039479 0.36283831 0.35232302 0.39930133 0.34523319 0.50234819  0.48417291 0.45702496 0.47508945 0.39693445 0.45000532 0.44589633  0.47476172 0.42761975 0.50206904 0.41641874
0.00039479 0.36283831 0.35232302 0.39930133 0.34523319 0.50234819  0.48417291 0.45702496 0.47508945 0.39693445 0.45000532 0.44589633  0.47476172 0.42761975 0.50206904 0.41641874
0.00039479 0.36283831 0.35232302 0.39930133 0.34523319 0.50234819  0.48417291 0.45702496 0.47508945 0.39693445 0.45000532 0.44589633  0.47476172 0.42761975 0.50206904 0.41641874
0.00039479 0.36283831 0.35232302 0.39930133 0.34523319 0.50234819  0.48417291 0.45702496 0.47508945 0.39693445 0.45000532 0.44589633  0.47476172 0.42761975 0.50206904 0.41641874
0.00039479 0.36283831 0.35232302 0.39930133 0.34523319 0.50234819  0.48417291 0.45702496 0.47508945 0.39693445 0.45000532 0.44589633  0.47476172 0.42761975 0.50206904 0.41641874
0.00039479 0.36283831 0.35232302 0.39930133 0.34523319 0.50234819  0.48417291 0.45702496 0.47508945 0.39693445 0.45000532 0.44589633  0.47476172 0.42761975 0.50206904 0.41641874
0.00039479 0.36283831 0.35232302 0.39930133 0.34523319 0.50234819  0.48417291 0.45702496 0.47508945 0.39693445 0.45000532 0.44589633  0.47476172 0.42761975 0.50206904 0.41641874
0.00039479 0.36283831 0.35232302 0.39930133 0.34523319 0.50234819  0.48417291 0.45702496 0.47508945 0.39693445 0.45000532 0.44589633  0.47476172 0.42761975 0.50206904 0.41641874
0.00039479 0.36283831 0.35232302 0.39930133 0.34523319 0.50234819  0.48417291 0.45702496 0.47508945 0.39693445 0.45000532 0.44589633  0.47476172 0.42761975 0.50206904 0.41641874
0.00039479 0.36283831 0.35232302 0.39930133 0.34523319 0.50234819  0.48417291 0.45702496 0.47508945 0.39693445 0.45000532 0.44589633  0.47476172 0.42761975 0.50206904 0.41641874
0.00039479 0.36283831 0.35232302 0.39930133 0.34523319 0.50234819  0.48417291 0.45702496 0.47508945 0.39693445 0.45000532 0.44589633  0.47476172 0.42761975 0.50206904 0.41641874
0.00039479 0.36283831 0.35232302 0.39930133 0.34523319 0.50234819  0.48417291 0.45702496 0.47508945 0.39693445 0.45000532 0.44589633  0.47476172 0.42761975 0.50206904 0.41641874
0.00039479 0.36283831 0.35232302 0.39930133 0.34523319 0.50234819  0.48417291 0.45702496 0.47508945 0.39693445 0.45000532 0.44589633  0.47476172 0.42761975 0.50206904 0.41641874
0.00039479 0.36283831 0.35232302 0.39930133 0.34523319 0.50234819  0.48417291 0.45702496 0.47508945 0.39693445 0.45000532 0.44589633  0.47476172 0.42761975 0.50206904 0.41641874
0.00039479 0.36283831 0.35232302 0.39930133 0.34523319 0.50234819  0.48417291 0.45702496 0.47508945 0.39693445 0.45000532 0.44589633  0.47476172 0.42761975 0.50206904 0.41641874
0.00039479 0.36283831 0.35232302 0.39930133 0.34523319 0.50234819  0.48417291 0.45702496 0.47508945 0.39693445 0.45000532 0.44589633  0.47476172 0.42761975 0.50206904 0.41641874
0.00039479 0.36283831 0.35232302 0.39930133 0.34523319 0.50234819  0.48417291 0.45702496 0.47508945 0.39693445 0.45000532 0.44589633  0.47476172 0.42761975 0.50206904 0.41641874
0.00039479 0.36283831 0.35232302 0.39930133 0.34523319 0.50234819  0.48417291 0.45702496 0.47508945 0.39693445 0.45000532 0.44589633  0.47476172 0.42761975 0.50206904 0.41641874
0.00039479 0.36283831 0.35232302 0.39930133 0.34523319 0.50234819  0.48417291 0.45702496 0.47508945 0.39693445 0.45000532 0.44589633  0.47476172 0.42761975 0.50206904 0.41641874
0.00039479 0.36283831 0.35232302 0.39930133 0.34523319 0.50234819  0.48417291 0.45702496 0.47508945 0.39693445 0.45000532 0.44589633  0.47476172 0.42761975 0.50206904 0.41641874
0.00039479 0.36283831 0.35232302 0.39930133 0.34523319 0.50234819  0.48417291 0.45702496 0.47508945 0.39693445 0.45000532 0.44589633  0.47476172 0.42761975 0.50206904 0.41641874
0.00039479 0.36283831 0.35232302 0.39930133 0.34523319 0.50234819  0.48417291 0.45702496 0.47508945 0.39693445 0.45000532 0.44589633  0.47476172 0.42761975 0.50206904 0.41641874
0.00039479 0.36283831 0.35232302 0.39930133 0.34523319 0.50234819  0.48417291 0.45702496 0.47508945 0.39693445 0.45000532 0.44589633  0.47476172 0.42761975 0.50206904 0.41641874
0.00039479 0.36283831 0.35232302 0.39930133 0.34523319 0.50234819  0.48417291 0.45702496 0.47508945 0.39693445 0.45000532 0.44589633  0.47476172 0.42761975 0.50206904 0.41641874
0.00039479 0.36283831 0.35232302 0.39930133 0.34523319 0.50234819  0.48417291 0.45702496 0.47508945 0.39693445 0.45000532 0.44589633  0.47476172 0.42761975 0.50206904 0.41641874
0.00039479 0.36283831 0.35232302 0.39930133 0.34523319 0.50234819  0.48417291 0.45702496 0.47508945 0.39693445 0.45000532 0.44589633  0.47476172 0.42761975 0.50206904 0.41641874
0.00039479 0.36283831 0.35232302 0.39930133 0.34523319 0.50234819  0.48417291 0.45702496 0.47508945 0.39693445 0.45000532 0.44589633  0.47476172 0.42761975 0.50206904 0.41641874
0.00039479 0.36283831 0.35232302 0.39930133 0.34523319 0.50234819  0.48417291 0.45702496 0.47508945 0.39693445 0.45000532 0.44589633  0.47476172 0.42761975 0.50206904 0.41641874
0.00039479 0.36283831 0.35232302 0.39930133 0.34523319 0.50234819  0.48417291 0.45702496 0.47508945 0.39693445 0.45000532 0.44589633  0.47476172 0.42761975 0.50206904 0.41641874
0.00039479 0.36283831 0.35232302 0.39930133 0.34523319 0.50234819  0.48417291 0.45702496 0.47508945 0.39693445 0.45000532 0.44589633  0.47476172 0.42761975 0.50206904 0.41641874
0.00039479 0.36283831 0.35232302 0.39930133 0.34523319 0.50234819  0.48417291 0.45702496 0.47508945 0.39693445 0.45000532 0.44589633  0.47476172 0.42761975 0.50206904 0.41641874
0.00039479 0.36283831 0.35232302 0.39930133 0.34523319 0.50234819  0.48417291 0.45702496 0.47508945 0.39693445 0.45000532 0.44589633  0.47476172 0.42761975 0.50206904 0.41641874
0.00039479 0.36283831 0.35232302 0.39930133 0.34523319 0.50234819  0.48417291 0.45702496 0.47508945 0.39693445 0.45000532 0.44589633  0.47476172 0.42761975 0.50206904 0.41641874
0.00039479 0.36283831 0.35232302 0.39930133 0.34523319 0.50234819  0.48417291 0.45702496 0.47508945 0.39693445 0.45000532 0.44589633  0.47476172 0.42761975 0.50206904 0.41641874
0.00140664 0.36431381 0.35232474 0.39642652 0.34463577 0.50247588  0.48308211 0.45859707 0.47435751 0.39611259 0.44362313 0.46430998  0.44184368 0.4496556  0.47683731 0.47370053
0.00140664 0.36431381 0.35232474 0.39642652 0.34463577 0.50247588  0.48308211 0.45859707 0.47435751 0.39611259 0.44362313 0.46430998  0.44184368 0.4496556  0.47683731 0.47370053
0.00140664 0.36431381 0.35232474 0.39642652 0.34463577 0.50247588  0.48308211 0.45859707 0.47435751 0.39611259 0.44362313 0.46430998  0.44184368 0.4496556  0.47683731 0.47370053
0.00140664 0.36431381 0.35232474 0.39642652 0.34463577 0.50247588  0.48308211 0.45859707 0.47435751 0.39611259 0.44362313 0.46430998  0.44184368 0.4496556  0.47683731 0.47370053
0.00140664 0.36431381 0.35232474 0.39642652 0.34463577 0.50247588  0.48308211 0.45859707 0.47435751 0.39611259 0.44362313 0.46430998  0.44184368 0.4496556  0.47683731 0.47370053
0.0546553  0.44518359 0.31195891 0.4692573  0.38124108 0.42184915  0.41577671 0.50858073 0.48026781 0.38858662 0.40660412 0.49022534  0.50400673 0.48009147 0.53239336 0.53024799
0.09148275 0.46883165 0.31039471 0.46431952 0.34204038 0.55200424  0.38435414 0.43013781 0.5360511  0.47466483 0.34889164 0.53709035  0.45970435 0.47086261 0.61166095 0.61877963
0.29350921 0.71679988 0.19586636 0.60595866 0.3621644  0.53045257  0.27033562 0.47731026 0.63191953 0.4571682  0.43598492 0.54195812  0.44567818 0.43553534 0.57810984 0.66533258
0.43948881 0.79086689 0.17686868 0.56865556 0.28723089 0.68166536  0.24872771 0.49327265 0.56611418 0.45865217 0.34316751 0.5405916  0.45217713 0.35742076 0.38481087 0.58903552
0.52904188 0.79205644 0.17563065 0.47359286 0.27155386 0.74509152  0.4009311  0.43508458 0.37349967 0.47238931 0.34836244 0.5656142  0.37332852 0.26872618 0.23301746 0.53809083
0.61609835 0.72508237 0.15301198 0.26763945 0.29691995 0.70240636  0.6029341  0.57246709 0.33369982 0.40055603 0.40689473 0.53579808  0.61786112 0.39687824 0.41204957 0.58763005
0.67800416 0.62000349 0.18016226 0.1850906  0.2656623  0.63751667  0.50241097 0.80385577 0.32389551 0.42998656 0.36154606 0.56197155  0.33424918 0.22684304 0.58367072 0.59315337
0.68125198 0.63052393 0.20278958 0.1848288  0.27021914 0.64042063  0.50007475 0.79243122 0.31873584 0.37748216 0.33650757 0.52632126  0.30584744 0.23016227 0.60248903 0.57916565
0.7752065  0.49407776 0.31355936 0.21402548 0.22849709 0.4724906  0.42549487 0.60749775 0.4058633  0.20210922 0.41835157 0.54692003  0.43778635 0.35387711 0.55563692 0.43212041
0.81291252 0.39104093 0.28574029 0.22098041 0.28232827 0.42991309  0.32996772 0.43185531 0.47799978 0.17210141 0.41606601 0.53147001  0.45512332 0.22826703 0.44308096 0.34530193
0.83813703 0.34614046 0.30733696 0.23342029 0.27048242 0.38813054  0.33656367 0.36487214 0.47384438 0.23655207 0.39326776 0.56307873  0.52526866 0.28941044 0.58857147 0.22645487
0.83813703 0.34614046 0.30733696 0.23342029 0.27048242 0.38813054  0.33656367 0.36487214 0.47384438 0.23655207 0.39326776 0.56307873  0.52526866 0.28941044 0.58857147 0.22645487
0.83813703 0.34614046 0.30733696 0.23342029 0.27048242 0.38813054  0.33656367 0.36487214 0.47384438 0.23655207 0.39326776 0.56307873  0.52526866 0.28941044 0.58857147 0.22645487
0.83813703 0.34614046 0.30733696 0.23342029 0.27048242 0.38813054  0.33656367 0.36487214 0.47384438 0.23655207 0.39326776 0.56307873  0.52526866 0.28941044 0.58857147 0.22645487
0.83813703 0.34614046 0.30733696 0.23342029 0.27048242 0.38813054  0.33656367 0.36487214 0.47384438 0.23655207 0.39326776 0.56307873  0.52526866 0.28941044 0.58857147 0.22645487
0.84574843 0.31628287 0.30122452 0.27801698 0.29566235 0.41779142  0.32970858 0.36482246 0.42491311 0.23107143 0.40740023 0.50908639  0.53813889 0.26718006 0.62750129 0.25358561
0.84574843 0.31628287 0.30122452 0.27801698 0.29566235 0.41779142  0.32970858 0.36482246 0.42491311 0.23107143 0.40740023 0.50908639  0.53813889 0.26718006 0.62750129 0.25358561
0.85350963 0.28617846 0.29389769 0.32146203 0.32242087 0.4518373  0.32279519 0.35907586 0.38133203 0.22522693 0.40740724 0.45320564  0.55510502 0.24481574 0.68343317 0.27362511
0.85350963 0.28617846 0.29389769 0.32146203 0.32242087 0.4518373  0.32279519 0.35907586 0.38133203 0.22522693 0.40740724 0.45320564  0.55510502 0.24481574 0.68343317 0.27362511
0.85350963 0.28617846 0.29389769 0.32146203 0.32242087 0.4518373  0.32279519 0.35907586 0.38133203 0.22522693 0.40740724 0.45320564  0.55510502 0.24481574 0.68343317 0.27362511
0.85350963 0.28617846 0.29389769 0.32146203 0.32242087 0.4518373  0.32279519 0.35907586 0.38133203 0.22522693 0.40740724 0.45320564  0.55510502 0.24481574 0.68343317 0.27362511
0.8613359  0.25665662 0.29229937 0.36777122 0.34271142 0.46738622  0.32018004 0.35287128 0.34183889 0.24108025 0.44422112 0.40429462  0.55013086 0.26990419 0.66057635 0.35569102
0.83857189 0.24201787 0.19382247 0.33108401 0.36098641 0.49039158  0.3142526  0.40332729 0.37533932 0.33459492 0.42010922 0.38424322  0.52479608 0.2645924  0.6162662  0.35514343
0.83074562 0.27153971 0.19542079 0.28477481 0.34069586 0.47484265  0.31686775 0.40953187 0.41483246 0.3187416  0.38329534 0.43315425  0.52977024 0.23950395 0.63912301 0.27307752
0.8234106  0.26717668 0.1625675  0.26912279 0.35387462 0.48767361  0.30723413 0.43656636 0.42422104 0.40242124 0.37958899 0.42546304  0.52747446 0.27612917 0.57018057 0.23325456
0.80410332 0.31133392 0.14133193 0.19741302 0.34754119 0.47840433  0.30094527 0.43808255 0.50270166 0.35465091 0.3412406  0.46064059  0.4905323  0.2895916  0.45426905 0.28174271
0.79200741 0.31934691 0.10898578 0.16744722 0.37094694 0.48298838  0.30742575 0.45320057 0.55262294 0.35016093 0.31703777 0.4433108  0.42722034 0.26836905 0.45022928 0.36066191
0.79200741 0.31934691 0.10898578 0.16744722 0.37094694 0.48298838  0.30742575 0.45320057 0.55262294 0.35016093 0.31703777 0.4433108  0.42722034 0.26836905 0.45022928 0.36066191
0.7689441  0.36256951 0.09195815 0.11502946 0.36984051 0.43640136  0.35905026 0.4429618  0.65211285 0.33690123 0.34520823 0.49225303  0.42027361 0.29836074 0.46732284 0.40181043
0.73852262 0.41427339 0.07266845 0.14417221 0.39238858 0.46502341  0.41697137 0.32886671 0.68208822 0.2967082  0.38023635 0.47553346  0.59354649 0.38370797 0.40950586 0.41059526
0.72123438 0.42369887 0.0583555  0.16064853 0.41875625 0.42326277  0.45339249 0.29957212 0.70253942 0.29030587 0.45844394 0.46620261  0.55150487 0.39701424 0.46363139 0.40518589
0.67945084 0.51975859 0.06117711 0.18871529 0.40491061 0.5000506  0.55101912 0.23964519 0.64541809 0.33327134 0.36351779 0.48844219  0.70477741 0.51575475 0.57104372 0.43290596
0.64471685 0.54597324 0.04491397 0.24711559 0.43660447 0.45485053  0.57435893 0.14724179 0.66286866 0.35375389 0.43801361 0.49394884  0.59212676 0.51612949 0.6061019  0.41524588
0.61395576 0.60424789 0.04866521 0.30225085 0.42616827 0.50673836  0.60870202 0.1072268  0.59306702 0.3958668  0.42612813 0.48702049  0.61046205 0.48945042 0.56434916 0.40416409
0.61395576 0.60424789 0.04866521 0.30225085 0.42616827 0.50673836  0.60870202 0.1072268  0.59306702 0.3958668  0.42612813 0.48702049  0.61046205 0.48945042 0.56434916 0.40416409
0.56461015 0.65022443 0.05206702 0.3703495  0.43509738 0.46190354  0.61687141 0.10425447 0.54761352 0.44176461 0.40265705 0.51503856  0.4715825  0.51194599 0.66702481 0.38891857
0.51061708 0.65331382 0.05598856 0.43669587 0.46865872 0.35134341  0.60766461 0.10766256 0.46902802 0.42558083 0.37622343 0.50769992  0.39344818 0.49925241 0.62198958 0.31225144
0.51061708 0.65331382 0.05598856 0.43669587 0.46865872 0.35134341  0.60766461 0.10766256 0.46902802 0.42558083 0.37622343 0.50769992  0.39344818 0.49925241 0.62198958 0.31225144
0.44529587 0.69735497 0.07454945 0.48263384 0.47954606 0.27334999  0.65246699 0.28040804 0.35347739 0.39582021 0.43926009 0.4664713  0.36651492 0.47261893 0.60386236 0.28084902
0.42628437 0.6819771  0.08093801 0.49059052 0.48953598 0.23488354  0.64157651 0.29482911 0.32583256 0.40058274 0.37113254 0.48156128  0.3954196  0.47932665 0.63251993 0.30580349
0.36151924 0.7308615  0.11014151 0.55330915 0.47635324 0.20150221  0.59669826 0.46802472 0.29043482 0.41828054 0.37999364 0.47996559  0.35792247 0.44695884 0.63550843 0.37293314
0.32640391 0.72390106 0.12454675 0.58368656 0.47472972 0.1809266  0.55741019 0.47785582 0.26546515 0.39557777 0.35144415 0.48848039  0.34271651 0.42656081 0.46270945 0.41976974
0.32640391 0.72390106 0.12454675 0.58368656 0.47472972 0.1809266  0.55741019 0.47785582 0.26546515 0.39557777 0.35144415 0.48848039  0.34271651 0.42656081 0.46270945 0.41976974
0.32640391 0.72390106 0.12454675 0.58368656 0.47472972 0.1809266  0.55741019 0.47785582 0.26546515 0.39557777 0.35144415 0.48848039  0.34271651 0.42656081 0.46270945 0.41976974
0.32640391 0.72390106 0.12454675 0.58368656 0.47472972 0.1809266  0.55741019 0.47785582 0.26546515 0.39557777 0.35144415 0.48848039  0.34271651 0.42656081 0.46270945 0.41976974
0.32640391 0.72390106 0.12454675 0.58368656 0.47472972 0.1809266  0.55741019 0.47785582 0.26546515 0.39557777 0.35144415 0.48848039  0.34271651 0.42656081 0.46270945 0.41976974
0.32735209 0.72690055 0.12857596 0.58174757 0.47902725 0.18323978  0.55493561 0.4807965  0.25740286 0.37950981 0.35510135 0.50827104  0.31908182 0.41471244 0.47311065 0.45730511
0.3458797  0.74707243 0.12123269 0.59168604 0.46975614 0.21713781  0.5342106  0.46509543 0.29506828 0.41274451 0.36069466 0.52465725  0.25445122 0.41840503 0.56071338 0.47277645
0.3458797  0.74707243 0.12123269 0.59168604 0.46975614 0.21713781  0.5342106  0.46509543 0.29506828 0.41274451 0.36069466 0.52465725  0.25445122 0.41840503 0.56071338 0.47277645
0.40254962 0.79091939 0.10726705 0.5694075  0.43665167 0.35781909  0.54754916 0.39542105 0.36195073 0.44400801 0.47226405 0.53969993  0.166972   0.38455796 0.54598628 0.4914311 
0.45833    0.80960652 0.10183284 0.51217359 0.39374678 0.50068295  0.59425247 0.34985765 0.39224501 0.46046853 0.52546442 0.53102627  0.19041555 0.36984754 0.49394262 0.52888458
0.47592958 0.79787058 0.09477258 0.4689829  0.40404398 0.48748823  0.65317475 0.35729972 0.37881732 0.44911475 0.54203841 0.5245389  0.23733407 0.40858882 0.55390714 0.52385843
0.6113363  0.68448946 0.09472329 0.24018459 0.34318122 0.60134783  0.67210165 0.41456399 0.48534296 0.40336508 0.40015855 0.52674328  0.64659347 0.60554602 0.59162726 0.60471002
0.6113363  0.68448946 0.09472329 0.24018459 0.34318122 0.60134783  0.67210165 0.41456399 0.48534296 0.40336508 0.40015855 0.52674328  0.64659347 0.60554602 0.59162726 0.60471002
0.64466349 0.64699887 0.10899795 0.19158234 0.31153485 0.61911715  0.62738648 0.49481494 0.49212058 0.38773584 0.31611387 0.51606083  0.68208139 0.5756778  0.60391351 0.59183005
0.70447125 0.52881246 0.11462195 0.11068026 0.31354138 0.51917188  0.52415638 0.62537683 0.56772666 0.36487829 0.33988173 0.53291058  0.49360379 0.54627944 0.59166633 0.60204345
0.76995595 0.364045   0.09195987 0.11215466 0.36924309 0.43652906  0.35795947 0.44453391 0.65138092 0.33607937 0.33882604 0.51066668  0.38735557 0.32039659 0.44209111 0.45909222
0.76995595 0.364045   0.09195987 0.11215466 0.36924309 0.43652906  0.35795947 0.44453391 0.65138092 0.33607937 0.33882604 0.51066668  0.38735557 0.32039659 0.44209111 0.45909222
0.78540787 0.35067998 0.11509994 0.11997572 0.34516959 0.45345519  0.31319004 0.45482236 0.60082227 0.35481971 0.29652311 0.51571679  0.38143208 0.31263527 0.38606773 0.39081295
0.78540787 0.35067998 0.11509994 0.11997572 0.34516959 0.45345519  0.31319004 0.45482236 0.60082227 0.35481971 0.29652311 0.51571679  0.38143208 0.31263527 0.38606773 0.39081295
0.78540787 0.35067998 0.11509994 0.11997572 0.34516959 0.45345519  0.31319004 0.45482236 0.60082227 0.35481971 0.29652311 0.51571679  0.38143208 0.31263527 0.38606773 0.39081295
0.79323415 0.32115815 0.11350162 0.16628492 0.36546013 0.46900412  0.31057489 0.44861778 0.56132913 0.37067302 0.33333699 0.46680577  0.37645792 0.33772372 0.36321091 0.47287886
0.8004413  0.29299376 0.11071895 0.21339156 0.38909898 0.49465549  0.31286204 0.45062318 0.5275568  0.3856443  0.34739198 0.41534463  0.37071159 0.36455069 0.35979639 0.54058718
0.8004413  0.29299376 0.11071895 0.21339156 0.38909898 0.49465549  0.31286204 0.45062318 0.5275568  0.3856443  0.34739198 0.41534463  0.37071159 0.36455069 0.35979639 0.54058718
0.8004413  0.29299376 0.11071895 0.21339156 0.38909898 0.49465549  0.31286204 0.45062318 0.5275568  0.3856443  0.34739198 0.41534463  0.37071159 0.36455069 0.35979639 0.54058718
0.79323415 0.32115815 0.11350162 0.16628492 0.36546013 0.46900412  0.31057489 0.44861778 0.56132913 0.37067302 0.33333699 0.46680577  0.37645792 0.33772372 0.36321091 0.47287886
0.78540787 0.35067998 0.11509994 0.11997572 0.34516959 0.45345519  0.31319004 0.45482236 0.60082227 0.35481971 0.29652311 0.51571679  0.38143208 0.31263527 0.38606773 0.39081295
0.78540787 0.35067998 0.11509994 0.11997572 0.34516959 0.45345519  0.31319004 0.45482236 0.60082227 0.35481971 0.29652311 0.51571679  0.38143208 0.31263527 0.38606773 0.39081295
0.78540787 0.35067998 0.11509994 0.11997572 0.34516959 0.45345519  0.31319004 0.45482236 0.60082227 0.35481971 0.29652311 0.51571679  0.38143208 0.31263527 0.38606773 0.39081295
0.74284737 0.42580175 0.0860306  0.11051393 0.3698919  0.47469253  0.4309146  0.41758771 0.65325531 0.33990452 0.29762488 0.52814897  0.52560181 0.4454751  0.49902085 0.50700883
0.68903668 0.55609236 0.10792494 0.13100296 0.32262702 0.53625054  0.5530528  0.56461218 0.5707715  0.35743814 0.35701678 0.52549755  0.58578597 0.60803561 0.53919647 0.60001541
0.67509359 0.58950166 0.11093537 0.14319    0.31569887 0.57238049  0.5843286  0.55093257 0.53553046 0.38078154 0.30765281 0.53059932  0.62682925 0.60310035 0.60505409 0.60270794
0.65937482 0.61481931 0.10408314 0.1695305  0.321595   0.58641828  0.60674899 0.478301   0.53870632 0.36382559 0.32118485 0.5209483  0.68190299 0.62528867 0.58433194 0.59063174
0.58209878 0.75403604 0.12394407 0.31066161 0.28866882 0.69506468  0.63976563 0.51395734 0.3762613  0.4230499  0.40313404 0.46702369  0.60514778 0.41418136 0.37506361 0.54901005
0.54746163 0.77379901 0.09582656 0.3442487  0.3412567  0.61337952  0.71105657 0.45837558 0.41705722 0.41480472 0.56341825 0.4504566  0.51716649 0.44359144 0.47295586 0.54393174
0.54746163 0.77379901 0.09582656 0.3442487  0.3412567  0.61337952  0.71105657 0.45837558 0.41705722 0.41480472 0.56341825 0.4504566  0.51716649 0.44359144 0.47295586 0.54393174
0.51247697 0.80141212 0.10042823 0.42872891 0.33643314 0.62129868  0.64060427 0.38481728 0.42759075 0.4484839  0.53926347 0.46968686  0.40353697 0.38912108 0.4042828  0.53096674
0.51247697 0.80141212 0.10042823 0.42872891 0.33643314 0.62129868  0.64060427 0.38481728 0.42759075 0.4484839  0.53926347 0.46968686  0.40353697 0.38912108 0.4042828  0.53096674
0.44156151 0.82170338 0.1236145  0.552699   0.33378654 0.60808112  0.46205727 0.39713699 0.55690284 0.42697774 0.6246275  0.44067998  0.29901833 0.38550497 0.38977106 0.42719529
0.42165265 0.81373267 0.12417337 0.57712905 0.35414627 0.55237416  0.45013075 0.40473574 0.541394   0.43271315 0.60551598 0.42969986  0.29442039 0.37982966 0.46041851 0.35598421
0.40359673 0.80231725 0.12956271 0.5877853  0.36507648 0.51277763  0.42828272 0.42431003 0.52655021 0.44047461 0.5426372  0.46238479  0.2678317  0.41363156 0.48116215 0.4337701 
0.3468045  0.78215462 0.1349952  0.64789402 0.40857879 0.36978608  0.38267021 0.46830133 0.49698787 0.42483595 0.49581903 0.45264481  0.27730618 0.40630613 0.55843754 0.33903484
0.27200149 0.71201394 0.17468365 0.64998065 0.40959493 0.34512155  0.31387321 0.5042045  0.52108459 0.44753693 0.36331104 0.48762764  0.41382026 0.44877508 0.65203217 0.45598942
0.16370518 0.58497017 0.24403658 0.56891373 0.38698328 0.42349941  0.31829239 0.51895573 0.64249809 0.42299256 0.5293648  0.45135512  0.40069918 0.57844828 0.84930332 0.37510757
0.09066235 0.48838041 0.29164019 0.50281174 0.37039996 0.44807224  0.37949316 0.49434633 0.55075198 0.43044805 0.42840787 0.47011816  0.45215804 0.48955743 0.70050386 0.45429676
0.01804755 0.39018449 0.33830903 0.42636341 0.35641219 0.47112218  0.45911565 0.47626972 0.47899245 0.39487759 0.42806648 0.44912887  0.50987727 0.441117   0.51788115 0.43356859
0.00039479 0.36283831 0.35232302 0.39930133 0.34523319 0.50234819  0.48417291 0.45702496 0.47508945 0.39693445 0.45000532 0.44589633  0.47476172 0.42761975 0.50206904 0.41641874
0.00039479 0.36283831 0.35232302 0.39930133 0.34523319 0.50234819  0.48417291 0.45702496 0.47508945 0.39693445 0.45000532 0.44589633  0.47476172 0.42761975 0.50206904 0.41641874
0.00089041 0.3711321  0.37128711 0.37647125 0.44620373 0.53527259  0.44828538 0.46386209 0.43994446 0.41078382 0.53577052 0.57381288  0.49858622 0.38233747 0.51336942 0.47034636
0.00363918 0.39053073 0.41273995 0.3319657  0.61661114 0.5848157  0.39266462 0.47946935 0.37396981 0.4153984  0.66216224 0.77343721  0.50967888 0.30472471 0.54944444 0.56941294
0.00437648 0.39209846 0.41765783 0.32759438 0.63225519 0.5864291  0.387231   0.48121014 0.37031205 0.41272128 0.67744997 0.80197633  0.50162629 0.28511645 0.55795011 0.59991116
0.0139905  0.42278474 0.48859495 0.30505725 0.71526778 0.60639869  0.3516503  0.45173294 0.34864593 0.33902586 0.68611344 0.81535921  0.44238417 0.34953072 0.50495743 0.67795237
0.01714475 0.43840239 0.51806957 0.29200303 0.75732909 0.62214659  0.33402235 0.44842091 0.33552646 0.32709591 0.67987127 0.80438533  0.42206251 0.35669541 0.499891   0.65515272
0.02009528 0.45093782 0.54391356 0.27630797 0.80432777 0.63107121  0.3231044  0.44687734 0.32708904 0.32217199 0.67508799 0.79892136  0.40923865 0.35612589 0.50592005 0.63473854
0.02193353 0.45932312 0.56269846 0.25725019 0.86500133 0.63959992  0.31509413 0.44873349 0.32555267 0.35175282 0.68335569 0.8081875  0.43401713 0.36004937 0.49657259 0.60960059
0.02119623 0.45775539 0.55778058 0.26162152 0.84935729 0.63798652  0.32052775 0.4469927  0.32921043 0.35442995 0.66806796 0.77964838  0.44206972 0.37965762 0.48806692 0.57910237
0.0157259  0.44232364 0.51834766 0.26825103 0.80654163 0.62069202  0.35012015 0.46622306 0.35903695 0.42340102 0.6172973  0.69105892  0.48261381 0.40099874 0.47945413 0.45171848
0.00203591 0.37146031 0.37088164 0.38123103 0.40747001 0.51485049  0.47247818 0.45911461 0.46940066 0.42247919 0.46422742 0.46203393  0.49427917 0.43104367 0.49046796 0.39902862
0.00039479 0.36283831 0.35232302 0.39930133 0.34523319 0.50234819  0.48417291 0.45702496 0.47508945 0.39693445 0.45000532 0.44589633  0.47476172 0.42761975 0.50206904 0.41641874
0.00039479 0.36283831 0.35232302 0.39930133 0.34523319 0.50234819  0.48417291 0.45702496 0.47508945 0.39693445 0.45000532 0.44589633  0.47476172 0.42761975 0.50206904 0.41641874
0.00039479 0.36283831 0.35232302 0.39930133 0.34523319 0.50234819  0.48417291 0.45702496 0.47508945 0.39693445 0.45000532 0.44589633  0.47476172 0.42761975 0.50206904 0.41641874
0.00039479 0.36283831 0.35232302 0.39930133 0.34523319 0.50234819  0.48417291 0.45702496 0.47508945 0.39693445 0.45000532 0.44589633  0.47476172 0.42761975 0.50206904 0.41641874
0.00039479 0.36283831 0.35232302 0.39930133 0.34523319 0.50234819  0.48417291 0.45702496 0.47508945 0.39693445 0.45000532 0.44589633  0.47476172 0.42761975 0.50206904 0.41641874
0.00039479 0.36283831 0.35232302 0.39930133 0.34523319 0.50234819  0.48417291 0.45702496 0.47508945 0.39693445 0.45000532 0.44589633  0.47476172 0.42761975 0.50206904 0.41641874
0.00039479 0.36283831 0.35232302 0.39930133 0.34523319 0.50234819  0.48417291 0.45702496 0.47508945 0.39693445 0.45000532 0.44589633  0.47476172 0.42761975 0.50206904 0.41641874
0.00039479 0.36283831 0.35232302 0.39930133 0.34523319 0.50234819  0.48417291 0.45702496 0.47508945 0.39693445 0.45000532 0.44589633  0.47476172 0.42761975 0.50206904 0.41641874
0.00039479 0.36283831 0.35232302 0.39930133 0.34523319 0.50234819  0.48417291 0.45702496 0.47508945 0.39693445 0.45000532 0.44589633  0.47476172 0.42761975 0.50206904 0.41641874
0.00039479 0.36283831 0.35232302 0.39930133 0.34523319 0.50234819  0.48417291 0.45702496 0.47508945 0.39693445 0.45000532 0.44589633  0.47476172 0.42761975 0.50206904 0.41641874
0.00039479 0.36283831 0.35232302 0.39930133 0.34523319 0.50234819  0.48417291 0.45702496 0.47508945 0.39693445 0.45000532 0.44589633  0.47476172 0.42761975 0.50206904 0.41641874
0.00039479 0.36283831 0.35232302 0.39930133 0.34523319 0.50234819  0.48417291 0.45702496 0.47508945 0.39693445 0.45000532 0.44589633  0.47476172 0.42761975 0.50206904 0.41641874
0.00039479 0.36283831 0.35232302 0.39930133 0.34523319 0.50234819  0.48417291 0.45702496 0.47508945 0.39693445 0.45000532 0.44589633  0.47476172 0.42761975 0.50206904 0.41641874
0.00039479 0.36283831 0.35232302 0.39930133 0.34523319 0.50234819  0.48417291 0.45702496 0.47508945 0.39693445 0.45000532 0.44589633  0.47476172 0.42761975 0.50206904 0.41641874
0.00039479 0.36283831 0.35232302 0.39930133 0.34523319 0.50234819  0.48417291 0.45702496 0.47508945 0.39693445 0.45000532 0.44589633  0.47476172 0.42761975 0.50206904 0.41641874
0.00039479 0.36283831 0.35232302 0.39930133 0.34523319 0.50234819  0.48417291 0.45702496 0.47508945 0.39693445 0.45000532 0.44589633  0.47476172 0.42761975 0.50206904 0.41641874
0.00039479 0.36283831 0.35232302 0.39930133 0.34523319 0.50234819  0.48417291 0.45702496 0.47508945 0.39693445 0.45000532 0.44589633  0.47476172 0.42761975 0.50206904 0.41641874
0.00039479 0.36283831 0.35232302 0.39930133 0.34523319 0.50234819  0.48417291 0.45702496 0.47508945 0.39693445 0.45000532 0.44589633  0.47476172 0.42761975 0.50206904 0.41641874
0.00039479 0.36283831 0.35232302 0.39930133 0.34523319 0.50234819  0.48417291 0.45702496 0.47508945 0.39693445 0.45000532 0.44589633  0.47476172 0.42761975 0.50206904 0.41641874
0.00039479 0.36283831 0.35232302 0.39930133 0.34523319 0.50234819  0.48417291 0.45702496 0.47508945 0.39693445 0.45000532 0.44589633  0.47476172 0.42761975 0.50206904 0.41641874
0.00039479 0.36283831 0.35232302 0.39930133 0.34523319 0.50234819  0.48417291 0.45702496 0.47508945 0.39693445 0.45000532 0.44589633  0.47476172 0.42761975 0.50206904 0.41641874
0.00039479 0.36283831 0.35232302 0.39930133 0.34523319 0.50234819  0.48417291 0.45702496 0.47508945 0.39693445 0.45000532 0.44589633  0.47476172 0.42761975 0.50206904 0.41641874
0.00039479 0.36283831 0.35232302 0.39930133 0.34523319 0.50234819  0.48417291 0.45702496 0.47508945 0.39693445 0.45000532 0.44589633  0.47476172 0.42761975 0.50206904 0.41641874
0.00039479 0.36283831 0.35232302 0.39930133 0.34523319 0.50234819  0.48417291 0.45702496 0.47508945 0.39693445 0.45000532 0.44589633  0.47476172 0.42761975 0.50206904 0.41641874
0.00039479 0.36283831 0.35232302 0.39930133 0.34523319 0.50234819  0.48417291 0.45702496 0.47508945 0.39693445 0.45000532 0.44589633  0.47476172 0.42761975 0.50206904 0.41641874
0.00039479 0.36283831 0.35232302 0.39930133 0.34523319 0.50234819  0.48417291 0.45702496 0.47508945 0.39693445 0.45000532 0.44589633  0.47476172 0.42761975 0.50206904 0.41641874
0.00039479 0.36283831 0.35232302 0.39930133 0.34523319 0.50234819  0.48417291 0.45702496 0.47508945 0.39693445 0.45000532 0.44589633  0.47476172 0.42761975 0.50206904 0.41641874
0.00039479 0.36283831 0.35232302 0.39930133 0.34523319 0.50234819  0.48417291 0.45702496 0.47508945 0.39693445 0.45000532 0.44589633  0.47476172 0.42761975 0.50206904 0.41641874
0.00039479 0.36283831 0.35232302 0.39930133 0.34523319 0.50234819  0.48417291 0.45702496 0.47508945 0.39693445 0.45000532 0.44589633  0.47476172 0.42761975 0.50206904 0.41641874
0.10804545 0.5177001  0.27465313 0.53229948 0.39024189 0.39266398  0.35381301 0.53639741 0.57143171 0.39213077 0.46131335 0.44624208  0.52828365 0.55614932 0.721459   0.4109095 
0.21825139 0.65189832 0.21367324 0.61678486 0.38752229 0.4261887  0.27073405 0.50988088 0.65968216 0.45615218 0.47083457 0.47692547  0.41854485 0.56671548 0.86539694 0.42740023
0.29082203 0.74719787 0.16258789 0.68412143 0.4126472  0.34081881  0.25984336 0.53401816 0.58778509 0.42852519 0.41939891 0.47200023  0.46984945 0.48043082 0.66770791 0.42820069
0.38500068 0.80008635 0.1500423  0.61767303 0.33122515 0.60162614  0.29400884 0.44804128 0.70074437 0.44820811 0.57761426 0.44710914  0.49223646 0.42720784 0.52387333 0.45930185
0.40343091 0.8007634  0.15511196 0.5957954  0.3058326  0.66343265  0.28722977 0.45309638 0.70901758 0.45371406 0.550006   0.45055164  0.55642592 0.41144441 0.48545025 0.49774096
0.40343091 0.8007634  0.15511196 0.5957954  0.3058326  0.66343265  0.28722977 0.45309638 0.70901758 0.45371406 0.550006   0.45055164  0.55642592 0.41144441 0.48545025 0.49774096
0.40343091 0.8007634  0.15511196 0.5957954  0.3058326  0.66343265  0.28722977 0.45309638 0.70901758 0.45371406 0.550006   0.45055164  0.55642592 0.41144441 0.48545025 0.49774096
0.40343091 0.8007634  0.15511196 0.5957954  0.3058326  0.66343265  0.28722977 0.45309638 0.70901758 0.45371406 0.550006   0.45055164  0.55642592 0.41144441 0.48545025 0.49774096
0.38500068 0.80008635 0.1500423  0.61767303 0.33122515 0.60162614  0.29400884 0.44804128 0.70074437 0.44820811 0.57761426 0.44710914  0.49223646 0.42720784 0.52387333 0.45930185
0.3661066  0.79108975 0.15156986 0.63533951 0.34955576 0.54521948  0.28753473 0.4537974  0.67253362 0.45100407 0.5336416  0.45762606  0.47236909 0.44257352 0.57230233 0.44591881
0.34720959 0.78459453 0.15213045 0.65689475 0.36931807 0.48964022  0.27451741 0.46296826 0.65629284 0.45591761 0.5081479  0.4650596  0.4348531  0.45893406 0.61771805 0.43198952
0.30983353 0.76257574 0.15619934 0.67616474 0.40265727 0.37928527  0.27073384 0.51959709 0.61542993 0.42376266 0.48752646 0.45691024  0.44094478 0.47372309 0.63905033 0.40324622
0.30983353 0.76257574 0.15619934 0.67616474 0.40265727 0.37928527  0.27073384 0.51959709 0.61542993 0.42376266 0.48752646 0.45691024  0.44094478 0.47372309 0.63905033 0.40324622
0.3289013  0.77546665 0.15081171 0.66263368 0.39112964 0.41900949  0.29149107 0.5015949  0.62954177 0.41517933 0.54402305 0.44263897  0.43461543 0.46195703 0.59307496 0.38274211
0.34779539 0.78446325 0.14928416 0.6449672  0.37279903 0.47541616  0.29796519 0.49583878 0.65775252 0.41238338 0.58799572 0.43212204  0.4544828  0.44659135 0.54464596 0.39612515
0.34779539 0.78446325 0.14928416 0.6449672  0.37279903 0.47541616  0.29796519 0.49583878 0.65775252 0.41238338 0.58799572 0.43212204  0.4544828  0.44659135 0.54464596 0.39612515
0.38500068 0.80008635 0.1500423  0.61767303 0.33122515 0.60162614  0.29400884 0.44804128 0.70074437 0.44820811 0.57761426 0.44710914  0.49223646 0.42720784 0.52387333 0.45930185
0.40343091 0.8007634  0.15511196 0.5957954  0.3058326  0.66343265  0.28722977 0.45309638 0.70901758 0.45371406 0.550006   0.45055164  0.55642592 0.41144441 0.48545025 0.49774096
0.40343091 0.8007634  0.15511196 0.5957954  0.3058326  0.66343265  0.28722977 0.45309638 0.70901758 0.45371406 0.550006   0.45055164  0.55642592 0.41144441 0.48545025 0.49774096
0.40343091 0.8007634  0.15511196 0.5957954  0.3058326  0.66343265  0.28722977 0.45309638 0.70901758 0.45371406 0.550006   0.45055164  0.55642592 0.41144441 0.48545025 0.49774096
0.43790039 0.81798277 0.25856932 0.59198354 0.27703459 0.7001005  0.22851936 0.42004165 0.66303196 0.32844281 0.47892254 0.46938106  0.56005526 0.50098733 0.36980646 0.6104108 
0.52203598 0.81149922 0.49734439 0.67912237 0.17360839 0.70854364  0.17210944 0.35881749 0.50468955 0.21498941 0.41783746 0.55314291  0.71678366 0.48395896 0.36481638 0.51180186
0.52203598 0.81149922 0.49734439 0.67912237 0.17360839 0.70854364  0.17210944 0.35881749 0.50468955 0.21498941 0.41783746 0.55314291  0.71678366 0.48395896 0.36481638 0.51180186
0.54850092 0.87964153 0.66995014 0.65457394 0.24800198 0.68310996  0.19796921 0.33592672 0.56597129 0.12934543 0.32302407 0.41495854  0.53047083 0.4929979  0.37195924 0.58480355
0.55145145 0.89217696 0.69579413 0.63887888 0.29500067 0.69203458  0.18705126 0.33438315 0.55753387 0.12442151 0.31824079 0.40949458  0.51764697 0.49242839 0.37798828 0.56438937
0.56377619 0.87753107 0.7234477  0.66498312 0.26516425 0.6712381  0.18123255 0.34017176 0.51021176 0.174086   0.36344266 0.43853142  0.5014452  0.53217846 0.38361382 0.52802954
0.56377619 0.87753107 0.7234477  0.66498312 0.26516425 0.6712381  0.18123255 0.34017176 0.51021176 0.174086   0.36344266 0.43853142  0.5014452  0.53217846 0.38361382 0.52802954
0.57005739 0.88097121 0.75412615 0.67518983 0.26589718 0.64448265  0.22269698 0.34396559 0.57506093 0.20313666 0.33971052 0.41576156  0.48932341 0.47555664 0.41093505 0.5495804 
0.61488419 0.8410948  0.78990063 0.66682379 0.22605744 0.62094827  0.25760138 0.3884789  0.48869434 0.25850676 0.40165867 0.42295592  0.3944388  0.42497786 0.47975177 0.43501474
0.66465474 0.79854849 0.78611542 0.60471543 0.22206939 0.57140035  0.26823118 0.47411818 0.43569939 0.25714404 0.36421996 0.44028528  0.19364352 0.29829572 0.55494228 0.42982228
0.70072457 0.79142152 0.77901566 0.54385743 0.21779573 0.58045702  0.33846574 0.52059294 0.3933175  0.22649216 0.40721148 0.41540149  0.18717214 0.28860201 0.52165169 0.40310266
0.70072457 0.79142152 0.77901566 0.54385743 0.21779573 0.58045702  0.33846574 0.52059294 0.3933175  0.22649216 0.40721148 0.41540149  0.18717214 0.28860201 0.52165169 0.40310266
0.71856397 0.78011234 0.77782467 0.50031471 0.21573669 0.58896638  0.37224448 0.56517417 0.3921805  0.19711658 0.43556486 0.39780334  0.26724828 0.31898374 0.5315132  0.41518078
0.73428274 0.75479469 0.78467691 0.47397421 0.20984056 0.57492859  0.34982408 0.63780574 0.38900464 0.21407254 0.42203282 0.40745436  0.21217454 0.29679541 0.55223535 0.42725699
0.72016432 0.72686617 0.68058561 0.46083341 0.18947169 0.6058414  0.34112742 0.60797697 0.31514853 0.15035307 0.54623764 0.52155159  0.39403122 0.39611023 0.57282944 0.44306701
0.69405586 0.69858804 0.54963786 0.46643081 0.10404823 0.61154458  0.36673353 0.60458173 0.36233961 0.11942423 0.50114606 0.49448175  0.49926685 0.35452502 0.5701428  0.45395416
0.62694069 0.70085654 0.32225665 0.39211843 0.16480393 0.70200804  0.35476575 0.64200359 0.44415058 0.20058744 0.48833059 0.46152845  0.64344371 0.34719411 0.46175127 0.43920182
0.57577776 0.70721562 0.1890682  0.36969179 0.21608777 0.74588852  0.34301536 0.69448122 0.49648163 0.39782759 0.4264279  0.42643889  0.5146317  0.27195712 0.3550383  0.38952908
0.51021796 0.77316317 0.14245958 0.43995926 0.28108823 0.69900484  0.44157231 0.52801731 0.56764215 0.38757016 0.5564927  0.4173878  0.50398474 0.33905179 0.40400881 0.43237977
0.47632879 0.81056745 0.14248699 0.5165854  0.28277121 0.70968444  0.42149917 0.42690716 0.54556326 0.43514839 0.52132481 0.43294508  0.44206549 0.33160187 0.332813   0.40802154
0.45897988 0.82090494 0.12868243 0.53369618 0.30899141 0.66975993  0.45636899 0.40061998 0.56590799 0.43330554 0.60340142 0.42570883  0.39612583 0.34770569 0.37657972 0.40835261
0.45897988 0.82090494 0.12868243 0.53369618 0.30899141 0.66975993  0.45636899 0.40061998 0.56590799 0.43330554 0.60340142 0.42570883  0.39612583 0.34770569 0.37657972 0.40835261
0.45897988 0.82090494 0.12868243 0.53369618 0.30899141 0.66975993  0.45636899 0.40061998 0.56590799 0.43330554 0.60340142 0.42570883  0.39612583 0.34770569 0.37657972 0.40835261
0.44040188 0.82034229 0.13390782 0.56752468 0.31175412 0.65393346  0.39916614 0.40180063 0.59057552 0.45478735 0.55829857 0.44628621  0.39278733 0.34402745 0.40483746 0.43352958
0.45897988 0.82090494 0.12868243 0.53369618 0.30899141 0.66975993  0.45636899 0.40061998 0.56590799 0.43330554 0.60340142 0.42570883  0.39612583 0.34770569 0.37657972 0.40835261
0.45897988 0.82090494 0.12868243 0.53369618 0.30899141 0.66975993  0.45636899 0.40061998 0.56590799 0.43330554 0.60340142 0.42570883  0.39612583 0.34770569 0.37657972 0.40835261
0.47681929 0.80959576 0.12749145 0.49015345 0.30693238 0.6782693  0.49014772 0.44520121 0.56477099 0.40392997 0.63175481 0.40811068  0.47620197 0.37808742 0.38644123 0.42043074
0.47783114 0.81107125 0.12749317 0.48727864 0.30633496 0.67839699  0.48905693 0.44677332 0.56403905 0.40310811 0.62537262 0.42652433  0.44328393 0.40012326 0.3612095  0.47771252
0.54644978 0.77232352 0.09582484 0.34712351 0.34185412 0.61325183  0.71214736 0.45680348 0.41778916 0.41562658 0.56980044 0.43204295  0.55008453 0.4215556  0.49818758 0.48664996
0.59781756 0.72871839 0.1307963  0.28432111 0.28277269 0.68102688  0.61734523 0.58658891 0.37308544 0.44000585 0.389602   0.47667472  0.55007404 0.39199303 0.39578575 0.56108625
0.64508072 0.65265402 0.13494245 0.19084885 0.28124137 0.6281543  0.59554035 0.74328506 0.41761212 0.40830666 0.40399976 0.4631499  0.53068227 0.31635145 0.6036428  0.53214929
0.68876911 0.55670912 0.12158425 0.13225471 0.30615699 0.53592245  0.53294428 0.69344621 0.53844639 0.35568618 0.41378574 0.48517776  0.50927056 0.44996623 0.55661891 0.53779928
0.74364397 0.43023581 0.11326902 0.11251751 0.33201246 0.45539965  0.417123   0.60408692 0.6049015  0.33984682 0.41019104 0.48315221  0.38288955 0.36205122 0.48585423 0.46157333
0.75909589 0.41687079 0.13640909 0.12033857 0.30793896 0.47232578  0.37235357 0.61437536 0.55434285 0.35858716 0.3678881  0.48820233  0.37696606 0.3542899  0.42983085 0.39329407
0.81783833 0.29906928 0.18387887 0.22033516 0.27719428 0.39312975  0.318538   0.44809693 0.50601868 0.48178435 0.50716944 0.58430687  0.4296221  0.45980487 0.31033118 0.39037674
0.8594735  0.28179057 0.31382849 0.3171524  0.22718931 0.33520044  0.36816153 0.4072037  0.47682952 0.50560691 0.547394   0.52116205  0.36267886 0.58921235 0.26031187 0.54995571
0.91585004 0.26835723 0.52171692 0.46926357 0.26206529 0.27656068  0.51076968 0.37163672 0.63642197 0.5641932  0.53925666 0.42233043  0.38289755 0.52764586 0.20750494 0.74681692
0.94483691 0.33037425 0.70428382 0.44354165 0.41717625 0.25690019  0.5424795  0.33523662 0.7115734  0.54027036 0.48283468 0.30948417  0.38480711 0.46037767 0.24681166 0.76339826
0.95658551 0.31686326 0.73533942 0.4570002  0.54538649 0.29562123  0.53568295 0.34461993 0.68928524 0.61527409 0.4905553  0.23446155  0.44169762 0.45214856 0.23910245 0.74527308
0.95658551 0.31686326 0.73533942 0.4570002  0.54538649 0.29562123  0.53568295 0.34461993 0.68928524 0.61527409 0.4905553  0.23446155  0.44169762 0.45214856 0.23910245 0.74527308
0.94733299 0.33809885 0.72289324 0.4304738  0.45796973 0.25345805  0.55423278 0.34257996 0.74390529 0.59520999 0.46220074 0.27231628  0.40930995 0.47095502 0.2117737  0.73553246
0.94328429 0.32236964 0.68745596 0.45662628 0.36854722 0.24251369  0.55678479 0.32904766 0.72937788 0.54891521 0.45473822 0.26734542  0.39475673 0.47468506 0.23952043 0.73936357
0.93726987 0.29682247 0.63505519 0.48849789 0.2730437  0.2326065  0.56263395 0.3235524  0.70297    0.47509799 0.48386999 0.33680547  0.38307806 0.44618646 0.29834048 0.7947438 
0.92513953 0.27964912 0.57020534 0.47669028 0.26983707 0.25169607  0.542012   0.35509529 0.68789355 0.5700852  0.51557316 0.37772118  0.4118064  0.49663344 0.21489002 0.7625411 
0.91043922 0.27167105 0.49992012 0.44018752 0.23874394 0.26910981  0.48370409 0.37060512 0.59709909 0.58386577 0.53210484 0.39094079  0.40441577 0.53313666 0.26220902 0.66366846
0.90224921 0.26641505 0.45896213 0.422693   0.22005618 0.28891227  0.43907916 0.36855588 0.50477193 0.5358028  0.553889   0.42907153  0.40728264 0.58262885 0.30539407 0.62021796
0.88779608 0.24592638 0.37910653 0.41900979 0.20803387 0.33508626  0.39061715 0.37794859 0.40364758 0.51674673 0.59592979 0.49678826  0.46669761 0.60590242 0.30642572 0.5235828 
0.87877655 0.2456132  0.34339196 0.39422484 0.22742241 0.35626778  0.3639682  0.39409109 0.39313591 0.52506816 0.58565182 0.4870307  0.42024449 0.63726188 0.26093713 0.53874482
0.87288481 0.23292216 0.30915487 0.39752142 0.2315425  0.37004277  0.34845605 0.40413838 0.38053113 0.54960317 0.61302509 0.52703128  0.45758276 0.61775144 0.27740042 0.51553975
0.87288481 0.23292216 0.30915487 0.39752142 0.2315425  0.37004277  0.34845605 0.40413838 0.38053113 0.54960317 0.61302509 0.52703128  0.45758276 0.61775144 0.27740042 0.51553975
0.86667329 0.22628531 0.27768245 0.38687246 0.25334185 0.39437315  0.32388635 0.40680721 0.3375369  0.54201795 0.63075211 0.55472923  0.50572081 0.60853696 0.29236207 0.46755548
0.86667329 0.22628531 0.27768245 0.38687246 0.25334185 0.39437315  0.32388635 0.40680721 0.3375369  0.54201795 0.63075211 0.55472923  0.50572081 0.60853696 0.29236207 0.46755548
0.86667329 0.22628531 0.27768245 0.38687246 0.25334185 0.39437315  0.32388635 0.40680721 0.3375369  0.54201795 0.63075211 0.55472923  0.50572081 0.60853696 0.29236207 0.46755548
0.87428468 0.19642773 0.27157001 0.43146915 0.27852178 0.42403403  0.31703126 0.40675753 0.28860564 0.53653731 0.64488457 0.5007369  0.51859103 0.58630659 0.33129189 0.49468622
0.87428468 0.19642773 0.27157001 0.43146915 0.27852178 0.42403403  0.31703126 0.40675753 0.28860564 0.53653731 0.64488457 0.5007369  0.51859103 0.58630659 0.33129189 0.49468622
0.87428468 0.19642773 0.27157001 0.43146915 0.27852178 0.42403403  0.31703126 0.40675753 0.28860564 0.53653731 0.64488457 0.5007369  0.51859103 0.58630659 0.33129189 0.49468622
0.87428468 0.19642773 0.27157001 0.43146915 0.27852178 0.42403403  0.31703126 0.40675753 0.28860564 0.53653731 0.64488457 0.5007369  0.51859103 0.58630659 0.33129189 0.49468622
0.88204588 0.16632331 0.26424318 0.4749142  0.30528029 0.45807991  0.31011786 0.40101092 0.24502455 0.53069281 0.64489159 0.44485615  0.53555717 0.56394227 0.38722377 0.51472572
0.88350276 0.15952383 0.26491425 0.49809921 0.31294397 0.46978611  0.33731312 0.41813331 0.27180802 0.51359753 0.62590389 0.47795436  0.51573409 0.58691029 0.35283027 0.49608451
0.88350276 0.15952383 0.26491425 0.49809921 0.31294397 0.46978611  0.33731312 0.41813331 0.27180802 0.51359753 0.62590389 0.47795436  0.51573409 0.58691029 0.35283027 0.49608451
0.88350276 0.15952383 0.26491425 0.49809921 0.31294397 0.46978611  0.33731312 0.41813331 0.27180802 0.51359753 0.62590389 0.47795436  0.51573409 0.58691029 0.35283027 0.49608451
0.88350276 0.15952383 0.26491425 0.49809921 0.31294397 0.46978611  0.33731312 0.41813331 0.27180802 0.51359753 0.62590389 0.47795436  0.51573409 0.58691029 0.35283027 0.49608451
0.88350276 0.15952383 0.26491425 0.49809921 0.31294397 0.46978611  0.33731312 0.41813331 0.27180802 0.51359753 0.62590389 0.47795436  0.51573409 0.58691029 0.35283027 0.49608451
0.88204588 0.16632331 0.26424318 0.4749142  0.30528029 0.45807991  0.31011786 0.40101092 0.24502455 0.53069281 0.64489159 0.44485615  0.53555717 0.56394227 0.38722377 0.51472572
0.88204588 0.16632331 0.26424318 0.4749142  0.30528029 0.45807991  0.31011786 0.40101092 0.24502455 0.53069281 0.64489159 0.44485615  0.53555717 0.56394227 0.38722377 0.51472572
0.88204588 0.16632331 0.26424318 0.4749142  0.30528029 0.45807991  0.31011786 0.40101092 0.24502455 0.53069281 0.64489159 0.44485615  0.53555717 0.56394227 0.38722377 0.51472572
0.88938089 0.17068635 0.29709647 0.49056622 0.29210153 0.44524895  0.31975148 0.37397643 0.23563598 0.44701317 0.64859794 0.45254736  0.53785295 0.52731705 0.45616621 0.55454869
0.87324461 0.22615027 0.29732199 0.40997307 0.27657158 0.43588645  0.31314836 0.37578583 0.27400251 0.3984441  0.55012795 0.47703638  0.50813388 0.53306413 0.43902369 0.45224497
0.90865251 0.36340526 0.5872261  0.31030976 0.5066196  0.43995602  0.26664607 0.28576433 0.27230142 0.14254484 0.54450531 0.58313428  0.44222526 0.42713235 0.54648822 0.45549151
0.91001623 0.42882056 0.67798642 0.20493104 0.70888821 0.45176457  0.22959297 0.29496917 0.29752352 0.1845815  0.61463358 0.7711036  0.45423995 0.36394217 0.54044217 0.47039579
0.88976089 0.49130821 0.69121121 0.15528127 0.6691064  0.44150676  0.25759285 0.38554506 0.32107544 0.16637483 0.62075843 0.81288944  0.43597741 0.37267545 0.5523335  0.41674084
0.89070907 0.4943077  0.69524041 0.15334228 0.67340393 0.44381994  0.25511827 0.38848574 0.31301315 0.15030687 0.62441563 0.83268009  0.41234272 0.36082708 0.56273471 0.45427621
0.86368163 0.53533983 0.65514938 0.13004029 0.71989229 0.47920068  0.2964377  0.3412336  0.38713477 0.07740531 0.60070984 0.7965747  0.54674363 0.38423591 0.52001434 0.51149708
0.87743615 0.50595411 0.66355763 0.12917703 0.69894282 0.46230324  0.26341156 0.37975645 0.36839755 0.11671034 0.57555656 0.7838526  0.45217918 0.33292539 0.54670796 0.45310067
0.87068219 0.48846636 0.61725354 0.14524723 0.6483956  0.46077694  0.26740138 0.38512928 0.3732333  0.13774924 0.55471396 0.74674522  0.48586523 0.35056504 0.55042876 0.38152285
0.85657791 0.42963461 0.49052803 0.21733705 0.40044524 0.40995344  0.32228404 0.3940937  0.39209699 0.12915923 0.54280523 0.73167301  0.52764623 0.32054978 0.59484237 0.39842643
0.85068066 0.3993997  0.42638146 0.27173963 0.20972503 0.36237961  0.37639746 0.38337325 0.451038   0.12876348 0.45575966 0.59875839  0.52074207 0.37346597 0.56277248 0.37171789
0.82419326 0.39494778 0.32611731 0.22372514 0.25143029 0.39714442  0.3743043  0.43044264 0.50258243 0.17144059 0.40176089 0.56342157  0.49559102 0.30500667 0.53788323 0.36551324
0.79240972 0.37999585 0.19192584 0.16225297 0.28909381 0.44133129  0.34172791 0.49704115 0.52557119 0.27327669 0.36737102 0.53361261  0.42380312 0.33105434 0.44808447 0.38012768
0.79240972 0.37999585 0.19192584 0.16225297 0.28909381 0.44133129  0.34172791 0.49704115 0.52557119 0.27327669 0.36737102 0.53361261  0.42380312 0.33105434 0.44808447 0.38012768
0.80483879 0.34703003 0.18029937 0.16559355 0.30858507 0.43604018  0.31634318 0.41266985 0.54151241 0.27563005 0.32443229 0.54073779  0.44703982 0.2972326  0.45904995 0.35171672
0.80483879 0.34703003 0.18029937 0.16559355 0.30858507 0.43604018  0.31634318 0.41266985 0.54151241 0.27563005 0.32443229 0.54073779  0.44703982 0.2972326  0.45904995 0.35171672
0.80511517 0.31280942 0.14133365 0.19453822 0.34694377 0.47853202  0.29985447 0.43965466 0.50196973 0.35382905 0.3348584  0.47905424  0.45761426 0.31162745 0.42903733 0.3390245 
0.81294145 0.28328758 0.13973533 0.24084741 0.36723432 0.49408095  0.29723932 0.43345008 0.46247659 0.36968236 0.37167229 0.43014322  0.4526401  0.3367159  0.40618051 0.42109041
0.81294145 0.28328758 0.13973533 0.24084741 0.36723432 0.49408095  0.29723932 0.43345008 0.46247659 0.36968236 0.37167229 0.43014322  0.4526401  0.3367159  0.40618051 0.42109041
0.82070265 0.25318317 0.1324085  0.28429246 0.39399283 0.52812683  0.29032593 0.42770347 0.41889551 0.36383787 0.3716793  0.37426247  0.46960623 0.31435158 0.46211239 0.44112991
0.82070265 0.25318317 0.1324085  0.28429246 0.39399283 0.52812683  0.29032593 0.42770347 0.41889551 0.36383787 0.3716793  0.37426247  0.46960623 0.31435158 0.46211239 0.44112991
0.8279098  0.22501878 0.12962583 0.3313991  0.41763168 0.55377821  0.29261308 0.42970888 0.38512318 0.37880914 0.38573429 0.32280133  0.4638599  0.34117855 0.45869787 0.50883822
0.82927211 0.21988061 0.12916139 0.33885727 0.42047592 0.55451067  0.28901424 0.42926057 0.36688784 0.38050628 0.40526536 0.31511171  0.43625835 0.39928968 0.41587535 0.55502798
0.81717621 0.22789359 0.09681524 0.30889147 0.44388167 0.55909471  0.29549472 0.44437859 0.41680912 0.37601631 0.38106254 0.29778192  0.37294639 0.37806712 0.41183558 0.63394717
0.81717621 0.22789359 0.09681524 0.30889147 0.44388167 0.55909471  0.29549472 0.44437859 0.41680912 0.37601631 0.38106254 0.29778192  0.37294639 0.37806712 0.41183558 0.63394717
0.81581389 0.23303176 0.09727968 0.3014333  0.44103743 0.55836225  0.29909356 0.44482689 0.43504445 0.37431916 0.36153147 0.30547154  0.40054794 0.31995599 0.45465809 0.58775742
0.80111119 0.25941799 0.08484222 0.30423555 0.45768937 0.57294651  0.33459427 0.40336336 0.46184397 0.35108209 0.38302754 0.298403  0.51874709 0.3831149  0.41756326 0.60861845
0.78565927 0.27278301 0.06170215 0.29641448 0.48176287 0.55602038  0.3793637  0.39307492 0.51240261 0.33234175 0.42533047 0.29335289  0.52467058 0.39087622 0.47358665 0.67689772
0.71457287 0.42234985 0.04433338 0.22154146 0.45400298 0.47451501  0.47428472 0.23463297 0.66127124 0.27619936 0.46920382 0.42132249  0.62773514 0.45844193 0.44186167 0.48047914
0.64471685 0.54597324 0.04491397 0.24711559 0.43660447 0.45485053  0.57435893 0.14724179 0.66286866 0.35375389 0.43801361 0.49394884  0.59212676 0.51612949 0.6061019  0.41524588
0.54149561 0.59823103 0.04499708 0.38820181 0.49316461 0.30951279  0.5911111  0.10354533 0.53023707 0.38097224 0.41090331 0.50768608  0.41317336 0.51525662 0.59146491 0.3482982 
0.40770637 0.68141445 0.0861634  0.52441903 0.49229869 0.21905707  0.58437366 0.29600975 0.35050009 0.42206454 0.32602968 0.50213866  0.39208109 0.47564842 0.66077768 0.33098046
0.36205941 0.72358054 0.11209715 0.52983962 0.47409672 0.20732841  0.6381805  0.46572361 0.26688124 0.37646252 0.43089692 0.4493081  0.41622372 0.43150019 0.50193032 0.33695771
0.23275447 0.61887336 0.17997326 0.5479407  0.46508806 0.17494564  0.55644953 0.48495661 0.19544966 0.40305047 0.18090901 0.50232338  0.56323261 0.33591235 0.33639558 0.51284955
0.10659891 0.48872818 0.26939976 0.49183642 0.40616712 0.3122531  0.49180847 0.49343796 0.30794348 0.39570144 0.22635058 0.48530115  0.63525714 0.32867687 0.2965784  0.54625737
0.03570449 0.41256652 0.32481348 0.44346236 0.36297546 0.43289222  0.46698566 0.4880752  0.41982002 0.37795658 0.37170853 0.44831936  0.5704997  0.36843359 0.35263673 0.4613214 
0.00039479 0.36283831 0.35232302 0.39930133 0.34523319 0.50234819  0.48417291 0.45702496 0.47508945 0.39693445 0.45000532 0.44589633  0.47476172 0.42761975 0.50206904 0.41641874
0.00039479 0.36283831 0.35232302 0.39930133 0.34523319 0.50234819  0.48417291 0.45702496 0.47508945 0.39693445 0.45000532 0.44589633  0.47476172 0.42761975 0.50206904 0.41641874
0.00039479 0.36283831 0.35232302 0.39930133 0.34523319 0.50234819  0.48417291 0.45702496 0.47508945 0.39693445 0.45000532 0.44589633  0.47476172 0.42761975 0.50206904 0.41641874
0.00039479 0.36283831 0.35232302 0.39930133 0.34523319 0.50234819  0.48417291 0.45702496 0.47508945 0.39693445 0.45000532 0.44589633  0.47476172 0.42761975 0.50206904 0.41641874
0.00039479 0.36283831 0.35232302 0.39930133 0.34523319 0.50234819  0.48417291 0.45702496 0.47508945 0.39693445 0.45000532 0.44589633  0.47476172 0.42761975 0.50206904 0.41641874
0.00039479 0.36283831 0.35232302 0.39930133 0.34523319 0.50234819  0.48417291 0.45702496 0.47508945 0.39693445 0.45000532 0.44589633  0.47476172 0.42761975 0.50206904 0.41641874
0.00039479 0.36283831 0.35232302 0.39930133 0.34523319 0.50234819  0.48417291 0.45702496 0.47508945 0.39693445 0.45000532 0.44589633  0.47476172 0.42761975 0.50206904 0.41641874
0.00039479 0.36283831 0.35232302 0.39930133 0.34523319 0.50234819  0.48417291 0.45702496 0.47508945 0.39693445 0.45000532 0.44589633  0.47476172 0.42761975 0.50206904 0.41641874
0.00039479 0.36283831 0.35232302 0.39930133 0.34523319 0.50234819  0.48417291 0.45702496 0.47508945 0.39693445 0.45000532 0.44589633  0.47476172 0.42761975 0.50206904 0.41641874
0.00039479 0.36283831 0.35232302 0.39930133 0.34523319 0.50234819  0.48417291 0.45702496 0.47508945 0.39693445 0.45000532 0.44589633  0.47476172 0.42761975 0.50206904 0.41641874
0.00039479 0.36283831 0.35232302 0.39930133 0.34523319 0.50234819  0.48417291 0.45702496 0.47508945 0.39693445 0.45000532 0.44589633  0.47476172 0.42761975 0.50206904 0.41641874
0.00039479 0.36283831 0.35232302 0.39930133 0.34523319 0.50234819  0.48417291 0.45702496 0.47508945 0.39693445 0.45000532 0.44589633  0.47476172 0.42761975 0.50206904 0.41641874
0.00039479 0.36283831 0.35232302 0.39930133 0.34523319 0.50234819  0.48417291 0.45702496 0.47508945 0.39693445 0.45000532 0.44589633  0.47476172 0.42761975 0.50206904 0.41641874
0.00039479 0.36283831 0.35232302 0.39930133 0.34523319 0.50234819  0.48417291 0.45702496 0.47508945 0.39693445 0.45000532 0.44589633  0.47476172 0.42761975 0.50206904 0.41641874
0.00039479 0.36283831 0.35232302 0.39930133 0.34523319 0.50234819  0.48417291 0.45702496 0.47508945 0.39693445 0.45000532 0.44589633  0.47476172 0.42761975 0.50206904 0.41641874
0.00039479 0.36283831 0.35232302 0.39930133 0.34523319 0.50234819  0.48417291 0.45702496 0.47508945 0.39693445 0.45000532 0.44589633  0.47476172 0.42761975 0.50206904 0.41641874
0.00039479 0.36283831 0.35232302 0.39930133 0.34523319 0.50234819  0.48417291 0.45702496 0.47508945 0.39693445 0.45000532 0.44589633  0.47476172 0.42761975 0.50206904 0.41641874
0.00039479 0.36283831 0.35232302 0.39930133 0.34523319 0.50234819  0.48417291 0.45702496 0.47508945 0.39693445 0.45000532 0.44589633  0.47476172 0.42761975 0.50206904 0.41641874
0.00039479 0.36283831 0.35232302 0.39930133 0.34523319 0.50234819  0.48417291 0.45702496 0.47508945 0.39693445 0.45000532 0.44589633  0.47476172 0.42761975 0.50206904 0.41641874
0.00039479 0.36283831 0.35232302 0.39930133 0.34523319 0.50234819  0.48417291 0.45702496 0.47508945 0.39693445 0.45000532 0.44589633  0.47476172 0.42761975 0.50206904 0.41641874
0.00039479 0.36283831 0.35232302 0.39930133 0.34523319 0.50234819  0.48417291 0.45702496 0.47508945 0.39693445 0.45000532 0.44589633  0.47476172 0.42761975 0.50206904 0.41641874
0.00039479 0.36283831 0.35232302 0.39930133 0.34523319 0.50234819  0.48417291 0.45702496 0.47508945 0.39693445 0.45000532 0.44589633  0.47476172 0.42761975 0.50206904 0.41641874
0.00039479 0.36283831 0.35232302 0.39930133 0.34523319 0.50234819  0.48417291 0.45702496 0.47508945 0.39693445 0.45000532 0.44589633  0.47476172 0.42761975 0.50206904 0.41641874
0.00039479 0.36283831 0.35232302 0.39930133 0.34523319 0.50234819  0.48417291 0.45702496 0.47508945 0.39693445 0.45000532 0.44589633  0.47476172 0.42761975 0.50206904 0.41641874
0.00039479 0.36283831 0.35232302 0.39930133 0.34523319 0.50234819  0.48417291 0.45702496 0.47508945 0.39693445 0.45000532 0.44589633  0.47476172 0.42761975 0.50206904 0.41641874
