0.00039479 0.36283831 0.35232302 0.39930133 0.34523319 0.50234819  0.48417291 0.45702496 0.47508945 0.39693445 0.45000532 0.44589633  0.47476172 0.42761975 0.50206904 0.41641874
0.00039479 0.36283831 0.35232302 0.39930133 0.34523319 0.50234819  0.48417291 0.45702496 0.47508945 0.39693445 0.45000532 0.44589633  0.47476172 0.42761975 0.50206904 0.41641874
0.00039479 0.36283831 0.35232302 0.39930133 0.34523319 0.50234819  0.48417291 0.45702496 0.47508945 0.39693445 0.45000532 0.44589633  0.47476172 0.42761975 0.50206904 0.41641874
0.00039479 0.36283831 0.35232302 0.39930133 0.34523319 0.50234819  0.48417291 0.45702496 0.47508945 0.39693445 0.45000532 0.44589633  0.47476172 0.42761975 0.50206904 0.41641874
0.00039479 0.36283831 0.35232302 0.39930133 0.34523319 0.50234819  0.48417291 0.45702496 0.47508945 0.39693445 0.45000532 0.44589633  0.47476172 0.42761975 0.50206904 0.41641874
0.00039479 0.36283831 0.35232302 0.39930133 0.34523319 0.50234819  0.48417291 0.45702496 0.47508945 0.39693445 0.45000532 0.44589633  0.47476172 0.42761975 0.50206904 0.41641874
0.00039479 0.36283831 0.35232302 0.39930133 0.34523319 0.50234819  0.48417291 0.45702496 0.47508945 0.39693445 0.45000532 0.44589633  0.47476172 0.42761975 0.50206904 0.41641874
0.00039479 0.36283831 0.35232302 0.39930133 0.34523319 0.50234819  0.48417291 0.45702496 0.47508945 0.39693445 0.45000532 0.44589633  0.47476172 0.42761975 0.50206904 0.41641874
0.00039479 0.36283831 0.35232302 0.39930133 0.34523319 0.50234819  0.48417291 0.45702496 0.47508945 0.39693445 0.45000532 0.44589633  0.47476172 0.42761975 0.50206904 0.41641874
0.00039479 0.36283831 0.35232302 0.39930133 0.34523319 0.50234819  0.48417291 0.45702496 0.47508945 0.39693445 0.45000532 0.44589633  0.47476172 0.42761975 0.50206904 0.41641874
0.00039479 0.36283831 0.35232302 0.39930133 0.34523319 0.50234819  0.48417291 0.45702496 0.47508945 0.39693445 0.45000532 0.44589633  0.47476172 0.42761975 0.50206904 0.41641874
0.00039479 0.36283831 0.35232302 0.39930133 0.34523319 0.50234819  0.48417291 0.45702496 0.47508945 0.39693445 0.45000532 0.44589633  0.47476172 0.42761975 0.50206904 0.41641874
0.00039479 0.36283831 0.35232302 0.39930133 0.34523319 0.50234819  0.48417291 0.45702496 0.47508945 0.39693445 0.45000532 0.44589633  0.47476172 0.42761975 0.50206904 0.41641874
0.00039479 0.36283831 0.35232302 0.39930133 0.34523319 0.50234819  0.48417291 0.45702496 0.47508945 0.39693445 0.45000532 0.44589633  0.47476172 0.42761975 0.50206904 0.41641874
0.00039479 0.36283831 0.35232302 0.39930133 0.34523319 0.50234819  0.48417291 0.45702496 0.47508945 0.39693445 0.45000532 0.44589633  0.47476172 0.42761975 0.50206904 0.41641874
0.00039479 0.36283831 0.35232302 0.39930133 0.34523319 0.50234819  0.48417291 0.45702496 0.47508945 0.39693445 0.45000532 0.44589633  0.47476172 0.42761975 0.50206904 0.41641874
0.00039479 0.36283831 0.35232302 0.39930133 0.34523319 0.50234819  0.48417291 0.45702496 0.47508945 0.39693445 0.45000532 0.44589633  0.47476172 0.42761975 0.50206904 0.41641874
0.00039479 0.36283831 0.35232302 0.39930133 0.34523319 0.50234819  0.48417291 0.45702496 0.47508945 0.39693445 0.45000532 0.44589633  0.47476172 0.42761975 0.50206904 0.41641874
0.00039479 0.36283831 0.35232302 0.39930133 0.34523319 0.50234819  0.48417291 0.45702496 0.47508945 0.39693445 0.45000532 0.44589633  0.47476172 0.42761975 0.50206904 0.41641874
0.00039479 0.36283831 0.35232302 0.39930133 0.34523319 0.50234819  0.48417291 0.45702496 0.47508945 0.39693445 0.45000532 0.44589633  0.47476172 0.42761975 0.50206904 0.41641874
0.00039479 0.36283831 0.35232302 0.39930133 0.34523319 0.50234819  0.48417291 0.45702496 0.47508945 0.39693445 0.45000532 0.44589633  0.47476172 0.42761975 0.50206904 0.41641874
0.00039479 0.36283831 0.35232302 0.39930133 0.34523319 0.50234819  0.48417291 0.45702496 0.47508945 0.39693445 0.45000532 0.44589633  0.47476172 0.42761975 0.50206904 0.41641874
0.00039479 0.36283831 0.35232302 0.39930133 0.34523319 0.50234819  0.48417291 0.45702496 0.47508945 0.39693445 0.45000532 0.44589633  0.47476172 0.42761975 0.50206904 0.41641874
0.00039479 0.36283831 0.35232302 0.39930133 0.34523319 0.50234819  0.48417291 0.45702496 0.47508945 0.39693445 0.45000532 0.44589633  0.47476172 0.42761975 0.50206904 0.41641874
0.00039479 0.36283831 0.35232302 0.39930133 0.34523319 0.50234819  0.48417291 0.45702496 0.47508945 0.39693445 0.45000532 0.44589633  0.47476172 0.42761975 0.50206904 0.41641874
0.00039479 0.36283831 0.35232302 0.39930133 0.34523319 0.50234819  0.48417291 0.45702496 0.47508945 0.39693445 0.45000532 0.44589633  0.47476172 0.42761975 0.50206904 0.41641874
0.00039479 0.36283831 0.35232302 0.39930133 0.34523319 0.50234819  0.48417291 0.45702496 0.47508945 0.39693445 0.45000532 0.44589633  0.47476172 0.42761975 0.50206904 0.41641874
0.00039479 0.36283831 0.35232302 0.39930133 0.34523319 0.50234819  0.48417291 0.45702496 0.47508945 0.39693445 0.45000532 0.44589633  0.47476172 0.42761975 0.50206904 0.41641874
0.00039479 0.36283831 0.35232302 0.39930133 0.34523319 0.50234819  0.48417291 0.45702496 0.47508945 0.39693445 0.45000532 0.44589633  0.47476172 0.42761975 0.50206904 0.41641874
0.00039479 0.36283831 0.35232302 0.39930133 0.34523319 0.50234819  0.48417291 0.45702496 0.47508945 0.39693445 0.45000532 0.44589633  0.47476172 0.42761975 0.50206904 0.41641874
0.00039479 0.36283831 0.35232302 0.39930133 0.34523319 0.50234819  0.48417291 0.45702496 0.47508945 0.39693445 0.45000532 0.44589633  0.47476172 0.42761975 0.50206904 0.41641874
0.00039479 0.36283831 0.35232302 0.39930133 0.34523319 0.50234819  0.48417291 0.45702496 0.47508945 0.39693445 0.45000532 0.44589633  0.47476172 0.42761975 0.50206904 0.41641874
0.00039479 0.36283831 0.35232302 0.39930133 0.34523319 0.50234819  0.48417291 0.45702496 0.47508945 0.39693445 0.45000532 0.44589633  0.47476172 0.42761975 0.50206904 0.41641874
0.00039479 0.36283831 0.35232302 0.39930133 0.34523319 0.50234819  0.48417291 0.45702496 0.47508945 0.39693445 0.45000532 0.44589633  0.47476172 0.42761975 0.50206904 0.41641874
0.00039479 0.36283831 0.35232302 0.39930133 0.34523319 0.50234819  0.48417291 0.45702496 0.47508945 0.39693445 0.45000532 0.44589633  0.47476172 0.42761975 0.50206904 0.41641874
0.00039479 0.36283831 0.35232302 0.39930133 0.34523319 0.50234819  0.48417291 0.45702496 0.47508945 0.39693445 0.45000532 0.44589633  0.47476172 0.42761975 0.50206904 0.41641874
0.00039479 0.36283831 0.35232302 0.39930133 0.34523319 0.50234819  0.48417291 0.45702496 0.47508945 0.39693445 0.45000532 0.44589633  0.47476172 0.42761975 0.50206904 0.41641874
0.00039479 0.36283831 0.35232302 0.39930133 0.34523319 0.50234819  0.48417291 0.45702496 0.47508945 0.39693445 0.45000532 0.44589633  0.47476172 0.42761975 0.50206904 0.41641874
0.00039479 0.36283831 0.35232302 0.39930133 0.34523319 0.50234819  0.48417291 0.45702496 0.47508945 0.39693445 0.45000532 0.44589633  0.47476172 0.42761975 0.50206904 0.41641874
0.00039479 0.36283831 0.35232302 0.39930133 0.34523319 0.50234819  0.48417291 0.45702496 0.47508945 0.39693445 0.45000532 0.44589633  0.47476172 0.42761975 0.50206904 0.41641874
0.00039479 0.36283831 0.35232302 0.39930133 0.34523319 0.50234819  0.48417291 0.45702496 0.47508945 0.39693445 0.45000532 0.44589633  0.47476172 0.42761975 0.50206904 0.41641874
0.00039479 0.36283831 0.35232302 0.39930133 0.34523319 0.50234819  0.48417291 0.45702496 0.47508945 0.39693445 0.45000532 0.44589633  0.47476172 0.42761975 0.50206904 0.41641874
0.00039479 0.36283831 0.35232302 0.39930133 0.34523319 0.50234819  0.48417291 0.45702496 0.47508945 0.39693445 0.45000532 0.44589633  0.47476172 0.42761975 0.50206904 0.41641874
0.00039479 0.36283831 0.35232302 0.39930133 0.34523319 0.50234819  0.48417291 0.45702496 0.47508945 0.39693445 0.45000532 0.44589633  0.47476172 0.42761975 0.50206904 0.41641874
0.00039479 0.36283831 0.35232302 0.39930133 0.34523319 0.50234819  0.48417291 0.45702496 0.47508945 0.39693445 0.45000532 0.44589633  0.47476172 0.42761975 0.50206904 0.41641874
0.00039479 0.36283831 0.35232302 0.39930133 0.34523319 0.50234819  0.48417291 0.45702496 0.47508945 0.39693445 0.45000532 0.44589633  0.47476172 0.42761975 0.50206904 0.41641874
0.00039479 0.36283831 0.35232302 0.39930133 0.34523319 0.50234819  0.48417291 0.45702496 0.47508945 0.39693445 0.45000532 0.44589633  0.47476172 0.42761975 0.50206904 0.41641874
0.00039479 0.36283831 0.35232302 0.39930133 0.34523319 0.50234819  0.48417291 0.45702496 0.47508945 0.39693445 0.45000532 0.44589633  0.47476172 0.42761975 0.50206904 0.41641874
0.00039479 0.36283831 0.35232302 0.39930133 0.34523319 0.50234819  0.48417291 0.45702496 0.47508945 0.39693445 0.45000532 0.44589633  0.47476172 0.42761975 0.50206904 0.41641874
0.00039479 0.36283831 0.35232302 0.39930133 0.34523319 0.50234819  0.48417291 0.45702496 0.47508945 0.39693445 0.45000532 0.44589633  0.47476172 0.42761975 0.50206904 0.41641874
0.00039479 0.36283831 0.35232302 0.39930133 0.34523319 0.50234819  0.48417291 0.45702496 0.47508945 0.39693445 0.45000532 0.44589633  0.47476172 0.42761975 0.50206904 0.41641874
0.00039479 0.36283831 0.35232302 0.39930133 0.34523319 0.50234819  0.48417291 0.45702496 0.47508945 0.39693445 0.45000532 0.44589633  0.47476172 0.42761975 0.50206904 0.41641874
0.00039479 0.36283831 0.35232302 0.39930133 0.34523319 0.50234819  0.48417291 0.45702496 0.47508945 0.39693445 0.45000532 0.44589633  0.47476172 0.42761975 0.50206904 0.41641874
0.00039479 0.36283831 0.35232302 0.39930133 0.34523319 0.50234819  0.48417291 0.45702496 0.47508945 0.39693445 0.45000532 0.44589633  0.47476172 0.42761975 0.50206904 0.41641874
0.00039479 0.36283831 0.35232302 0.39930133 0.34523319 0.50234819  0.48417291 0.45702496 0.47508945 0.39693445 0.45000532 0.44589633  0.47476172 0.42761975 0.50206904 0.41641874
0.00039479 0.36283831 0.35232302 0.39930133 0.34523319 0.50234819  0.48417291 0.45702496 0.47508945 0.39693445 0.45000532 0.44589633  0.47476172 0.42761975 0.50206904 0.41641874
0.00039479 0.36283831 0.35232302 0.39930133 0.34523319 0.50234819  0.48417291 0.45702496 0.47508945 0.39693445 0.45000532 0.44589633  0.47476172 0.42761975 0.50206904 0.41641874
0.00039479 0.36283831 0.35232302 0.39930133 0.34523319 0.50234819  0.48417291 0.45702496 0.47508945 0.39693445 0.45000532 0.44589633  0.47476172 0.42761975 0.50206904 0.41641874
0.00039479 0.36283831 0.35232302 0.39930133 0.34523319 0.50234819  0.48417291 0.45702496 0.47508945 0.39693445 0.45000532 0.44589633  0.47476172 0.42761975 0.50206904 0.41641874
0.00039479 0.36283831 0.35232302 0.39930133 0.34523319 0.50234819  0.48417291 0.45702496 0.47508945 0.39693445 0.45000532 0.44589633  0.47476172 0.42761975 0.50206904 0.41641874
0.00039479 0.36283831 0.35232302 0.39930133 0.34523319 0.50234819  0.48417291 0.45702496 0.47508945 0.39693445 0.45000532 0.44589633  0.47476172 0.42761975 0.50206904 0.41641874
0.00039479 0.36283831 0.35232302 0.39930133 0.34523319 0.50234819  0.48417291 0.45702496 0.47508945 0.39693445 0.45000532 0.44589633  0.47476172 0.42761975 0.50206904 0.41641874
0.00039479 0.36283831 0.35232302 0.39930133 0.34523319 0.50234819  0.48417291 0.45702496 0.47508945 0.39693445 0.45000532 0.44589633  0.47476172 0.42761975 0.50206904 0.41641874
0.07401249 0.43187564 0.33134832 0.42344051 0.30095439 0.66156247  0.40990401 0.36986909 0.59942256 0.5230826  0.41739045 0.51107782  0.34076091 0.44952405 0.74244847 0.51256051
0.10901787 0.48622695 0.30353338 0.47755394 0.32387065 0.59885261  0.35817776 0.4097428  0.60993259 0.51872982 0.37440623 0.51759335  0.41376545 0.48531732 0.78702444 0.54831078
0.16083275 0.5530086  0.35159479 0.52992266 0.30891269 0.58190183  0.3132004  0.37103563 0.65340649 0.41858517 0.45761087 0.52025996  0.37960298 0.60442029 0.85684449 0.56369917
0.27633032 0.67319091 0.3610896  0.52034491 0.33406793 0.70093891  0.23977471 0.39117383 0.69008013 0.36494342 0.45470253 0.49454736  0.48631858 0.63431325 0.70679921 0.65846425
0.41117252 0.72258914 0.56561604 0.56260913 0.25291972 0.81835808  0.1892823  0.29256192 0.58470602 0.19324563 0.55663997 0.50700188  0.51920902 0.58836322 0.67082275 0.44698681
0.46968133 0.77495813 0.58703878 0.56174937 0.25005338 0.84219749  0.15043378 0.31890233 0.56913078 0.19729788 0.47420709 0.45164424  0.50121585 0.58911783 0.57943497 0.37732671
0.49238552 0.81363939 0.60520897 0.58131962 0.27555572 0.80422948  0.1473151  0.3305607  0.578893   0.17799661 0.41120849 0.40402639  0.51160688 0.56294782 0.55284733 0.38228824
0.5183012  0.85432788 0.64157937 0.59504996 0.32471899 0.76236109  0.15317766 0.34107596 0.5913335  0.20409572 0.37800593 0.3938588  0.51439507 0.5464779  0.45987016 0.42865131
0.53964546 0.83999517 0.70494751 0.64593915 0.27549404 0.72038309  0.17400789 0.33072208 0.55452306 0.24543877 0.43348577 0.43265321  0.54464643 0.55486851 0.51098429 0.37712945
0.5570463  0.86385243 0.69126434 0.66668552 0.28411936 0.68263652  0.17092764 0.34560555 0.51395644 0.23445459 0.38277805 0.43408718  0.59896926 0.5080306  0.40264764 0.40945033
0.5570463  0.86385243 0.69126434 0.66668552 0.28411936 0.68263652  0.17092764 0.34560555 0.51395644 0.23445459 0.38277805 0.43408718  0.59896926 0.5080306  0.40264764 0.40945033
0.59855966 0.87723433 0.69215909 0.62806227 0.21619973 0.6759668  0.31404193 0.3126465  0.46230642 0.15456655 0.42169625 0.34523072  0.47226966 0.50237257 0.32752855 0.38015778
0.59855966 0.87723433 0.69215909 0.62806227 0.21619973 0.6759668  0.31404193 0.3126465  0.46230642 0.15456655 0.42169625 0.34523072  0.47226966 0.50237257 0.32752855 0.38015778
0.72552227 0.74174496 0.73749358 0.48024362 0.16170583 0.58680517  0.32526163 0.62730875 0.34619371 0.19531073 0.42350498 0.36964178  0.26496466 0.34535589 0.53908572 0.32772211
0.75991254 0.70879514 0.7267206  0.39411197 0.17858388 0.55713319  0.40389025 0.67572551 0.35638971 0.1621984  0.45841509 0.35858935  0.36991244 0.41517941 0.66787138 0.33673264
0.79455837 0.699136   0.69965567 0.33556224 0.20868206 0.50003488  0.55543759 0.61376947 0.21994141 0.20757419 0.37230594 0.40175188  0.33016549 0.40417723 0.71094468 0.38998686
0.79455837 0.699136   0.69965567 0.33556224 0.20868206 0.50003488  0.55543759 0.61376947 0.21994141 0.20757419 0.37230594 0.40175188  0.33016549 0.40417723 0.71094468 0.38998686
0.79768532 0.6869585  0.7008595  0.35882318 0.16735368 0.45753153  0.61452998 0.62087533 0.29791005 0.2485548  0.35481597 0.3899559  0.33836536 0.34039073 0.74333233 0.43433737
0.80867788 0.64101377 0.67200508 0.36233119 0.12728314 0.41247697  0.59417214 0.63609851 0.3415885  0.23013531 0.40896321 0.3903181  0.31014594 0.3458955  0.67144566 0.45205901
0.84679826 0.55311865 0.66875861 0.3530722  0.13404203 0.33169169  0.57636837 0.57651725 0.43239628 0.25527181 0.46784819 0.44883945  0.34253044 0.49119226 0.65149006 0.54266575
0.88697042 0.45303157 0.64800592 0.33613725 0.17654945 0.26575314  0.49604781 0.44569443 0.5256509  0.21619537 0.48574957 0.43974537  0.33434858 0.46643615 0.54363055 0.48730084
0.89354843 0.39349713 0.58951913 0.35158146 0.16045634 0.24565263  0.47772068 0.37809627 0.55457558 0.2344567  0.50156473 0.501698  0.42158904 0.36607878 0.56524468 0.44546043
0.89719705 0.33563282 0.51835091 0.36339957 0.14336134 0.24210277  0.44911746 0.30791713 0.55486921 0.30329914 0.50378628 0.56454126  0.51230418 0.36236783 0.53437817 0.40815922
0.87923046 0.30648947 0.41900792 0.3545054  0.14467509 0.28189747  0.40329533 0.33769534 0.4843966  0.36720149 0.55578609 0.62702598  0.59303848 0.38457817 0.52812516 0.30624057
0.87923046 0.30648947 0.41900792 0.3545054  0.14467509 0.28189747  0.40329533 0.33769534 0.4843966  0.36720149 0.55578609 0.62702598  0.59303848 0.38457817 0.52812516 0.30624057
0.84011801 0.28214163 0.24525186 0.27110751 0.23051921 0.36303664  0.32885862 0.43765764 0.43943319 0.53819202 0.55018257 0.63002947  0.54051164 0.43181819 0.41717311 0.19674014
0.84011801 0.28214163 0.24525186 0.27110751 0.23051921 0.36303664  0.32885862 0.43765764 0.43943319 0.53819202 0.55018257 0.63002947  0.54051164 0.43181819 0.41717311 0.19674014
0.78439602 0.34920449 0.11509822 0.12285053 0.34576701 0.4533275  0.31428084 0.45325025 0.60155421 0.35564157 0.3029053  0.49730314  0.41435012 0.29059942 0.41129945 0.33353117
0.78439602 0.34920449 0.11509822 0.12285053 0.34576701 0.4533275  0.31428084 0.45325025 0.60155421 0.35564157 0.3029053  0.49730314  0.41435012 0.29059942 0.41129945 0.33353117
0.7689441  0.36256951 0.09195815 0.11502946 0.36984051 0.43640136  0.35905026 0.4429618  0.65211285 0.33690123 0.34520823 0.49225303  0.42027361 0.29836074 0.46732284 0.40181043
0.74183551 0.42432626 0.08602888 0.11338874 0.37048932 0.47456484  0.4320054  0.4160156  0.65398724 0.34072638 0.30400707 0.50973532  0.55851984 0.42343925 0.52425258 0.44972705
0.66361595 0.5296526  0.05598859 0.19029844 0.4185677  0.42928725  0.57999788 0.31140893 0.68506264 0.30573174 0.5378971  0.468979  0.59455777 0.57061555 0.53798734 0.45895546
0.52742515 0.76630975 0.08458388 0.3673497  0.37930116 0.5296925  0.72710277 0.42660683 0.43024547 0.41068748 0.60816403 0.43677827  0.47721333 0.45267218 0.59672326 0.44425637
0.43707352 0.76618815 0.09257935 0.47643766 0.43231067 0.35109863  0.69856614 0.42524996 0.32376475 0.37853934 0.57521434 0.42259341  0.36354293 0.41580276 0.48720202 0.3162269 
0.43707352 0.76618815 0.09257935 0.47643766 0.43231067 0.35109863  0.69856614 0.42524996 0.32376475 0.37853934 0.57521434 0.42259341  0.36354293 0.41580276 0.48720202 0.3162269 
0.28789067 0.69236764 0.14426571 0.59969813 0.47560329 0.16314422  0.50045994 0.50453736 0.28645284 0.40603301 0.26796056 0.49228663  0.49882729 0.42289847 0.51481512 0.44564443
0.21504016 0.6264434  0.19334479 0.58767005 0.44840504 0.20459827  0.45593623 0.52068592 0.28757981 0.3889412  0.21225495 0.4869388  0.5888161  0.37244737 0.38015603 0.49182993
0.16109837 0.59501524 0.23035213 0.60497612 0.42752684 0.24931854  0.3459516  0.58574191 0.41320409 0.3506173  0.27644334 0.45470652  0.72627617 0.40650386 0.35682948 0.50105617
0.07086634 0.4669289  0.2966521  0.49765173 0.38573168 0.36649327  0.41928434 0.52723795 0.41855206 0.37246628 0.31701038 0.45541888  0.65053795 0.38768103 0.3648433  0.50441685
0.01790387 0.3898545  0.33817562 0.42642862 0.35681041 0.46717525  0.46152885 0.47694295 0.46991849 0.39350101 0.41724602 0.4497633  0.51968443 0.43336993 0.49846349 0.44236435
0.00039479 0.36283831 0.35232302 0.39930133 0.34523319 0.50234819  0.48417291 0.45702496 0.47508945 0.39693445 0.45000532 0.44589633  0.47476172 0.42761975 0.50206904 0.41641874
0.00039479 0.36283831 0.35232302 0.39930133 0.34523319 0.50234819  0.48417291 0.45702496 0.47508945 0.39693445 0.45000532 0.44589633  0.47476172 0.42761975 0.50206904 0.41641874
0.00039479 0.36283831 0.35232302 0.39930133 0.34523319 0.50234819  0.48417291 0.45702496 0.47508945 0.39693445 0.45000532 0.44589633  0.47476172 0.42761975 0.50206904 0.41641874
0.00039479 0.36283831 0.35232302 0.39930133 0.34523319 0.50234819  0.48417291 0.45702496 0.47508945 0.39693445 0.45000532 0.44589633  0.47476172 0.42761975 0.50206904 0.41641874
0.00039479 0.36283831 0.35232302 0.39930133 0.34523319 0.50234819  0.48417291 0.45702496 0.47508945 0.39693445 0.45000532 0.44589633  0.47476172 0.42761975 0.50206904 0.41641874
0.00039479 0.36283831 0.35232302 0.39930133 0.34523319 0.50234819  0.48417291 0.45702496 0.47508945 0.39693445 0.45000532 0.44589633  0.47476172 0.42761975 0.50206904 0.41641874
0.00039479 0.36283831 0.35232302 0.39930133 0.34523319 0.50234819  0.48417291 0.45702496 0.47508945 0.39693445 0.45000532 0.44589633  0.47476172 0.42761975 0.50206904 0.41641874
0.00039479 0.36283831 0.35232302 0.39930133 0.34523319 0.50234819  0.48417291 0.45702496 0.47508945 0.39693445 0.45000532 0.44589633  0.47476172 0.42761975 0.50206904 0.41641874
0.00039479 0.36283831 0.35232302 0.39930133 0.34523319 0.50234819  0.48417291 0.45702496 0.47508945 0.39693445 0.45000532 0.44589633  0.47476172 0.42761975 0.50206904 0.41641874
0.00039479 0.36283831 0.35232302 0.39930133 0.34523319 0.50234819  0.48417291 0.45702496 0.47508945 0.39693445 0.45000532 0.44589633  0.47476172 0.42761975 0.50206904 0.41641874
0.00039479 0.36283831 0.35232302 0.39930133 0.34523319 0.50234819  0.48417291 0.45702496 0.47508945 0.39693445 0.45000532 0.44589633  0.47476172 0.42761975 0.50206904 0.41641874
0.07112014 0.46500132 0.2973519  0.49166538 0.3834385  0.37136808  0.43330425 0.5197986  0.40156211 0.36862981 0.3209655  0.4529951  0.63979749 0.36162128 0.31498613 0.49569075
0.07112014 0.46500132 0.2973519  0.49166538 0.3834385  0.37136808  0.43330425 0.5197986  0.40156211 0.36862981 0.3209655  0.4529951  0.63979749 0.36162128 0.31498613 0.49569075
0.08923832 0.49153835 0.28369787 0.5153207  0.39224969 0.3462424  0.41430181 0.53437325 0.40441676 0.3644432  0.31186167 0.453132  0.66076806 0.36844262 0.31755089 0.49611739
0.07188571 0.46453322 0.29749882 0.48826936 0.38051245 0.37772624  0.44097081 0.51374431 0.39780973 0.36673911 0.33290704 0.44984901  0.62287907 0.34614661 0.28878704 0.47751697
0.05376752 0.43799618 0.31115285 0.46461404 0.37170126 0.40285192  0.45997324 0.49916965 0.39495508 0.37092573 0.34201088 0.44971212  0.60190849 0.33932527 0.28622227 0.47709032
0.03585866 0.41212524 0.32497922 0.44119937 0.36258431 0.43456132  0.47408025 0.48300288 0.40965789 0.37891942 0.36959995 0.44872305  0.56049334 0.35167352 0.32731793 0.46450854
0.01779563 0.38669558 0.33863985 0.42004769 0.35385851 0.46460162  0.48109267 0.47190843 0.43452283 0.38595027 0.3992976  0.44733029  0.52908455 0.38078184 0.39373238 0.44873962
0.01779563 0.38669558 0.33863985 0.42004769 0.35385851 0.46460162  0.48109267 0.47190843 0.43452283 0.38595027 0.3992976  0.44733029  0.52908455 0.38078184 0.39373238 0.44873962
0.00039479 0.36283831 0.35232302 0.39930133 0.34523319 0.50234819  0.48417291 0.45702496 0.47508945 0.39693445 0.45000532 0.44589633  0.47476172 0.42761975 0.50206904 0.41641874
0.00039479 0.36283831 0.35232302 0.39930133 0.34523319 0.50234819  0.48417291 0.45702496 0.47508945 0.39693445 0.45000532 0.44589633  0.47476172 0.42761975 0.50206904 0.41641874
0.00039479 0.36283831 0.35232302 0.39930133 0.34523319 0.50234819  0.48417291 0.45702496 0.47508945 0.39693445 0.45000532 0.44589633  0.47476172 0.42761975 0.50206904 0.41641874
0.00039479 0.36283831 0.35232302 0.39930133 0.34523319 0.50234819  0.48417291 0.45702496 0.47508945 0.39693445 0.45000532 0.44589633  0.47476172 0.42761975 0.50206904 0.41641874
0.00039479 0.36283831 0.35232302 0.39930133 0.34523319 0.50234819  0.48417291 0.45702496 0.47508945 0.39693445 0.45000532 0.44589633  0.47476172 0.42761975 0.50206904 0.41641874
0.00039479 0.36283831 0.35232302 0.39930133 0.34523319 0.50234819  0.48417291 0.45702496 0.47508945 0.39693445 0.45000532 0.44589633  0.47476172 0.42761975 0.50206904 0.41641874
0.00039479 0.36283831 0.35232302 0.39930133 0.34523319 0.50234819  0.48417291 0.45702496 0.47508945 0.39693445 0.45000532 0.44589633  0.47476172 0.42761975 0.50206904 0.41641874
0.00039479 0.36283831 0.35232302 0.39930133 0.34523319 0.50234819  0.48417291 0.45702496 0.47508945 0.39693445 0.45000532 0.44589633  0.47476172 0.42761975 0.50206904 0.41641874
0.00039479 0.36283831 0.35232302 0.39930133 0.34523319 0.50234819  0.48417291 0.45702496 0.47508945 0.39693445 0.45000532 0.44589633  0.47476172 0.42761975 0.50206904 0.41641874
0.00039479 0.36283831 0.35232302 0.39930133 0.34523319 0.50234819  0.48417291 0.45702496 0.47508945 0.39693445 0.45000532 0.44589633  0.47476172 0.42761975 0.50206904 0.41641874
0.00039479 0.36283831 0.35232302 0.39930133 0.34523319 0.50234819  0.48417291 0.45702496 0.47508945 0.39693445 0.45000532 0.44589633  0.47476172 0.42761975 0.50206904 0.41641874
0.00039479 0.36283831 0.35232302 0.39930133 0.34523319 0.50234819  0.48417291 0.45702496 0.47508945 0.39693445 0.45000532 0.44589633  0.47476172 0.42761975 0.50206904 0.41641874
0.00039479 0.36283831 0.35232302 0.39930133 0.34523319 0.50234819  0.48417291 0.45702496 0.47508945 0.39693445 0.45000532 0.44589633  0.47476172 0.42761975 0.50206904 0.41641874
0.00039479 0.36283831 0.35232302 0.39930133 0.34523319 0.50234819  0.48417291 0.45702496 0.47508945 0.39693445 0.45000532 0.44589633  0.47476172 0.42761975 0.50206904 0.41641874
0.00039479 0.36283831 0.35232302 0.39930133 0.34523319 0.50234819  0.48417291 0.45702496 0.47508945 0.39693445 0.45000532 0.44589633  0.47476172 0.42761975 0.50206904 0.41641874
0.00039479 0.36283831 0.35232302 0.39930133 0.34523319 0.50234819  0.48417291 0.45702496 0.47508945 0.39693445 0.45000532 0.44589633  0.47476172 0.42761975 0.50206904 0.41641874
0.00039479 0.36283831 0.35232302 0.39930133 0.34523319 0.50234819  0.48417291 0.45702496 0.47508945 0.39693445 0.45000532 0.44589633  0.47476172 0.42761975 0.50206904 0.41641874
0.00039479 0.36283831 0.35232302 0.39930133 0.34523319 0.50234819  0.48417291 0.45702496 0.47508945 0.39693445 0.45000532 0.44589633  0.47476172 0.42761975 0.50206904 0.41641874
0.00039479 0.36283831 0.35232302 0.39930133 0.34523319 0.50234819  0.48417291 0.45702496 0.47508945 0.39693445 0.45000532 0.44589633  0.47476172 0.42761975 0.50206904 0.41641874
0.00039479 0.36283831 0.35232302 0.39930133 0.34523319 0.50234819  0.48417291 0.45702496 0.47508945 0.39693445 0.45000532 0.44589633  0.47476172 0.42761975 0.50206904 0.41641874
0.00039479 0.36283831 0.35232302 0.39930133 0.34523319 0.50234819  0.48417291 0.45702496 0.47508945 0.39693445 0.45000532 0.44589633  0.47476172 0.42761975 0.50206904 0.41641874
0.00039479 0.36283831 0.35232302 0.39930133 0.34523319 0.50234819  0.48417291 0.45702496 0.47508945 0.39693445 0.45000532 0.44589633  0.47476172 0.42761975 0.50206904 0.41641874
0.00039479 0.36283831 0.35232302 0.39930133 0.34523319 0.50234819  0.48417291 0.45702496 0.47508945 0.39693445 0.45000532 0.44589633  0.47476172 0.42761975 0.50206904 0.41641874
0.00039479 0.36283831 0.35232302 0.39930133 0.34523319 0.50234819  0.48417291 0.45702496 0.47508945 0.39693445 0.45000532 0.44589633  0.47476172 0.42761975 0.50206904 0.41641874
0.00039479 0.36283831 0.35232302 0.39930133 0.34523319 0.50234819  0.48417291 0.45702496 0.47508945 0.39693445 0.45000532 0.44589633  0.47476172 0.42761975 0.50206904 0.41641874
0.00039479 0.36283831 0.35232302 0.39930133 0.34523319 0.50234819  0.48417291 0.45702496 0.47508945 0.39693445 0.45000532 0.44589633  0.47476172 0.42761975 0.50206904 0.41641874
0.00039479 0.36283831 0.35232302 0.39930133 0.34523319 0.50234819  0.48417291 0.45702496 0.47508945 0.39693445 0.45000532 0.44589633  0.47476172 0.42761975 0.50206904 0.41641874
0.0005197  0.36606729 0.35947213 0.39089902 0.38425645 0.51603608  0.47010456 0.45995864 0.46130669 0.40310768 0.48293348 0.49446517  0.48646653 0.41007791 0.50630586 0.43429327
0.01020134 0.42209767 0.47886462 0.28337534 0.77578062 0.61862839  0.35919191 0.47753796 0.35753163 0.45932459 0.6696273  0.7679075  0.5413583  0.32840419 0.51814815 0.47925622
0.01322335 0.43569111 0.50540208 0.26608834 0.82858152 0.63051923  0.34441371 0.47855955 0.34518776 0.4536701  0.67362659 0.7824031  0.52082929 0.31866728 0.52945853 0.48367104
0.0161399  0.44631095 0.52827102 0.25526616 0.86292792 0.63886418  0.32624859 0.47225824 0.332534   0.42017082 0.68425008 0.80790177  0.46529137 0.34514834 0.50117752 0.55243787
0.0161399  0.44631095 0.52827102 0.25526616 0.86292792 0.63886418  0.32624859 0.47225824 0.332534   0.42017082 0.68425008 0.80790177  0.46529137 0.34514834 0.50117752 0.55243787
0.02012502 0.45839913 0.55581621 0.25063303 0.88312881 0.64338154  0.31847874 0.46257448 0.32371656 0.3649893  0.67449933 0.80079061  0.42883705 0.32885932 0.52850149 0.56894838
0.02012502 0.45839913 0.55581621 0.25063303 0.88312881 0.64338154  0.31847874 0.46257448 0.32371656 0.3649893  0.67449933 0.80079061  0.42883705 0.32885932 0.52850149 0.56894838
0.02591866 0.4714113  0.59024366 0.25261706 0.88520221 0.64411728  0.30732428 0.43904973 0.31673522 0.2965713  0.67360493 0.80107634  0.39756281 0.34376035 0.52389657 0.62611111
0.02591866 0.4714113  0.59024366 0.25261706 0.88520221 0.64411728  0.30732428 0.43904973 0.31673522 0.2965713  0.67360493 0.80107634  0.39756281 0.34376035 0.52389657 0.62611111
0.02591866 0.4714113  0.59024366 0.25261706 0.88520221 0.64411728  0.30732428 0.43904973 0.31673522 0.2965713  0.67360493 0.80107634  0.39756281 0.34376035 0.52389657 0.62611111
0.02591866 0.4714113  0.59024366 0.25261706 0.88520221 0.64411728  0.30732428 0.43904973 0.31673522 0.2965713  0.67360493 0.80107634  0.39756281 0.34376035 0.52389657 0.62611111
0.02510988 0.46878556 0.5846323  0.25858032 0.86375595 0.63953765  0.31661815 0.43474378 0.32429944 0.299979   0.64953463 0.75257764  0.41332055 0.37253601 0.51010956 0.57078389
0.02005213 0.44720172 0.53627194 0.28383638 0.76061581 0.60667659  0.35477688 0.43756726 0.37336193 0.36445001 0.58776072 0.64917586  0.45908986 0.42987428 0.46378908 0.48817897
0.00203591 0.37146031 0.37088164 0.38123103 0.40747001 0.51485049  0.47247818 0.45911461 0.46940066 0.42247919 0.46422742 0.46203393  0.49427917 0.43104367 0.49046796 0.39902862
0.00039479 0.36283831 0.35232302 0.39930133 0.34523319 0.50234819  0.48417291 0.45702496 0.47508945 0.39693445 0.45000532 0.44589633  0.47476172 0.42761975 0.50206904 0.41641874
0.00039479 0.36283831 0.35232302 0.39930133 0.34523319 0.50234819  0.48417291 0.45702496 0.47508945 0.39693445 0.45000532 0.44589633  0.47476172 0.42761975 0.50206904 0.41641874
0.10981655 0.48230147 0.30613748 0.46544827 0.31477085 0.62893883  0.3665061  0.39732068 0.63826663 0.51731502 0.43307199 0.50713247  0.3641907  0.50297767 0.82175564 0.4986405 
0.23489955 0.6390358  0.22822155 0.58672804 0.34741379 0.49972444  0.2688236  0.49825788 0.56799216 0.48713533 0.2336673  0.52162718  0.65653576 0.42498854 0.58225714 0.64127329
0.43792326 0.7885167  0.15547325 0.55575885 0.29354239 0.6748931  0.32429037 0.44216664 0.60387109 0.49251215 0.39800125 0.49146766  0.56592291 0.37491823 0.44272162 0.54594513
0.50968485 0.79092019 0.1349604  0.47538786 0.28926443 0.6785203  0.47942254 0.39542635 0.4133313  0.50840831 0.31190521 0.50601583  0.44102165 0.30361519 0.35001851 0.4918621 
0.59440087 0.71127218 0.13868258 0.31041595 0.27634351 0.65531116  0.55576088 0.60120023 0.37190954 0.47764344 0.35049575 0.48327224  0.41073376 0.2778193  0.46362584 0.49375438
0.67523534 0.61290278 0.17051998 0.19586766 0.24051593 0.63049618  0.51527021 0.79503703 0.34025396 0.45028408 0.34020075 0.47526855  0.40655964 0.24543123 0.58471424 0.44300899
0.72688444 0.47645666 0.13969048 0.19063554 0.30127526 0.55178872  0.38846726 0.6330742  0.44763148 0.39693286 0.38727915 0.45471677  0.38285332 0.1247564  0.40630065 0.35349798
0.76970573 0.37857664 0.12206224 0.14155017 0.33778519 0.47020576  0.32197794 0.52289173 0.571542   0.3456276  0.37042712 0.46798397  0.39709884 0.21632206 0.35102031 0.32656879
0.79215722 0.31910008 0.10777139 0.16629558 0.37252552 0.48737338  0.30736745 0.44750364 0.55797312 0.34979707 0.30291232 0.44142239  0.43131625 0.2682351  0.46723133 0.35357067
0.81383764 0.24040554 0.10252439 0.29302925 0.41620273 0.53203665  0.33137844 0.46301115 0.49750968 0.38303309 0.38666198 0.38348141  0.46357961 0.26737868 0.53237056 0.44763388
0.81383764 0.24040554 0.10252439 0.29302925 0.41620273 0.53203665  0.33137844 0.46301115 0.49750968 0.38303309 0.38666198 0.38348141  0.46357961 0.26737868 0.53237056 0.44763388
0.81873901 0.21905559 0.09859137 0.33974175 0.44082474 0.56876848  0.35352581 0.48551272 0.48303493 0.3696582  0.36709091 0.36690233  0.46553073 0.27946341 0.57387398 0.43170667
0.82010132 0.21391743 0.09812693 0.34719992 0.44366898 0.56950094  0.34992697 0.48506441 0.46479959 0.37135534 0.38662198 0.35921271  0.43792917 0.33757454 0.53105147 0.47789642
0.8279276  0.18439559 0.09652861 0.39350912 0.46395953 0.58504986  0.34731182 0.47885983 0.42530645 0.38720866 0.42343586 0.31030169  0.43295501 0.36266299 0.50819466 0.55996233
0.8279276  0.18439559 0.09652861 0.39350912 0.46395953 0.58504986  0.34731182 0.47885983 0.42530645 0.38720866 0.42343586 0.31030169  0.43295501 0.36266299 0.50819466 0.55996233
0.8279276  0.18439559 0.09652861 0.39350912 0.46395953 0.58504986  0.34731182 0.47885983 0.42530645 0.38720866 0.42343586 0.31030169  0.43295501 0.36266299 0.50819466 0.55996233
0.83513475 0.1562312  0.09374594 0.44061575 0.48759838 0.61070124  0.34959897 0.48086524 0.39153412 0.40217993 0.43749085 0.25884055  0.42720868 0.38948996 0.50478014 0.62767065
0.83513475 0.1562312  0.09374594 0.44061575 0.48759838 0.61070124  0.34959897 0.48086524 0.39153412 0.40217993 0.43749085 0.25884055  0.42720868 0.38948996 0.50478014 0.62767065
0.83513475 0.1562312  0.09374594 0.44061575 0.48759838 0.61070124  0.34959897 0.48086524 0.39153412 0.40217993 0.43749085 0.25884055  0.42720868 0.38948996 0.50478014 0.62767065
0.82675967 0.18159071 0.08664463 0.40346766 0.49882694 0.63538462  0.33608246 0.47692803 0.38631958 0.34776636 0.33902788 0.22744882  0.41445574 0.37287272 0.54356948 0.54540643
0.82675967 0.18159071 0.08664463 0.40346766 0.49882694 0.63538462  0.33608246 0.47692803 0.38631958 0.34776636 0.33902788 0.22744882  0.41445574 0.37287272 0.54356948 0.54540643
0.82539735 0.18672888 0.08710908 0.39600949 0.49598271 0.63465216  0.33968131 0.47737634 0.40455491 0.34606922 0.31949681 0.23513844  0.4420573  0.31476159 0.586392   0.49921667
0.83749326 0.1787159  0.11945522 0.42597529 0.47257696 0.63006811  0.33320082 0.46225832 0.35463363 0.3505592  0.34369964 0.25246822  0.50536926 0.33598415 0.59043177 0.42029748
0.83749326 0.1787159  0.11945522 0.42597529 0.47257696 0.63006811  0.33320082 0.46225832 0.35463363 0.3505592  0.34369964 0.25246822  0.50536926 0.33598415 0.59043177 0.42029748
0.84711552 0.24753915 0.22471129 0.32200115 0.29368623 0.45142678  0.30157362 0.42792414 0.3417063  0.47245332 0.46585909 0.48876466  0.55759505 0.37060625 0.55082416 0.16164616
0.9227808  0.45701613 0.75637094 0.18866672 0.7604247  0.42520872  0.29572478 0.29996847 0.43023446 0.29708695 0.44761044 0.51646947  0.52043778 0.33499608 0.58332637 0.23294744
0.91588181 0.49191725 0.77576476 0.13244804 0.78833349 0.40646413  0.2831362  0.31038954 0.45637502 0.30642756 0.49581931 0.64945818  0.50712387 0.3202103  0.540137   0.26128069
0.91588181 0.49191725 0.77576476 0.13244804 0.78833349 0.40646413  0.2831362  0.31038954 0.45637502 0.30642756 0.49581931 0.64945818  0.50712387 0.3202103  0.540137   0.26128069
0.91588181 0.49191725 0.77576476 0.13244804 0.78833349 0.40646413  0.2831362  0.31038954 0.45637502 0.30642756 0.49581931 0.64945818  0.50712387 0.3202103  0.540137   0.26128069
0.91588181 0.49191725 0.77576476 0.13244804 0.78833349 0.40646413  0.2831362  0.31038954 0.45637502 0.30642756 0.49581931 0.64945818  0.50712387 0.3202103  0.540137   0.26128069
0.88867062 0.55590036 0.77321639 0.15296573 0.71073491 0.450872  0.37136838 0.3065528  0.41364939 0.35333708 0.33554222 0.60200282  0.56456202 0.41434474 0.68727669 0.24265605
0.88867062 0.55590036 0.77321639 0.15296573 0.71073491 0.450872  0.37136838 0.3065528  0.41364939 0.35333708 0.33554222 0.60200282  0.56456202 0.41434474 0.68727669 0.24265605
0.86105521 0.61389395 0.78184713 0.17993705 0.63537091 0.45946973  0.42025675 0.45761326 0.38168405 0.33344564 0.41026791 0.51326875  0.51131987 0.39065348 0.61215205 0.24632884
0.83179456 0.57998176 0.62963992 0.20982896 0.46570843 0.48118797  0.40691025 0.43326597 0.34668188 0.14697727 0.39228788 0.54572601  0.50206298 0.37989826 0.63930408 0.32239898
0.81304749 0.5167457  0.48520953 0.27176178 0.27440728 0.46251513  0.42718643 0.45586783 0.33184785 0.15558609 0.44146136 0.61738299  0.57692504 0.31959309 0.70469643 0.3375099 
0.79952137 0.45830666 0.34651935 0.23069177 0.26425688 0.45356517  0.44126134 0.43902174 0.43107595 0.24807214 0.33287949 0.61622575  0.57769427 0.30536069 0.78645454 0.36241832
0.8387269  0.3639807  0.3344053  0.21573605 0.32844455 0.39132398  0.35213645 0.36161691 0.51111126 0.20293913 0.35769422 0.53310755  0.51257556 0.20275445 0.66507106 0.22612724
0.83179125 0.33935709 0.28101612 0.23606424 0.26124498 0.37788201  0.37082425 0.37284424 0.52836612 0.26304457 0.37222826 0.54568268  0.56185374 0.21961298 0.63171804 0.2300309 
0.82277173 0.33904392 0.24530155 0.21127929 0.28063352 0.39906353  0.34417531 0.38898674 0.51785445 0.271366   0.36195029 0.53592512  0.51540062 0.25097244 0.58622944 0.24519292
0.81543672 0.33468088 0.21244827 0.19562727 0.29381228 0.41189449  0.33454169 0.41602123 0.52724303 0.35504564 0.35824394 0.52823391  0.51310484 0.28759766 0.517287   0.20536996
0.80803801 0.32713868 0.17600677 0.18108105 0.30193617 0.42396685  0.32100261 0.44236265 0.51673338 0.41374638 0.36544951 0.53533612  0.4976381  0.32072387 0.47531887 0.18608432
0.81579921 0.29703426 0.16867994 0.2245261  0.32869469 0.45801273  0.31408922 0.43661605 0.4731523  0.40790188 0.36545653 0.47945538  0.51460423 0.29835955 0.53125074 0.20612382
0.8234106  0.26717668 0.1625675  0.26912279 0.35387462 0.48767361  0.30723413 0.43656636 0.42422104 0.40242124 0.37958899 0.42546304  0.52747446 0.27612917 0.57018057 0.23325456
0.81186452 0.28122951 0.1340051  0.24085807 0.37429971 0.51245021  0.29403187 0.43233594 0.45912058 0.34880641 0.34124761 0.40475984  0.50749843 0.26722729 0.51020093 0.30178221
0.81186452 0.28122951 0.1340051  0.24085807 0.37429971 0.51245021  0.29403187 0.43233594 0.45912058 0.34880641 0.34124761 0.40475984  0.50749843 0.26722729 0.51020093 0.30178221
0.81755846 0.25775207 0.12776924 0.28584696 0.40402555 0.55213598  0.31138144 0.44395592 0.44237386 0.33310949 0.31240184 0.36941946  0.51413862 0.271984   0.57519968 0.28645047
0.81755846 0.25775207 0.12776924 0.28584696 0.40402555 0.55213598  0.31138144 0.44395592 0.44237386 0.33310949 0.31240184 0.36941946  0.51413862 0.271984   0.57519968 0.28645047
0.81755846 0.25775207 0.12776924 0.28584696 0.40402555 0.55213598  0.31138144 0.44395592 0.44237386 0.33310949 0.31240184 0.36941946  0.51413862 0.271984   0.57519968 0.28645047
0.81755846 0.25775207 0.12776924 0.28584696 0.40402555 0.55213598  0.31138144 0.44395592 0.44237386 0.33310949 0.31240184 0.36941946  0.51413862 0.271984   0.57519968 0.28645047
0.82245984 0.23640212 0.12383621 0.33255946 0.42864756 0.58886781  0.33352882 0.46645749 0.4278991  0.31973461 0.29283077 0.35284039  0.51608975 0.28406873 0.61670311 0.27052326
0.82245984 0.23640212 0.12383621 0.33255946 0.42864756 0.58886781  0.33352882 0.46645749 0.4278991  0.31973461 0.29283077 0.35284039  0.51608975 0.28406873 0.61670311 0.27052326
0.82245984 0.23640212 0.12383621 0.33255946 0.42864756 0.58886781  0.33352882 0.46645749 0.4278991  0.31973461 0.29283077 0.35284039  0.51608975 0.28406873 0.61670311 0.27052326
0.81036393 0.2444151  0.09149006 0.30259365 0.45205331 0.59345185  0.3400093  0.48157551 0.47782038 0.31524463 0.26862794 0.3355106  0.45277779 0.26284617 0.61266333 0.34944245
0.80546256 0.26576505 0.09542309 0.25588116 0.4274313  0.55672003  0.31786192 0.45907394 0.49229513 0.32861952 0.28819901 0.35208968  0.45082667 0.25076144 0.57115991 0.36536967
0.79075985 0.29215129 0.08298563 0.25868341 0.44408324 0.57130428  0.35336264 0.41761041 0.51909465 0.30538244 0.30969509 0.34502114  0.56902581 0.31392035 0.53406508 0.3862307 
0.72074644 0.40352631 0.04780324 0.26126951 0.46831247 0.53312437  0.49510446 0.29176588 0.60697057 0.29210786 0.38024122 0.38008325  0.61615448 0.37447138 0.65041965 0.41258618
0.65515181 0.53217122 0.04496053 0.27132296 0.44782919 0.52687083  0.59961304 0.22412534 0.575596   0.34949425 0.44053044 0.42043773  0.67598229 0.45988337 0.69032387 0.45447485
0.59611636 0.61555707 0.0498562  0.34579358 0.4282273  0.49822899  0.57492328 0.06264557 0.59420403 0.42524237 0.39777474 0.50461865  0.53038591 0.45906869 0.55448765 0.39208597
0.55331611 0.71062968 0.06953365 0.39152675 0.3937957  0.56399135  0.62847222 0.22595559 0.48686704 0.44262341 0.48721958 0.46691974  0.49871071 0.34283655 0.52990729 0.41085446
0.39252631 0.69845834 0.09328965 0.52282123 0.4930818  0.21203757  0.62851638 0.38247277 0.28170851 0.39915209 0.38215776 0.46651339  0.38449767 0.41681535 0.61821615 0.31934521
0.28789067 0.69236764 0.14426571 0.59969813 0.47560329 0.16314422  0.50045994 0.50453736 0.28645284 0.40603301 0.26796056 0.49228663  0.49882729 0.42289847 0.51481512 0.44564443
0.2143023  0.60784254 0.19275782 0.55880125 0.45645861 0.20219383  0.47776278 0.52950693 0.3284939  0.39320642 0.24987836 0.48709619  0.66013523 0.44349015 0.47969681 0.50779403
0.15998701 0.56640355 0.22951142 0.56117181 0.43411566 0.23595453  0.43356543 0.53864601 0.32012812 0.3840791  0.1946431  0.48748584  0.70667503 0.37172686 0.34310998 0.55667853
0.05408722 0.43589058 0.31274008 0.45868432 0.36800775 0.4193035  0.46046887 0.49340954 0.42149463 0.37068702 0.38298525 0.44398853  0.56891305 0.37569031 0.35459234 0.4359923 
0.01779563 0.38669558 0.33863985 0.42004769 0.35385851 0.46460162  0.48109267 0.47190843 0.43452283 0.38595027 0.3992976  0.44733029  0.52908455 0.38078184 0.39373238 0.44873962
0.00039479 0.36283831 0.35232302 0.39930133 0.34523319 0.50234819  0.48417291 0.45702496 0.47508945 0.39693445 0.45000532 0.44589633  0.47476172 0.42761975 0.50206904 0.41641874
0.00039479 0.36283831 0.35232302 0.39930133 0.34523319 0.50234819  0.48417291 0.45702496 0.47508945 0.39693445 0.45000532 0.44589633  0.47476172 0.42761975 0.50206904 0.41641874
0.00039479 0.36283831 0.35232302 0.39930133 0.34523319 0.50234819  0.48417291 0.45702496 0.47508945 0.39693445 0.45000532 0.44589633  0.47476172 0.42761975 0.50206904 0.41641874
0.00039479 0.36283831 0.35232302 0.39930133 0.34523319 0.50234819  0.48417291 0.45702496 0.47508945 0.39693445 0.45000532 0.44589633  0.47476172 0.42761975 0.50206904 0.41641874
0.00039479 0.36283831 0.35232302 0.39930133 0.34523319 0.50234819  0.48417291 0.45702496 0.47508945 0.39693445 0.45000532 0.44589633  0.47476172 0.42761975 0.50206904 0.41641874
0.00039479 0.36283831 0.35232302 0.39930133 0.34523319 0.50234819  0.48417291 0.45702496 0.47508945 0.39693445 0.45000532 0.44589633  0.47476172 0.42761975 0.50206904 0.41641874
0.00039479 0.36283831 0.35232302 0.39930133 0.34523319 0.50234819  0.48417291 0.45702496 0.47508945 0.39693445 0.45000532 0.44589633  0.47476172 0.42761975 0.50206904 0.41641874
0.00039479 0.36283831 0.35232302 0.39930133 0.34523319 0.50234819  0.48417291 0.45702496 0.47508945 0.39693445 0.45000532 0.44589633  0.47476172 0.42761975 0.50206904 0.41641874
0.00039479 0.36283831 0.35232302 0.39930133 0.34523319 0.50234819  0.48417291 0.45702496 0.47508945 0.39693445 0.45000532 0.44589633  0.47476172 0.42761975 0.50206904 0.41641874
0.00039479 0.36283831 0.35232302 0.39930133 0.34523319 0.50234819  0.48417291 0.45702496 0.47508945 0.39693445 0.45000532 0.44589633  0.47476172 0.42761975 0.50206904 0.41641874
0.00039479 0.36283831 0.35232302 0.39930133 0.34523319 0.50234819  0.48417291 0.45702496 0.47508945 0.39693445 0.45000532 0.44589633  0.47476172 0.42761975 0.50206904 0.41641874
0.00039479 0.36283831 0.35232302 0.39930133 0.34523319 0.50234819  0.48417291 0.45702496 0.47508945 0.39693445 0.45000532 0.44589633  0.47476172 0.42761975 0.50206904 0.41641874
0.00039479 0.36283831 0.35232302 0.39930133 0.34523319 0.50234819  0.48417291 0.45702496 0.47508945 0.39693445 0.45000532 0.44589633  0.47476172 0.42761975 0.50206904 0.41641874
0.00039479 0.36283831 0.35232302 0.39930133 0.34523319 0.50234819  0.48417291 0.45702496 0.47508945 0.39693445 0.45000532 0.44589633  0.47476172 0.42761975 0.50206904 0.41641874
0.00039479 0.36283831 0.35232302 0.39930133 0.34523319 0.50234819  0.48417291 0.45702496 0.47508945 0.39693445 0.45000532 0.44589633  0.47476172 0.42761975 0.50206904 0.41641874
0.00039479 0.36283831 0.35232302 0.39930133 0.34523319 0.50234819  0.48417291 0.45702496 0.47508945 0.39693445 0.45000532 0.44589633  0.47476172 0.42761975 0.50206904 0.41641874
0.00039479 0.36283831 0.35232302 0.39930133 0.34523319 0.50234819  0.48417291 0.45702496 0.47508945 0.39693445 0.45000532 0.44589633  0.47476172 0.42761975 0.50206904 0.41641874
0.00039479 0.36283831 0.35232302 0.39930133 0.34523319 0.50234819  0.48417291 0.45702496 0.47508945 0.39693445 0.45000532 0.44589633  0.47476172 0.42761975 0.50206904 0.41641874
0.00039479 0.36283831 0.35232302 0.39930133 0.34523319 0.50234819  0.48417291 0.45702496 0.47508945 0.39693445 0.45000532 0.44589633  0.47476172 0.42761975 0.50206904 0.41641874
0.00039479 0.36283831 0.35232302 0.39930133 0.34523319 0.50234819  0.48417291 0.45702496 0.47508945 0.39693445 0.45000532 0.44589633  0.47476172 0.42761975 0.50206904 0.41641874
0.00039479 0.36283831 0.35232302 0.39930133 0.34523319 0.50234819  0.48417291 0.45702496 0.47508945 0.39693445 0.45000532 0.44589633  0.47476172 0.42761975 0.50206904 0.41641874
0.00039479 0.36283831 0.35232302 0.39930133 0.34523319 0.50234819  0.48417291 0.45702496 0.47508945 0.39693445 0.45000532 0.44589633  0.47476172 0.42761975 0.50206904 0.41641874
0.00039479 0.36283831 0.35232302 0.39930133 0.34523319 0.50234819  0.48417291 0.45702496 0.47508945 0.39693445 0.45000532 0.44589633  0.47476172 0.42761975 0.50206904 0.41641874
0.00039479 0.36283831 0.35232302 0.39930133 0.34523319 0.50234819  0.48417291 0.45702496 0.47508945 0.39693445 0.45000532 0.44589633  0.47476172 0.42761975 0.50206904 0.41641874
0.00039479 0.36283831 0.35232302 0.39930133 0.34523319 0.50234819  0.48417291 0.45702496 0.47508945 0.39693445 0.45000532 0.44589633  0.47476172 0.42761975 0.50206904 0.41641874
