0.00039479 0.36283831 0.35232302 0.39930133 0.34523319 0.50234819  0.48417291 0.45702496 0.47508945 0.39693445 0.45000532 0.44589633  0.47476172 0.42761975 0.50206904 0.41641874
0.00039479 0.36283831 0.35232302 0.39930133 0.34523319 0.50234819  0.48417291 0.45702496 0.47508945 0.39693445 0.45000532 0.44589633  0.47476172 0.42761975 0.50206904 0.41641874
0.00039479 0.36283831 0.35232302 0.39930133 0.34523319 0.50234819  0.48417291 0.45702496 0.47508945 0.39693445 0.45000532 0.44589633  0.47476172 0.42761975 0.50206904 0.41641874
0.00039479 0.36283831 0.35232302 0.39930133 0.34523319 0.50234819  0.48417291 0.45702496 0.47508945 0.39693445 0.45000532 0.44589633  0.47476172 0.42761975 0.50206904 0.41641874
0.00039479 0.36283831 0.35232302 0.39930133 0.34523319 0.50234819  0.48417291 0.45702496 0.47508945 0.39693445 0.45000532 0.44589633  0.47476172 0.42761975 0.50206904 0.41641874
0.00039479 0.36283831 0.35232302 0.39930133 0.34523319 0.50234819  0.48417291 0.45702496 0.47508945 0.39693445 0.45000532 0.44589633  0.47476172 0.42761975 0.50206904 0.41641874
0.00039479 0.36283831 0.35232302 0.39930133 0.34523319 0.50234819  0.48417291 0.45702496 0.47508945 0.39693445 0.45000532 0.44589633  0.47476172 0.42761975 0.50206904 0.41641874
0.00039479 0.36283831 0.35232302 0.39930133 0.34523319 0.50234819  0.48417291 0.45702496 0.47508945 0.39693445 0.45000532 0.44589633  0.47476172 0.42761975 0.50206904 0.41641874
0.00039479 0.36283831 0.35232302 0.39930133 0.34523319 0.50234819  0.48417291 0.45702496 0.47508945 0.39693445 0.45000532 0.44589633  0.47476172 0.42761975 0.50206904 0.41641874
0.00039479 0.36283831 0.35232302 0.39930133 0.34523319 0.50234819  0.48417291 0.45702496 0.47508945 0.39693445 0.45000532 0.44589633  0.47476172 0.42761975 0.50206904 0.41641874
0.00039479 0.36283831 0.35232302 0.39930133 0.34523319 0.50234819  0.48417291 0.45702496 0.47508945 0.39693445 0.45000532 0.44589633  0.47476172 0.42761975 0.50206904 0.41641874
0.00039479 0.36283831 0.35232302 0.39930133 0.34523319 0.50234819  0.48417291 0.45702496 0.47508945 0.39693445 0.45000532 0.44589633  0.47476172 0.42761975 0.50206904 0.41641874
0.00039479 0.36283831 0.35232302 0.39930133 0.34523319 0.50234819  0.48417291 0.45702496 0.47508945 0.39693445 0.45000532 0.44589633  0.47476172 0.42761975 0.50206904 0.41641874
0.00039479 0.36283831 0.35232302 0.39930133 0.34523319 0.50234819  0.48417291 0.45702496 0.47508945 0.39693445 0.45000532 0.44589633  0.47476172 0.42761975 0.50206904 0.41641874
0.00039479 0.36283831 0.35232302 0.39930133 0.34523319 0.50234819  0.48417291 0.45702496 0.47508945 0.39693445 0.45000532 0.44589633  0.47476172 0.42761975 0.50206904 0.41641874
0.00039479 0.36283831 0.35232302 0.39930133 0.34523319 0.50234819  0.48417291 0.45702496 0.47508945 0.39693445 0.45000532 0.44589633  0.47476172 0.42761975 0.50206904 0.41641874
0.00039479 0.36283831 0.35232302 0.39930133 0.34523319 0.50234819  0.48417291 0.45702496 0.47508945 0.39693445 0.45000532 0.44589633  0.47476172 0.42761975 0.50206904 0.41641874
0.00039479 0.36283831 0.35232302 0.39930133 0.34523319 0.50234819  0.48417291 0.45702496 0.47508945 0.39693445 0.45000532 0.44589633  0.47476172 0.42761975 0.50206904 0.41641874
0.00039479 0.36283831 0.35232302 0.39930133 0.34523319 0.50234819  0.48417291 0.45702496 0.47508945 0.39693445 0.45000532 0.44589633  0.47476172 0.42761975 0.50206904 0.41641874
0.00039479 0.36283831 0.35232302 0.39930133 0.34523319 0.50234819  0.48417291 0.45702496 0.47508945 0.39693445 0.45000532 0.44589633  0.47476172 0.42761975 0.50206904 0.41641874
0.00039479 0.36283831 0.35232302 0.39930133 0.34523319 0.50234819  0.48417291 0.45702496 0.47508945 0.39693445 0.45000532 0.44589633  0.47476172 0.42761975 0.50206904 0.41641874
0.00039479 0.36283831 0.35232302 0.39930133 0.34523319 0.50234819  0.48417291 0.45702496 0.47508945 0.39693445 0.45000532 0.44589633  0.47476172 0.42761975 0.50206904 0.41641874
0.00039479 0.36283831 0.35232302 0.39930133 0.34523319 0.50234819  0.48417291 0.45702496 0.47508945 0.39693445 0.45000532 0.44589633  0.47476172 0.42761975 0.50206904 0.41641874
0.00039479 0.36283831 0.35232302 0.39930133 0.34523319 0.50234819  0.48417291 0.45702496 0.47508945 0.39693445 0.45000532 0.44589633  0.47476172 0.42761975 0.50206904 0.41641874
0.00039479 0.36283831 0.35232302 0.39930133 0.34523319 0.50234819  0.48417291 0.45702496 0.47508945 0.39693445 0.45000532 0.44589633  0.47476172 0.42761975 0.50206904 0.41641874
0.00039479 0.36283831 0.35232302 0.39930133 0.34523319 0.50234819  0.48417291 0.45702496 0.47508945 0.39693445 0.45000532 0.44589633  0.47476172 0.42761975 0.50206904 0.41641874
0.00039479 0.36283831 0.35232302 0.39930133 0.34523319 0.50234819  0.48417291 0.45702496 0.47508945 0.39693445 0.45000532 0.44589633  0.47476172 0.42761975 0.50206904 0.41641874
0.00039479 0.36283831 0.35232302 0.39930133 0.34523319 0.50234819  0.48417291 0.45702496 0.47508945 0.39693445 0.45000532 0.44589633  0.47476172 0.42761975 0.50206904 0.41641874
0.00039479 0.36283831 0.35232302 0.39930133 0.34523319 0.50234819  0.48417291 0.45702496 0.47508945 0.39693445 0.45000532 0.44589633  0.47476172 0.42761975 0.50206904 0.41641874
0.00039479 0.36283831 0.35232302 0.39930133 0.34523319 0.50234819  0.48417291 0.45702496 0.47508945 0.39693445 0.45000532 0.44589633  0.47476172 0.42761975 0.50206904 0.41641874
0.00039479 0.36283831 0.35232302 0.39930133 0.34523319 0.50234819  0.48417291 0.45702496 0.47508945 0.39693445 0.45000532 0.44589633  0.47476172 0.42761975 0.50206904 0.41641874
0.00039479 0.36283831 0.35232302 0.39930133 0.34523319 0.50234819  0.48417291 0.45702496 0.47508945 0.39693445 0.45000532 0.44589633  0.47476172 0.42761975 0.50206904 0.41641874
0.00039479 0.36283831 0.35232302 0.39930133 0.34523319 0.50234819  0.48417291 0.45702496 0.47508945 0.39693445 0.45000532 0.44589633  0.47476172 0.42761975 0.50206904 0.41641874
0.00039479 0.36283831 0.35232302 0.39930133 0.34523319 0.50234819  0.48417291 0.45702496 0.47508945 0.39693445 0.45000532 0.44589633  0.47476172 0.42761975 0.50206904 0.41641874
0.00039479 0.36283831 0.35232302 0.39930133 0.34523319 0.50234819  0.48417291 0.45702496 0.47508945 0.39693445 0.45000532 0.44589633  0.47476172 0.42761975 0.50206904 0.41641874
0.00039479 0.36283831 0.35232302 0.39930133 0.34523319 0.50234819  0.48417291 0.45702496 0.47508945 0.39693445 0.45000532 0.44589633  0.47476172 0.42761975 0.50206904 0.41641874
0.00039479 0.36283831 0.35232302 0.39930133 0.34523319 0.50234819  0.48417291 0.45702496 0.47508945 0.39693445 0.45000532 0.44589633  0.47476172 0.42761975 0.50206904 0.41641874
0.00039479 0.36283831 0.35232302 0.39930133 0.34523319 0.50234819  0.48417291 0.45702496 0.47508945 0.39693445 0.45000532 0.44589633  0.47476172 0.42761975 0.50206904 0.41641874
0.00039479 0.36283831 0.35232302 0.39930133 0.34523319 0.50234819  0.48417291 0.45702496 0.47508945 0.39693445 0.45000532 0.44589633  0.47476172 0.42761975 0.50206904 0.41641874
0.00039479 0.36283831 0.35232302 0.39930133 0.34523319 0.50234819  0.48417291 0.45702496 0.47508945 0.39693445 0.45000532 0.44589633  0.47476172 0.42761975 0.50206904 0.41641874
0.00039479 0.36283831 0.35232302 0.39930133 0.34523319 0.50234819  0.48417291 0.45702496 0.47508945 0.39693445 0.45000532 0.44589633  0.47476172 0.42761975 0.50206904 0.41641874
0.00039479 0.36283831 0.35232302 0.39930133 0.34523319 0.50234819  0.48417291 0.45702496 0.47508945 0.39693445 0.45000532 0.44589633  0.47476172 0.42761975 0.50206904 0.41641874
0.00039479 0.36283831 0.35232302 0.39930133 0.34523319 0.50234819  0.48417291 0.45702496 0.47508945 0.39693445 0.45000532 0.44589633  0.47476172 0.42761975 0.50206904 0.41641874
0.00140664 0.36431381 0.35232474 0.39642652 0.34463577 0.50247588  0.48308211 0.45859707 0.47435751 0.39611259 0.44362313 0.46430998  0.44184368 0.4496556  0.47683731 0.47370053
0.00140664 0.36431381 0.35232474 0.39642652 0.34463577 0.50247588  0.48308211 0.45859707 0.47435751 0.39611259 0.44362313 0.46430998  0.44184368 0.4496556  0.47683731 0.47370053
0.00140664 0.36431381 0.35232474 0.39642652 0.34463577 0.50247588  0.48308211 0.45859707 0.47435751 0.39611259 0.44362313 0.46430998  0.44184368 0.4496556  0.47683731 0.47370053
0.01978937 0.38763786 0.34025133 0.41164848 0.34966805 0.48888716  0.47656532 0.46393141 0.47603213 0.38884303 0.45489986 0.45997915  0.44025704 0.45691232 0.47879292 0.44837142
0.01978937 0.38763786 0.34025133 0.41164848 0.34966805 0.48888716  0.47656532 0.46393141 0.47603213 0.38884303 0.45489986 0.45997915  0.44025704 0.45691232 0.47879292 0.44837142
0.01986085 0.38869586 0.34094481 0.41005655 0.35547027 0.49185339  0.47270508 0.46649656 0.47212568 0.38811246 0.46368243 0.47993872  0.43255189 0.44774491 0.48407425 0.47320042
0.01986085 0.38869586 0.34094481 0.41005655 0.35547027 0.49185339  0.47270508 0.46649656 0.47212568 0.38811246 0.46368243 0.47993872  0.43255189 0.44774491 0.48407425 0.47320042
0.24040822 0.66173156 0.22837311 0.57863741 0.38070273 0.54309198  0.27321256 0.4474909  0.67545743 0.47916129 0.52196735 0.57717117  0.24965931 0.5402928  0.90458947 0.56649424
0.3490981  0.77382055 0.17894624 0.6252458  0.38631518 0.54234807  0.22369285 0.50446036 0.62728752 0.45182795 0.43833565 0.60110742  0.48119901 0.41671449 0.60763894 0.69769191
0.40607437 0.80858454 0.16660946 0.58220281 0.34503532 0.67611801  0.26835788 0.46286624 0.68528499 0.43356855 0.5884535  0.56431262  0.48348097 0.38188016 0.48759028 0.66616264
0.44071152 0.78882157 0.19472698 0.54861572 0.29244744 0.75780317  0.19706694 0.51844801 0.64448906 0.44181373 0.42816929 0.58087971  0.57146226 0.35247008 0.38969803 0.67124094
0.60993107 0.7444748  0.21958267 0.32970539 0.31573234 0.66889072  0.53018262 0.48179087 0.32930342 0.35115088 0.40167827 0.60247473  0.45227754 0.34522693 0.45483589 0.62219827
0.68124284 0.71420554 0.32941428 0.25954825 0.26582843 0.63576455  0.56462584 0.57540119 0.32952961 0.09593968 0.39898159 0.55336344  0.49400527 0.28570724 0.62899791 0.75228962
0.70804145 0.67980633 0.37419789 0.2867118  0.22577074 0.61659625  0.52264464 0.6017467  0.25280882 0.12366674 0.40168834 0.57776177  0.43911808 0.2437709  0.67013251 0.65250939
0.75909238 0.60007368 0.43759455 0.31985312 0.18510067 0.53875229  0.47613029 0.64966053 0.20446592 0.18754289 0.53026315 0.61782993  0.43029565 0.22329187 0.63182778 0.53375379
0.79796285 0.49256201 0.41289655 0.30769009 0.21878833 0.4581547  0.38333227 0.53441649 0.32126313 0.15367089 0.56786922 0.56109115  0.42935352 0.18226029 0.44667666 0.40207324
0.81467125 0.43540776 0.36589427 0.26026571 0.28298924 0.43792825  0.33467726 0.45090276 0.41092043 0.09567845 0.49259045 0.55862968  0.38245476 0.13147405 0.47344373 0.4452479 
0.80887761 0.42239558 0.33146683 0.25828168 0.28091584 0.43719251  0.34583172 0.47442751 0.41790176 0.16409645 0.49348484 0.55834395  0.413729   0.11657301 0.47804865 0.38808518
0.8222261  0.38747231 0.31708678 0.24023675 0.26890158 0.40986289  0.34305713 0.42274151 0.46862931 0.17747471 0.42989094 0.53225633  0.46522624 0.22709829 0.49755708 0.32959242
0.82983749 0.35761473 0.31097434 0.28483344 0.29408152 0.43952377  0.33620204 0.42269183 0.41969805 0.17199408 0.44402341 0.478264  0.47809646 0.20486791 0.5364869  0.35672317
0.8210523  0.31447553 0.22993172 0.29596652 0.3523175  0.49636596  0.3157042  0.4710617  0.37527087 0.25272426 0.43468421 0.41513757  0.4431466  0.17097341 0.58093611 0.33990744
0.81706718 0.30238735 0.20238653 0.30059964 0.33211662 0.49184861  0.32347405 0.48074546 0.38408832 0.30790578 0.44443497 0.42224873  0.47960092 0.18726243 0.55361214 0.32339693
0.81706718 0.30238735 0.20238653 0.30059964 0.33211662 0.49184861  0.32347405 0.48074546 0.38408832 0.30790578 0.44443497 0.42224873  0.47960092 0.18726243 0.55361214 0.32339693
0.81706718 0.30238735 0.20238653 0.30059964 0.33211662 0.49184861  0.32347405 0.48074546 0.38408832 0.30790578 0.44443497 0.42224873  0.47960092 0.18726243 0.55361214 0.32339693
0.79818609 0.31207715 0.14097083 0.25668291 0.36572047 0.52945616  0.30063818 0.50354953 0.42837644 0.33797059 0.40238724 0.39385433  0.45732912 0.21498577 0.42469005 0.35210162
0.79717423 0.31060166 0.14096911 0.25955771 0.36631789 0.52932847  0.30172897 0.50197742 0.42910837 0.33879245 0.40876943 0.37544068  0.49024715 0.19294992 0.44992178 0.29481984
0.78507832 0.31861464 0.10862297 0.22959191 0.38972364 0.53391252  0.30820946 0.51709544 0.47902965 0.33430247 0.38456661 0.35811089  0.4269352  0.17172736 0.44588201 0.37373903
0.77832898 0.35019455 0.11595152 0.18327205 0.3623677  0.49999433  0.31403205 0.52441415 0.5218788  0.33932511 0.3781774  0.43240529  0.37705103 0.21612753 0.36471841 0.41098132
0.75467175 0.40893269 0.12749519 0.16590541 0.32985787 0.4936088  0.33266073 0.56989626 0.53253451 0.35099442 0.41507609 0.44574182  0.37728887 0.13725341 0.312605   0.31702795
0.70879835 0.47400159 0.08506543 0.1872271  0.37647945 0.50530472  0.43535126 0.44551272 0.61306853 0.29206105 0.49240714 0.42397214  0.55648525 0.23036196 0.31081141 0.39409204
0.6199486  0.6227901  0.071396   0.24554037 0.39573042 0.50569851  0.62965356 0.41437532 0.58080191 0.324428   0.60070392 0.42251944  0.59853981 0.41233428 0.50515051 0.44514477
0.52258232 0.72781811 0.07975204 0.37391144 0.40739503 0.46710742  0.7032121  0.4136212  0.41403501 0.36408341 0.61123978 0.40815544  0.49980475 0.41047325 0.4824707  0.3676115 
0.41800283 0.75579862 0.09700001 0.49385748 0.44526999 0.31220181  0.67126571 0.44666688 0.32162286 0.38924025 0.53719671 0.4337813  0.35222367 0.42856368 0.53016411 0.33618474
0.39910874 0.74680202 0.09852756 0.51152396 0.46360061 0.25579514  0.66479159 0.45242301 0.29341212 0.39203621 0.49322404 0.44429822  0.3323563  0.44392935 0.57859311 0.3228017 
0.30712942 0.69720818 0.13661226 0.56742287 0.47113413 0.18563775  0.58062231 0.46929559 0.23531268 0.3895644  0.33832205 0.46813647  0.40070238 0.3770844  0.41443206 0.37034915
0.14344561 0.56766905 0.24436611 0.57791404 0.41634784 0.28054455  0.37100886 0.56649715 0.40930109 0.35267416 0.29838219 0.45147397  0.69116062 0.39300661 0.34101736 0.48390633
0.07104006 0.46404096 0.2986181  0.48944829 0.38220526 0.38435612  0.42526282 0.5177897  0.43763352 0.37295136 0.35676966 0.45014941  0.6103096  0.41608475 0.42084629 0.46795654
0.03613013 0.4131675  0.32644866 0.44157464 0.36200272 0.45727563  0.45098712 0.48298825 0.4833711  0.38736898 0.44023668 0.44484848  0.51106407 0.45717248 0.5327885  0.40969006
0.00039479 0.36283831 0.35232302 0.39930133 0.34523319 0.50234819  0.48417291 0.45702496 0.47508945 0.39693445 0.45000532 0.44589633  0.47476172 0.42761975 0.50206904 0.41641874
0.00039479 0.36283831 0.35232302 0.39930133 0.34523319 0.50234819  0.48417291 0.45702496 0.47508945 0.39693445 0.45000532 0.44589633  0.47476172 0.42761975 0.50206904 0.41641874
0.00039479 0.36283831 0.35232302 0.39930133 0.34523319 0.50234819  0.48417291 0.45702496 0.47508945 0.39693445 0.45000532 0.44589633  0.47476172 0.42761975 0.50206904 0.41641874
0.00039479 0.36283831 0.35232302 0.39930133 0.34523319 0.50234819  0.48417291 0.45702496 0.47508945 0.39693445 0.45000532 0.44589633  0.47476172 0.42761975 0.50206904 0.41641874
0.00039479 0.36283831 0.35232302 0.39930133 0.34523319 0.50234819  0.48417291 0.45702496 0.47508945 0.39693445 0.45000532 0.44589633  0.47476172 0.42761975 0.50206904 0.41641874
0.00039479 0.36283831 0.35232302 0.39930133 0.34523319 0.50234819  0.48417291 0.45702496 0.47508945 0.39693445 0.45000532 0.44589633  0.47476172 0.42761975 0.50206904 0.41641874
0.00039479 0.36283831 0.35232302 0.39930133 0.34523319 0.50234819  0.48417291 0.45702496 0.47508945 0.39693445 0.45000532 0.44589633  0.47476172 0.42761975 0.50206904 0.41641874
0.00039479 0.36283831 0.35232302 0.39930133 0.34523319 0.50234819  0.48417291 0.45702496 0.47508945 0.39693445 0.45000532 0.44589633  0.47476172 0.42761975 0.50206904 0.41641874
0.00039479 0.36283831 0.35232302 0.39930133 0.34523319 0.50234819  0.48417291 0.45702496 0.47508945 0.39693445 0.45000532 0.44589633  0.47476172 0.42761975 0.50206904 0.41641874
0.00039479 0.36283831 0.35232302 0.39930133 0.34523319 0.50234819  0.48417291 0.45702496 0.47508945 0.39693445 0.45000532 0.44589633  0.47476172 0.42761975 0.50206904 0.41641874
0.00039479 0.36283831 0.35232302 0.39930133 0.34523319 0.50234819  0.48417291 0.45702496 0.47508945 0.39693445 0.45000532 0.44589633  0.47476172 0.42761975 0.50206904 0.41641874
0.00039479 0.36283831 0.35232302 0.39930133 0.34523319 0.50234819  0.48417291 0.45702496 0.47508945 0.39693445 0.45000532 0.44589633  0.47476172 0.42761975 0.50206904 0.41641874
0.00039479 0.36283831 0.35232302 0.39930133 0.34523319 0.50234819  0.48417291 0.45702496 0.47508945 0.39693445 0.45000532 0.44589633  0.47476172 0.42761975 0.50206904 0.41641874
0.03667396 0.35595775 0.35325404 0.34034531 0.32142892 0.56403042  0.50217704 0.51738506 0.50619436 0.3718131  0.50155877 0.4226365  0.56134009 0.42798315 0.46234857 0.44779293
0.29084978 0.57544933 0.23260341 0.39028859 0.32021617 0.60827199  0.40103469 0.63883186 0.75367935 0.33203358 0.76620399 0.37574322  0.55147876 0.55142727 0.76073001 0.39931071
0.50328321 0.62374211 0.16078303 0.27587934 0.32958492 0.52443922  0.49655494 0.84487308 0.65280569 0.27019188 0.78593147 0.34724584  0.56288371 0.45482466 0.72614448 0.37246486
0.50328321 0.62374211 0.16078303 0.27587934 0.32958492 0.52443922  0.49655494 0.84487308 0.65280569 0.27019188 0.78593147 0.34724584  0.56288371 0.45482466 0.72614448 0.37246486
0.54703303 0.57881956 0.13758124 0.28888164 0.36114151 0.42698349  0.42474448 0.85891883 0.67240523 0.20880208 0.84728496 0.31902721  0.55611616 0.35100241 0.45792563 0.37503763
0.56174435 0.54664001 0.13266643 0.26682979 0.37120166 0.39428462  0.40410699 0.8424049  0.71899097 0.18489183 0.85235595 0.32391468  0.55593776 0.40061328 0.43834406 0.37383931
0.58003058 0.55746869 0.12102063 0.25812754 0.37592319 0.38100434  0.45733881 0.8107506  0.64582496 0.19429161 0.82523778 0.33179013  0.46548154 0.35861911 0.3997304  0.35433871
0.58003058 0.55746869 0.12102063 0.25812754 0.37592319 0.38100434  0.45733881 0.8107506  0.64582496 0.19429161 0.82523778 0.33179013  0.46548154 0.35861911 0.3997304  0.35433871
0.5974723  0.55063079 0.10790736 0.22313804 0.39194392 0.35420622  0.53540443 0.7890189  0.59407196 0.20727163 0.81292579 0.3433675  0.45827922 0.37083684 0.4314068  0.36479812
0.58003058 0.55746869 0.12102063 0.25812754 0.37592319 0.38100434  0.45733881 0.8107506  0.64582496 0.19429161 0.82523778 0.33179013  0.46548154 0.35861911 0.3997304  0.35433871
0.55190592 0.61815687 0.1206766  0.28002506 0.36581619 0.41862135  0.51721363 0.75263637 0.62407569 0.20439788 0.77607258 0.34668994  0.54060237 0.44272703 0.47303282 0.36931808
0.48938671 0.71034857 0.11683517 0.35646427 0.38330608 0.44272232  0.60480241 0.68965093 0.53702054 0.23870544 0.76638095 0.33604871  0.60981677 0.46570049 0.54442521 0.33274178
0.47178713 0.72208451 0.12389542 0.39965496 0.37300888 0.45591704  0.54588012 0.68220885 0.55044823 0.25005922 0.74980696 0.34253607  0.56289825 0.42695921 0.48446069 0.33776793
0.21669598 0.6659807  0.19504366 0.64781162 0.43659056 0.23836167  0.3178021  0.59115956 0.46518276 0.3444222  0.36168358 0.43931837  0.6540983  0.44845426 0.43684638 0.41975202
0.21669598 0.6659807  0.19504366 0.64781162 0.43659056 0.23836167  0.3178021  0.59115956 0.46518276 0.3444222  0.36168358 0.43931837  0.6540983  0.44845426 0.43684638 0.41975202
0.17965647 0.61750167 0.21982275 0.61735098 0.42636042 0.25929215  0.32621544 0.59146297 0.4649422  0.34783064 0.33598751 0.44393366  0.69988218 0.45449233 0.43662351 0.45453982
0.12643159 0.53770964 0.26164477 0.54200993 0.3948784  0.3557314  0.38092917 0.54120577 0.49107511 0.36035179 0.4203833  0.43544139  0.58843513 0.46435321 0.49083139 0.39567544
0.0711753  0.46610869 0.2973585  0.49416903 0.3835239  0.3762827  0.42131423 0.52327881 0.42928171 0.37147405 0.34155932 0.45173925  0.62935926 0.39755094 0.38396534 0.48034847
0.0711753  0.46610869 0.2973585  0.49416903 0.3835239  0.3762827  0.42131423 0.52327881 0.42928171 0.37147405 0.34155932 0.45173925  0.62935926 0.39755094 0.38396534 0.48034847
0.05377445 0.44225143 0.31104167 0.47342266 0.37489858 0.41402927  0.42439447 0.50839534 0.46984833 0.38245823 0.39226704 0.45030528  0.57503644 0.44438885 0.492302   0.44802759
0.05377445 0.44225143 0.31104167 0.47342266 0.37489858 0.41402927  0.42439447 0.50839534 0.46984833 0.38245823 0.39226704 0.45030528  0.57503644 0.44438885 0.492302   0.44802759
0.05377445 0.44225143 0.31104167 0.47342266 0.37489858 0.41402927  0.42439447 0.50839534 0.46984833 0.38245823 0.39226704 0.45030528  0.57503644 0.44438885 0.492302   0.44802759
0.05377445 0.44225143 0.31104167 0.47342266 0.37489858 0.41402927  0.42439447 0.50839534 0.46984833 0.38245823 0.39226704 0.45030528  0.57503644 0.44438885 0.492302   0.44802759
0.0711753  0.46610869 0.2973585  0.49416903 0.3835239  0.3762827  0.42131423 0.52327881 0.42928171 0.37147405 0.34155932 0.45173925  0.62935926 0.39755094 0.38396534 0.48034847
0.0711753  0.46610869 0.2973585  0.49416903 0.3835239  0.3762827  0.42131423 0.52327881 0.42928171 0.37147405 0.34155932 0.45173925  0.62935926 0.39755094 0.38396534 0.48034847
0.0711753  0.46610869 0.2973585  0.49416903 0.3835239  0.3762827  0.42131423 0.52327881 0.42928171 0.37147405 0.34155932 0.45173925  0.62935926 0.39755094 0.38396534 0.48034847
0.08868438 0.49312488 0.2832111  0.52129632 0.39510112 0.34110976  0.39867016 0.54319679 0.42411075 0.36804061 0.30880001 0.45560621  0.67428197 0.40330112 0.3803598  0.50629408
0.12516953 0.54341073 0.25732003 0.56011052 0.40806991 0.30524668  0.3745184  0.56006122 0.42712756 0.36062871 0.3099227  0.45226028  0.68081249 0.40258075 0.36831247 0.49523951
0.17952049 0.61987143 0.21812169 0.62263864 0.43176984 0.24349576  0.32881225 0.59151189 0.44108585 0.35023626 0.30726368 0.44996783  0.70139789 0.43489181 0.4111966  0.47423269
0.2892656  0.72051327 0.14721665 0.64111933 0.45810642 0.20381593  0.42173082 0.51765688 0.36322614 0.39174611 0.3347276  0.47063026  0.45601925 0.41773001 0.4982639  0.39673931
0.40202931 0.78726339 0.11178591 0.5585066  0.40742443 0.39191888  0.55503504 0.44295433 0.4009154  0.3790307  0.58943131 0.41442002  0.30617812 0.3658386  0.39254782 0.31024737
0.457287   0.8115885  0.11529137 0.53169118 0.34283118 0.58388048  0.5168334  0.36956651 0.46497191 0.47061486 0.50411057 0.46472753  0.32606521 0.34084631 0.43339234 0.43721812
0.61938003 0.81836988 0.37577952 0.34950565 0.37604207 0.71168764  0.52846079 0.45459953 0.32646956 0.44443143 0.33086855 0.38459639  0.5782141  0.5234916  0.14588893 0.39106283
0.73577654 0.78935542 0.64254936 0.21334987 0.66793496 0.68505075  0.44779381 0.36200364 0.21364784 0.37207748 0.37340686 0.61013323  0.62324126 0.6809088  0.40571279 0.3846711 
0.76902299 0.81944477 0.8064218  0.2388854  0.72656729 0.61543346  0.52991294 0.33099454 0.31836366 0.36810055 0.38531152 0.65870321  0.60515394 0.55902425 0.49514058 0.56859464
0.76989521 0.82372624 0.81229542 0.23333203 0.74678397 0.62446164  0.51951886 0.33675532 0.30072774 0.35137667 0.41019398 0.71807645  0.5736014  0.53038674 0.51278844 0.64305089
0.81281795 0.75700041 0.83408551 0.1937884  0.75705623 0.55617378  0.52577732 0.36639762 0.32866348 0.35947472 0.48904464 0.76616002  0.6507938  0.60900568 0.6251912  0.60563889
0.82825252 0.72972051 0.84078253 0.17346571 0.74797059 0.53909512  0.4968809  0.42716227 0.32561864 0.36691487 0.47190958 0.77357305  0.55861163 0.54724951 0.67766107 0.60766693
0.85927778 0.67629476 0.85137741 0.14241802 0.70752141 0.49590826  0.45774649 0.52394865 0.33507635 0.37172262 0.42768315 0.73600147  0.42310278 0.47975659 0.77094134 0.56871683
0.87116337 0.63520145 0.83136938 0.14479832 0.6713579  0.46016443  0.42311468 0.53491465 0.35007948 0.2988361  0.49057889 0.76565653  0.35620883 0.46517563 0.73893271 0.59616544
0.86088855 0.6113076  0.76704632 0.14774691 0.66086076 0.4776879  0.40854038 0.53560872 0.30554767 0.28476873 0.51938071 0.80866828  0.43837732 0.44920619 0.76014984 0.53610933
0.85700452 0.5941144  0.73228135 0.18550228 0.5349577  0.45244472  0.43285986 0.52275661 0.31185254 0.22087139 0.47502355 0.72707563  0.41996576 0.44537786 0.80480633 0.47657419
0.84473507 0.55820828 0.63215035 0.22151792 0.36568595 0.43471309  0.44087212 0.51488543 0.29004378 0.1895282  0.44046366 0.69238751  0.4157766  0.54702967 0.74935508 0.50129444
0.83233466 0.51703895 0.53937614 0.27830415 0.19530526 0.40920208  0.47457682 0.52241362 0.3179006  0.20133972 0.407429   0.61153896  0.48126144 0.49384277 0.82220353 0.38125644
0.83233466 0.51703895 0.53937614 0.27830415 0.19530526 0.40920208  0.47457682 0.52241362 0.3179006  0.20133972 0.407429   0.61153896  0.48126144 0.49384277 0.82220353 0.38125644
0.81784698 0.47568155 0.44307894 0.29779858 0.12555025 0.40348715  0.48813547 0.54904965 0.31691661 0.30205717 0.44485899 0.64553347  0.58001835 0.50518138 0.79587019 0.31459279
0.86862898 0.33730032 0.4079794  0.30207522 0.19790389 0.33542858  0.35743927 0.3267432  0.42737038 0.25002118 0.46529938 0.61622103  0.59196927 0.34245743 0.60920014 0.19250259
0.83891569 0.34554739 0.30642813 0.23125981 0.26107109 0.39211065  0.3175427  0.36643033 0.46142181 0.23260172 0.40012824 0.57141238  0.48909087 0.32025862 0.53421737 0.25862269
0.81615168 0.33090865 0.20795123 0.19457259 0.27934608 0.41511601  0.31161526 0.41688635 0.49492224 0.32611639 0.37601634 0.55136098  0.46375609 0.31494683 0.48990721 0.2580751 
0.79649193 0.34119151 0.14744437 0.15281633 0.32236126 0.44874345  0.30780036 0.43813223 0.55163293 0.36013155 0.32710813 0.51463293  0.47766208 0.31182198 0.41533923 0.25461197
0.79649193 0.34119151 0.14744437 0.15281633 0.32236126 0.44874345  0.30780036 0.43813223 0.55163293 0.36013155 0.32710813 0.51463293  0.47766208 0.31182198 0.41533923 0.25461197
0.78439602 0.34920449 0.11509822 0.12285053 0.34576701 0.4533275  0.31428084 0.45325025 0.60155421 0.35564157 0.3029053  0.49730314  0.41435012 0.29059942 0.41129945 0.33353117
0.78439602 0.34920449 0.11509822 0.12285053 0.34576701 0.4533275  0.31428084 0.45325025 0.60155421 0.35564157 0.3029053  0.49730314  0.41435012 0.29059942 0.41129945 0.33353117
0.78439602 0.34920449 0.11509822 0.12285053 0.34576701 0.4533275  0.31428084 0.45325025 0.60155421 0.35564157 0.3029053  0.49730314  0.41435012 0.29059942 0.41129945 0.33353117
0.78439602 0.34920449 0.11509822 0.12285053 0.34576701 0.4533275  0.31428084 0.45325025 0.60155421 0.35564157 0.3029053  0.49730314  0.41435012 0.29059942 0.41129945 0.33353117
0.78439602 0.34920449 0.11509822 0.12285053 0.34576701 0.4533275  0.31428084 0.45325025 0.60155421 0.35564157 0.3029053  0.49730314  0.41435012 0.29059942 0.41129945 0.33353117
0.78439602 0.34920449 0.11509822 0.12285053 0.34576701 0.4533275  0.31428084 0.45325025 0.60155421 0.35564157 0.3029053  0.49730314  0.41435012 0.29059942 0.41129945 0.33353117
0.78439602 0.34920449 0.11509822 0.12285053 0.34576701 0.4533275  0.31428084 0.45325025 0.60155421 0.35564157 0.3029053  0.49730314  0.41435012 0.29059942 0.41129945 0.33353117
0.78439602 0.34920449 0.11509822 0.12285053 0.34576701 0.4533275  0.31428084 0.45325025 0.60155421 0.35564157 0.3029053  0.49730314  0.41435012 0.29059942 0.41129945 0.33353117
0.78439602 0.34920449 0.11509822 0.12285053 0.34576701 0.4533275  0.31428084 0.45325025 0.60155421 0.35564157 0.3029053  0.49730314  0.41435012 0.29059942 0.41129945 0.33353117
0.78439602 0.34920449 0.11509822 0.12285053 0.34576701 0.4533275  0.31428084 0.45325025 0.60155421 0.35564157 0.3029053  0.49730314  0.41435012 0.29059942 0.41129945 0.33353117
0.78439602 0.34920449 0.11509822 0.12285053 0.34576701 0.4533275  0.31428084 0.45325025 0.60155421 0.35564157 0.3029053  0.49730314  0.41435012 0.29059942 0.41129945 0.33353117
0.78439602 0.34920449 0.11509822 0.12285053 0.34576701 0.4533275  0.31428084 0.45325025 0.60155421 0.35564157 0.3029053  0.49730314  0.41435012 0.29059942 0.41129945 0.33353117
0.78439602 0.34920449 0.11509822 0.12285053 0.34576701 0.4533275  0.31428084 0.45325025 0.60155421 0.35564157 0.3029053  0.49730314  0.41435012 0.29059942 0.41129945 0.33353117
0.79672076 0.33455859 0.14275179 0.14895477 0.31593059 0.43253101  0.30846212 0.45903886 0.55423209 0.40530606 0.34810717 0.52633999  0.39814835 0.33034949 0.41692499 0.29717134
0.80484274 0.37043006 0.2210245  0.18905166 0.24622191 0.42993593  0.34612012 0.4313503  0.48445079 0.42486192 0.34302994 0.59950349  0.50096706 0.49165249 0.45548214 0.30654793
0.82273964 0.40277012 0.32116145 0.19838808 0.22237588 0.3925663  0.37504752 0.39510943 0.53306846 0.33949413 0.29703525 0.53209068  0.3842165  0.53527844 0.41945228 0.43489999
0.8632946  0.40166166 0.46931585 0.28036598 0.17594475 0.34503389  0.39221048 0.32280381 0.4403727  0.22439642 0.351416   0.5676722  0.43778167 0.54174077 0.55759558 0.38483035
0.85311347 0.54910601 0.65469329 0.29722446 0.15325242 0.3394968  0.55515476 0.50293856 0.45719394 0.21087221 0.30186341 0.44676689  0.34702878 0.54885238 0.75055855 0.46736391
0.86068567 0.58539319 0.72651506 0.25487386 0.29031164 0.37892049  0.51079767 0.50321402 0.41433074 0.18455134 0.31948013 0.47249783  0.30613296 0.54147305 0.7625813  0.44485232
0.86306396 0.58942955 0.74126477 0.24636633 0.29952762 0.3587662  0.5289497  0.51355222 0.45758726 0.24297476 0.30206588 0.42726523  0.29011402 0.55992025 0.73883334 0.4627739 
0.86407581 0.59090504 0.74126649 0.24349152 0.2989302  0.35889389  0.52785891 0.51512433 0.45685532 0.2421529  0.29568369 0.44567888  0.25719598 0.5819561  0.71360162 0.52005569
0.86407581 0.59090504 0.74126649 0.24349152 0.2989302  0.35889389  0.52785891 0.51512433 0.45685532 0.2421529  0.29568369 0.44567888  0.25719598 0.5819561  0.71360162 0.52005569
0.86407581 0.59090504 0.74126649 0.24349152 0.2989302  0.35889389  0.52785891 0.51512433 0.45685532 0.2421529  0.29568369 0.44567888  0.25719598 0.5819561  0.71360162 0.52005569
0.86407581 0.59090504 0.74126649 0.24349152 0.2989302  0.35889389  0.52785891 0.51512433 0.45685532 0.2421529  0.29568369 0.44567888  0.25719598 0.5819561  0.71360162 0.52005569
0.86407581 0.59090504 0.74126649 0.24349152 0.2989302  0.35889389  0.52785891 0.51512433 0.45685532 0.2421529  0.29568369 0.44567888  0.25719598 0.5819561  0.71360162 0.52005569
0.86407581 0.59090504 0.74126649 0.24349152 0.2989302  0.35889389  0.52785891 0.51512433 0.45685532 0.2421529  0.29568369 0.44567888  0.25719598 0.5819561  0.71360162 0.52005569
0.86407581 0.59090504 0.74126649 0.24349152 0.2989302  0.35889389  0.52785891 0.51512433 0.45685532 0.2421529  0.29568369 0.44567888  0.25719598 0.5819561  0.71360162 0.52005569
0.86169752 0.58686868 0.72651678 0.25199905 0.28971422 0.37904818  0.50970688 0.50478612 0.41359881 0.18372949 0.31309794 0.49091148  0.27321492 0.5635089  0.73734957 0.5021341 
0.86023011 0.57873459 0.71001362 0.26560036 0.241715   0.36429701  0.52551806 0.49965507 0.43490512 0.19319647 0.28445577 0.44874269  0.28096522 0.57748341 0.72628944 0.48143187
0.83272346 0.51191237 0.52969626 0.28716037 0.1416085  0.39730715  0.47867087 0.50900761 0.31281212 0.17746016 0.40554489 0.62119181  0.43100247 0.60771801 0.71278357 0.49051097
0.81719225 0.51387702 0.47358866 0.26352878 0.1418327  0.41756639  0.47323846 0.51446095 0.35652911 0.17902685 0.37695426 0.60759978  0.44748076 0.61510515 0.62547995 0.54252811
0.79169118 0.48280299 0.34924272 0.23681985 0.15536029 0.45773601  0.43136059 0.57346217 0.33263095 0.30222803 0.41230157 0.62957182  0.50330255 0.59195521 0.61650492 0.41964903
0.78536802 0.47991545 0.31639116 0.21829303 0.16794163 0.47069467  0.42063617 0.60206876 0.34128759 0.38508581 0.40221303 0.64029426  0.46808873 0.65061628 0.52233075 0.43710785
0.74045103 0.51594839 0.20952653 0.1630412  0.23576233 0.50992371  0.47959054 0.59345939 0.47231183 0.37611227 0.3551988  0.58657336  0.57045192 0.63790152 0.48017553 0.51608519
0.73235224 0.48248163 0.12613555 0.1218419  0.30895914 0.5308069  0.45400222 0.55129397 0.53310923 0.38597198 0.25464006 0.54508587  0.510917   0.50469639 0.54660842 0.50535322
0.73279423 0.48074697 0.12807762 0.1176727  0.30780467 0.52239083  0.44669895 0.55891147 0.54843815 0.37831969 0.27553472 0.53993633  0.50182766 0.50864937 0.50614608 0.50241224
0.73279423 0.48074697 0.12807762 0.1176727  0.30780467 0.52239083  0.44669895 0.55891147 0.54843815 0.37831969 0.27553472 0.53993633  0.50182766 0.50864937 0.50614608 0.50241224
0.785829   0.44225355 0.25776109 0.20515212 0.23603708 0.45332047  0.41488662 0.42788906 0.4825894  0.26959548 0.38378986 0.59970757  0.64482097 0.55551624 0.44954679 0.41036531
0.79380188 0.46431783 0.31013959 0.20068529 0.25681284 0.46078776  0.39100066 0.39632221 0.46661207 0.17035533 0.37823123 0.59695285  0.5660614  0.61650659 0.40815519 0.50579664
0.83974829 0.58483459 0.63320805 0.09719927 0.72464819 0.52764085  0.32062037 0.35173729 0.39688698 0.05081643 0.49998296 0.80100377  0.54660609 0.43676439 0.55403424 0.60794269
0.84373674 0.60133686 0.6659146  0.08456177 0.75443207 0.5329675  0.31297835 0.35157487 0.40085428 0.05823033 0.48389014 0.77112522  0.52036383 0.45018764 0.54289346 0.59843984
0.84579424 0.60902088 0.68291219 0.06999443 0.79752373 0.53258138  0.31633437 0.35428848 0.42109218 0.10777344 0.47035837 0.73636839  0.5462145  0.46970386 0.50904447 0.56829869
0.83292317 0.64372136 0.69259659 0.07082305 0.77918694 0.54628855  0.34902238 0.43104229 0.38982205 0.11307239 0.49240244 0.73439275  0.53206714 0.4995726  0.53854134 0.59965063
0.80451935 0.70555384 0.69121196 0.09677289 0.75535981 0.58309906  0.41916998 0.41577373 0.36214595 0.12754467 0.46939762 0.71320274  0.63047845 0.60990794 0.55702704 0.61375463
0.80233694 0.69464084 0.66706525 0.11974253 0.67324489 0.56979728  0.42988231 0.41012644 0.35569081 0.07182833 0.45000124 0.69939072  0.59292297 0.60793356 0.5866392  0.62602126
0.78679876 0.65178992 0.56506238 0.14107681 0.62960801 0.5885557  0.41044482 0.4240549  0.31093731 0.10308614 0.53069131 0.81639564  0.69494572 0.59745383 0.59441313 0.60771836
0.74109699 0.57171996 0.29467857 0.19633897 0.2761194  0.5289424  0.50605129 0.47319818 0.45561386 0.11468856 0.3247723  0.54164101  0.59320839 0.55035743 0.62084248 0.58559879
0.72391952 0.5390774  0.19626444 0.18444184 0.261969   0.53576166  0.51143651 0.53274811 0.460903   0.29698882 0.34262302 0.55556866  0.64547021 0.58487162 0.5561553  0.49263991
0.72945557 0.50001389 0.15372675 0.1679612  0.29348455 0.53488545  0.46911489 0.48302879 0.50156171 0.37536951 0.3168726  0.54985309  0.65732179 0.59162809 0.45771598 0.42146501
0.72978873 0.47506105 0.10975414 0.14133597 0.33638156 0.53417839  0.45021064 0.41377551 0.56742421 0.37323289 0.24973104 0.53964848  0.61724653 0.53658381 0.46464168 0.47197324
0.72978873 0.47506105 0.10975414 0.14133597 0.33638156 0.53417839  0.45021064 0.41377551 0.56742421 0.37323289 0.24973104 0.53964848  0.61724653 0.53658381 0.46464168 0.47197324
0.71332496 0.48695057 0.08661235 0.13638972 0.36105249 0.51712456  0.49607086 0.40191496 0.61871479 0.35531441 0.29841617 0.51618472  0.65608807 0.52230928 0.5458968  0.48297072
0.74183551 0.42432626 0.08602888 0.11338874 0.37048932 0.47456484  0.4320054  0.4160156  0.65398724 0.34072638 0.30400707 0.50973532  0.55851984 0.42343925 0.52425258 0.44972705
0.7542414  0.38895574 0.07952069 0.11783172 0.38649245 0.45098562  0.39455098 0.40149828 0.67891237 0.31366416 0.36670431 0.48518449  0.53847275 0.36151965 0.43022801 0.42267147
0.7542414  0.38895574 0.07952069 0.11783172 0.38649245 0.45098562  0.39455098 0.40149828 0.67891237 0.31366416 0.36670431 0.48518449  0.53847275 0.36151965 0.43022801 0.42267147
0.7689441  0.36256951 0.09195815 0.11502946 0.36984051 0.43640136  0.35905026 0.4429618  0.65211285 0.33690123 0.34520823 0.49225303  0.42027361 0.29836074 0.46732284 0.40181043
0.7689441  0.36256951 0.09195815 0.11502946 0.36984051 0.43640136  0.35905026 0.4429618  0.65211285 0.33690123 0.34520823 0.49225303  0.42027361 0.29836074 0.46732284 0.40181043
0.78439602 0.34920449 0.11509822 0.12285053 0.34576701 0.4533275  0.31428084 0.45325025 0.60155421 0.35564157 0.3029053  0.49730314  0.41435012 0.29059942 0.41129945 0.33353117
0.79976861 0.28924249 0.10165895 0.21089227 0.39770546 0.51703425  0.30051236 0.44745396 0.50904186 0.34431643 0.31704479 0.38743006  0.44418647 0.24600473 0.50616115 0.38070141
0.80759489 0.25972065 0.10006063 0.25720146 0.417996   0.53258318  0.29789721 0.44124938 0.46954872 0.36016975 0.35385867 0.33851903  0.43921231 0.27109318 0.48330434 0.46276732
0.80759489 0.25972065 0.10006063 0.25720146 0.417996   0.53258318  0.29789721 0.44124938 0.46954872 0.36016975 0.35385867 0.33851903  0.43921231 0.27109318 0.48330434 0.46276732
0.81249626 0.2383707  0.0961276  0.30391396 0.44261802 0.56931501  0.32004459 0.46375095 0.45507396 0.34679486 0.33428759 0.32193996  0.44116343 0.28317791 0.52480776 0.4468401 
0.8181902  0.21489327 0.08989174 0.34890285 0.47234386 0.60900078  0.33739416 0.47537093 0.43832724 0.33109795 0.30544182 0.28659958  0.44780363 0.28793462 0.58980652 0.43150836
0.8181902  0.21489327 0.08989174 0.34890285 0.47234386 0.60900078  0.33739416 0.47537093 0.43832724 0.33109795 0.30544182 0.28659958  0.44780363 0.28793462 0.58980652 0.43150836
0.8181902  0.21489327 0.08989174 0.34890285 0.47234386 0.60900078  0.33739416 0.47537093 0.43832724 0.33109795 0.30544182 0.28659958  0.44780363 0.28793462 0.58980652 0.43150836
0.80273828 0.22825828 0.06675167 0.34108179 0.49641736 0.59207465  0.38216358 0.46508249 0.48888589 0.31235761 0.34774475 0.28154946  0.45372712 0.29569595 0.64582991 0.49978762
0.80273828 0.22825828 0.06675167 0.34108179 0.49641736 0.59207465  0.38216358 0.46508249 0.48888589 0.31235761 0.34774475 0.28154946  0.45372712 0.29569595 0.64582991 0.49978762
0.78803558 0.25464451 0.05431421 0.34388404 0.5130693  0.6066589  0.4176643  0.42361896 0.5156854  0.28912053 0.36924083 0.27448092  0.57192627 0.35885485 0.60873507 0.52064866
0.7802093  0.28416635 0.05591253 0.29757484 0.49277876 0.59110998  0.42027944 0.42982354 0.55517854 0.27326722 0.33242695 0.32339195  0.57690043 0.3337664  0.63159189 0.43858275
0.77451536 0.30764379 0.06214839 0.25258595 0.46305291 0.55142421  0.40292987 0.41820356 0.57192526 0.28896414 0.36127272 0.35873233  0.57026023 0.32900968 0.56659313 0.45391449
0.70190605 0.40773441 0.02429123 0.28651594 0.51054645 0.47414858  0.52759491 0.21839366 0.66560118 0.25948145 0.52881686 0.36033221  0.62135371 0.45726662 0.57585888 0.40819668
0.57919731 0.55022642 0.03516342 0.40827474 0.51173645 0.38700272  0.57194032 0.05845263 0.58755909 0.38292522 0.35763555 0.48124015  0.45279087 0.54456539 0.68675691 0.32373376
0.54571606 0.64122782 0.05359457 0.38801598 0.45342799 0.40549688  0.61039729 0.11001059 0.51940278 0.44456057 0.35868439 0.52555549  0.45171512 0.52731167 0.71545381 0.37553553
0.39301608 0.7107866  0.09312741 0.54311867 0.48431688 0.23593533  0.59207076 0.36565123 0.32048789 0.41205057 0.3935515  0.47281949  0.37482982 0.40137105 0.60049853 0.32401808
0.28789067 0.69236764 0.14426571 0.59969813 0.47560329 0.16314422  0.50045994 0.50453736 0.28645284 0.40603301 0.26796056 0.49228663  0.49882729 0.42289847 0.51481512 0.44564443
0.17843846 0.58982426 0.21810153 0.57612823 0.43619488 0.23481474  0.41683651 0.54546865 0.35236515 0.38060744 0.23137002 0.48025751  0.69221583 0.40288446 0.39365329 0.5241581 
0.12637265 0.53862415 0.26000154 0.54550982 0.39880295 0.33177171  0.39266785 0.54514605 0.43562437 0.35394103 0.35897184 0.44152239  0.64194876 0.39805819 0.35709808 0.43681727
0.09065686 0.48584832 0.28767616 0.49729606 0.37889815 0.39303802  0.42473752 0.51480684 0.45658632 0.36302875 0.41060833 0.43689709  0.57542442 0.41366925 0.40770042 0.40389851
0.03722896 0.40958307 0.32883973 0.42947971 0.35234469 0.48761967  0.4609272  0.46918194 0.50900109 0.38619323 0.49800897 0.43433716  0.45871587 0.46603407 0.55456796 0.3585692 
0.01877751 0.38616237 0.34024961 0.41452329 0.35026547 0.48875947  0.47765612 0.4623593  0.47676406 0.38966489 0.46128205 0.44156549  0.47317508 0.43487647 0.50402464 0.39108964
0.01877751 0.38616237 0.34024961 0.41452329 0.35026547 0.48875947  0.47765612 0.4623593  0.47676406 0.38966489 0.46128205 0.44156549  0.47317508 0.43487647 0.50402464 0.39108964
0.01877751 0.38616237 0.34024961 0.41452329 0.35026547 0.48875947  0.47765612 0.4623593  0.47676406 0.38966489 0.46128205 0.44156549  0.47317508 0.43487647 0.50402464 0.39108964
0.01877751 0.38616237 0.34024961 0.41452329 0.35026547 0.48875947  0.47765612 0.4623593  0.47676406 0.38966489 0.46128205 0.44156549  0.47317508 0.43487647 0.50402464 0.39108964
0.00039479 0.36283831 0.35232302 0.39930133 0.34523319 0.50234819  0.48417291 0.45702496 0.47508945 0.39693445 0.45000532 0.44589633  0.47476172 0.42761975 0.50206904 0.41641874
0.00039479 0.36283831 0.35232302 0.39930133 0.34523319 0.50234819  0.48417291 0.45702496 0.47508945 0.39693445 0.45000532 0.44589633  0.47476172 0.42761975 0.50206904 0.41641874
0.00039479 0.36283831 0.35232302 0.39930133 0.34523319 0.50234819  0.48417291 0.45702496 0.47508945 0.39693445 0.45000532 0.44589633  0.47476172 0.42761975 0.50206904 0.41641874
0.00039479 0.36283831 0.35232302 0.39930133 0.34523319 0.50234819  0.48417291 0.45702496 0.47508945 0.39693445 0.45000532 0.44589633  0.47476172 0.42761975 0.50206904 0.41641874
0.00039479 0.36283831 0.35232302 0.39930133 0.34523319 0.50234819  0.48417291 0.45702496 0.47508945 0.39693445 0.45000532 0.44589633  0.47476172 0.42761975 0.50206904 0.41641874
0.00039479 0.36283831 0.35232302 0.39930133 0.34523319 0.50234819  0.48417291 0.45702496 0.47508945 0.39693445 0.45000532 0.44589633  0.47476172 0.42761975 0.50206904 0.41641874
0.00039479 0.36283831 0.35232302 0.39930133 0.34523319 0.50234819  0.48417291 0.45702496 0.47508945 0.39693445 0.45000532 0.44589633  0.47476172 0.42761975 0.50206904 0.41641874
