0.00039479 0.36283831 0.35232302 0.39930133 0.34523319 0.50234819  0.48417291 0.45702496 0.47508945 0.39693445 0.45000532 0.44589633  0.47476172 0.42761975 0.50206904 0.41641874
0.00039479 0.36283831 0.35232302 0.39930133 0.34523319 0.50234819  0.48417291 0.45702496 0.47508945 0.39693445 0.45000532 0.44589633  0.47476172 0.42761975 0.50206904 0.41641874
0.00039479 0.36283831 0.35232302 0.39930133 0.34523319 0.50234819  0.48417291 0.45702496 0.47508945 0.39693445 0.45000532 0.44589633  0.47476172 0.42761975 0.50206904 0.41641874
0.00039479 0.36283831 0.35232302 0.39930133 0.34523319 0.50234819  0.48417291 0.45702496 0.47508945 0.39693445 0.45000532 0.44589633  0.47476172 0.42761975 0.50206904 0.41641874
0.00039479 0.36283831 0.35232302 0.39930133 0.34523319 0.50234819  0.48417291 0.45702496 0.47508945 0.39693445 0.45000532 0.44589633  0.47476172 0.42761975 0.50206904 0.41641874
0.00039479 0.36283831 0.35232302 0.39930133 0.34523319 0.50234819  0.48417291 0.45702496 0.47508945 0.39693445 0.45000532 0.44589633  0.47476172 0.42761975 0.50206904 0.41641874
0.00039479 0.36283831 0.35232302 0.39930133 0.34523319 0.50234819  0.48417291 0.45702496 0.47508945 0.39693445 0.45000532 0.44589633  0.47476172 0.42761975 0.50206904 0.41641874
0.00039479 0.36283831 0.35232302 0.39930133 0.34523319 0.50234819  0.48417291 0.45702496 0.47508945 0.39693445 0.45000532 0.44589633  0.47476172 0.42761975 0.50206904 0.41641874
0.00039479 0.36283831 0.35232302 0.39930133 0.34523319 0.50234819  0.48417291 0.45702496 0.47508945 0.39693445 0.45000532 0.44589633  0.47476172 0.42761975 0.50206904 0.41641874
0.00039479 0.36283831 0.35232302 0.39930133 0.34523319 0.50234819  0.48417291 0.45702496 0.47508945 0.39693445 0.45000532 0.44589633  0.47476172 0.42761975 0.50206904 0.41641874
0.00039479 0.36283831 0.35232302 0.39930133 0.34523319 0.50234819  0.48417291 0.45702496 0.47508945 0.39693445 0.45000532 0.44589633  0.47476172 0.42761975 0.50206904 0.41641874
0.00039479 0.36283831 0.35232302 0.39930133 0.34523319 0.50234819  0.48417291 0.45702496 0.47508945 0.39693445 0.45000532 0.44589633  0.47476172 0.42761975 0.50206904 0.41641874
0.00039479 0.36283831 0.35232302 0.39930133 0.34523319 0.50234819  0.48417291 0.45702496 0.47508945 0.39693445 0.45000532 0.44589633  0.47476172 0.42761975 0.50206904 0.41641874
0.00039479 0.36283831 0.35232302 0.39930133 0.34523319 0.50234819  0.48417291 0.45702496 0.47508945 0.39693445 0.45000532 0.44589633  0.47476172 0.42761975 0.50206904 0.41641874
0.00039479 0.36283831 0.35232302 0.39930133 0.34523319 0.50234819  0.48417291 0.45702496 0.47508945 0.39693445 0.45000532 0.44589633  0.47476172 0.42761975 0.50206904 0.41641874
0.00039479 0.36283831 0.35232302 0.39930133 0.34523319 0.50234819  0.48417291 0.45702496 0.47508945 0.39693445 0.45000532 0.44589633  0.47476172 0.42761975 0.50206904 0.41641874
0.00039479 0.36283831 0.35232302 0.39930133 0.34523319 0.50234819  0.48417291 0.45702496 0.47508945 0.39693445 0.45000532 0.44589633  0.47476172 0.42761975 0.50206904 0.41641874
0.00039479 0.36283831 0.35232302 0.39930133 0.34523319 0.50234819  0.48417291 0.45702496 0.47508945 0.39693445 0.45000532 0.44589633  0.47476172 0.42761975 0.50206904 0.41641874
0.00039479 0.36283831 0.35232302 0.39930133 0.34523319 0.50234819  0.48417291 0.45702496 0.47508945 0.39693445 0.45000532 0.44589633  0.47476172 0.42761975 0.50206904 0.41641874
0.00039479 0.36283831 0.35232302 0.39930133 0.34523319 0.50234819  0.48417291 0.45702496 0.47508945 0.39693445 0.45000532 0.44589633  0.47476172 0.42761975 0.50206904 0.41641874
0.00039479 0.36283831 0.35232302 0.39930133 0.34523319 0.50234819  0.48417291 0.45702496 0.47508945 0.39693445 0.45000532 0.44589633  0.47476172 0.42761975 0.50206904 0.41641874
0.00039479 0.36283831 0.35232302 0.39930133 0.34523319 0.50234819  0.48417291 0.45702496 0.47508945 0.39693445 0.45000532 0.44589633  0.47476172 0.42761975 0.50206904 0.41641874
0.00039479 0.36283831 0.35232302 0.39930133 0.34523319 0.50234819  0.48417291 0.45702496 0.47508945 0.39693445 0.45000532 0.44589633  0.47476172 0.42761975 0.50206904 0.41641874
0.00039479 0.36283831 0.35232302 0.39930133 0.34523319 0.50234819  0.48417291 0.45702496 0.47508945 0.39693445 0.45000532 0.44589633  0.47476172 0.42761975 0.50206904 0.41641874
0.00039479 0.36283831 0.35232302 0.39930133 0.34523319 0.50234819  0.48417291 0.45702496 0.47508945 0.39693445 0.45000532 0.44589633  0.47476172 0.42761975 0.50206904 0.41641874
0.00039479 0.36283831 0.35232302 0.39930133 0.34523319 0.50234819  0.48417291 0.45702496 0.47508945 0.39693445 0.45000532 0.44589633  0.47476172 0.42761975 0.50206904 0.41641874
0.00039479 0.36283831 0.35232302 0.39930133 0.34523319 0.50234819  0.48417291 0.45702496 0.47508945 0.39693445 0.45000532 0.44589633  0.47476172 0.42761975 0.50206904 0.41641874
0.00039479 0.36283831 0.35232302 0.39930133 0.34523319 0.50234819  0.48417291 0.45702496 0.47508945 0.39693445 0.45000532 0.44589633  0.47476172 0.42761975 0.50206904 0.41641874
0.00039479 0.36283831 0.35232302 0.39930133 0.34523319 0.50234819  0.48417291 0.45702496 0.47508945 0.39693445 0.45000532 0.44589633  0.47476172 0.42761975 0.50206904 0.41641874
0.00039479 0.36283831 0.35232302 0.39930133 0.34523319 0.50234819  0.48417291 0.45702496 0.47508945 0.39693445 0.45000532 0.44589633  0.47476172 0.42761975 0.50206904 0.41641874
0.00039479 0.36283831 0.35232302 0.39930133 0.34523319 0.50234819  0.48417291 0.45702496 0.47508945 0.39693445 0.45000532 0.44589633  0.47476172 0.42761975 0.50206904 0.41641874
0.00039479 0.36283831 0.35232302 0.39930133 0.34523319 0.50234819  0.48417291 0.45702496 0.47508945 0.39693445 0.45000532 0.44589633  0.47476172 0.42761975 0.50206904 0.41641874
0.00039479 0.36283831 0.35232302 0.39930133 0.34523319 0.50234819  0.48417291 0.45702496 0.47508945 0.39693445 0.45000532 0.44589633  0.47476172 0.42761975 0.50206904 0.41641874
0.00039479 0.36283831 0.35232302 0.39930133 0.34523319 0.50234819  0.48417291 0.45702496 0.47508945 0.39693445 0.45000532 0.44589633  0.47476172 0.42761975 0.50206904 0.41641874
0.00039479 0.36283831 0.35232302 0.39930133 0.34523319 0.50234819  0.48417291 0.45702496 0.47508945 0.39693445 0.45000532 0.44589633  0.47476172 0.42761975 0.50206904 0.41641874
0.00039479 0.36283831 0.35232302 0.39930133 0.34523319 0.50234819  0.48417291 0.45702496 0.47508945 0.39693445 0.45000532 0.44589633  0.47476172 0.42761975 0.50206904 0.41641874
0.00039479 0.36283831 0.35232302 0.39930133 0.34523319 0.50234819  0.48417291 0.45702496 0.47508945 0.39693445 0.45000532 0.44589633  0.47476172 0.42761975 0.50206904 0.41641874
0.00039479 0.36283831 0.35232302 0.39930133 0.34523319 0.50234819  0.48417291 0.45702496 0.47508945 0.39693445 0.45000532 0.44589633  0.47476172 0.42761975 0.50206904 0.41641874
0.00039479 0.36283831 0.35232302 0.39930133 0.34523319 0.50234819  0.48417291 0.45702496 0.47508945 0.39693445 0.45000532 0.44589633  0.47476172 0.42761975 0.50206904 0.41641874
0.00039479 0.36283831 0.35232302 0.39930133 0.34523319 0.50234819  0.48417291 0.45702496 0.47508945 0.39693445 0.45000532 0.44589633  0.47476172 0.42761975 0.50206904 0.41641874
0.00039479 0.36283831 0.35232302 0.39930133 0.34523319 0.50234819  0.48417291 0.45702496 0.47508945 0.39693445 0.45000532 0.44589633  0.47476172 0.42761975 0.50206904 0.41641874
0.00039479 0.36283831 0.35232302 0.39930133 0.34523319 0.50234819  0.48417291 0.45702496 0.47508945 0.39693445 0.45000532 0.44589633  0.47476172 0.42761975 0.50206904 0.41641874
0.00039479 0.36283831 0.35232302 0.39930133 0.34523319 0.50234819  0.48417291 0.45702496 0.47508945 0.39693445 0.45000532 0.44589633  0.47476172 0.42761975 0.50206904 0.41641874
0.00039479 0.36283831 0.35232302 0.39930133 0.34523319 0.50234819  0.48417291 0.45702496 0.47508945 0.39693445 0.45000532 0.44589633  0.47476172 0.42761975 0.50206904 0.41641874
0.00039479 0.36283831 0.35232302 0.39930133 0.34523319 0.50234819  0.48417291 0.45702496 0.47508945 0.39693445 0.45000532 0.44589633  0.47476172 0.42761975 0.50206904 0.41641874
0.00039479 0.36283831 0.35232302 0.39930133 0.34523319 0.50234819  0.48417291 0.45702496 0.47508945 0.39693445 0.45000532 0.44589633  0.47476172 0.42761975 0.50206904 0.41641874
0.00039479 0.36283831 0.35232302 0.39930133 0.34523319 0.50234819  0.48417291 0.45702496 0.47508945 0.39693445 0.45000532 0.44589633  0.47476172 0.42761975 0.50206904 0.41641874
0.00039479 0.36283831 0.35232302 0.39930133 0.34523319 0.50234819  0.48417291 0.45702496 0.47508945 0.39693445 0.45000532 0.44589633  0.47476172 0.42761975 0.50206904 0.41641874
0.00039479 0.36283831 0.35232302 0.39930133 0.34523319 0.50234819  0.48417291 0.45702496 0.47508945 0.39693445 0.45000532 0.44589633  0.47476172 0.42761975 0.50206904 0.41641874
0.00039479 0.36283831 0.35232302 0.39930133 0.34523319 0.50234819  0.48417291 0.45702496 0.47508945 0.39693445 0.45000532 0.44589633  0.47476172 0.42761975 0.50206904 0.41641874
0.00039479 0.36283831 0.35232302 0.39930133 0.34523319 0.50234819  0.48417291 0.45702496 0.47508945 0.39693445 0.45000532 0.44589633  0.47476172 0.42761975 0.50206904 0.41641874
0.00039479 0.36283831 0.35232302 0.39930133 0.34523319 0.50234819  0.48417291 0.45702496 0.47508945 0.39693445 0.45000532 0.44589633  0.47476172 0.42761975 0.50206904 0.41641874
0.00039479 0.36283831 0.35232302 0.39930133 0.34523319 0.50234819  0.48417291 0.45702496 0.47508945 0.39693445 0.45000532 0.44589633  0.47476172 0.42761975 0.50206904 0.41641874
0.00039479 0.36283831 0.35232302 0.39930133 0.34523319 0.50234819  0.48417291 0.45702496 0.47508945 0.39693445 0.45000532 0.44589633  0.47476172 0.42761975 0.50206904 0.41641874
0.00039479 0.36283831 0.35232302 0.39930133 0.34523319 0.50234819  0.48417291 0.45702496 0.47508945 0.39693445 0.45000532 0.44589633  0.47476172 0.42761975 0.50206904 0.41641874
0.00039479 0.36283831 0.35232302 0.39930133 0.34523319 0.50234819  0.48417291 0.45702496 0.47508945 0.39693445 0.45000532 0.44589633  0.47476172 0.42761975 0.50206904 0.41641874
0.00039479 0.36283831 0.35232302 0.39930133 0.34523319 0.50234819  0.48417291 0.45702496 0.47508945 0.39693445 0.45000532 0.44589633  0.47476172 0.42761975 0.50206904 0.41641874
0.00039479 0.36283831 0.35232302 0.39930133 0.34523319 0.50234819  0.48417291 0.45702496 0.47508945 0.39693445 0.45000532 0.44589633  0.47476172 0.42761975 0.50206904 0.41641874
0.00039479 0.36283831 0.35232302 0.39930133 0.34523319 0.50234819  0.48417291 0.45702496 0.47508945 0.39693445 0.45000532 0.44589633  0.47476172 0.42761975 0.50206904 0.41641874
0.00039479 0.36283831 0.35232302 0.39930133 0.34523319 0.50234819  0.48417291 0.45702496 0.47508945 0.39693445 0.45000532 0.44589633  0.47476172 0.42761975 0.50206904 0.41641874
0.00039479 0.36283831 0.35232302 0.39930133 0.34523319 0.50234819  0.48417291 0.45702496 0.47508945 0.39693445 0.45000532 0.44589633  0.47476172 0.42761975 0.50206904 0.41641874
0.00039479 0.36283831 0.35232302 0.39930133 0.34523319 0.50234819  0.48417291 0.45702496 0.47508945 0.39693445 0.45000532 0.44589633  0.47476172 0.42761975 0.50206904 0.41641874
0.00039479 0.36283831 0.35232302 0.39930133 0.34523319 0.50234819  0.48417291 0.45702496 0.47508945 0.39693445 0.45000532 0.44589633  0.47476172 0.42761975 0.50206904 0.41641874
0.00039479 0.36283831 0.35232302 0.39930133 0.34523319 0.50234819  0.48417291 0.45702496 0.47508945 0.39693445 0.45000532 0.44589633  0.47476172 0.42761975 0.50206904 0.41641874
0.00039479 0.36283831 0.35232302 0.39930133 0.34523319 0.50234819  0.48417291 0.45702496 0.47508945 0.39693445 0.45000532 0.44589633  0.47476172 0.42761975 0.50206904 0.41641874
0.00039479 0.36283831 0.35232302 0.39930133 0.34523319 0.50234819  0.48417291 0.45702496 0.47508945 0.39693445 0.45000532 0.44589633  0.47476172 0.42761975 0.50206904 0.41641874
0.00039479 0.36283831 0.35232302 0.39930133 0.34523319 0.50234819  0.48417291 0.45702496 0.47508945 0.39693445 0.45000532 0.44589633  0.47476172 0.42761975 0.50206904 0.41641874
0.00039479 0.36283831 0.35232302 0.39930133 0.34523319 0.50234819  0.48417291 0.45702496 0.47508945 0.39693445 0.45000532 0.44589633  0.47476172 0.42761975 0.50206904 0.41641874
0.00039479 0.36283831 0.35232302 0.39930133 0.34523319 0.50234819  0.48417291 0.45702496 0.47508945 0.39693445 0.45000532 0.44589633  0.47476172 0.42761975 0.50206904 0.41641874
0.00039479 0.36283831 0.35232302 0.39930133 0.34523319 0.50234819  0.48417291 0.45702496 0.47508945 0.39693445 0.45000532 0.44589633  0.47476172 0.42761975 0.50206904 0.41641874
0.00039479 0.36283831 0.35232302 0.39930133 0.34523319 0.50234819  0.48417291 0.45702496 0.47508945 0.39693445 0.45000532 0.44589633  0.47476172 0.42761975 0.50206904 0.41641874
0.01804755 0.39018449 0.33830903 0.42636341 0.35641219 0.47112218  0.45911565 0.47626972 0.47899245 0.39487759 0.42806648 0.44912887  0.50987727 0.441117   0.51788115 0.43356859
0.11008492 0.51193794 0.27605295 0.50806275 0.38270318 0.4088993  0.42402397 0.49302325 0.482243   0.3789448  0.46941612 0.43596424  0.46646239 0.41984123 0.46937951 0.37653065
0.29224854 0.68241998 0.17450885 0.53890655 0.41166677 0.37955413  0.45238716 0.54315588 0.56364091 0.32202285 0.6613749  0.37764051  0.54130692 0.54647103 0.58893554 0.29079166
0.39878865 0.69899053 0.12117695 0.43383322 0.44706691 0.29723393  0.63304536 0.60755643 0.45020654 0.25728852 0.69173214 0.3520169  0.65176381 0.55514875 0.55091442 0.28964687
0.43984895 0.59803116 0.10674351 0.40403731 0.48005833 0.2048259  0.54367766 0.59020478 0.55695844 0.18297264 0.80886433 0.32725177  0.59049503 0.54777528 0.37145066 0.25870044
0.52415087 0.53620631 0.10099704 0.28776436 0.45539028 0.27741736  0.52582446 0.65125893 0.66583732 0.1127069  0.91545195 0.28473686  0.69104645 0.47173247 0.2735347  0.28101233
0.57618265 0.50615743 0.12492151 0.27160968 0.39256836 0.36953602  0.3653391  0.79529258 0.73907293 0.16456078 0.89461297 0.30236264  0.52295016 0.42161054 0.32140746 0.38475735
0.57114757 0.52742157 0.1653312  0.36481058 0.31955346 0.45018978  0.35936065 0.89762889 0.76365452 0.32114767 0.85155101 0.43172961  0.46708783 0.31443805 0.52193744 0.52281861
0.60882607 0.49671269 0.19758551 0.36151764 0.27084855 0.5292486  0.32261842 0.95969785 0.7683341  0.34910669 0.70609275 0.47037734  0.58136556 0.23017677 0.40948674 0.58268621
0.53888224 0.62625641 0.26649123 0.52019806 0.2101519  0.63317003  0.22488164 0.83400814 0.78425592 0.63527225 0.40390475 0.52531501  0.47345462 0.14412044 0.49215206 0.60252293
0.52892239 0.65990644 0.2578438  0.49477839 0.18110047 0.69473188  0.12427496 0.75993725 0.57889816 0.53397938 0.36512742 0.49888959  0.53374097 0.29062493 0.51937408 0.38749878
0.47090506 0.75175825 0.20882812 0.52873984 0.22369757 0.7673195  0.18269942 0.58508281 0.62055717 0.45837418 0.35499965 0.45942595  0.70519471 0.39000208 0.34024315 0.45253116
0.50491007 0.73726929 0.20403456 0.49369709 0.22252297 0.74000142  0.21351084 0.62606008 0.5442153  0.48472993 0.31434945 0.47695243  0.55966476 0.32581959 0.32235163 0.44510676
0.57481149 0.71648101 0.18199619 0.3964172  0.22595207 0.71223013  0.37400355 0.6257783  0.38653159 0.49475755 0.30393082 0.48323235  0.36509407 0.21909896 0.31596153 0.42004185
0.68733125 0.60488979 0.20286613 0.22583346 0.21711018 0.62591213  0.50878973 0.77991902 0.29033268 0.45477405 0.36440358 0.49259834  0.4698716  0.26665379 0.58875402 0.36408979
0.70202154 0.57551764 0.19590211 0.20713382 0.225092   0.60903387  0.50109263 0.71027754 0.32034489 0.46478802 0.29688176 0.52191751  0.48712287 0.34093115 0.64903316 0.37105217
0.70202154 0.57551764 0.19590211 0.20713382 0.225092   0.60903387  0.50109263 0.71027754 0.32034489 0.46478802 0.29688176 0.52191751  0.48712287 0.34093115 0.64903316 0.37105217
0.74235565 0.47749529 0.16915828 0.18529053 0.27084737 0.56663254  0.43233711 0.50214789 0.40656373 0.45647561 0.18724998 0.55326048  0.5443169  0.35630932 0.66891707 0.32083011
0.76697771 0.42809805 0.19044021 0.21087696 0.26894475 0.51637488  0.41037031 0.45971431 0.40998148 0.48806226 0.24831732 0.56010125  0.55890688 0.32809734 0.65478262 0.21703075
0.79409492 0.36054797 0.1790172  0.19326809 0.29500802 0.4600968  0.3522784  0.42868304 0.48149235 0.43708979 0.31608554 0.54043789  0.53868138 0.31578861 0.54117649 0.18877685
0.80803801 0.32713868 0.17600677 0.18108105 0.30193617 0.42396685  0.32100261 0.44236265 0.51673338 0.41374638 0.36544951 0.53533612  0.4976381  0.32072387 0.47531887 0.18608432
0.80803801 0.32713868 0.17600677 0.18108105 0.30193617 0.42396685  0.32100261 0.44236265 0.51673338 0.41374638 0.36544951 0.53533612  0.4976381  0.32072387 0.47531887 0.18608432
0.81579921 0.29703426 0.16867994 0.2245261  0.32869469 0.45801273  0.31408922 0.43661605 0.4731523  0.40790188 0.36545653 0.47945538  0.51460423 0.29835955 0.53125074 0.20612382
0.82812395 0.28238837 0.19633352 0.25063034 0.29885827 0.43721625  0.3082705  0.44240466 0.42583019 0.45756637 0.41065839 0.50849222  0.49840247 0.33810961 0.53687628 0.16976399
0.82812395 0.28238837 0.19633352 0.25063034 0.29885827 0.43721625  0.3082705  0.44240466 0.42583019 0.45756637 0.41065839 0.50849222  0.49840247 0.33810961 0.53687628 0.16976399
0.81579921 0.29703426 0.16867994 0.2245261  0.32869469 0.45801273  0.31408922 0.43661605 0.4731523  0.40790188 0.36545653 0.47945538  0.51460423 0.29835955 0.53125074 0.20612382
0.81579921 0.29703426 0.16867994 0.2245261  0.32869469 0.45801273  0.31408922 0.43661605 0.4731523  0.40790188 0.36545653 0.47945538  0.51460423 0.29835955 0.53125074 0.20612382
0.81579921 0.29703426 0.16867994 0.2245261  0.32869469 0.45801273  0.31408922 0.43661605 0.4731523  0.40790188 0.36545653 0.47945538  0.51460423 0.29835955 0.53125074 0.20612382
0.81579921 0.29703426 0.16867994 0.2245261  0.32869469 0.45801273  0.31408922 0.43661605 0.4731523  0.40790188 0.36545653 0.47945538  0.51460423 0.29835955 0.53125074 0.20612382
0.79649193 0.34119151 0.14744437 0.15281633 0.32236126 0.44874345  0.30780036 0.43813223 0.55163293 0.36013155 0.32710813 0.51463293  0.47766208 0.31182198 0.41533923 0.25461197
0.74232827 0.44330196 0.11776462 0.15693509 0.32873186 0.52707446  0.40543145 0.3814564  0.5445639  0.38909124 0.20437613 0.51730472  0.53051423 0.36977209 0.5504595  0.35120307
0.69673908 0.51033311 0.07549007 0.17223897 0.37854294 0.54181124  0.514598   0.26893977 0.6249669  0.33967367 0.28531019 0.49777304  0.74681904 0.50244848 0.51691819 0.43831534
0.60087978 0.6395923  0.05594569 0.30492914 0.4076458  0.53221942  0.64387106 0.15389081 0.55474973 0.41789498 0.40340217 0.50088291  0.6158481  0.52656429 0.63846324 0.4394358 
0.50748535 0.76946066 0.08252357 0.43513376 0.38276117 0.52078212  0.66592059 0.27140944 0.43777099 0.47183556 0.49395271 0.48826066  0.35635921 0.46548558 0.57831976 0.42510395
0.43669568 0.77421311 0.090257   0.49879404 0.43468384 0.35504374  0.67109991 0.39460454 0.33655619 0.42879282 0.52788332 0.45447132  0.2814869  0.42595741 0.58724225 0.34158183
0.3815066  0.77000854 0.1089312  0.58376992 0.43713927 0.31394553  0.5440843  0.40276418 0.34700658 0.46639094 0.39807892 0.49662605  0.26013455 0.39024562 0.58419305 0.39673942
0.327793   0.76677676 0.14138376 0.65585071 0.41856872 0.33131962  0.37177973 0.4827224  0.46934303 0.42959848 0.42769148 0.46773479  0.30621085 0.41301386 0.58709512 0.36398931
0.23496761 0.67401841 0.18829121 0.63530185 0.42695872 0.27355207  0.35184373 0.539688   0.43101019 0.40154252 0.31756595 0.47457983  0.50040857 0.40194858 0.50302183 0.46001415
0.23493828 0.6754539  0.18747066 0.63800795 0.4291225  0.26886908  0.35143329 0.53863534 0.42665492 0.40463314 0.31165937 0.47706948  0.4899895  0.39917892 0.50684563 0.46571109
0.25347951 0.68827327 0.19755225 0.64177242 0.38520027 0.41230446  0.26677891 0.49184672 0.55560423 0.48131156 0.28106506 0.51605904  0.53614334 0.43194424 0.62472689 0.57374333
0.27176574 0.69910196 0.18590646 0.63307017 0.3899218  0.39902418  0.32001073 0.46019242 0.48243821 0.49071135 0.2539469  0.52393449  0.44568713 0.38995007 0.58611323 0.55424273
0.39989225 0.76590642 0.1802072  0.59735873 0.29977895 0.62426055  0.29573483 0.43215231 0.55540756 0.4919197  0.42533551 0.47832497  0.44176548 0.36979787 0.43728659 0.42190716
0.48814403 0.81514453 0.24255419 0.57798475 0.24018025 0.70079589  0.3084178  0.38707644 0.50302725 0.37907859 0.44957641 0.47320619  0.43797851 0.37971973 0.26995697 0.43965155
0.54437805 0.82199979 0.41233316 0.62304715 0.16651322 0.70340634  0.28199414 0.34239135 0.41158058 0.29628059 0.39739679 0.48398835  0.52029758 0.47483658 0.18360742 0.41165248
0.57704245 0.82411829 0.53609978 0.68495523 0.12431039 0.65311474  0.30468814 0.29531922 0.35656412 0.19876248 0.44683222 0.5233628  0.5163904  0.43031295 0.33098797 0.4164641 
0.60570016 0.85766569 0.68344977 0.69127521 0.18753134 0.62242167  0.32490253 0.28751681 0.36756695 0.23180109 0.42101162 0.45132328  0.42405874 0.44120273 0.39147659 0.34508663
0.66319567 0.85945301 0.68806379 0.58087382 0.22487083 0.594415  0.51288001 0.25244037 0.25611788 0.23862315 0.37569631 0.39890717  0.41616335 0.48480165 0.42025594 0.32989817
0.69333294 0.80578688 0.70719827 0.55774887 0.19913325 0.56275209  0.44848288 0.35466855 0.22627353 0.26930037 0.33706518 0.41338873  0.20578203 0.35988658 0.50982064 0.31106517
0.76773571 0.74377096 0.7210233  0.41339898 0.22078477 0.48204166  0.60779241 0.47881551 0.28507227 0.24199428 0.35452505 0.38207389  0.30640644 0.35401466 0.70883522 0.38147035
0.7875364  0.73902738 0.74401425 0.35656914 0.26760788 0.50438158  0.60103666 0.55300346 0.25859783 0.19413394 0.39440522 0.43129043  0.34173245 0.34392086 0.73900509 0.45769911
0.83297944 0.65398152 0.73846951 0.28717376 0.27762088 0.45006248  0.56023638 0.50898902 0.32444167 0.21573704 0.26870239 0.49250278  0.32371995 0.47507855 0.85842169 0.48627854
0.83297944 0.65398152 0.73846951 0.28717376 0.27762088 0.45006248  0.56023638 0.50898902 0.32444167 0.21573704 0.26870239 0.49250278  0.32371995 0.47507855 0.85842169 0.48627854
0.84431426 0.60758786 0.70762125 0.27057256 0.28759753 0.41931523  0.53579464 0.49532942 0.35602819 0.18188778 0.3222561  0.5828659  0.34109674 0.48068186 0.86167012 0.54335859
0.90588509 0.42017968 0.64003665 0.27571639 0.32481802 0.29937882  0.3914506  0.29001461 0.51484247 0.11843834 0.39830263 0.55942558  0.33232604 0.31572847 0.61420888 0.44137552
0.91426017 0.39482017 0.64713796 0.31286448 0.31358945 0.27469544  0.40496711 0.29395182 0.52005702 0.17285191 0.4967656  0.59081731  0.34507898 0.33234571 0.57541953 0.52363973
0.91279275 0.38668607 0.6306348  0.3264658  0.26559022 0.25994427  0.4207783  0.28882077 0.54136333 0.1823189  0.46812342 0.54864852  0.35282927 0.34632022 0.5643594  0.5029375 
0.91279275 0.38668607 0.6306348  0.3264658  0.26559022 0.25994427  0.4207783  0.28882077 0.54136333 0.1823189  0.46812342 0.54864852  0.35282927 0.34632022 0.5643594  0.5029375 
0.92959273 0.32216849 0.6224596  0.42482986 0.31390494 0.30588654  0.40770921 0.2821182  0.43470359 0.19438872 0.53860084 0.43805554  0.33312378 0.40728943 0.53760989 0.65832391
0.93610064 0.25140743 0.56372059 0.5116257  0.34486702 0.38560769  0.37435004 0.28262527 0.30149701 0.20528699 0.58105922 0.35652397  0.4039507  0.42228457 0.59959271 0.68625225
0.92104684 0.21954411 0.47216709 0.51996837 0.32378777 0.41478844  0.34518613 0.29688496 0.25433542 0.22716068 0.63094279 0.42968647  0.50225089 0.39412917 0.6249886  0.63547709
0.91625151 0.2067338  0.44017053 0.52381278 0.30740238 0.42104705  0.3341978  0.30139336 0.22987038 0.23846826 0.66635231 0.47829339  0.53327501 0.40795093 0.61048059 0.64309735
0.91045788 0.19372163 0.40574309 0.52182875 0.30532898 0.42031131  0.34535226 0.32491811 0.23685172 0.30688626 0.66724671 0.47800766  0.56454925 0.3930499  0.61508551 0.58593462
0.90057289 0.18666132 0.36355091 0.50843433 0.31303851 0.42942187  0.35074051 0.35095238 0.25017304 0.33743732 0.6354072  0.43512064  0.53615257 0.36800176 0.63706531 0.53786682
0.88824453 0.18865347 0.32503149 0.48359919 0.33909296 0.44255903  0.35305688 0.36244253 0.29342796 0.3331377  0.59068176 0.38106522  0.5134649  0.32512312 0.65164606 0.53558002
0.86415596 0.17608274 0.21828371 0.48281591 0.43048765 0.57280629  0.36874098 0.41123888 0.32520741 0.26683884 0.39058096 0.27674453  0.49636453 0.35995399 0.67327738 0.46199674
0.84384885 0.18773153 0.15374425 0.4325468  0.4561924  0.60892279  0.3455985  0.4337982  0.36783264 0.27022761 0.33991408 0.27083317  0.48852332 0.32606718 0.61415212 0.465049  
0.84384885 0.18773153 0.15374425 0.4325468  0.4561924  0.60892279  0.3455985  0.4337982  0.36783264 0.27022761 0.33991408 0.27083317  0.48852332 0.32606718 0.61415212 0.465049  
0.84384885 0.18773153 0.15374425 0.4325468  0.4561924  0.60892279  0.3455985  0.4337982  0.36783264 0.27022761 0.33991408 0.27083317  0.48852332 0.32606718 0.61415212 0.465049  
0.80159832 0.23549576 0.08582057 0.39756218 0.52032359 0.61116496  0.43234912 0.39716424 0.49511208 0.22376022 0.37951026 0.24138473  0.549334   0.37576485 0.6290409  0.63310849
0.75315364 0.32961831 0.07236614 0.34947311 0.50711691 0.53823231  0.50066087 0.30149235 0.60716353 0.19002925 0.42030354 0.32530621  0.55447005 0.40840136 0.64637128 0.50642626
0.70416295 0.45384242 0.07797042 0.33043322 0.46963242 0.58936876  0.59600035 0.23956001 0.58381454 0.21802345 0.3113224  0.39900693  0.71348893 0.50031491 0.75719812 0.46643803
0.66942895 0.48005708 0.06170728 0.38883353 0.50132628 0.54416868  0.61934016 0.14715661 0.60126511 0.23850599 0.38581823 0.40451358  0.60083827 0.50068964 0.79225631 0.44877794
0.65205186 0.55033628 0.07776726 0.26276761 0.42342571 0.44201956  0.58399255 0.1202073  0.65348008 0.27007425 0.44171996 0.50164005  0.59442254 0.47950427 0.67504434 0.45506884
0.59037539 0.65526451 0.08998996 0.36412388 0.39652607 0.51087909  0.61972595 0.08227509 0.54649816 0.36359092 0.37875514 0.52617228  0.53806774 0.45955734 0.69754418 0.46718064
0.55469061 0.66748179 0.09523024 0.42473133 0.40827584 0.47094968  0.59354549 0.04705653 0.49466372 0.38814541 0.31644636 0.54125427  0.4601711  0.44384078 0.67715203 0.43976092
0.50102033 0.72749824 0.07242466 0.45614081 0.42058304 0.45908435  0.63406174 0.19279425 0.42550147 0.47698487 0.40704131 0.50590277  0.35972853 0.44702953 0.63771423 0.38330995
0.39859783 0.74609275 0.11335201 0.52840861 0.42710105 0.35750795  0.58669643 0.3801918  0.33530967 0.49708231 0.32432271 0.52263832  0.35730111 0.41891465 0.65367548 0.47940638
0.32517074 0.7123892  0.13589104 0.57591286 0.44806383 0.26148751  0.54071949 0.4225559  0.27563741 0.4797528  0.25040036 0.52820466  0.33093347 0.36380479 0.56449993 0.48820965
0.28836781 0.67710196 0.15910341 0.57182601 0.43805265 0.2828321  0.50101737 0.4276227  0.31805881 0.49226591 0.22409347 0.54020866  0.38314527 0.38240624 0.60393429 0.53249379
0.17961069 0.57326953 0.23510365 0.53897453 0.39142952 0.39096759  0.42161518 0.44686604 0.41974359 0.48659643 0.24101254 0.53003045  0.47879709 0.37732918 0.57052807 0.59393335
0.05351142 0.43947142 0.31096524 0.46826146 0.37376331 0.40333531  0.449023   0.50224764 0.41356088 0.37686256 0.34766111 0.45195559  0.59560889 0.36517078 0.34313004 0.48165838
0.01779563 0.38669558 0.33863985 0.42004769 0.35385851 0.46460162  0.48109267 0.47190843 0.43452283 0.38595027 0.3992976  0.44733029  0.52908455 0.38078184 0.39373238 0.44873962
0.00039479 0.36283831 0.35232302 0.39930133 0.34523319 0.50234819  0.48417291 0.45702496 0.47508945 0.39693445 0.45000532 0.44589633  0.47476172 0.42761975 0.50206904 0.41641874
0.00039479 0.36283831 0.35232302 0.39930133 0.34523319 0.50234819  0.48417291 0.45702496 0.47508945 0.39693445 0.45000532 0.44589633  0.47476172 0.42761975 0.50206904 0.41641874
0.00039479 0.36283831 0.35232302 0.39930133 0.34523319 0.50234819  0.48417291 0.45702496 0.47508945 0.39693445 0.45000532 0.44589633  0.47476172 0.42761975 0.50206904 0.41641874
0.00039479 0.36283831 0.35232302 0.39930133 0.34523319 0.50234819  0.48417291 0.45702496 0.47508945 0.39693445 0.45000532 0.44589633  0.47476172 0.42761975 0.50206904 0.41641874
0.00039479 0.36283831 0.35232302 0.39930133 0.34523319 0.50234819  0.48417291 0.45702496 0.47508945 0.39693445 0.45000532 0.44589633  0.47476172 0.42761975 0.50206904 0.41641874
0.00039479 0.36283831 0.35232302 0.39930133 0.34523319 0.50234819  0.48417291 0.45702496 0.47508945 0.39693445 0.45000532 0.44589633  0.47476172 0.42761975 0.50206904 0.41641874
0.00101576 0.37041167 0.36943189 0.37928678 0.43214738 0.52960772  0.45429803 0.46291096 0.4473186  0.4106318  0.51866834 0.5467549  0.4992207  0.39331353 0.51018588 0.45206906
0.00804335 0.40815905 0.44583702 0.32121472 0.636806   0.58656  0.39430327 0.46945936 0.39220819 0.42417295 0.58780901 0.64256729  0.50888342 0.37151487 0.50913452 0.44193638
0.01178806 0.42654088 0.48557914 0.2908681  0.74035521 0.6112339  0.36348959 0.46447948 0.3686345  0.4231583  0.62095733 0.69547397  0.4853294  0.40292986 0.46814924 0.48543621
0.01250258 0.43073263 0.49550983 0.27910812 0.78371623 0.62118103  0.35096619 0.4689727  0.35443305 0.4285516  0.65162544 0.74320389  0.49459049 0.38297046 0.47857395 0.50250183
0.02124674 0.45628023 0.55578126 0.26539709 0.83278833 0.63084139  0.32889379 0.44390439 0.3390143  0.35520968 0.64594776 0.73802565  0.45049239 0.39730198 0.47999807 0.53925038
0.02536055 0.47206207 0.58663259 0.25557512 0.84851586 0.63050318  0.32726441 0.44279085 0.35035575 0.36247156 0.61275276 0.68108911  0.42488462 0.42170129 0.46567375 0.51147024
0.04568068 0.50496348 0.59156296 0.26014627 0.89580053 0.62527822  0.30849912 0.45249258 0.40147805 0.41884991 0.61872527 0.64826256  0.42566746 0.46865808 0.50533387 0.47346789
0.11505606 0.579228   0.64209793 0.30788878 0.8388645  0.67007541  0.26374823 0.38071652 0.48110997 0.43804338 0.54413388 0.64507669  0.3984872  0.56341226 0.59742946 0.58546982
0.20967822 0.63365471 0.67175219 0.273076   0.79288136 0.86661371  0.17568688 0.37930976 0.51559334 0.43533189 0.44120645 0.68752189  0.47849414 0.50235751 0.55617778 0.72773782
0.44438547 0.83590632 0.75354515 0.45583207 0.77737678 0.76837898  0.04815616 0.41917339 0.42692804 0.41314029 0.35441283 0.63045076  0.72099526 0.5144191  0.34990407 0.46736568
0.5605429  0.90935262 0.7493676  0.46345912 0.74328794 0.80245305  0.03746916 0.45053237 0.46678524 0.32733676 0.47096888 0.61538905  0.64528354 0.42203534 0.33932249 0.47273532
0.65000609 0.82480979 0.91043975 0.47978901 0.64082053 0.67450163  0.0584329  0.62282515 0.44401892 0.48675647 0.50319203 0.63121099  0.49350998 0.32962173 0.50954602 0.43380215
0.74177084 0.75507461 0.91636615 0.3036777  0.67082598 0.57709442  0.27208082 0.73592156 0.45644768 0.46751233 0.47574073 0.61341659  0.61571058 0.32705344 0.74824562 0.53151657
0.77863507 0.76646595 0.89949497 0.26114694 0.6727848  0.57964061  0.38251549 0.70308662 0.35861414 0.45543032 0.49372542 0.60071466  0.52859287 0.2887375  0.68137421 0.48683899
0.81488688 0.76765781 0.87496813 0.20940451 0.67594917 0.55095872  0.5252983  0.66076233 0.26895924 0.45993182 0.49972197 0.57309316  0.44884265 0.28650852 0.66786794 0.43431034
0.8274402  0.7320633  0.86730899 0.21586993 0.68183536 0.52363073  0.49190315 0.64599005 0.29955154 0.43279495 0.54997654 0.52891931  0.42900826 0.23221064 0.57187805 0.39516288
0.83581528 0.70670379 0.8744103  0.25301803 0.67060679 0.49894735  0.50541966 0.64992726 0.30476608 0.48720852 0.64843951 0.56031104  0.4417612  0.24882788 0.5330887  0.4774271 
0.84975837 0.67329449 0.87139987 0.24083099 0.67753494 0.4628174  0.47414386 0.66360687 0.34000712 0.46386511 0.69780348 0.55520927  0.40071791 0.25376314 0.46723108 0.47473456
0.91085008 0.5311721  0.8469545  0.21197471 0.67709599 0.33132029  0.46201828 0.48399339 0.58890365 0.45585078 0.58910561 0.56431172  0.44220144 0.36247903 0.43948913 0.5082226 
0.89886927 0.44932679 0.67518865 0.25384796 0.44363271 0.31696795  0.42670016 0.39640689 0.51775911 0.38224593 0.45641867 0.44574162  0.46159009 0.42455526 0.51959364 0.26443953
0.85799942 0.35552032 0.41925213 0.31242259 0.22622124 0.31755455  0.44180191 0.43379908 0.50173662 0.36867437 0.52597353 0.59024969  0.55576115 0.2933141  0.6309159  0.32599349
0.85249107 0.29935169 0.315771   0.29931657 0.22018    0.33240215  0.37852205 0.38257006 0.48625855 0.36712262 0.51589309 0.60611125  0.55840491 0.27598029 0.59855423 0.27593529
0.85519976 0.25631136 0.28373644 0.36662817 0.29394581 0.39439894  0.38401276 0.37258227 0.4603152  0.34828273 0.5215601  0.47670224  0.56388619 0.28814564 0.56665736 0.46206934
0.83536847 0.22739559 0.1762298  0.34927696 0.35605321 0.46890125  0.35910255 0.46317663 0.45679529 0.4889577  0.48771837 0.46045034  0.48247996 0.42804951 0.40653952 0.4071241 
0.83536847 0.22739559 0.1762298  0.34927696 0.35605321 0.46890125  0.35910255 0.46317663 0.45679529 0.4889577  0.48771837 0.46045034  0.48247996 0.42804951 0.40653952 0.4071241 
0.84942224 0.1641775  0.14898893 0.45261766 0.45179031 0.59770961  0.34556829 0.4646148  0.32408634 0.40921922 0.39408018 0.27615553  0.47860202 0.42970541 0.56236681 0.40288814
0.84942224 0.1641775  0.14898893 0.45261766 0.45179031 0.59770961  0.34556829 0.4646148  0.32408634 0.40921922 0.39408018 0.27615553  0.47860202 0.42970541 0.56236681 0.40288814
0.84942224 0.1641775  0.14898893 0.45261766 0.45179031 0.59770961  0.34556829 0.4646148  0.32408634 0.40921922 0.39408018 0.27615553  0.47860202 0.42970541 0.56236681 0.40288814
0.83787615 0.17823033 0.12042652 0.42435295 0.47221539 0.62248621  0.33236603 0.46038438 0.35898589 0.35560439 0.3557388  0.25545234  0.45862599 0.42080353 0.50238717 0.47141579
0.83787615 0.17823033 0.12042652 0.42435295 0.47221539 0.62248621  0.33236603 0.46038438 0.35898589 0.35560439 0.3557388  0.25545234  0.45862599 0.42080353 0.50238717 0.47141579
0.83651384 0.1833685  0.12089096 0.41689478 0.46937116 0.62175375  0.33596488 0.46083268 0.37722122 0.35390725 0.33620773 0.26314196  0.48622754 0.3626924  0.54520968 0.42522604
0.84141521 0.16201855 0.11695793 0.46360727 0.49399317 0.65848558  0.35811226 0.48333426 0.36274646 0.34053236 0.31663666 0.24656288  0.48817866 0.37477713 0.58671311 0.40929882
0.84141521 0.16201855 0.11695793 0.46360727 0.49399317 0.65848558  0.35811226 0.48333426 0.36274646 0.34053236 0.31663666 0.24656288  0.48817866 0.37477713 0.58671311 0.40929882
0.84141521 0.16201855 0.11695793 0.46360727 0.49399317 0.65848558  0.35811226 0.48333426 0.36274646 0.34053236 0.31663666 0.24656288  0.48817866 0.37477713 0.58671311 0.40929882
0.84395982 0.15041879 0.11488013 0.49586254 0.51287468 0.68455503  0.39061534 0.50965161 0.38865069 0.3181115  0.27647189 0.27122793  0.4639099  0.40405443 0.57229988 0.35586391
0.84395982 0.15041879 0.11488013 0.49586254 0.51287468 0.68455503  0.39061534 0.50965161 0.38865069 0.3181115  0.27647189 0.27122793  0.4639099  0.40405443 0.57229988 0.35586391
0.84395982 0.15041879 0.11488013 0.49586254 0.51287468 0.68455503  0.39061534 0.50965161 0.38865069 0.3181115  0.27647189 0.27122793  0.4639099  0.40405443 0.57229988 0.35586391
0.84395982 0.15041879 0.11488013 0.49586254 0.51287468 0.68455503  0.39061534 0.50965161 0.38865069 0.3181115  0.27647189 0.27122793  0.4639099  0.40405443 0.57229988 0.35586391
0.83186391 0.15843177 0.08253399 0.46589673 0.53628042 0.68913907  0.39709582 0.52476963 0.43857196 0.31362152 0.25226907 0.25389814  0.40059795 0.38283187 0.56826011 0.43478311
0.83186391 0.15843177 0.08253399 0.46589673 0.53628042 0.68913907  0.39709582 0.52476963 0.43857196 0.31362152 0.25226907 0.25389814  0.40059795 0.38283187 0.56826011 0.43478311
0.79129748 0.2107441  0.04667928 0.42824279 0.56643105 0.61490337  0.48090152 0.49139118 0.54907494 0.27262554 0.33596571 0.2884282  0.36945397 0.37881101 0.70126584 0.41558709
0.74693292 0.29585728 0.03040002 0.46957258 0.58205097 0.67965537  0.57009842 0.36361648 0.54380928 0.25577592 0.32162986 0.27681041  0.58377014 0.45922298 0.70930649 0.42706445
0.65576716 0.47642067 0.03923928 0.35876957 0.48606223 0.50299415  0.52211995 0.16929859 0.60063302 0.36902819 0.36368642 0.42773889  0.44347477 0.406384   0.76964089 0.40990355
0.50100733 0.66875767 0.06172978 0.53412959 0.47140838 0.46923648  0.56152045 0.12884107 0.46469241 0.47747081 0.31104861 0.4931154  0.37717759 0.41823927 0.70147386 0.36180323
0.38292445 0.59671151 0.11338863 0.5068945  0.47890282 0.28509207  0.49967597 0.17794509 0.38790683 0.48271414 0.11408713 0.56404132  0.56420863 0.42007412 0.5992763  0.48836573
0.26887322 0.62165759 0.17003007 0.50555116 0.45799613 0.22127529  0.60092291 0.45258241 0.21105419 0.43703661 0.17564568 0.52028039  0.56561108 0.36844775 0.45098461 0.54710763
0.1234861  0.51654246 0.25523885 0.52229453 0.42027218 0.27466894  0.45908465 0.51873701 0.31559885 0.39553528 0.19247021 0.49167978  0.6872911  0.3576488  0.3385896  0.581581  
0.05351142 0.43947142 0.31096524 0.46826146 0.37376331 0.40333531  0.449023   0.50224764 0.41356088 0.37686256 0.34766111 0.45195559  0.59560889 0.36517078 0.34313004 0.48165838
0.03544839 0.41404176 0.32462587 0.44710978 0.36503751 0.43337561  0.45603541 0.49115319 0.43842582 0.38389341 0.37735876 0.45056284  0.56420009 0.3942791  0.4095445  0.46588946
0.01804755 0.39018449 0.33830903 0.42636341 0.35641219 0.47112218  0.45911565 0.47626972 0.47899245 0.39487759 0.42806648 0.44912887  0.50987727 0.441117   0.51788115 0.43356859
0.00039479 0.36283831 0.35232302 0.39930133 0.34523319 0.50234819  0.48417291 0.45702496 0.47508945 0.39693445 0.45000532 0.44589633  0.47476172 0.42761975 0.50206904 0.41641874
0.00039479 0.36283831 0.35232302 0.39930133 0.34523319 0.50234819  0.48417291 0.45702496 0.47508945 0.39693445 0.45000532 0.44589633  0.47476172 0.42761975 0.50206904 0.41641874
0.00039479 0.36283831 0.35232302 0.39930133 0.34523319 0.50234819  0.48417291 0.45702496 0.47508945 0.39693445 0.45000532 0.44589633  0.47476172 0.42761975 0.50206904 0.41641874
0.00039479 0.36283831 0.35232302 0.39930133 0.34523319 0.50234819  0.48417291 0.45702496 0.47508945 0.39693445 0.45000532 0.44589633  0.47476172 0.42761975 0.50206904 0.41641874
0.00039479 0.36283831 0.35232302 0.39930133 0.34523319 0.50234819  0.48417291 0.45702496 0.47508945 0.39693445 0.45000532 0.44589633  0.47476172 0.42761975 0.50206904 0.41641874
0.00039479 0.36283831 0.35232302 0.39930133 0.34523319 0.50234819  0.48417291 0.45702496 0.47508945 0.39693445 0.45000532 0.44589633  0.47476172 0.42761975 0.50206904 0.41641874
0.00039479 0.36283831 0.35232302 0.39930133 0.34523319 0.50234819  0.48417291 0.45702496 0.47508945 0.39693445 0.45000532 0.44589633  0.47476172 0.42761975 0.50206904 0.41641874
0.00039479 0.36283831 0.35232302 0.39930133 0.34523319 0.50234819  0.48417291 0.45702496 0.47508945 0.39693445 0.45000532 0.44589633  0.47476172 0.42761975 0.50206904 0.41641874
0.00039479 0.36283831 0.35232302 0.39930133 0.34523319 0.50234819  0.48417291 0.45702496 0.47508945 0.39693445 0.45000532 0.44589633  0.47476172 0.42761975 0.50206904 0.41641874
0.00039479 0.36283831 0.35232302 0.39930133 0.34523319 0.50234819  0.48417291 0.45702496 0.47508945 0.39693445 0.45000532 0.44589633  0.47476172 0.42761975 0.50206904 0.41641874
0.00039479 0.36283831 0.35232302 0.39930133 0.34523319 0.50234819  0.48417291 0.45702496 0.47508945 0.39693445 0.45000532 0.44589633  0.47476172 0.42761975 0.50206904 0.41641874
0.00039479 0.36283831 0.35232302 0.39930133 0.34523319 0.50234819  0.48417291 0.45702496 0.47508945 0.39693445 0.45000532 0.44589633  0.47476172 0.42761975 0.50206904 0.41641874
0.00039479 0.36283831 0.35232302 0.39930133 0.34523319 0.50234819  0.48417291 0.45702496 0.47508945 0.39693445 0.45000532 0.44589633  0.47476172 0.42761975 0.50206904 0.41641874
0.00039479 0.36283831 0.35232302 0.39930133 0.34523319 0.50234819  0.48417291 0.45702496 0.47508945 0.39693445 0.45000532 0.44589633  0.47476172 0.42761975 0.50206904 0.41641874
0.00039479 0.36283831 0.35232302 0.39930133 0.34523319 0.50234819  0.48417291 0.45702496 0.47508945 0.39693445 0.45000532 0.44589633  0.47476172 0.42761975 0.50206904 0.41641874
0.00039479 0.36283831 0.35232302 0.39930133 0.34523319 0.50234819  0.48417291 0.45702496 0.47508945 0.39693445 0.45000532 0.44589633  0.47476172 0.42761975 0.50206904 0.41641874
0.00039479 0.36283831 0.35232302 0.39930133 0.34523319 0.50234819  0.48417291 0.45702496 0.47508945 0.39693445 0.45000532 0.44589633  0.47476172 0.42761975 0.50206904 0.41641874
0.00039479 0.36283831 0.35232302 0.39930133 0.34523319 0.50234819  0.48417291 0.45702496 0.47508945 0.39693445 0.45000532 0.44589633  0.47476172 0.42761975 0.50206904 0.41641874
0.00039479 0.36283831 0.35232302 0.39930133 0.34523319 0.50234819  0.48417291 0.45702496 0.47508945 0.39693445 0.45000532 0.44589633  0.47476172 0.42761975 0.50206904 0.41641874
0.00039479 0.36283831 0.35232302 0.39930133 0.34523319 0.50234819  0.48417291 0.45702496 0.47508945 0.39693445 0.45000532 0.44589633  0.47476172 0.42761975 0.50206904 0.41641874
0.00039479 0.36283831 0.35232302 0.39930133 0.34523319 0.50234819  0.48417291 0.45702496 0.47508945 0.39693445 0.45000532 0.44589633  0.47476172 0.42761975 0.50206904 0.41641874
0.00039479 0.36283831 0.35232302 0.39930133 0.34523319 0.50234819  0.48417291 0.45702496 0.47508945 0.39693445 0.45000532 0.44589633  0.47476172 0.42761975 0.50206904 0.41641874
0.00039479 0.36283831 0.35232302 0.39930133 0.34523319 0.50234819  0.48417291 0.45702496 0.47508945 0.39693445 0.45000532 0.44589633  0.47476172 0.42761975 0.50206904 0.41641874
0.00039479 0.36283831 0.35232302 0.39930133 0.34523319 0.50234819  0.48417291 0.45702496 0.47508945 0.39693445 0.45000532 0.44589633  0.47476172 0.42761975 0.50206904 0.41641874
0.00039479 0.36283831 0.35232302 0.39930133 0.34523319 0.50234819  0.48417291 0.45702496 0.47508945 0.39693445 0.45000532 0.44589633  0.47476172 0.42761975 0.50206904 0.41641874
0.00039479 0.36283831 0.35232302 0.39930133 0.34523319 0.50234819  0.48417291 0.45702496 0.47508945 0.39693445 0.45000532 0.44589633  0.47476172 0.42761975 0.50206904 0.41641874
0.00039479 0.36283831 0.35232302 0.39930133 0.34523319 0.50234819  0.48417291 0.45702496 0.47508945 0.39693445 0.45000532 0.44589633  0.47476172 0.42761975 0.50206904 0.41641874
0.00039479 0.36283831 0.35232302 0.39930133 0.34523319 0.50234819  0.48417291 0.45702496 0.47508945 0.39693445 0.45000532 0.44589633  0.47476172 0.42761975 0.50206904 0.41641874
0.00039479 0.36283831 0.35232302 0.39930133 0.34523319 0.50234819  0.48417291 0.45702496 0.47508945 0.39693445 0.45000532 0.44589633  0.47476172 0.42761975 0.50206904 0.41641874
