0.00039479 0.36283831 0.35232302 0.39930133 0.34523319 0.50234819  0.48417291 0.45702496 0.47508945 0.39693445 0.45000532 0.44589633  0.47476172 0.42761975 0.50206904 0.41641874
0.00039479 0.36283831 0.35232302 0.39930133 0.34523319 0.50234819  0.48417291 0.45702496 0.47508945 0.39693445 0.45000532 0.44589633  0.47476172 0.42761975 0.50206904 0.41641874
0.00039479 0.36283831 0.35232302 0.39930133 0.34523319 0.50234819  0.48417291 0.45702496 0.47508945 0.39693445 0.45000532 0.44589633  0.47476172 0.42761975 0.50206904 0.41641874
0.00039479 0.36283831 0.35232302 0.39930133 0.34523319 0.50234819  0.48417291 0.45702496 0.47508945 0.39693445 0.45000532 0.44589633  0.47476172 0.42761975 0.50206904 0.41641874
0.00039479 0.36283831 0.35232302 0.39930133 0.34523319 0.50234819  0.48417291 0.45702496 0.47508945 0.39693445 0.45000532 0.44589633  0.47476172 0.42761975 0.50206904 0.41641874
0.00039479 0.36283831 0.35232302 0.39930133 0.34523319 0.50234819  0.48417291 0.45702496 0.47508945 0.39693445 0.45000532 0.44589633  0.47476172 0.42761975 0.50206904 0.41641874
0.00039479 0.36283831 0.35232302 0.39930133 0.34523319 0.50234819  0.48417291 0.45702496 0.47508945 0.39693445 0.45000532 0.44589633  0.47476172 0.42761975 0.50206904 0.41641874
0.00039479 0.36283831 0.35232302 0.39930133 0.34523319 0.50234819  0.48417291 0.45702496 0.47508945 0.39693445 0.45000532 0.44589633  0.47476172 0.42761975 0.50206904 0.41641874
0.00039479 0.36283831 0.35232302 0.39930133 0.34523319 0.50234819  0.48417291 0.45702496 0.47508945 0.39693445 0.45000532 0.44589633  0.47476172 0.42761975 0.50206904 0.41641874
0.00039479 0.36283831 0.35232302 0.39930133 0.34523319 0.50234819  0.48417291 0.45702496 0.47508945 0.39693445 0.45000532 0.44589633  0.47476172 0.42761975 0.50206904 0.41641874
0.00039479 0.36283831 0.35232302 0.39930133 0.34523319 0.50234819  0.48417291 0.45702496 0.47508945 0.39693445 0.45000532 0.44589633  0.47476172 0.42761975 0.50206904 0.41641874
0.00039479 0.36283831 0.35232302 0.39930133 0.34523319 0.50234819  0.48417291 0.45702496 0.47508945 0.39693445 0.45000532 0.44589633  0.47476172 0.42761975 0.50206904 0.41641874
0.00039479 0.36283831 0.35232302 0.39930133 0.34523319 0.50234819  0.48417291 0.45702496 0.47508945 0.39693445 0.45000532 0.44589633  0.47476172 0.42761975 0.50206904 0.41641874
0.00039479 0.36283831 0.35232302 0.39930133 0.34523319 0.50234819  0.48417291 0.45702496 0.47508945 0.39693445 0.45000532 0.44589633  0.47476172 0.42761975 0.50206904 0.41641874
0.00039479 0.36283831 0.35232302 0.39930133 0.34523319 0.50234819  0.48417291 0.45702496 0.47508945 0.39693445 0.45000532 0.44589633  0.47476172 0.42761975 0.50206904 0.41641874
0.00039479 0.36283831 0.35232302 0.39930133 0.34523319 0.50234819  0.48417291 0.45702496 0.47508945 0.39693445 0.45000532 0.44589633  0.47476172 0.42761975 0.50206904 0.41641874
0.00039479 0.36283831 0.35232302 0.39930133 0.34523319 0.50234819  0.48417291 0.45702496 0.47508945 0.39693445 0.45000532 0.44589633  0.47476172 0.42761975 0.50206904 0.41641874
0.00039479 0.36283831 0.35232302 0.39930133 0.34523319 0.50234819  0.48417291 0.45702496 0.47508945 0.39693445 0.45000532 0.44589633  0.47476172 0.42761975 0.50206904 0.41641874
0.00039479 0.36283831 0.35232302 0.39930133 0.34523319 0.50234819  0.48417291 0.45702496 0.47508945 0.39693445 0.45000532 0.44589633  0.47476172 0.42761975 0.50206904 0.41641874
0.00039479 0.36283831 0.35232302 0.39930133 0.34523319 0.50234819  0.48417291 0.45702496 0.47508945 0.39693445 0.45000532 0.44589633  0.47476172 0.42761975 0.50206904 0.41641874
0.00039479 0.36283831 0.35232302 0.39930133 0.34523319 0.50234819  0.48417291 0.45702496 0.47508945 0.39693445 0.45000532 0.44589633  0.47476172 0.42761975 0.50206904 0.41641874
0.00039479 0.36283831 0.35232302 0.39930133 0.34523319 0.50234819  0.48417291 0.45702496 0.47508945 0.39693445 0.45000532 0.44589633  0.47476172 0.42761975 0.50206904 0.41641874
0.00039479 0.36283831 0.35232302 0.39930133 0.34523319 0.50234819  0.48417291 0.45702496 0.47508945 0.39693445 0.45000532 0.44589633  0.47476172 0.42761975 0.50206904 0.41641874
0.00039479 0.36283831 0.35232302 0.39930133 0.34523319 0.50234819  0.48417291 0.45702496 0.47508945 0.39693445 0.45000532 0.44589633  0.47476172 0.42761975 0.50206904 0.41641874
0.00039479 0.36283831 0.35232302 0.39930133 0.34523319 0.50234819  0.48417291 0.45702496 0.47508945 0.39693445 0.45000532 0.44589633  0.47476172 0.42761975 0.50206904 0.41641874
0.00039479 0.36283831 0.35232302 0.39930133 0.34523319 0.50234819  0.48417291 0.45702496 0.47508945 0.39693445 0.45000532 0.44589633  0.47476172 0.42761975 0.50206904 0.41641874
0.00039479 0.36283831 0.35232302 0.39930133 0.34523319 0.50234819  0.48417291 0.45702496 0.47508945 0.39693445 0.45000532 0.44589633  0.47476172 0.42761975 0.50206904 0.41641874
0.00039479 0.36283831 0.35232302 0.39930133 0.34523319 0.50234819  0.48417291 0.45702496 0.47508945 0.39693445 0.45000532 0.44589633  0.47476172 0.42761975 0.50206904 0.41641874
0.00039479 0.36283831 0.35232302 0.39930133 0.34523319 0.50234819  0.48417291 0.45702496 0.47508945 0.39693445 0.45000532 0.44589633  0.47476172 0.42761975 0.50206904 0.41641874
0.00039479 0.36283831 0.35232302 0.39930133 0.34523319 0.50234819  0.48417291 0.45702496 0.47508945 0.39693445 0.45000532 0.44589633  0.47476172 0.42761975 0.50206904 0.41641874
0.00039479 0.36283831 0.35232302 0.39930133 0.34523319 0.50234819  0.48417291 0.45702496 0.47508945 0.39693445 0.45000532 0.44589633  0.47476172 0.42761975 0.50206904 0.41641874
0.00039479 0.36283831 0.35232302 0.39930133 0.34523319 0.50234819  0.48417291 0.45702496 0.47508945 0.39693445 0.45000532 0.44589633  0.47476172 0.42761975 0.50206904 0.41641874
0.00039479 0.36283831 0.35232302 0.39930133 0.34523319 0.50234819  0.48417291 0.45702496 0.47508945 0.39693445 0.45000532 0.44589633  0.47476172 0.42761975 0.50206904 0.41641874
0.00039479 0.36283831 0.35232302 0.39930133 0.34523319 0.50234819  0.48417291 0.45702496 0.47508945 0.39693445 0.45000532 0.44589633  0.47476172 0.42761975 0.50206904 0.41641874
0.00039479 0.36283831 0.35232302 0.39930133 0.34523319 0.50234819  0.48417291 0.45702496 0.47508945 0.39693445 0.45000532 0.44589633  0.47476172 0.42761975 0.50206904 0.41641874
0.00039479 0.36283831 0.35232302 0.39930133 0.34523319 0.50234819  0.48417291 0.45702496 0.47508945 0.39693445 0.45000532 0.44589633  0.47476172 0.42761975 0.50206904 0.41641874
0.00039479 0.36283831 0.35232302 0.39930133 0.34523319 0.50234819  0.48417291 0.45702496 0.47508945 0.39693445 0.45000532 0.44589633  0.47476172 0.42761975 0.50206904 0.41641874
0.00039479 0.36283831 0.35232302 0.39930133 0.34523319 0.50234819  0.48417291 0.45702496 0.47508945 0.39693445 0.45000532 0.44589633  0.47476172 0.42761975 0.50206904 0.41641874
0.00039479 0.36283831 0.35232302 0.39930133 0.34523319 0.50234819  0.48417291 0.45702496 0.47508945 0.39693445 0.45000532 0.44589633  0.47476172 0.42761975 0.50206904 0.41641874
0.00039479 0.36283831 0.35232302 0.39930133 0.34523319 0.50234819  0.48417291 0.45702496 0.47508945 0.39693445 0.45000532 0.44589633  0.47476172 0.42761975 0.50206904 0.41641874
0.00039479 0.36283831 0.35232302 0.39930133 0.34523319 0.50234819  0.48417291 0.45702496 0.47508945 0.39693445 0.45000532 0.44589633  0.47476172 0.42761975 0.50206904 0.41641874
0.00039479 0.36283831 0.35232302 0.39930133 0.34523319 0.50234819  0.48417291 0.45702496 0.47508945 0.39693445 0.45000532 0.44589633  0.47476172 0.42761975 0.50206904 0.41641874
0.00039479 0.36283831 0.35232302 0.39930133 0.34523319 0.50234819  0.48417291 0.45702496 0.47508945 0.39693445 0.45000532 0.44589633  0.47476172 0.42761975 0.50206904 0.41641874
0.00039479 0.36283831 0.35232302 0.39930133 0.34523319 0.50234819  0.48417291 0.45702496 0.47508945 0.39693445 0.45000532 0.44589633  0.47476172 0.42761975 0.50206904 0.41641874
0.00039479 0.36283831 0.35232302 0.39930133 0.34523319 0.50234819  0.48417291 0.45702496 0.47508945 0.39693445 0.45000532 0.44589633  0.47476172 0.42761975 0.50206904 0.41641874
0.00039479 0.36283831 0.35232302 0.39930133 0.34523319 0.50234819  0.48417291 0.45702496 0.47508945 0.39693445 0.45000532 0.44589633  0.47476172 0.42761975 0.50206904 0.41641874
0.00039479 0.36283831 0.35232302 0.39930133 0.34523319 0.50234819  0.48417291 0.45702496 0.47508945 0.39693445 0.45000532 0.44589633  0.47476172 0.42761975 0.50206904 0.41641874
0.00039479 0.36283831 0.35232302 0.39930133 0.34523319 0.50234819  0.48417291 0.45702496 0.47508945 0.39693445 0.45000532 0.44589633  0.47476172 0.42761975 0.50206904 0.41641874
0.00039479 0.36283831 0.35232302 0.39930133 0.34523319 0.50234819  0.48417291 0.45702496 0.47508945 0.39693445 0.45000532 0.44589633  0.47476172 0.42761975 0.50206904 0.41641874
0.00039479 0.36283831 0.35232302 0.39930133 0.34523319 0.50234819  0.48417291 0.45702496 0.47508945 0.39693445 0.45000532 0.44589633  0.47476172 0.42761975 0.50206904 0.41641874
0.00039479 0.36283831 0.35232302 0.39930133 0.34523319 0.50234819  0.48417291 0.45702496 0.47508945 0.39693445 0.45000532 0.44589633  0.47476172 0.42761975 0.50206904 0.41641874
0.00039479 0.36283831 0.35232302 0.39930133 0.34523319 0.50234819  0.48417291 0.45702496 0.47508945 0.39693445 0.45000532 0.44589633  0.47476172 0.42761975 0.50206904 0.41641874
0.01790387 0.3898545  0.33817562 0.42642862 0.35681041 0.46717525  0.46152885 0.47694295 0.46991849 0.39350101 0.41724602 0.4497633  0.51968443 0.43336993 0.49846349 0.44236435
0.03525649 0.41685964 0.32437467 0.45347996 0.36854765 0.43569141  0.43485985 0.4975719  0.47652552 0.39120509 0.39620065 0.45304628  0.55757342 0.45566594 0.52722734 0.46096477
0.1437275  0.57316668 0.24242725 0.58687935 0.42189713 0.26303496  0.3513776  0.58197968 0.41079754 0.357065   0.25878442 0.477451  0.69494477 0.42128299 0.32964214 0.58366707
0.18071417 0.62107263 0.21869189 0.61623441 0.42883165 0.25420182  0.33497504 0.58179283 0.43354182 0.36155783 0.29598169 0.47596015  0.63703656 0.4311284  0.37825772 0.55384563
0.1990004  0.63190132 0.20704609 0.60753215 0.43355318 0.24092153  0.38820686 0.55013854 0.36037581 0.37095762 0.26886353 0.48383561  0.54658035 0.38913423 0.33964405 0.53434503
0.27075309 0.65584858 0.15819238 0.54707648 0.46909436 0.18178153  0.5813194  0.47431102 0.20653322 0.40762587 0.24898545 0.51011856  0.40877273 0.38109721 0.39508535 0.51606498
0.27075309 0.65584858 0.15819238 0.54707648 0.46909436 0.18178153  0.5813194  0.47431102 0.20653322 0.40762587 0.24898545 0.51011856  0.40877273 0.38109721 0.39508535 0.51606498
0.25233097 0.63099239 0.17042282 0.52941396 0.46485136 0.18760431  0.59845875 0.46854104 0.17865146 0.40800691 0.21816511 0.51485725  0.43365101 0.35270926 0.34071823 0.54288847
0.25233097 0.63099239 0.17042282 0.52941396 0.46485136 0.18760431  0.59845875 0.46854104 0.17865146 0.40800691 0.21816511 0.51485725  0.43365101 0.35270926 0.34071823 0.54288847
0.23364623 0.62224219 0.17998116 0.54898242 0.46365137 0.18382322  0.5397542  0.4881825  0.22392751 0.41633341 0.18275438 0.52699814  0.50683339 0.37813205 0.38271735 0.58759924
0.2153836  0.5970248  0.19204838 0.52984393 0.45945836 0.18866206  0.56187552 0.48119438 0.19304311 0.40949817 0.16325009 0.52506786  0.53190122 0.35069148 0.30920824 0.59546044
0.19706813 0.57123434 0.20515933 0.50959985 0.45196972 0.20559824  0.57600762 0.4743228  0.18466244 0.41056421 0.155247   0.52626203  0.54484473 0.33913439 0.28409184 0.60828801
0.1787819  0.56040565 0.21680513 0.5183021  0.44724819 0.21887852  0.5227758  0.5059771  0.25782845 0.40116442 0.18236516 0.51838657  0.63530094 0.38112857 0.3227055  0.62778861
0.14160429 0.5430795  0.24158482 0.54594985 0.42908338 0.24954325  0.44008222 0.53331167 0.31845351 0.39134866 0.18336637 0.49181668  0.70826168 0.36447014 0.34115437 0.58200764
0.07097163 0.43517496 0.29720119 0.44105381 0.38577871 0.37255173  0.53345497 0.45894531 0.31025978 0.4033215  0.26821372 0.48129728  0.56936386 0.31610535 0.29761918 0.51988512
0.05376752 0.43799618 0.31115285 0.46461404 0.37170126 0.40285192  0.45997324 0.49916965 0.39495508 0.37092573 0.34201088 0.44971212  0.60190849 0.33932527 0.28622227 0.47709032
0.01779563 0.38669558 0.33863985 0.42004769 0.35385851 0.46460162  0.48109267 0.47190843 0.43452283 0.38595027 0.3992976  0.44733029  0.52908455 0.38078184 0.39373238 0.44873962
0.01779563 0.38669558 0.33863985 0.42004769 0.35385851 0.46460162  0.48109267 0.47190843 0.43452283 0.38595027 0.3992976  0.44733029  0.52908455 0.38078184 0.39373238 0.44873962
0.01779563 0.38669558 0.33863985 0.42004769 0.35385851 0.46460162  0.48109267 0.47190843 0.43452283 0.38595027 0.3992976  0.44733029  0.52908455 0.38078184 0.39373238 0.44873962
0.00039479 0.36283831 0.35232302 0.39930133 0.34523319 0.50234819  0.48417291 0.45702496 0.47508945 0.39693445 0.45000532 0.44589633  0.47476172 0.42761975 0.50206904 0.41641874
0.00039479 0.36283831 0.35232302 0.39930133 0.34523319 0.50234819  0.48417291 0.45702496 0.47508945 0.39693445 0.45000532 0.44589633  0.47476172 0.42761975 0.50206904 0.41641874
0.00039479 0.36283831 0.35232302 0.39930133 0.34523319 0.50234819  0.48417291 0.45702496 0.47508945 0.39693445 0.45000532 0.44589633  0.47476172 0.42761975 0.50206904 0.41641874
0.00039479 0.36283831 0.35232302 0.39930133 0.34523319 0.50234819  0.48417291 0.45702496 0.47508945 0.39693445 0.45000532 0.44589633  0.47476172 0.42761975 0.50206904 0.41641874
0.00039479 0.36283831 0.35232302 0.39930133 0.34523319 0.50234819  0.48417291 0.45702496 0.47508945 0.39693445 0.45000532 0.44589633  0.47476172 0.42761975 0.50206904 0.41641874
0.00039479 0.36283831 0.35232302 0.39930133 0.34523319 0.50234819  0.48417291 0.45702496 0.47508945 0.39693445 0.45000532 0.44589633  0.47476172 0.42761975 0.50206904 0.41641874
0.00039479 0.36283831 0.35232302 0.39930133 0.34523319 0.50234819  0.48417291 0.45702496 0.47508945 0.39693445 0.45000532 0.44589633  0.47476172 0.42761975 0.50206904 0.41641874
0.00039479 0.36283831 0.35232302 0.39930133 0.34523319 0.50234819  0.48417291 0.45702496 0.47508945 0.39693445 0.45000532 0.44589633  0.47476172 0.42761975 0.50206904 0.41641874
0.00039479 0.36283831 0.35232302 0.39930133 0.34523319 0.50234819  0.48417291 0.45702496 0.47508945 0.39693445 0.45000532 0.44589633  0.47476172 0.42761975 0.50206904 0.41641874
0.00039479 0.36283831 0.35232302 0.39930133 0.34523319 0.50234819  0.48417291 0.45702496 0.47508945 0.39693445 0.45000532 0.44589633  0.47476172 0.42761975 0.50206904 0.41641874
0.00140664 0.36431381 0.35232474 0.39642652 0.34463577 0.50247588  0.48308211 0.45859707 0.47435751 0.39611259 0.44362313 0.46430998  0.44184368 0.4496556  0.47683731 0.47370053
0.00140664 0.36431381 0.35232474 0.39642652 0.34463577 0.50247588  0.48308211 0.45859707 0.47435751 0.39611259 0.44362313 0.46430998  0.44184368 0.4496556  0.47683731 0.47370053
0.00140664 0.36431381 0.35232474 0.39642652 0.34463577 0.50247588  0.48308211 0.45859707 0.47435751 0.39611259 0.44362313 0.46430998  0.44184368 0.4496556  0.47683731 0.47370053
0.00140664 0.36431381 0.35232474 0.39642652 0.34463577 0.50247588  0.48308211 0.45859707 0.47435751 0.39611259 0.44362313 0.46430998  0.44184368 0.4496556  0.47683731 0.47370053
0.00140664 0.36431381 0.35232474 0.39642652 0.34463577 0.50247588  0.48308211 0.45859707 0.47435751 0.39611259 0.44362313 0.46430998  0.44184368 0.4496556  0.47683731 0.47370053
0.05366919 0.4421924  0.31069322 0.47135153 0.37657555 0.39807253  0.43068881 0.51402747 0.43522697 0.37939906 0.33911074 0.4728939  0.57897821 0.43086388 0.39365896 0.55056743
0.09004769 0.49341251 0.28392164 0.51274728 0.39278999 0.35109605  0.40954429 0.53199349 0.4187427  0.37130217 0.31741618 0.47309248  0.5974435  0.41331265 0.35236091 0.55350879
0.42079515 0.76473684 0.12525824 0.4977994  0.35953593 0.54988485  0.57964746 0.32420461 0.41121043 0.50457654 0.44541185 0.51597905  0.27197873 0.33241022 0.40860319 0.56347601
0.49473388 0.78056414 0.10999806 0.41218555 0.3510077  0.60304756  0.68000216 0.34379617 0.37500074 0.45390938 0.49441436 0.50781664  0.36120387 0.35447466 0.4142437  0.58391827
0.63132198 0.68244665 0.13212114 0.21237555 0.29083761 0.64463297  0.61439538 0.67516628 0.41199375 0.37446088 0.41480681 0.49170318  0.52920328 0.34872725 0.56809013 0.61489024
0.63132198 0.68244665 0.13212114 0.21237555 0.29083761 0.64463297  0.61439538 0.67516628 0.41199375 0.37446088 0.41480681 0.49170318  0.52920328 0.34872725 0.56809013 0.61489024
0.79369107 0.3580425  0.15198244 0.13368875 0.33628835 0.44293741  0.32034909 0.43072854 0.5833714  0.25507211 0.30388666 0.54319865  0.36009317 0.26416167 0.46541137 0.46817129
0.79173103 0.35356752 0.14795151 0.13850255 0.33258824 0.44049653  0.32391446 0.42621576 0.59216563 0.27196193 0.30661165 0.50499435  0.4166459  0.2539742  0.4802419  0.37335413
0.79934242 0.32370994 0.14183907 0.18309924 0.35776818 0.47015741  0.31705937 0.42616608 0.54323436 0.26648129 0.32074412 0.45100201  0.42951612 0.23174382 0.51917172 0.40048487
0.8149299  0.26408369 0.13291392 0.27285348 0.40481724 0.51975222  0.30753083 0.41421489 0.46016014 0.27649011 0.35756502 0.34621024  0.44150809 0.23446796 0.55224678 0.50259028
0.82213705 0.2359193  0.13013125 0.31996012 0.42845609 0.5454036  0.30981798 0.4162203  0.42638781 0.29146138 0.37162001 0.2947491  0.43576176 0.26129492 0.54883226 0.57029859
0.83124949 0.19615348 0.12190734 0.37928531 0.44583178 0.57018979  0.33553399 0.46998678 0.38640209 0.41538097 0.38668396 0.29118201  0.45539313 0.31890676 0.58137288 0.44602076
0.83124949 0.19615348 0.12190734 0.37928531 0.44583178 0.57018979  0.33553399 0.46998678 0.38640209 0.41538097 0.38668396 0.29118201  0.45539313 0.31890676 0.58137288 0.44602076
0.83124949 0.19615348 0.12190734 0.37928531 0.44583178 0.57018979  0.33553399 0.46998678 0.38640209 0.41538097 0.38668396 0.29118201  0.45539313 0.31890676 0.58137288 0.44602076
0.83932739 0.16150562 0.11534178 0.45785115 0.48864787 0.63055647  0.38616004 0.50778762 0.39441893 0.38309954 0.33428652 0.29311953  0.44714051 0.34226072 0.62120991 0.39411382
0.83932739 0.16150562 0.11534178 0.45785115 0.48864787 0.63055647  0.38616004 0.50778762 0.39441893 0.38309954 0.33428652 0.29311953  0.44714051 0.34226072 0.62120991 0.39411382
0.83363345 0.18498306 0.12157764 0.41286226 0.45892203 0.5908707  0.36881047 0.49616764 0.41116565 0.39879645 0.3631323  0.32845991  0.44050031 0.33750401 0.55621115 0.40944556
0.82208737 0.19903589 0.09301523 0.38459754 0.47934712 0.6156473  0.35560822 0.49193722 0.4460652  0.34518162 0.32479092 0.30775672  0.42052428 0.32860212 0.49623151 0.47797322
0.82208737 0.19903589 0.09301523 0.38459754 0.47934712 0.6156473  0.35560822 0.49193722 0.4460652  0.34518162 0.32479092 0.30775672  0.42052428 0.32860212 0.49623151 0.47797322
0.81970341 0.21020631 0.09334494 0.3510206  0.46625686 0.59496639  0.32233174 0.46575636 0.42130163 0.36176614 0.34834258 0.27047882  0.4354171  0.31000487 0.52139324 0.51454842
0.81970341 0.21020631 0.09334494 0.3510206  0.46625686 0.59496639  0.32233174 0.46575636 0.42130163 0.36176614 0.34834258 0.27047882  0.4354171  0.31000487 0.52139324 0.51454842
0.78921806 0.28125756 0.07458585 0.2497837  0.44640097 0.53683995  0.36742916 0.45966709 0.54512575 0.31220121 0.33977665 0.36580087  0.45206109 0.26585078 0.60368796 0.43305346
0.75389521 0.35431139 0.05922918 0.23221395 0.44432703 0.52873017  0.40320289 0.32307042 0.58957588 0.28538306 0.39437583 0.36566038  0.62338285 0.33911328 0.50436756 0.4577655 
0.60028126 0.637881   0.06222576 0.31222233 0.41063519 0.52783069  0.6133763  0.28040173 0.54726323 0.37301699 0.54511342 0.43750005  0.55524392 0.3131726  0.52698901 0.39994098
0.3815066  0.77000854 0.1089312  0.58376992 0.43713927 0.31394553  0.5440843  0.40276418 0.34700658 0.46639094 0.39807892 0.49662605  0.26013455 0.39024562 0.58419305 0.39673942
0.10557724 0.49067152 0.26906522 0.49887986 0.41115523 0.30637833  0.47319166 0.50257024 0.33030166 0.40352897 0.22005928 0.49069071  0.64587596 0.36999705 0.37968525 0.56899921
0.01779563 0.38669558 0.33863985 0.42004769 0.35385851 0.46460162  0.48109267 0.47190843 0.43452283 0.38595027 0.3992976  0.44733029  0.52908455 0.38078184 0.39373238 0.44873962
0.00039479 0.36283831 0.35232302 0.39930133 0.34523319 0.50234819  0.48417291 0.45702496 0.47508945 0.39693445 0.45000532 0.44589633  0.47476172 0.42761975 0.50206904 0.41641874
0.00039479 0.36283831 0.35232302 0.39930133 0.34523319 0.50234819  0.48417291 0.45702496 0.47508945 0.39693445 0.45000532 0.44589633  0.47476172 0.42761975 0.50206904 0.41641874
0.00039479 0.36283831 0.35232302 0.39930133 0.34523319 0.50234819  0.48417291 0.45702496 0.47508945 0.39693445 0.45000532 0.44589633  0.47476172 0.42761975 0.50206904 0.41641874
0.00039479 0.36283831 0.35232302 0.39930133 0.34523319 0.50234819  0.48417291 0.45702496 0.47508945 0.39693445 0.45000532 0.44589633  0.47476172 0.42761975 0.50206904 0.41641874
0.00039479 0.36283831 0.35232302 0.39930133 0.34523319 0.50234819  0.48417291 0.45702496 0.47508945 0.39693445 0.45000532 0.44589633  0.47476172 0.42761975 0.50206904 0.41641874
0.00039479 0.36283831 0.35232302 0.39930133 0.34523319 0.50234819  0.48417291 0.45702496 0.47508945 0.39693445 0.45000532 0.44589633  0.47476172 0.42761975 0.50206904 0.41641874
0.00039479 0.36283831 0.35232302 0.39930133 0.34523319 0.50234819  0.48417291 0.45702496 0.47508945 0.39693445 0.45000532 0.44589633  0.47476172 0.42761975 0.50206904 0.41641874
0.00039479 0.36283831 0.35232302 0.39930133 0.34523319 0.50234819  0.48417291 0.45702496 0.47508945 0.39693445 0.45000532 0.44589633  0.47476172 0.42761975 0.50206904 0.41641874
0.00039479 0.36283831 0.35232302 0.39930133 0.34523319 0.50234819  0.48417291 0.45702496 0.47508945 0.39693445 0.45000532 0.44589633  0.47476172 0.42761975 0.50206904 0.41641874
0.00039479 0.36283831 0.35232302 0.39930133 0.34523319 0.50234819  0.48417291 0.45702496 0.47508945 0.39693445 0.45000532 0.44589633  0.47476172 0.42761975 0.50206904 0.41641874
0.00039479 0.36283831 0.35232302 0.39930133 0.34523319 0.50234819  0.48417291 0.45702496 0.47508945 0.39693445 0.45000532 0.44589633  0.47476172 0.42761975 0.50206904 0.41641874
0.00039479 0.36283831 0.35232302 0.39930133 0.34523319 0.50234819  0.48417291 0.45702496 0.47508945 0.39693445 0.45000532 0.44589633  0.47476172 0.42761975 0.50206904 0.41641874
0.23574915 0.67608064 0.19454938 0.63047304 0.41070956 0.32655658  0.31936914 0.55334011 0.51828805 0.38355941 0.40118071 0.4524331  0.58453544 0.4321767  0.49566012 0.45901065
0.4364847  0.74656634 0.13640771 0.47908274 0.33747934 0.6034458  0.46500024 0.42678069 0.59451835 0.48460086 0.47095624 0.49347994  0.57629487 0.42426775 0.59538909 0.59036096
0.60780078 0.66239024 0.09269222 0.24809815 0.35824785 0.53502588  0.65408264 0.56840773 0.49990119 0.36107735 0.60054196 0.42306936  0.49238868 0.33083599 0.60669881 0.47972307
0.72450851 0.45447726 0.10926993 0.1801362  0.34387123 0.50938153  0.39806764 0.57612175 0.53650742 0.35616434 0.45230804 0.43580423  0.38339077 0.09540385 0.38820995 0.38650553
0.78439602 0.34920449 0.11509822 0.12285053 0.34576701 0.4533275  0.31428084 0.45325025 0.60155421 0.35564157 0.3029053  0.49730314  0.41435012 0.29059942 0.41129945 0.33353117
0.82191001 0.23036227 0.12005247 0.33085837 0.43162823 0.56867526  0.35321156 0.48580593 0.44292083 0.36885946 0.30696932 0.3562138  0.47275382 0.27174806 0.67264297 0.2809148 
0.86325879 0.10913429 0.1539424  0.5566304  0.45220188 0.58579594  0.43365493 0.52658715 0.40063025 0.49832718 0.48976741 0.38797819  0.46965879 0.34704791 0.5701287  0.48489806
0.8717173  0.07824804 0.16128544 0.64306264 0.4867589  0.61175175  0.54181558 0.58186715 0.53490397 0.49855042 0.43043217 0.46692054  0.44293806 0.32823249 0.49395281 0.45628255
0.88309748 0.0732564  0.19577565 0.66983677 0.45640693 0.5963014  0.5419738  0.56743632 0.49971134 0.51891801 0.4715004  0.50118531  0.48926043 0.38295951 0.46897086 0.42103398
0.91245069 0.05988978 0.29637731 0.76936045 0.42344987 0.55744276  0.65044933 0.56455991 0.58228856 0.51550203 0.45465784 0.56972106  0.5659618  0.31513307 0.49154181 0.33234237
0.91421762 0.05198179 0.29870637 0.80045209 0.43067503 0.56709834  0.69480837 0.58464288 0.64043732 0.48956716 0.43096896 0.62531826  0.54864637 0.29971617 0.44519    0.33474095
0.91421762 0.05198179 0.29870637 0.80045209 0.43067503 0.56709834  0.69480837 0.58464288 0.64043732 0.48956716 0.43096896 0.62531826  0.54864637 0.29971617 0.44519    0.33474095
0.91945779 0.02908437 0.29636504 0.86046023 0.46179157 0.60886746  0.75073262 0.62641919 0.68709271 0.45699721 0.37226    0.66228247  0.50150712 0.35988402 0.39542438 0.28847567
0.91967448 0.02801308 0.29636857 0.86426301 0.46347665 0.611485  0.75572765 0.63076777 0.69303686 0.4532587  0.36641425 0.67037954  0.49341438 0.36886079 0.38376191 0.28004121
0.9200417  0.0262628  0.29679051 0.87146544 0.46557685 0.61448711  0.76655772 0.63665522 0.7076521  0.44563797 0.35822662 0.68658855  0.48599516 0.37004558 0.36775435 0.27379843
0.9200417  0.0262628  0.29679051 0.87146544 0.46557685 0.61448711  0.76655772 0.63665522 0.7076521  0.44563797 0.35822662 0.68658855  0.48599516 0.37004558 0.36775435 0.27379843
0.9200417  0.0262628  0.29679051 0.87146544 0.46557685 0.61448711  0.76655772 0.63665522 0.7076521  0.44563797 0.35822662 0.68658855  0.48599516 0.37004558 0.36775435 0.27379843
0.9200417  0.0262628  0.29679051 0.87146544 0.46557685 0.61448711  0.76655772 0.63665522 0.7076521  0.44563797 0.35822662 0.68658855  0.48599516 0.37004558 0.36775435 0.27379843
0.9200417  0.0262628  0.29679051 0.87146544 0.46557685 0.61448711  0.76655772 0.63665522 0.7076521  0.44563797 0.35822662 0.68658855  0.48599516 0.37004558 0.36775435 0.27379843
0.9200417  0.0262628  0.29679051 0.87146544 0.46557685 0.61448711  0.76655772 0.63665522 0.7076521  0.44563797 0.35822662 0.68658855  0.48599516 0.37004558 0.36775435 0.27379843
0.9200417  0.0262628  0.29679051 0.87146544 0.46557685 0.61448711  0.76655772 0.63665522 0.7076521  0.44563797 0.35822662 0.68658855  0.48599516 0.37004558 0.36775435 0.27379843
0.9200417  0.0262628  0.29679051 0.87146544 0.46557685 0.61448711  0.76655772 0.63665522 0.7076521  0.44563797 0.35822662 0.68658855  0.48599516 0.37004558 0.36775435 0.27379843
0.9200417  0.0262628  0.29679051 0.87146544 0.46557685 0.61448711  0.76655772 0.63665522 0.7076521  0.44563797 0.35822662 0.68658855  0.48599516 0.37004558 0.36775435 0.27379843
0.9200417  0.0262628  0.29679051 0.87146544 0.46557685 0.61448711  0.76655772 0.63665522 0.7076521  0.44563797 0.35822662 0.68658855  0.48599516 0.37004558 0.36775435 0.27379843
0.9200417  0.0262628  0.29679051 0.87146544 0.46557685 0.61448711  0.76655772 0.63665522 0.7076521  0.44563797 0.35822662 0.68658855  0.48599516 0.37004558 0.36775435 0.27379843
0.9200417  0.0262628  0.29679051 0.87146544 0.46557685 0.61448711  0.76655772 0.63665522 0.7076521  0.44563797 0.35822662 0.68658855  0.48599516 0.37004558 0.36775435 0.27379843
0.9200417  0.0262628  0.29679051 0.87146544 0.46557685 0.61448711  0.76655772 0.63665522 0.7076521  0.44563797 0.35822662 0.68658855  0.48599516 0.37004558 0.36775435 0.27379843
0.9200417  0.0262628  0.29679051 0.87146544 0.46557685 0.61448711  0.76655772 0.63665522 0.7076521  0.44563797 0.35822662 0.68658855  0.48599516 0.37004558 0.36775435 0.27379843
0.9200417  0.0262628  0.29679051 0.87146544 0.46557685 0.61448711  0.76655772 0.63665522 0.7076521  0.44563797 0.35822662 0.68658855  0.48599516 0.37004558 0.36775435 0.27379843
0.9200417  0.0262628  0.29679051 0.87146544 0.46557685 0.61448711  0.76655772 0.63665522 0.7076521  0.44563797 0.35822662 0.68658855  0.48599516 0.37004558 0.36775435 0.27379843
0.9200417  0.0262628  0.29679051 0.87146544 0.46557685 0.61448711  0.76655772 0.63665522 0.7076521  0.44563797 0.35822662 0.68658855  0.48599516 0.37004558 0.36775435 0.27379843
0.90866152 0.03125444 0.26230029 0.84469132 0.49592883 0.62993746  0.76639951 0.65108605 0.74284473 0.42527038 0.31715839 0.65232378  0.4396728  0.31531857 0.3927363  0.309047  
0.90216362 0.0288856  0.23161832 0.83068183 0.49351083 0.65407537  0.71994004 0.64294364 0.67205141 0.39995823 0.34673628 0.66699657  0.45988733 0.36296362 0.37707755 0.2959306 
0.86465766 0.09599674 0.14639625 0.64863672 0.53481348 0.71780639  0.54407425 0.60130208 0.49834925 0.32247885 0.23562314 0.45264073  0.43571289 0.43504425 0.50083011 0.20201603
0.82903325 0.16438017 0.08261715 0.4919597  0.54861034 0.72293639  0.47786683 0.59564038 0.54800975 0.25136426 0.14045467 0.39610532  0.34486276 0.42374939 0.50801307 0.2412089 
0.81358133 0.17774518 0.05947708 0.48413864 0.57268384 0.70601026  0.52263625 0.58535194 0.5985684  0.23262393 0.1827576  0.39105521  0.35078626 0.43151071 0.56403645 0.30948816
0.73580381 0.34071901 0.03567997 0.38483397 0.53699592 0.62558652  0.54289984 0.34053513 0.56946877 0.25083148 0.33463785 0.33417689  0.60670706 0.39360303 0.71643967 0.37035479
0.65249369 0.42571607 0.01256497 0.50748644 0.59310781 0.56835746  0.62255263 0.19882591 0.53510523 0.28227817 0.44880601 0.32394055  0.52222752 0.42188649 0.75703263 0.31342588
0.42622527 0.59860769 0.09231926 0.53102257 0.49483841 0.38215333  0.57148093 0.13984037 0.36068801 0.49099959 0.14988011 0.52760595  0.40790376 0.38176197 0.67063672 0.43217233
0.29973049 0.60813918 0.13966097 0.50766062 0.50026953 0.15540207  0.62657031 0.39537404 0.18357154 0.39255877 0.2094593  0.49275058  0.53513762 0.34284968 0.43883556 0.42684047
0.17890094 0.54200714 0.21950164 0.48201207 0.43950734 0.24514389  0.60863775 0.44441866 0.18431335 0.41680256 0.19978149 0.50323433  0.50595969 0.29953828 0.30311135 0.51915159
0.08822462 0.46366638 0.28286618 0.47182852 0.39941799 0.33786217  0.49986066 0.48194129 0.32369463 0.40582488 0.24110466 0.48740772  0.60798696 0.34770104 0.3509214  0.55039879
0.05351142 0.43947142 0.31096524 0.46826146 0.37376331 0.40333531  0.449023   0.50224764 0.41356088 0.37686256 0.34766111 0.45195559  0.59560889 0.36517078 0.34313004 0.48165838
0.01779563 0.38669558 0.33863985 0.42004769 0.35385851 0.46460162  0.48109267 0.47190843 0.43452283 0.38595027 0.3992976  0.44733029  0.52908455 0.38078184 0.39373238 0.44873962
0.00039479 0.36283831 0.35232302 0.39930133 0.34523319 0.50234819  0.48417291 0.45702496 0.47508945 0.39693445 0.45000532 0.44589633  0.47476172 0.42761975 0.50206904 0.41641874
0.00039479 0.36283831 0.35232302 0.39930133 0.34523319 0.50234819  0.48417291 0.45702496 0.47508945 0.39693445 0.45000532 0.44589633  0.47476172 0.42761975 0.50206904 0.41641874
0.00039479 0.36283831 0.35232302 0.39930133 0.34523319 0.50234819  0.48417291 0.45702496 0.47508945 0.39693445 0.45000532 0.44589633  0.47476172 0.42761975 0.50206904 0.41641874
0.00039479 0.36283831 0.35232302 0.39930133 0.34523319 0.50234819  0.48417291 0.45702496 0.47508945 0.39693445 0.45000532 0.44589633  0.47476172 0.42761975 0.50206904 0.41641874
0.00039479 0.36283831 0.35232302 0.39930133 0.34523319 0.50234819  0.48417291 0.45702496 0.47508945 0.39693445 0.45000532 0.44589633  0.47476172 0.42761975 0.50206904 0.41641874
0.00039479 0.36283831 0.35232302 0.39930133 0.34523319 0.50234819  0.48417291 0.45702496 0.47508945 0.39693445 0.45000532 0.44589633  0.47476172 0.42761975 0.50206904 0.41641874
0.00039479 0.36283831 0.35232302 0.39930133 0.34523319 0.50234819  0.48417291 0.45702496 0.47508945 0.39693445 0.45000532 0.44589633  0.47476172 0.42761975 0.50206904 0.41641874
0.00039479 0.36283831 0.35232302 0.39930133 0.34523319 0.50234819  0.48417291 0.45702496 0.47508945 0.39693445 0.45000532 0.44589633  0.47476172 0.42761975 0.50206904 0.41641874
0.00039479 0.36283831 0.35232302 0.39930133 0.34523319 0.50234819  0.48417291 0.45702496 0.47508945 0.39693445 0.45000532 0.44589633  0.47476172 0.42761975 0.50206904 0.41641874
0.00039479 0.36283831 0.35232302 0.39930133 0.34523319 0.50234819  0.48417291 0.45702496 0.47508945 0.39693445 0.45000532 0.44589633  0.47476172 0.42761975 0.50206904 0.41641874
0.00039479 0.36283831 0.35232302 0.39930133 0.34523319 0.50234819  0.48417291 0.45702496 0.47508945 0.39693445 0.45000532 0.44589633  0.47476172 0.42761975 0.50206904 0.41641874
0.00039479 0.36283831 0.35232302 0.39930133 0.34523319 0.50234819  0.48417291 0.45702496 0.47508945 0.39693445 0.45000532 0.44589633  0.47476172 0.42761975 0.50206904 0.41641874
0.00039479 0.36283831 0.35232302 0.39930133 0.34523319 0.50234819  0.48417291 0.45702496 0.47508945 0.39693445 0.45000532 0.44589633  0.47476172 0.42761975 0.50206904 0.41641874
0.00039479 0.36283831 0.35232302 0.39930133 0.34523319 0.50234819  0.48417291 0.45702496 0.47508945 0.39693445 0.45000532 0.44589633  0.47476172 0.42761975 0.50206904 0.41641874
0.00039479 0.36283831 0.35232302 0.39930133 0.34523319 0.50234819  0.48417291 0.45702496 0.47508945 0.39693445 0.45000532 0.44589633  0.47476172 0.42761975 0.50206904 0.41641874
0.00039479 0.36283831 0.35232302 0.39930133 0.34523319 0.50234819  0.48417291 0.45702496 0.47508945 0.39693445 0.45000532 0.44589633  0.47476172 0.42761975 0.50206904 0.41641874
0.00039479 0.36283831 0.35232302 0.39930133 0.34523319 0.50234819  0.48417291 0.45702496 0.47508945 0.39693445 0.45000532 0.44589633  0.47476172 0.42761975 0.50206904 0.41641874
0.00039479 0.36283831 0.35232302 0.39930133 0.34523319 0.50234819  0.48417291 0.45702496 0.47508945 0.39693445 0.45000532 0.44589633  0.47476172 0.42761975 0.50206904 0.41641874
0.00039479 0.36283831 0.35232302 0.39930133 0.34523319 0.50234819  0.48417291 0.45702496 0.47508945 0.39693445 0.45000532 0.44589633  0.47476172 0.42761975 0.50206904 0.41641874
0.00039479 0.36283831 0.35232302 0.39930133 0.34523319 0.50234819  0.48417291 0.45702496 0.47508945 0.39693445 0.45000532 0.44589633  0.47476172 0.42761975 0.50206904 0.41641874
0.00039479 0.36283831 0.35232302 0.39930133 0.34523319 0.50234819  0.48417291 0.45702496 0.47508945 0.39693445 0.45000532 0.44589633  0.47476172 0.42761975 0.50206904 0.41641874
