0.00039479 0.36283831 0.35232302 0.39930133 0.34523319 0.50234819  0.48417291 0.45702496 0.47508945 0.39693445 0.45000532 0.44589633  0.47476172 0.42761975 0.50206904 0.41641874
0.00039479 0.36283831 0.35232302 0.39930133 0.34523319 0.50234819  0.48417291 0.45702496 0.47508945 0.39693445 0.45000532 0.44589633  0.47476172 0.42761975 0.50206904 0.41641874
0.00039479 0.36283831 0.35232302 0.39930133 0.34523319 0.50234819  0.48417291 0.45702496 0.47508945 0.39693445 0.45000532 0.44589633  0.47476172 0.42761975 0.50206904 0.41641874
0.00039479 0.36283831 0.35232302 0.39930133 0.34523319 0.50234819  0.48417291 0.45702496 0.47508945 0.39693445 0.45000532 0.44589633  0.47476172 0.42761975 0.50206904 0.41641874
0.00039479 0.36283831 0.35232302 0.39930133 0.34523319 0.50234819  0.48417291 0.45702496 0.47508945 0.39693445 0.45000532 0.44589633  0.47476172 0.42761975 0.50206904 0.41641874
0.00039479 0.36283831 0.35232302 0.39930133 0.34523319 0.50234819  0.48417291 0.45702496 0.47508945 0.39693445 0.45000532 0.44589633  0.47476172 0.42761975 0.50206904 0.41641874
0.00039479 0.36283831 0.35232302 0.39930133 0.34523319 0.50234819  0.48417291 0.45702496 0.47508945 0.39693445 0.45000532 0.44589633  0.47476172 0.42761975 0.50206904 0.41641874
0.00039479 0.36283831 0.35232302 0.39930133 0.34523319 0.50234819  0.48417291 0.45702496 0.47508945 0.39693445 0.45000532 0.44589633  0.47476172 0.42761975 0.50206904 0.41641874
0.00039479 0.36283831 0.35232302 0.39930133 0.34523319 0.50234819  0.48417291 0.45702496 0.47508945 0.39693445 0.45000532 0.44589633  0.47476172 0.42761975 0.50206904 0.41641874
0.00039479 0.36283831 0.35232302 0.39930133 0.34523319 0.50234819  0.48417291 0.45702496 0.47508945 0.39693445 0.45000532 0.44589633  0.47476172 0.42761975 0.50206904 0.41641874
0.00039479 0.36283831 0.35232302 0.39930133 0.34523319 0.50234819  0.48417291 0.45702496 0.47508945 0.39693445 0.45000532 0.44589633  0.47476172 0.42761975 0.50206904 0.41641874
0.00039479 0.36283831 0.35232302 0.39930133 0.34523319 0.50234819  0.48417291 0.45702496 0.47508945 0.39693445 0.45000532 0.44589633  0.47476172 0.42761975 0.50206904 0.41641874
0.00039479 0.36283831 0.35232302 0.39930133 0.34523319 0.50234819  0.48417291 0.45702496 0.47508945 0.39693445 0.45000532 0.44589633  0.47476172 0.42761975 0.50206904 0.41641874
0.00039479 0.36283831 0.35232302 0.39930133 0.34523319 0.50234819  0.48417291 0.45702496 0.47508945 0.39693445 0.45000532 0.44589633  0.47476172 0.42761975 0.50206904 0.41641874
0.00039479 0.36283831 0.35232302 0.39930133 0.34523319 0.50234819  0.48417291 0.45702496 0.47508945 0.39693445 0.45000532 0.44589633  0.47476172 0.42761975 0.50206904 0.41641874
0.00039479 0.36283831 0.35232302 0.39930133 0.34523319 0.50234819  0.48417291 0.45702496 0.47508945 0.39693445 0.45000532 0.44589633  0.47476172 0.42761975 0.50206904 0.41641874
0.00039479 0.36283831 0.35232302 0.39930133 0.34523319 0.50234819  0.48417291 0.45702496 0.47508945 0.39693445 0.45000532 0.44589633  0.47476172 0.42761975 0.50206904 0.41641874
0.00039479 0.36283831 0.35232302 0.39930133 0.34523319 0.50234819  0.48417291 0.45702496 0.47508945 0.39693445 0.45000532 0.44589633  0.47476172 0.42761975 0.50206904 0.41641874
0.00039479 0.36283831 0.35232302 0.39930133 0.34523319 0.50234819  0.48417291 0.45702496 0.47508945 0.39693445 0.45000532 0.44589633  0.47476172 0.42761975 0.50206904 0.41641874
0.00039479 0.36283831 0.35232302 0.39930133 0.34523319 0.50234819  0.48417291 0.45702496 0.47508945 0.39693445 0.45000532 0.44589633  0.47476172 0.42761975 0.50206904 0.41641874
0.00039479 0.36283831 0.35232302 0.39930133 0.34523319 0.50234819  0.48417291 0.45702496 0.47508945 0.39693445 0.45000532 0.44589633  0.47476172 0.42761975 0.50206904 0.41641874
0.00039479 0.36283831 0.35232302 0.39930133 0.34523319 0.50234819  0.48417291 0.45702496 0.47508945 0.39693445 0.45000532 0.44589633  0.47476172 0.42761975 0.50206904 0.41641874
0.00039479 0.36283831 0.35232302 0.39930133 0.34523319 0.50234819  0.48417291 0.45702496 0.47508945 0.39693445 0.45000532 0.44589633  0.47476172 0.42761975 0.50206904 0.41641874
0.00039479 0.36283831 0.35232302 0.39930133 0.34523319 0.50234819  0.48417291 0.45702496 0.47508945 0.39693445 0.45000532 0.44589633  0.47476172 0.42761975 0.50206904 0.41641874
0.00039479 0.36283831 0.35232302 0.39930133 0.34523319 0.50234819  0.48417291 0.45702496 0.47508945 0.39693445 0.45000532 0.44589633  0.47476172 0.42761975 0.50206904 0.41641874
0.00039479 0.36283831 0.35232302 0.39930133 0.34523319 0.50234819  0.48417291 0.45702496 0.47508945 0.39693445 0.45000532 0.44589633  0.47476172 0.42761975 0.50206904 0.41641874
0.00039479 0.36283831 0.35232302 0.39930133 0.34523319 0.50234819  0.48417291 0.45702496 0.47508945 0.39693445 0.45000532 0.44589633  0.47476172 0.42761975 0.50206904 0.41641874
0.00039479 0.36283831 0.35232302 0.39930133 0.34523319 0.50234819  0.48417291 0.45702496 0.47508945 0.39693445 0.45000532 0.44589633  0.47476172 0.42761975 0.50206904 0.41641874
0.00039479 0.36283831 0.35232302 0.39930133 0.34523319 0.50234819  0.48417291 0.45702496 0.47508945 0.39693445 0.45000532 0.44589633  0.47476172 0.42761975 0.50206904 0.41641874
0.00039479 0.36283831 0.35232302 0.39930133 0.34523319 0.50234819  0.48417291 0.45702496 0.47508945 0.39693445 0.45000532 0.44589633  0.47476172 0.42761975 0.50206904 0.41641874
0.00039479 0.36283831 0.35232302 0.39930133 0.34523319 0.50234819  0.48417291 0.45702496 0.47508945 0.39693445 0.45000532 0.44589633  0.47476172 0.42761975 0.50206904 0.41641874
0.00039479 0.36283831 0.35232302 0.39930133 0.34523319 0.50234819  0.48417291 0.45702496 0.47508945 0.39693445 0.45000532 0.44589633  0.47476172 0.42761975 0.50206904 0.41641874
0.00039479 0.36283831 0.35232302 0.39930133 0.34523319 0.50234819  0.48417291 0.45702496 0.47508945 0.39693445 0.45000532 0.44589633  0.47476172 0.42761975 0.50206904 0.41641874
0.00039479 0.36283831 0.35232302 0.39930133 0.34523319 0.50234819  0.48417291 0.45702496 0.47508945 0.39693445 0.45000532 0.44589633  0.47476172 0.42761975 0.50206904 0.41641874
0.00039479 0.36283831 0.35232302 0.39930133 0.34523319 0.50234819  0.48417291 0.45702496 0.47508945 0.39693445 0.45000532 0.44589633  0.47476172 0.42761975 0.50206904 0.41641874
0.00039479 0.36283831 0.35232302 0.39930133 0.34523319 0.50234819  0.48417291 0.45702496 0.47508945 0.39693445 0.45000532 0.44589633  0.47476172 0.42761975 0.50206904 0.41641874
0.00039479 0.36283831 0.35232302 0.39930133 0.34523319 0.50234819  0.48417291 0.45702496 0.47508945 0.39693445 0.45000532 0.44589633  0.47476172 0.42761975 0.50206904 0.41641874
0.00039479 0.36283831 0.35232302 0.39930133 0.34523319 0.50234819  0.48417291 0.45702496 0.47508945 0.39693445 0.45000532 0.44589633  0.47476172 0.42761975 0.50206904 0.41641874
0.00039479 0.36283831 0.35232302 0.39930133 0.34523319 0.50234819  0.48417291 0.45702496 0.47508945 0.39693445 0.45000532 0.44589633  0.47476172 0.42761975 0.50206904 0.41641874
0.00039479 0.36283831 0.35232302 0.39930133 0.34523319 0.50234819  0.48417291 0.45702496 0.47508945 0.39693445 0.45000532 0.44589633  0.47476172 0.42761975 0.50206904 0.41641874
0.00039479 0.36283831 0.35232302 0.39930133 0.34523319 0.50234819  0.48417291 0.45702496 0.47508945 0.39693445 0.45000532 0.44589633  0.47476172 0.42761975 0.50206904 0.41641874
0.00039479 0.36283831 0.35232302 0.39930133 0.34523319 0.50234819  0.48417291 0.45702496 0.47508945 0.39693445 0.45000532 0.44589633  0.47476172 0.42761975 0.50206904 0.41641874
0.00039479 0.36283831 0.35232302 0.39930133 0.34523319 0.50234819  0.48417291 0.45702496 0.47508945 0.39693445 0.45000532 0.44589633  0.47476172 0.42761975 0.50206904 0.41641874
0.00039479 0.36283831 0.35232302 0.39930133 0.34523319 0.50234819  0.48417291 0.45702496 0.47508945 0.39693445 0.45000532 0.44589633  0.47476172 0.42761975 0.50206904 0.41641874
0.00039479 0.36283831 0.35232302 0.39930133 0.34523319 0.50234819  0.48417291 0.45702496 0.47508945 0.39693445 0.45000532 0.44589633  0.47476172 0.42761975 0.50206904 0.41641874
0.00039479 0.36283831 0.35232302 0.39930133 0.34523319 0.50234819  0.48417291 0.45702496 0.47508945 0.39693445 0.45000532 0.44589633  0.47476172 0.42761975 0.50206904 0.41641874
0.00039479 0.36283831 0.35232302 0.39930133 0.34523319 0.50234819  0.48417291 0.45702496 0.47508945 0.39693445 0.45000532 0.44589633  0.47476172 0.42761975 0.50206904 0.41641874
0.00039479 0.36283831 0.35232302 0.39930133 0.34523319 0.50234819  0.48417291 0.45702496 0.47508945 0.39693445 0.45000532 0.44589633  0.47476172 0.42761975 0.50206904 0.41641874
0.00039479 0.36283831 0.35232302 0.39930133 0.34523319 0.50234819  0.48417291 0.45702496 0.47508945 0.39693445 0.45000532 0.44589633  0.47476172 0.42761975 0.50206904 0.41641874
0.00039479 0.36283831 0.35232302 0.39930133 0.34523319 0.50234819  0.48417291 0.45702496 0.47508945 0.39693445 0.45000532 0.44589633  0.47476172 0.42761975 0.50206904 0.41641874
0.00039479 0.36283831 0.35232302 0.39930133 0.34523319 0.50234819  0.48417291 0.45702496 0.47508945 0.39693445 0.45000532 0.44589633  0.47476172 0.42761975 0.50206904 0.41641874
0.00039479 0.36283831 0.35232302 0.39930133 0.34523319 0.50234819  0.48417291 0.45702496 0.47508945 0.39693445 0.45000532 0.44589633  0.47476172 0.42761975 0.50206904 0.41641874
0.00039479 0.36283831 0.35232302 0.39930133 0.34523319 0.50234819  0.48417291 0.45702496 0.47508945 0.39693445 0.45000532 0.44589633  0.47476172 0.42761975 0.50206904 0.41641874
0.00039479 0.36283831 0.35232302 0.39930133 0.34523319 0.50234819  0.48417291 0.45702496 0.47508945 0.39693445 0.45000532 0.44589633  0.47476172 0.42761975 0.50206904 0.41641874
0.00039479 0.36283831 0.35232302 0.39930133 0.34523319 0.50234819  0.48417291 0.45702496 0.47508945 0.39693445 0.45000532 0.44589633  0.47476172 0.42761975 0.50206904 0.41641874
0.00039479 0.36283831 0.35232302 0.39930133 0.34523319 0.50234819  0.48417291 0.45702496 0.47508945 0.39693445 0.45000532 0.44589633  0.47476172 0.42761975 0.50206904 0.41641874
0.00039479 0.36283831 0.35232302 0.39930133 0.34523319 0.50234819  0.48417291 0.45702496 0.47508945 0.39693445 0.45000532 0.44589633  0.47476172 0.42761975 0.50206904 0.41641874
0.00039479 0.36283831 0.35232302 0.39930133 0.34523319 0.50234819  0.48417291 0.45702496 0.47508945 0.39693445 0.45000532 0.44589633  0.47476172 0.42761975 0.50206904 0.41641874
0.00039479 0.36283831 0.35232302 0.39930133 0.34523319 0.50234819  0.48417291 0.45702496 0.47508945 0.39693445 0.45000532 0.44589633  0.47476172 0.42761975 0.50206904 0.41641874
0.00039479 0.36283831 0.35232302 0.39930133 0.34523319 0.50234819  0.48417291 0.45702496 0.47508945 0.39693445 0.45000532 0.44589633  0.47476172 0.42761975 0.50206904 0.41641874
0.00039479 0.36283831 0.35232302 0.39930133 0.34523319 0.50234819  0.48417291 0.45702496 0.47508945 0.39693445 0.45000532 0.44589633  0.47476172 0.42761975 0.50206904 0.41641874
0.00039479 0.36283831 0.35232302 0.39930133 0.34523319 0.50234819  0.48417291 0.45702496 0.47508945 0.39693445 0.45000532 0.44589633  0.47476172 0.42761975 0.50206904 0.41641874
0.00039479 0.36283831 0.35232302 0.39930133 0.34523319 0.50234819  0.48417291 0.45702496 0.47508945 0.39693445 0.45000532 0.44589633  0.47476172 0.42761975 0.50206904 0.41641874
0.00039479 0.36283831 0.35232302 0.39930133 0.34523319 0.50234819  0.48417291 0.45702496 0.47508945 0.39693445 0.45000532 0.44589633  0.47476172 0.42761975 0.50206904 0.41641874
0.00039479 0.36283831 0.35232302 0.39930133 0.34523319 0.50234819  0.48417291 0.45702496 0.47508945 0.39693445 0.45000532 0.44589633  0.47476172 0.42761975 0.50206904 0.41641874
0.00039479 0.36283831 0.35232302 0.39930133 0.34523319 0.50234819  0.48417291 0.45702496 0.47508945 0.39693445 0.45000532 0.44589633  0.47476172 0.42761975 0.50206904 0.41641874
0.00039479 0.36283831 0.35232302 0.39930133 0.34523319 0.50234819  0.48417291 0.45702496 0.47508945 0.39693445 0.45000532 0.44589633  0.47476172 0.42761975 0.50206904 0.41641874
0.00039479 0.36283831 0.35232302 0.39930133 0.34523319 0.50234819  0.48417291 0.45702496 0.47508945 0.39693445 0.45000532 0.44589633  0.47476172 0.42761975 0.50206904 0.41641874
0.00039479 0.36283831 0.35232302 0.39930133 0.34523319 0.50234819  0.48417291 0.45702496 0.47508945 0.39693445 0.45000532 0.44589633  0.47476172 0.42761975 0.50206904 0.41641874
0.00039479 0.36283831 0.35232302 0.39930133 0.34523319 0.50234819  0.48417291 0.45702496 0.47508945 0.39693445 0.45000532 0.44589633  0.47476172 0.42761975 0.50206904 0.41641874
0.00039479 0.36283831 0.35232302 0.39930133 0.34523319 0.50234819  0.48417291 0.45702496 0.47508945 0.39693445 0.45000532 0.44589633  0.47476172 0.42761975 0.50206904 0.41641874
0.00039479 0.36283831 0.35232302 0.39930133 0.34523319 0.50234819  0.48417291 0.45702496 0.47508945 0.39693445 0.45000532 0.44589633  0.47476172 0.42761975 0.50206904 0.41641874
0.00039479 0.36283831 0.35232302 0.39930133 0.34523319 0.50234819  0.48417291 0.45702496 0.47508945 0.39693445 0.45000532 0.44589633  0.47476172 0.42761975 0.50206904 0.41641874
0.00039479 0.36283831 0.35232302 0.39930133 0.34523319 0.50234819  0.48417291 0.45702496 0.47508945 0.39693445 0.45000532 0.44589633  0.47476172 0.42761975 0.50206904 0.41641874
0.00039479 0.36283831 0.35232302 0.39930133 0.34523319 0.50234819  0.48417291 0.45702496 0.47508945 0.39693445 0.45000532 0.44589633  0.47476172 0.42761975 0.50206904 0.41641874
0.00039479 0.36283831 0.35232302 0.39930133 0.34523319 0.50234819  0.48417291 0.45702496 0.47508945 0.39693445 0.45000532 0.44589633  0.47476172 0.42761975 0.50206904 0.41641874
0.00039479 0.36283831 0.35232302 0.39930133 0.34523319 0.50234819  0.48417291 0.45702496 0.47508945 0.39693445 0.45000532 0.44589633  0.47476172 0.42761975 0.50206904 0.41641874
0.00039479 0.36283831 0.35232302 0.39930133 0.34523319 0.50234819  0.48417291 0.45702496 0.47508945 0.39693445 0.45000532 0.44589633  0.47476172 0.42761975 0.50206904 0.41641874
0.00039479 0.36283831 0.35232302 0.39930133 0.34523319 0.50234819  0.48417291 0.45702496 0.47508945 0.39693445 0.45000532 0.44589633  0.47476172 0.42761975 0.50206904 0.41641874
0.00039479 0.36283831 0.35232302 0.39930133 0.34523319 0.50234819  0.48417291 0.45702496 0.47508945 0.39693445 0.45000532 0.44589633  0.47476172 0.42761975 0.50206904 0.41641874
0.00039479 0.36283831 0.35232302 0.39930133 0.34523319 0.50234819  0.48417291 0.45702496 0.47508945 0.39693445 0.45000532 0.44589633  0.47476172 0.42761975 0.50206904 0.41641874
0.00039479 0.36283831 0.35232302 0.39930133 0.34523319 0.50234819  0.48417291 0.45702496 0.47508945 0.39693445 0.45000532 0.44589633  0.47476172 0.42761975 0.50206904 0.41641874
0.00039479 0.36283831 0.35232302 0.39930133 0.34523319 0.50234819  0.48417291 0.45702496 0.47508945 0.39693445 0.45000532 0.44589633  0.47476172 0.42761975 0.50206904 0.41641874
0.00039479 0.36283831 0.35232302 0.39930133 0.34523319 0.50234819  0.48417291 0.45702496 0.47508945 0.39693445 0.45000532 0.44589633  0.47476172 0.42761975 0.50206904 0.41641874
0.00039479 0.36283831 0.35232302 0.39930133 0.34523319 0.50234819  0.48417291 0.45702496 0.47508945 0.39693445 0.45000532 0.44589633  0.47476172 0.42761975 0.50206904 0.41641874
0.00039479 0.36283831 0.35232302 0.39930133 0.34523319 0.50234819  0.48417291 0.45702496 0.47508945 0.39693445 0.45000532 0.44589633  0.47476172 0.42761975 0.50206904 0.41641874
0.00039479 0.36283831 0.35232302 0.39930133 0.34523319 0.50234819  0.48417291 0.45702496 0.47508945 0.39693445 0.45000532 0.44589633  0.47476172 0.42761975 0.50206904 0.41641874
0.00039479 0.36283831 0.35232302 0.39930133 0.34523319 0.50234819  0.48417291 0.45702496 0.47508945 0.39693445 0.45000532 0.44589633  0.47476172 0.42761975 0.50206904 0.41641874
0.00039479 0.36283831 0.35232302 0.39930133 0.34523319 0.50234819  0.48417291 0.45702496 0.47508945 0.39693445 0.45000532 0.44589633  0.47476172 0.42761975 0.50206904 0.41641874
0.0177474  0.38984345 0.33852207 0.42635267 0.35697043 0.47086435  0.45750391 0.47765391 0.48169648 0.39463854 0.42895995 0.44917931  0.51265071 0.44991576 0.53083289 0.43501917
0.05265734 0.44071691 0.3106915  0.47422633 0.37717297 0.39794484  0.43177961 0.51245536 0.4359589  0.38022092 0.34549293 0.45448025  0.61189625 0.40882803 0.41889068 0.49328565
0.29119023 0.7185776  0.18586237 0.63053764 0.36539351 0.48258471  0.27258953 0.47747842 0.60883526 0.47720872 0.37949277 0.49546311  0.50600035 0.42362784 0.59142307 0.54868067
0.52891121 0.78561311 0.12079249 0.40692622 0.30493937 0.67653503  0.58613061 0.44171354 0.44619681 0.43137428 0.49632405 0.44253933  0.53261747 0.38030251 0.40367711 0.46360876
0.59787761 0.73134667 0.12022963 0.27059545 0.29584709 0.67845973  0.66056277 0.55335991 0.40061692 0.40211321 0.42785235 0.44404497  0.69609507 0.42322775 0.46911648 0.50576494
0.66053264 0.63928901 0.15808252 0.19866991 0.25716787 0.64508043  0.55077092 0.7535735  0.36705347 0.427047   0.36169683 0.46820001  0.52475878 0.30859013 0.54761941 0.46387003
0.68992563 0.58353063 0.16355596 0.17716802 0.24849775 0.61361791  0.50757311 0.72539555 0.37026617 0.46029804 0.27267893 0.50458772  0.42381091 0.31970859 0.64499339 0.44997137
0.71967093 0.52099502 0.1532082  0.13076093 0.26648521 0.55751601  0.47625283 0.66187709 0.4558594  0.43102097 0.23310094 0.53171735  0.44344248 0.44838812 0.66382713 0.45831389
0.71967093 0.52099502 0.1532082  0.13076093 0.26648521 0.55751601  0.47625283 0.66187709 0.4558594  0.43102097 0.23310094 0.53171735  0.44344248 0.44838812 0.66382713 0.45831389
0.7321     0.4880292  0.14158173 0.1341015  0.28597647 0.5522249  0.4508681  0.57750578 0.47180062 0.43337432 0.19016221 0.53884252  0.46667918 0.41456639 0.6747926  0.42990293
0.67480498 0.59292582 0.12254547 0.14779396 0.29715051 0.58787299  0.57716046 0.62663905 0.48663181 0.41295381 0.29182897 0.51471122  0.56774352 0.46969747 0.70233725 0.54865251
0.62760188 0.67161847 0.10783265 0.22754056 0.31175622 0.63817842  0.64218288 0.4367139  0.46963661 0.40676036 0.31568156 0.4956063  0.73315632 0.57657376 0.56781093 0.52226816
0.59787761 0.73134667 0.12022963 0.27059545 0.29584709 0.67845973  0.66056277 0.55335991 0.40061692 0.40211321 0.42785235 0.44404497  0.69609507 0.42322775 0.46911648 0.50576494
0.59787761 0.73134667 0.12022963 0.27059545 0.29584709 0.67845973  0.66056277 0.55335991 0.40061692 0.40211321 0.42785235 0.44404497  0.69609507 0.42322775 0.46911648 0.50576494
0.56370184 0.76843772 0.12148377 0.35482595 0.2947399  0.68966142  0.62932641 0.44626902 0.37409907 0.44619714 0.40193544 0.46135294  0.57135481 0.37641643 0.39158679 0.4737371 
0.56370184 0.76843772 0.12148377 0.35482595 0.2947399  0.68966142  0.62932641 0.44626902 0.37409907 0.44619714 0.40193544 0.46135294  0.57135481 0.37641643 0.39158679 0.4737371 
0.56370184 0.76843772 0.12148377 0.35482595 0.2947399  0.68966142  0.62932641 0.44626902 0.37409907 0.44619714 0.40193544 0.46135294  0.57135481 0.37641643 0.39158679 0.4737371 
0.54610226 0.78017366 0.12854403 0.39801663 0.28444269 0.70285614  0.57040413 0.43882694 0.38752676 0.45755093 0.38536145 0.46784031  0.5244363  0.33767515 0.33162227 0.47876325
0.54610226 0.78017366 0.12854403 0.39801663 0.28444269 0.70285614  0.57040413 0.43882694 0.38752676 0.45755093 0.38536145 0.46784031  0.5244363  0.33767515 0.33162227 0.47876325
0.54610226 0.78017366 0.12854403 0.39801663 0.28444269 0.70285614  0.57040413 0.43882694 0.38752676 0.45755093 0.38536145 0.46784031  0.5244363  0.33767515 0.33162227 0.47876325
0.57810057 0.77984343 0.22539989 0.43814966 0.22889172 0.69698596  0.53921914 0.3949989  0.3378142  0.38971659 0.35240473 0.4801361  0.57042879 0.34144401 0.28708155 0.44733921
0.59864838 0.75460193 0.21341148 0.40715904 0.23913675 0.68993114  0.59161558 0.41509802 0.28412879 0.41072673 0.37662977 0.47663063  0.64421002 0.35675146 0.38157131 0.34582429
0.59124967 0.74705972 0.17696999 0.39261281 0.24726065 0.7020035  0.5780765  0.44143944 0.27361915 0.46942746 0.38383534 0.48373284  0.62874328 0.38987767 0.33960318 0.32653865
0.59124967 0.74705972 0.17696999 0.39261281 0.24726065 0.7020035  0.5780765  0.44143944 0.27361915 0.46942746 0.38383534 0.48373284  0.62874328 0.38987767 0.33960318 0.32653865
0.58108692 0.75256055 0.12394235 0.31353641 0.28926624 0.69493698  0.64085643 0.51238524 0.37699323 0.42387175 0.40951623 0.44861004  0.63806581 0.39214551 0.40029533 0.49172826
0.58108692 0.75256055 0.12394235 0.31353641 0.28926624 0.69493698  0.64085643 0.51238524 0.37699323 0.42387175 0.40951623 0.44861004  0.63806581 0.39214551 0.40029533 0.49172826
0.58108692 0.75256055 0.12394235 0.31353641 0.28926624 0.69493698  0.64085643 0.51238524 0.37699323 0.42387175 0.40951623 0.44861004  0.63806581 0.39214551 0.40029533 0.49172826
0.59888947 0.73282216 0.12023135 0.26772064 0.29524967 0.67858742  0.65947197 0.55493202 0.39988499 0.40129135 0.42147016 0.46245862  0.66317704 0.44526359 0.44388475 0.56304673
0.59888947 0.73282216 0.12023135 0.26772064 0.29524967 0.67858742  0.65947197 0.55493202 0.39988499 0.40129135 0.42147016 0.46245862  0.66317704 0.44526359 0.44388475 0.56304673
0.61460824 0.70750451 0.12708358 0.24138014 0.28935353 0.66454962  0.63705157 0.62756359 0.39670913 0.41824731 0.40793812 0.47210965  0.6081033  0.42307527 0.4646069  0.57512293
0.66154449 0.6407645  0.15808424 0.1957951  0.25657045 0.64520812  0.54968013 0.75514561 0.36632154 0.42622514 0.35531463 0.48661366  0.49184074 0.33062598 0.52238768 0.52115181
0.7059925  0.55184266 0.16017393 0.14658576 0.25790597 0.57452197  0.48285914 0.73309068 0.42511526 0.42018515 0.29424057 0.52081183  0.39327316 0.3961466  0.57831626 0.5086333 
0.73462587 0.48906122 0.15019949 0.11569907 0.27281594 0.52151375  0.44388624 0.67712881 0.4903685  0.4068557  0.27608272 0.54502923  0.36948116 0.47535922 0.57273778 0.51290315
0.73462587 0.48906122 0.15019949 0.11569907 0.27281594 0.52151375  0.44388624 0.67712881 0.4903685  0.4068557  0.27608272 0.54502923  0.36948116 0.47535922 0.57273778 0.51290315
0.78540787 0.35067998 0.11509994 0.11997572 0.34516959 0.45345519  0.31319004 0.45482236 0.60082227 0.35481971 0.29652311 0.51571679  0.38143208 0.31263527 0.38606773 0.39081295
0.78540787 0.35067998 0.11509994 0.11997572 0.34516959 0.45345519  0.31319004 0.45482236 0.60082227 0.35481971 0.29652311 0.51571679  0.38143208 0.31263527 0.38606773 0.39081295
0.79773261 0.33603409 0.14275351 0.14607996 0.31533317 0.43265871  0.30737133 0.46061097 0.55350016 0.4044842  0.34172498 0.54475364  0.36523031 0.35238533 0.39169327 0.35445313
0.8182036  0.30266159 0.18220096 0.21319386 0.28069885 0.40339129  0.31440735 0.44943016 0.50879343 0.46338774 0.46439077 0.59347515  0.44129521 0.39022513 0.35694369 0.35779815
0.83736108 0.25875118 0.20465093 0.28605527 0.2854537  0.40827557  0.32075452 0.4536109  0.42496262 0.51152194 0.51686462 0.56018601  0.47414146 0.37689665 0.45585316 0.31640124
0.86432873 0.19413329 0.230216   0.40258364 0.30215079 0.44242002  0.31138419 0.42722888 0.30669577 0.54189834 0.59475375 0.48965901  0.5324558  0.43434779 0.46394627 0.38325808
0.86432873 0.19413329 0.230216   0.40258364 0.30215079 0.44242002  0.31138419 0.42722888 0.30669577 0.54189834 0.59475375 0.48965901  0.5324558  0.43434779 0.46394627 0.38325808
0.87002267 0.17065585 0.22398013 0.44757253 0.33187663 0.4821058  0.32873376 0.43884886 0.28994905 0.52620142 0.56590797 0.45431863  0.53909599 0.43910451 0.52894503 0.36792633
0.88536278 0.10877559 0.22111019 0.57691857 0.38475648 0.54520832  0.39296538 0.47242954 0.29002084 0.53894741 0.57220795 0.4207085  0.56126789 0.42643609 0.54911653 0.46458728
0.88435092 0.10730009 0.22110847 0.57979338 0.3853539  0.54508063  0.39405618 0.47085743 0.29075278 0.53976927 0.57859014 0.40229485  0.59418592 0.40440024 0.57434826 0.4073055 
0.90832577 0.09078233 0.30225237 0.69206043 0.36885191 0.52844237  0.50780488 0.45630165 0.408253   0.43779019 0.57512189 0.51165256  0.63326794 0.34840734 0.53493229 0.50188401
0.91572448 0.09832453 0.33869387 0.70660665 0.36072802 0.51637001  0.52134395 0.42996022 0.41876264 0.37908946 0.56791632 0.50455035  0.64873468 0.31528114 0.57690042 0.52116965
0.92872912 0.11072589 0.40195363 0.72675847 0.36154036 0.49970584  0.54022305 0.40413396 0.42045687 0.3155865  0.56844354 0.50719675  0.65873348 0.26763266 0.64971299 0.52251814
0.93580294 0.07802764 0.4021422  0.83357625 0.40548676 0.56274387  0.66879214 0.49001431 0.55822821 0.23508066 0.45800291 0.65591385  0.57852561 0.31495392 0.52561786 0.40637879
0.93725982 0.07122816 0.40281327 0.85676126 0.41315044 0.57445007  0.6959874  0.50713671 0.58501168 0.21798538 0.43901521 0.68901206  0.55870254 0.33792194 0.49122436 0.38773758
0.94746298 0.05797096 0.43099443 0.90459994 0.43529957 0.57611209  0.76236327 0.53200648 0.65797368 0.2370092  0.38822008 0.66033686  0.52939016 0.32009311 0.51482692 0.39828978
0.94800725 0.05541326 0.43165002 0.91504136 0.43818497 0.58014901  0.77789998 0.5400214  0.67871895 0.22612854 0.37744163 0.68265966  0.52006515 0.31985804 0.49382015 0.39154501
0.94800725 0.05541326 0.43165002 0.91504136 0.43818497 0.58014901  0.77789998 0.5400214  0.67871895 0.22612854 0.37744163 0.68265966  0.52006515 0.31985804 0.49382015 0.39154501
0.94800725 0.05541326 0.43165002 0.91504136 0.43818497 0.58014901  0.77789998 0.5400214  0.67871895 0.22612854 0.37744163 0.68265966  0.52006515 0.31985804 0.49382015 0.39154501
0.94800725 0.05541326 0.43165002 0.91504136 0.43818497 0.58014901  0.77789998 0.5400214  0.67871895 0.22612854 0.37744163 0.68265966  0.52006515 0.31985804 0.49382015 0.39154501
0.94800725 0.05541326 0.43165002 0.91504136 0.43818497 0.58014901  0.77789998 0.5400214  0.67871895 0.22612854 0.37744163 0.68265966  0.52006515 0.31985804 0.49382015 0.39154501
0.94800725 0.05541326 0.43165002 0.91504136 0.43818497 0.58014901  0.77789998 0.5400214  0.67871895 0.22612854 0.37744163 0.68265966  0.52006515 0.31985804 0.49382015 0.39154501
0.94800725 0.05541326 0.43165002 0.91504136 0.43818497 0.58014901  0.77789998 0.5400214  0.67871895 0.22612854 0.37744163 0.68265966  0.52006515 0.31985804 0.49382015 0.39154501
0.94800725 0.05541326 0.43165002 0.91504136 0.43818497 0.58014901  0.77789998 0.5400214  0.67871895 0.22612854 0.37744163 0.68265966  0.52006515 0.31985804 0.49382015 0.39154501
0.94800725 0.05541326 0.43165002 0.91504136 0.43818497 0.58014901  0.77789998 0.5400214  0.67871895 0.22612854 0.37744163 0.68265966  0.52006515 0.31985804 0.49382015 0.39154501
0.94800725 0.05541326 0.43165002 0.91504136 0.43818497 0.58014901  0.77789998 0.5400214  0.67871895 0.22612854 0.37744163 0.68265966  0.52006515 0.31985804 0.49382015 0.39154501
0.94715632 0.05908125 0.43036422 0.90057015 0.43506625 0.57642711  0.75696676 0.53137055 0.65026637 0.23714454 0.3879019  0.658778  0.52765342 0.33120763 0.51403797 0.38413948
0.94715632 0.05908125 0.43036422 0.90057015 0.43506625 0.57642711  0.75696676 0.53137055 0.65026637 0.23714454 0.3879019  0.658778  0.52765342 0.33120763 0.51403797 0.38413948
0.94661205 0.06163894 0.42970863 0.89012874 0.43218085 0.57239019  0.74143006 0.52335562 0.62952109 0.2480252  0.39868035 0.63645521  0.53697842 0.3314427  0.53504474 0.39088425
0.93795796 0.06923829 0.39731584 0.84011659 0.41967781 0.58150575  0.64934454 0.49100729 0.50819229 0.25098869 0.4546288  0.59441131  0.57865046 0.3691638  0.568251   0.39298155
0.93795796 0.06923829 0.39731584 0.84011659 0.41967781 0.58150575  0.64934454 0.49100729 0.50819229 0.25098869 0.4546288  0.59441131  0.57865046 0.3691638  0.568251   0.39298155
0.93795796 0.06923829 0.39731584 0.84011659 0.41967781 0.58150575  0.64934454 0.49100729 0.50819229 0.25098869 0.4546288  0.59441131  0.57865046 0.3691638  0.568251   0.39298155
0.93692596 0.0739154  0.39607647 0.82216075 0.41569794 0.57580578  0.62480561 0.48009718 0.47738921 0.26563074 0.46621436 0.56317641  0.58616156 0.37789361 0.59210149 0.39045102
0.93192519 0.08887109 0.38534669 0.77823386 0.40761327 0.58730763  0.55624761 0.46325422 0.37006892 0.23882279 0.47080918 0.51138725  0.57685147 0.44412303 0.65139038 0.33791216
0.93192519 0.08887109 0.38534669 0.77823386 0.40761327 0.58730763  0.55624761 0.46325422 0.37006892 0.23882279 0.47080918 0.51138725  0.57685147 0.44412303 0.65139038 0.33791216
0.93192519 0.08887109 0.38534669 0.77823386 0.40761327 0.58730763  0.55624761 0.46325422 0.37006892 0.23882279 0.47080918 0.51138725  0.57685147 0.44412303 0.65139038 0.33791216
0.91962816 0.13092795 0.38074267 0.70345379 0.39742563 0.58357354  0.51781966 0.43824107 0.35674154 0.19443606 0.39940919 0.48590086  0.58128912 0.38871281 0.6938984  0.2666466 
0.90680547 0.18262869 0.3800093  0.5872433  0.35607755 0.53652192  0.44245894 0.4009811  0.31743143 0.18489971 0.39708982 0.46565401  0.57596116 0.39486871 0.74039204 0.19063364
0.89183496 0.17380858 0.31587563 0.54725019 0.34651495 0.52337791  0.42078015 0.41264005 0.30852863 0.28611216 0.42087011 0.42294578  0.60115909 0.34070257 0.77645548 0.20296478
0.84873964 0.23425453 0.2216934  0.39102242 0.38691982 0.53918789  0.36990377 0.417312   0.39412062 0.23096907 0.32767293 0.37413258  0.55382829 0.22321919 0.78759332 0.26110421
0.82245984 0.23640212 0.12383621 0.33255946 0.42864756 0.58886781  0.33352882 0.46645749 0.4278991  0.31973461 0.29283077 0.35284039  0.51608975 0.28406873 0.61670311 0.27052326
0.75473415 0.40793144 0.11125642 0.16137807 0.34473499 0.50349524  0.36797703 0.36693907 0.56948902 0.36202902 0.26707337 0.49275389  0.51046714 0.30785249 0.45643493 0.3241475 
0.72762557 0.46968819 0.10532715 0.15973734 0.34538381 0.54165871  0.44093216 0.33999287 0.57136341 0.36585416 0.22587221 0.51023618  0.64871337 0.432931   0.51336467 0.37206411
0.64179101 0.64500586 0.11646375 0.22052992 0.30662877 0.63690098  0.59257602 0.58628219 0.4367292  0.39370406 0.37459307 0.46062406  0.60899271 0.30471805 0.59388613 0.49166212
0.5285742  0.78917237 0.10836181 0.41484499 0.3231666  0.63939141  0.63196879 0.3723932  0.39568727 0.46917039 0.45178965 0.46962024  0.44923705 0.35934097 0.43585082 0.45624961
0.51122529 0.79950986 0.09455724 0.43195576 0.3493868  0.5994669  0.66683861 0.34610602 0.416032   0.46732754 0.53386627 0.462384  0.40329739 0.37544479 0.47961754 0.45658068
0.47473162 0.80224921 0.10314505 0.49281293 0.35742021 0.55625495  0.60144221 0.34442007 0.40124895 0.48147729 0.47331961 0.47938829  0.3365115  0.35206919 0.46808202 0.44822379
0.42028168 0.80784741 0.11641406 0.58350856 0.36955474 0.5054201  0.47295282 0.36227731 0.46939627 0.48447313 0.46813702 0.48494579  0.27618586 0.35193664 0.50308644 0.42450223
0.29082203 0.74719787 0.16258789 0.68412143 0.4126472  0.34081881  0.25984336 0.53401816 0.58778509 0.42852519 0.41939891 0.47200023  0.46984945 0.48043082 0.66770791 0.42820069
0.25348622 0.71136997 0.17563316 0.67688859 0.43151247 0.26742085  0.27495577 0.58244661 0.53373258 0.38449213 0.38678118 0.45763486  0.56439986 0.47958742 0.59795822 0.42736216
0.25348622 0.71136997 0.17563316 0.67688859 0.43151247 0.26742085  0.27495577 0.58244661 0.53373258 0.38449213 0.38678118 0.45763486  0.56439986 0.47958742 0.59795822 0.42736216
0.23476218 0.6886814  0.1873013  0.66667202 0.42877097 0.27141515  0.269237   0.58962159 0.5418727  0.38683453 0.3690882  0.46105598  0.59724024 0.49718258 0.62285176 0.44932239
0.16245523 0.59343213 0.23509932 0.59459143 0.41320232 0.32224017  0.31418677 0.57247317 0.56125817 0.3726809  0.43589716 0.44303721  0.58908273 0.55787912 0.68488373 0.39858882
0.16245523 0.59343213 0.23509932 0.59459143 0.41320232 0.32224017  0.31418677 0.57247317 0.56125817 0.3726809  0.43589716 0.44303721  0.58908273 0.55787912 0.68488373 0.39858882
0.14433704 0.5668951  0.24875335 0.57093611 0.40439113 0.34736586  0.33318921 0.55789852 0.55840351 0.37686752 0.445001   0.44290031  0.56811215 0.55105778 0.68231896 0.39816218
0.14433704 0.5668951  0.24875335 0.57093611 0.40439113 0.34736586  0.33318921 0.55789852 0.55840351 0.37686752 0.445001   0.44290031  0.56811215 0.55105778 0.68231896 0.39816218
0.14433704 0.5668951  0.24875335 0.57093611 0.40439113 0.34736586  0.33318921 0.55789852 0.55840351 0.37686752 0.445001   0.44290031  0.56811215 0.55105778 0.68231896 0.39816218
0.18118012 0.61285744 0.22829913 0.60111866 0.40260866 0.3643277  0.29833209 0.54906901 0.6044496  0.40903618 0.4585974  0.45809236  0.49053805 0.56630747 0.7950381  0.40080595
0.23612577 0.66304253 0.2130809  0.61983619 0.37221914 0.46935711  0.2479071  0.48520075 0.66308755 0.49092778 0.39178109 0.50509427  0.46720625 0.56389994 0.87687046 0.48976423
0.29040628 0.73363718 0.17557477 0.66816594 0.38809412 0.41544383  0.23715094 0.50256649 0.62267628 0.47160587 0.36583077 0.49784199  0.5029275  0.495003   0.71724453 0.49940832
0.36552533 0.77638893 0.16302807 0.62141857 0.33415314 0.56855953  0.26986517 0.47327357 0.65316201 0.46127254 0.43790579 0.47615856  0.56546322 0.43351782 0.56253683 0.50931239
0.36552533 0.77638893 0.16302807 0.62141857 0.33415314 0.56855953  0.26986517 0.47327357 0.65316201 0.46127254 0.43790579 0.47615856  0.56546322 0.43351782 0.56253683 0.50931239
0.48938287 0.79446626 0.39988947 0.69319364 0.15919835 0.66535736  0.21333186 0.35544743 0.53747647 0.26048249 0.50305568 0.52965518  0.72901394 0.45333484 0.44053816 0.44880377
0.48938287 0.79446626 0.39988947 0.69319364 0.15919835 0.66535736  0.21333186 0.35544743 0.53747647 0.26048249 0.50305568 0.52965518  0.72901394 0.45333484 0.44053816 0.44880377
0.5240814  0.80104293 0.49934047 0.70570037 0.11034515 0.66833766  0.21539789 0.35788859 0.56153518 0.23532645 0.41273481 0.51800519  0.72188531 0.46397291 0.38015289 0.525304  
0.54930039 0.82707736 0.61738712 0.7135051  0.13282254 0.64546171  0.21116828 0.34837149 0.54120211 0.22576373 0.3795814  0.43438742  0.61259733 0.49801151 0.41328609 0.47005428
0.55834639 0.85538605 0.68109883 0.6971543  0.17076376 0.64743462  0.20905248 0.33501217 0.54068742 0.18929876 0.34596595 0.38341295  0.5549374  0.52468663 0.39175637 0.4704597 
0.56989248 0.84133322 0.70966124 0.72541901 0.15033867 0.62265802  0.22225473 0.33924259 0.50578787 0.24291359 0.38430733 0.40411614  0.57491342 0.53358852 0.45173601 0.40193205
0.56989248 0.84133322 0.70966124 0.72541901 0.15033867 0.62265802  0.22225473 0.33924259 0.50578787 0.24291359 0.38430733 0.40411614  0.57491342 0.53358852 0.45173601 0.40193205
0.62813913 0.82769997 0.73799342 0.6794265  0.13285694 0.60092589  0.34412586 0.36367784 0.47389395 0.26539303 0.41959269 0.35569656  0.37474861 0.39206325 0.44589519 0.33273412
0.63108965 0.8402354  0.76383741 0.66373144 0.17985562 0.60985051  0.33320791 0.36213428 0.46545654 0.26046911 0.41480941 0.35023259  0.36192475 0.39149374 0.45192424 0.31231994
0.64892906 0.82892623 0.76264642 0.62018871 0.17779659 0.61835987  0.36698665 0.40671551 0.46431953 0.23109354 0.4431628  0.33263444  0.44200089 0.42187547 0.46178575 0.32439807
0.68264986 0.81247501 0.75769764 0.59116377 0.17343249 0.58800093  0.39132205 0.43582587 0.38810868 0.24793348 0.39890958 0.34792292  0.2593625  0.31812513 0.47564195 0.3069255 
0.71575372 0.77128019 0.76700845 0.52353374 0.1620627  0.5792387  0.38043167 0.57457366 0.38782698 0.24256405 0.39295833 0.34483104  0.27099976 0.31166589 0.50507263 0.33699286
0.71886226 0.78803629 0.80207023 0.49186213 0.27229875 0.60649216  0.35292574 0.58179436 0.36083189 0.2586418  0.43582261 0.40313744  0.28276692 0.3011153  0.50453169 0.34030497
0.7216487  0.79942107 0.82488435 0.47086537 0.33726984 0.61733406  0.3424409  0.58659118 0.35123322 0.27215467 0.44774751 0.43219422  0.28391071 0.2931904  0.50558544 0.3527024 
0.75529804 0.76159003 0.81898767 0.39459127 0.3479431  0.58495037  0.38765759 0.65056218 0.36102142 0.24259822 0.47113601 0.42774773  0.31267234 0.30899987 0.62688427 0.35995636
0.79425672 0.76117678 0.85565472 0.27213428 0.56744494 0.57511195  0.43886741 0.6685326  0.27530457 0.32389096 0.51196057 0.59412691  0.39720749 0.25821609 0.7069271  0.45808536
0.81182335 0.75756785 0.84969056 0.22874247 0.62248894 0.56200172  0.50286468 0.64973457 0.20976881 0.34304421 0.53257673 0.65427312  0.40170998 0.25289199 0.74284033 0.4864193 
0.81182335 0.75756785 0.84969056 0.22874247 0.62248894 0.56200172  0.50286468 0.64973457 0.20976881 0.34304421 0.53257673 0.65427312  0.40170998 0.25289199 0.74284033 0.4864193 
0.81182335 0.75756785 0.84969056 0.22874247 0.62248894 0.56200172  0.50286468 0.64973457 0.20976881 0.34304421 0.53257673 0.65427312  0.40170998 0.25289199 0.74284033 0.4864193 
0.81189483 0.75862586 0.85038403 0.22715054 0.62829115 0.56496795  0.49900443 0.65229973 0.20586236 0.34231363 0.5413593  0.6742327  0.39400483 0.24372458 0.74812166 0.51124829
0.81189483 0.75862586 0.85038403 0.22715054 0.62829115 0.56496795  0.49900443 0.65229973 0.20586236 0.34231363 0.5413593  0.6742327  0.39400483 0.24372458 0.74812166 0.51124829
0.82351523 0.71601421 0.82902575 0.23142144 0.5898308  0.52801582  0.46494268 0.65802018 0.22281194 0.26867894 0.59986436 0.68685092  0.33379608 0.24172854 0.70452432 0.51712374
0.83854921 0.68565815 0.82359279 0.2070662  0.59775811 0.50461278  0.45425989 0.61101565 0.26181942 0.26331212 0.55521539 0.70909307  0.35360605 0.32079719 0.74293962 0.52666458
0.86207098 0.59647364 0.7551549  0.20260928 0.49881245 0.42918368  0.45331776 0.52095045 0.34654747 0.21043599 0.4788093  0.7355298  0.36506444 0.43440404 0.80532577 0.55972438
0.87356645 0.48283811 0.6257512  0.26736906 0.270613   0.34351915  0.41349252 0.4456051  0.40643972 0.09501039 0.47172985 0.54455551  0.31511635 0.45564901 0.59691338 0.44908934
0.90482606 0.37867872 0.59100926 0.32256941 0.24491573 0.28277313  0.38722206 0.28034547 0.48823422 0.17201332 0.47291063 0.52308861  0.39663834 0.43439866 0.5181313  0.41335305
0.90264682 0.3696266  0.5730582  0.32902027 0.22621337 0.27604158  0.39995356 0.28838757 0.49723022 0.20283547 0.47757486 0.52612907  0.44412367 0.38830935 0.55491798 0.37508444
0.91023784 0.25021948 0.47101127 0.47537547 0.27424345 0.37608353  0.36360657 0.2983984  0.3278719  0.25005313 0.59245977 0.44492707  0.54457359 0.38983899 0.59297237 0.50121424
0.91799904 0.22011506 0.46368444 0.51882052 0.30100197 0.4101294  0.35669317 0.2926518  0.28429081 0.24420863 0.59246679 0.38904632  0.56153972 0.36747467 0.64890424 0.52125374
0.92280072 0.1622755  0.41908812 0.60853787 0.35327642 0.48581126  0.40734458 0.35029809 0.26005067 0.28355483 0.54494434 0.33684114  0.60140527 0.36941508 0.76001135 0.43283206
0.91800539 0.14946519 0.38709156 0.61238228 0.33689103 0.49206987  0.39635625 0.3548065  0.23558563 0.2948624  0.58035386 0.38544806  0.63242939 0.38323684 0.74550334 0.44045232
0.91800539 0.14946519 0.38709156 0.61238228 0.33689103 0.49206987  0.39635625 0.3548065  0.23558563 0.2948624  0.58035386 0.38544806  0.63242939 0.38323684 0.74550334 0.44045232
0.91402027 0.13737701 0.35954636 0.61701541 0.31669014 0.48755252  0.40412609 0.36449026 0.24440307 0.35004392 0.59010461 0.39255922  0.66888371 0.39952586 0.71817936 0.4239418 
0.91402027 0.13737701 0.35954636 0.61701541 0.31669014 0.48755252  0.40412609 0.36449026 0.24440307 0.35004392 0.59010461 0.39255922  0.66888371 0.39952586 0.71817936 0.4239418 
0.91402027 0.13737701 0.35954636 0.61701541 0.31669014 0.48755252  0.40412609 0.36449026 0.24440307 0.35004392 0.59010461 0.39255922  0.66888371 0.39952586 0.71817936 0.4239418 
0.90487259 0.13188444 0.32227207 0.59924966 0.34004372 0.49827647  0.40408073 0.39226531 0.25406663 0.37791787 0.57355283 0.37821132  0.63243446 0.35486948 0.74866483 0.40637222
0.90500075 0.13706384 0.3238318  0.59223046 0.33607868 0.50873404  0.37747715 0.38063276 0.2338914  0.35836536 0.57982664 0.38280166  0.62243059 0.43088532 0.67269076 0.43910383
0.88189195 0.15051811 0.24743571 0.52488412 0.3686099  0.55832073  0.34078794 0.43007146 0.22755579 0.44633216 0.4848629  0.35082094  0.59191513 0.4840195  0.60056954 0.29773101
0.849818   0.16407    0.14710879 0.45207954 0.44274054 0.60927163  0.32738211 0.46804693 0.30731152 0.40022369 0.38890151 0.28150507  0.48916749 0.37573422 0.59605731 0.38393765
0.83749326 0.1787159  0.11945522 0.42597529 0.47257696 0.63006811  0.33320082 0.46225832 0.35463363 0.3505592  0.34369964 0.25246822  0.50536926 0.33598415 0.59043177 0.42029748
0.81036393 0.2444151  0.09149006 0.30259365 0.45205331 0.59345185  0.3400093  0.48157551 0.47782038 0.31524463 0.26862794 0.3355106  0.45277779 0.26284617 0.61266333 0.34944245
0.74564607 0.36424325 0.05600375 0.28938989 0.46712473 0.60454589  0.45182825 0.32101079 0.53758811 0.29302955 0.31616609 0.33542177  0.67106632 0.33893474 0.63522394 0.44512629
0.62866709 0.57206834 0.0437504  0.280199   0.43622841 0.4740395  0.58806453 0.09071287 0.63965277 0.37195655 0.43119911 0.49190796  0.61028364 0.5390613  0.54476759 0.40296577
0.4955831  0.68366988 0.06142152 0.46105112 0.4607314  0.37474645  0.6183474  0.15466709 0.43002054 0.43094765 0.4208724  0.48545777  0.37363822 0.42018376 0.58357428 0.3027106 
0.43701468 0.78014568 0.0949218  0.51106731 0.41768424 0.39479653  0.62691438 0.38661433 0.37746451 0.44536107 0.50827417 0.46761516  0.31566438 0.40591863 0.57008427 0.38068809
0.23427384 0.64569934 0.18451101 0.58484507 0.44297302 0.23590419  0.47460152 0.4904896  0.3002527  0.39978543 0.27628419 0.48246039  0.47438616 0.35136312 0.3907887  0.45565659
0.08837313 0.49349274 0.28301688 0.52244009 0.39707778 0.33667853  0.39970993 0.54279457 0.41499696 0.3711332  0.29385644 0.45910554  0.67842059 0.39321697 0.36828835 0.52620442
0.03530472 0.41371177 0.32449245 0.44717499 0.36543573 0.42942868  0.4584486  0.49182641 0.42935187 0.38251683 0.3665383  0.45119726  0.57400726 0.38653202 0.39012683 0.47468522
0.00039479 0.36283831 0.35232302 0.39930133 0.34523319 0.50234819  0.48417291 0.45702496 0.47508945 0.39693445 0.45000532 0.44589633  0.47476172 0.42761975 0.50206904 0.41641874
0.00039479 0.36283831 0.35232302 0.39930133 0.34523319 0.50234819  0.48417291 0.45702496 0.47508945 0.39693445 0.45000532 0.44589633  0.47476172 0.42761975 0.50206904 0.41641874
0.00039479 0.36283831 0.35232302 0.39930133 0.34523319 0.50234819  0.48417291 0.45702496 0.47508945 0.39693445 0.45000532 0.44589633  0.47476172 0.42761975 0.50206904 0.41641874
0.00039479 0.36283831 0.35232302 0.39930133 0.34523319 0.50234819  0.48417291 0.45702496 0.47508945 0.39693445 0.45000532 0.44589633  0.47476172 0.42761975 0.50206904 0.41641874
0.00039479 0.36283831 0.35232302 0.39930133 0.34523319 0.50234819  0.48417291 0.45702496 0.47508945 0.39693445 0.45000532 0.44589633  0.47476172 0.42761975 0.50206904 0.41641874
0.00039479 0.36283831 0.35232302 0.39930133 0.34523319 0.50234819  0.48417291 0.45702496 0.47508945 0.39693445 0.45000532 0.44589633  0.47476172 0.42761975 0.50206904 0.41641874
0.00039479 0.36283831 0.35232302 0.39930133 0.34523319 0.50234819  0.48417291 0.45702496 0.47508945 0.39693445 0.45000532 0.44589633  0.47476172 0.42761975 0.50206904 0.41641874
0.00039479 0.36283831 0.35232302 0.39930133 0.34523319 0.50234819  0.48417291 0.45702496 0.47508945 0.39693445 0.45000532 0.44589633  0.47476172 0.42761975 0.50206904 0.41641874
0.00039479 0.36283831 0.35232302 0.39930133 0.34523319 0.50234819  0.48417291 0.45702496 0.47508945 0.39693445 0.45000532 0.44589633  0.47476172 0.42761975 0.50206904 0.41641874
0.00039479 0.36283831 0.35232302 0.39930133 0.34523319 0.50234819  0.48417291 0.45702496 0.47508945 0.39693445 0.45000532 0.44589633  0.47476172 0.42761975 0.50206904 0.41641874
0.07091997 0.46593429 0.29862427 0.49336482 0.38136599 0.393106  0.40965829 0.51944349 0.4668433  0.38705615 0.36499722 0.45641052  0.58682842 0.4362686  0.49239979 0.48542445
0.29199941 0.73762242 0.16576806 0.64661057 0.40348649 0.37307385  0.31245676 0.53607684 0.59883493 0.37710897 0.55458364 0.42252543  0.48074212 0.4609062  0.53649484 0.36878699
0.47504771 0.81068316 0.10684289 0.50897495 0.34185231 0.59683515  0.55071348 0.33984459 0.45412722 0.50016313 0.47218942 0.48944874  0.35304037 0.33302527 0.44791077 0.4867838 
0.54644978 0.77232352 0.09582484 0.34712351 0.34185412 0.61325183  0.71214736 0.45680348 0.41778916 0.41562658 0.56980044 0.43204295  0.55008453 0.4215556  0.49818758 0.48664996
0.64508072 0.65265402 0.13494245 0.19084885 0.28124137 0.6281543  0.59554035 0.74328506 0.41761212 0.40830666 0.40399976 0.4631499  0.53068227 0.31635145 0.6036428  0.53214929
0.70268597 0.54659498 0.13405907 0.1589556  0.29256827 0.59950801  0.5070063  0.55255619 0.45201439 0.4340475  0.20658731 0.52688651  0.58505672 0.42811441 0.65727933 0.45196229
0.79502495 0.36491137 0.18452248 0.17840718 0.26705614 0.44256173  0.34378938 0.49127203 0.48072217 0.44770183 0.36644944 0.57446718  0.44985676 0.42219037 0.46605713 0.29719448
0.86136896 0.3069621  0.34823567 0.29622564 0.1812462  0.31420732  0.36898584 0.39716646 0.48536864 0.49336829 0.52163406 0.57667883  0.49148457 0.50519949 0.3552627  0.28549906
0.91256067 0.3577355  0.60605516 0.36854216 0.18765047 0.19588742  0.52288276 0.31579618 0.71491793 0.39847795 0.42917835 0.432571  0.46239425 0.31750109 0.48195318 0.46191104
0.92807877 0.41407149 0.72772492 0.30785108 0.36718864 0.20756181  0.51245892 0.31266589 0.76738275 0.46570202 0.36058782 0.30150208  0.42429635 0.39219477 0.37145038 0.42679092
0.92807877 0.41407149 0.72772492 0.30785108 0.36718864 0.20756181  0.51245892 0.31266589 0.76738275 0.46570202 0.36058782 0.30150208  0.42429635 0.39219477 0.37145038 0.42679092
0.92807877 0.41407149 0.72772492 0.30785108 0.36718864 0.20756181  0.51245892 0.31266589 0.76738275 0.46570202 0.36058782 0.30150208  0.42429635 0.39219477 0.37145038 0.42679092
0.92409365 0.40198331 0.70017973 0.31248421 0.34698776 0.20304445  0.52022877 0.32234965 0.7762002  0.52088354 0.37033858 0.30861324  0.46075067 0.40848379 0.34412641 0.41028041
0.91670265 0.36962953 0.63575646 0.34655664 0.24313244 0.18095111  0.5472322  0.33099017 0.77807777 0.51409253 0.39477676 0.35738441  0.50270699 0.33571357 0.41982852 0.4249526 
0.91670265 0.36962953 0.63575646 0.34655664 0.24313244 0.18095111  0.5472322  0.33099017 0.77807777 0.51409253 0.39477676 0.35738441  0.50270699 0.33571357 0.41982852 0.4249526 
0.90386248 0.3356627  0.55167808 0.36328302 0.18508735 0.18861803  0.54075212 0.35362932 0.73839615 0.54279625 0.44900434 0.44338516  0.53813473 0.31853559 0.43746704 0.40880711
0.89974868 0.31988085 0.52082675 0.373105   0.16935982 0.18895625  0.5423815  0.35474286 0.7270547  0.53553437 0.48219934 0.5003217  0.5637425  0.29413628 0.45179137 0.43658725
0.88225285 0.29504074 0.42693973 0.37637659 0.16154701 0.24850874  0.48138046 0.37168645 0.63962006 0.52073287 0.53975845 0.61537071  0.60136182 0.29069008 0.45764321 0.3591991 
0.87485414 0.28749853 0.39049824 0.36183036 0.16967091 0.2605811  0.46784138 0.39802788 0.62911041 0.5794336  0.54696402 0.62247292  0.58589508 0.32381628 0.41567508 0.33991346
0.87485414 0.28749853 0.39049824 0.36183036 0.16967091 0.2605811  0.46784138 0.39802788 0.62911041 0.5794336  0.54696402 0.62247292  0.58589508 0.32381628 0.41567508 0.33991346
0.86570646 0.28200596 0.35322395 0.34406462 0.19302448 0.27130506  0.46779601 0.42580293 0.63877397 0.60730755 0.53041224 0.60812503  0.54944582 0.2791599  0.44616055 0.32234388
0.86570646 0.28200596 0.35322395 0.34406462 0.19302448 0.27130506  0.46779601 0.42580293 0.63877397 0.60730755 0.53041224 0.60812503  0.54944582 0.2791599  0.44616055 0.32234388
0.86732121 0.24584727 0.32015321 0.37972486 0.23511438 0.31118437  0.44061116 0.42226718 0.5562866  0.61557564 0.58495313 0.58691195  0.59260971 0.29503387 0.43826539 0.35642552
0.88990095 0.15772088 0.30393127 0.51487324 0.31069168 0.40054251  0.42912983 0.4184763  0.43000192 0.61922178 0.6131476  0.42557773  0.61669974 0.27726615 0.52971257 0.47130407
0.88990095 0.15772088 0.30393127 0.51487324 0.31069168 0.40054251  0.42912983 0.4184763  0.43000192 0.61922178 0.6131476  0.42557773  0.61669974 0.27726615 0.52971257 0.47130407
0.88990095 0.15772088 0.30393127 0.51487324 0.31069168 0.40054251  0.42912983 0.4184763  0.43000192 0.61922178 0.6131476  0.42557773  0.61669974 0.27726615 0.52971257 0.47130407
0.88931369 0.13080331 0.26701697 0.54965542 0.33968459 0.46698372  0.40501496 0.42630245 0.34840603 0.57447421 0.60803397 0.41300721  0.63546172 0.33864467 0.5673901  0.43442147
0.88931369 0.13080331 0.26701697 0.54965542 0.33968459 0.46698372  0.40501496 0.42630245 0.34840603 0.57447421 0.60803397 0.41300721  0.63546172 0.33864467 0.5673901  0.43442147
0.88931369 0.13080331 0.26701697 0.54965542 0.33968459 0.46698372  0.40501496 0.42630245 0.34840603 0.57447421 0.60803397 0.41300721  0.63546172 0.33864467 0.5673901  0.43442147
0.89421507 0.10945336 0.26308394 0.59636791 0.36430661 0.50371555  0.42716234 0.44880402 0.33393128 0.56109932 0.5884629  0.39642813  0.63741284 0.3507294  0.60889352 0.41849426
0.89013887 0.1199792  0.25297729 0.56905142 0.36134638 0.52317979  0.38090803 0.44564123 0.25294557 0.52029824 0.57705205 0.37762233  0.61467194 0.4246209  0.63775425 0.34726362
0.86973916 0.12465766 0.18277251 0.51749235 0.41108689 0.55981166  0.35410087 0.47621456 0.27762652 0.50825209 0.52570585 0.33359999  0.52189645 0.40125334 0.6172476  0.39767421
0.82049598 0.20807883 0.0910421  0.349297   0.47136069 0.59792033  0.31753393 0.45487476 0.41902966 0.35944411 0.33906788 0.25171751  0.44010618 0.30267686 0.54488857 0.51514389
0.82049598 0.20807883 0.0910421  0.349297   0.47136069 0.59792033  0.31753393 0.45487476 0.41902966 0.35944411 0.33906788 0.25171751  0.44010618 0.30267686 0.54488857 0.51514389
0.68366309 0.54567752 0.08277055 0.17491726 0.36002047 0.56729231  0.54976705 0.31560378 0.58664961 0.36170185 0.26258424 0.51163546  0.75220509 0.53956235 0.59103227 0.47358705
0.6155911  0.60741275 0.05103088 0.28287729 0.41770594 0.49952056  0.62323357 0.13737687 0.60133547 0.39398473 0.40847316 0.50577038  0.61566969 0.57617517 0.61888168 0.43823748
0.6155911  0.60741275 0.05103088 0.28287729 0.41770594 0.49952056  0.62323357 0.13737687 0.60133547 0.39398473 0.40847316 0.50577038  0.61566969 0.57617517 0.61888168 0.43823748
0.47390098 0.78983621 0.09101514 0.47149988 0.39310996 0.48125372  0.66714357 0.34680704 0.37954804 0.46461755 0.51750186 0.46945842  0.31924056 0.4065739  0.56646961 0.40475853
0.4005181  0.78538641 0.10254264 0.57581323 0.42714935 0.35241199  0.55497478 0.38834311 0.37465141 0.46162841 0.46620647 0.48153606  0.23122988 0.38353789 0.55553547 0.37178495
0.4005181  0.78538641 0.10254264 0.57581323 0.42714935 0.35241199  0.55497478 0.38834311 0.37465141 0.46162841 0.46620647 0.48153606  0.23122988 0.38353789 0.55553547 0.37178495
0.4005181  0.78538641 0.10254264 0.57581323 0.42714935 0.35241199  0.55497478 0.38834311 0.37465141 0.46162841 0.46620647 0.48153606  0.23122988 0.38353789 0.55553547 0.37178495
0.45630139 0.80157215 0.0980754  0.51469056 0.38281276 0.49444844  0.60822129 0.33936496 0.39297573 0.47597134 0.50092787 0.47594578  0.27232204 0.36783261 0.50650509 0.40978468
0.45630139 0.80157215 0.0980754  0.51469056 0.38281276 0.49444844  0.60822129 0.33936496 0.39297573 0.47597134 0.50092787 0.47594578  0.27232204 0.36783261 0.50650509 0.40978468
0.49362571 0.81124581 0.1016175  0.47514645 0.3390896  0.61266162  0.60791633 0.33866394 0.42945969 0.47868133 0.51729227 0.46887136  0.35637887 0.33670351 0.41965302 0.46160683
0.51122529 0.79950986 0.09455724 0.43195576 0.3493868  0.5994669  0.66683861 0.34610602 0.416032   0.46732754 0.53386627 0.462384  0.40329739 0.37544479 0.47961754 0.45658068
0.56324047 0.75110964 0.09211211 0.30418254 0.34843496 0.59677457  0.7318537  0.49777815 0.44141285 0.39386804 0.58813656 0.42747788  0.60811379 0.45263783 0.56700873 0.50068664
0.64107473 0.6227693  0.08976846 0.18888162 0.34856009 0.54452995  0.64426091 0.44743431 0.55988945 0.35824512 0.40577464 0.49320379  0.6727794  0.6165591  0.6636892  0.52794057
0.73026836 0.47971495 0.11945986 0.13607513 0.3209652  0.55310198  0.45368081 0.45928845 0.52987026 0.40483831 0.18961421 0.53374962  0.59902568 0.44785654 0.6082009  0.41941203
0.75728743 0.41096125 0.10916896 0.1212098  0.34641582 0.49149097  0.38723597 0.42630405 0.60342859 0.35946672 0.26170413 0.51478543  0.55259635 0.41567793 0.46822919 0.38144778
0.88190584 0.50046137 0.66880449 0.24393563 0.39303008 0.33080439  0.48586308 0.2702549  0.60196709 0.33202263 0.26737788 0.37477524  0.58559733 0.57369949 0.51543615 0.27295193
0.8957136  0.54662996 0.77964395 0.17557641 0.59837613 0.33377943  0.48015939 0.28366165 0.65239846 0.43390753 0.25973793 0.3372065  0.57673803 0.56291266 0.48566672 0.26762529
0.89869821 0.56120132 0.81200636 0.14596506 0.70008693 0.35302314  0.46024757 0.29937961 0.63618015 0.4660379  0.30969039 0.40337587  0.58439849 0.53079643 0.48724695 0.30295372
0.88626914 0.59416713 0.82363283 0.14262449 0.68059567 0.35831425  0.4856323  0.38375092 0.62023893 0.46368455 0.35262912 0.39625069  0.56116179 0.56461816 0.47628147 0.33136468
0.88626914 0.59416713 0.82363283 0.14262449 0.68059567 0.35831425  0.4856323  0.38375092 0.62023893 0.46368455 0.35262912 0.39625069  0.56116179 0.56461816 0.47628147 0.33136468
0.90097185 0.5677809  0.83607029 0.13982223 0.66394373 0.34373  0.45013159 0.42521444 0.59343941 0.48692162 0.33113304 0.40331923  0.44296264 0.50145926 0.5133763  0.31050364
0.89950443 0.55964681 0.81956713 0.15342355 0.61594451 0.32897883  0.46594278 0.42008339 0.61474572 0.49638861 0.30249086 0.36115044  0.45071294 0.51543377 0.50231617 0.28980141
0.9119335  0.52668099 0.80794067 0.15676412 0.63543577 0.32368772  0.44055805 0.33571209 0.63068694 0.49874197 0.25955213 0.36827562  0.47394964 0.48161204 0.51328164 0.26139045
0.9220574  0.47949956 0.77370448 0.19056336 0.54536605 0.28166506  0.42206515 0.30796812 0.66551991 0.42068902 0.26842053 0.27124432  0.42027457 0.45624691 0.42418098 0.21035382
0.91778833 0.47171352 0.74690785 0.2061904  0.52025439 0.3146116  0.38620988 0.28782992 0.58130147 0.29767288 0.30231271 0.35398396  0.42285139 0.43568593 0.48251198 0.1959937 
0.89835892 0.40922682 0.6018989  0.26592128 0.33935013 0.31356017  0.38259001 0.28472706 0.50333824 0.16864603 0.37671023 0.50589111  0.44468014 0.35586861 0.58985607 0.27951747
0.88265604 0.3660862  0.49649839 0.29274246 0.2620209  0.31133915  0.39897409 0.32448506 0.50824717 0.26284035 0.40137444 0.53938029  0.5359995  0.27144435 0.65705842 0.18601902
0.87491018 0.34074046 0.43865784 0.31228193 0.19863682 0.30867314  0.39890371 0.33053703 0.49221955 0.27907184 0.44156724 0.59345117  0.57984748 0.28583562 0.63652136 0.21405345
0.87240505 0.29510772 0.37310737 0.3501534  0.20446153 0.36495711  0.35829573 0.33068035 0.39260674 0.2993582  0.47505715 0.56745145  0.64538973 0.33638213 0.63780804 0.19603158
0.88590219 0.20207134 0.32533965 0.47040018 0.29692443 0.44654225  0.35106727 0.35420655 0.28007356 0.3525761  0.52350671 0.39873905  0.6110902  0.32141079 0.680952   0.35536696
0.90487259 0.13188444 0.32227207 0.59924966 0.34004372 0.49827647  0.40408073 0.39226531 0.25406663 0.37791787 0.57355283 0.37821132  0.63243446 0.35486948 0.74866483 0.40637222
0.90487259 0.13188444 0.32227207 0.59924966 0.34004372 0.49827647  0.40408073 0.39226531 0.25406663 0.37791787 0.57355283 0.37821132  0.63243446 0.35486948 0.74866483 0.40637222
0.91163885 0.10035361 0.31917874 0.69194236 0.38473077 0.56437743  0.49926356 0.47056339 0.33211821 0.32075551 0.47925508 0.47562576  0.56808002 0.4285428  0.67618793 0.26995087
0.91556081 0.08365626 0.31668145 0.72957434 0.40614698 0.5927949  0.52417499 0.49163933 0.34023104 0.31072867 0.4521921  0.46972042  0.55088942 0.46733578 0.67246927 0.25895222
0.91633475 0.08001389 0.31618182 0.74150907 0.4129619  0.60210963  0.5396511  0.50432478 0.35802833 0.29906622 0.43132457 0.49026718  0.53026577 0.48894572 0.64742908 0.23043036
0.92041095 0.06948805 0.32628847 0.76882557 0.41592213 0.58264539  0.58590541 0.50748757 0.43901404 0.3398673  0.44273541 0.50907299  0.55300667 0.41505422 0.61856835 0.301661  
0.92041095 0.06948805 0.32628847 0.76882557 0.41592213 0.58264539  0.58590541 0.50748757 0.43901404 0.3398673  0.44273541 0.50907299  0.55300667 0.41505422 0.61856835 0.301661  
0.92364253 0.05712212 0.33013422 0.80435248 0.42054112 0.58336471  0.6257025  0.51656128 0.48733292 0.35101689 0.45455147 0.54350307  0.57897378 0.36347411 0.60065096 0.34654085
0.92364253 0.05712212 0.33013422 0.80435248 0.42054112 0.58336471  0.6257025  0.51656128 0.48733292 0.35101689 0.45455147 0.54350307  0.57897378 0.36347411 0.60065096 0.34654085
0.9245671  0.05269227 0.33075734 0.82096286 0.42566556 0.5913271  0.64800621 0.53024145 0.5136675  0.33702376 0.4385458  0.57648643  0.56554297 0.37113619 0.5702228  0.32784907
0.92624068 0.0448215  0.33143194 0.84795065 0.43501431 0.60565083  0.6801965  0.55171242 0.54639512 0.31618997 0.41371234 0.61768171  0.53762715 0.40308097 0.52416683 0.3007734 
0.92745315 0.03905932 0.33147364 0.86696976 0.44304288 0.61772613  0.70292404 0.56932546 0.57031488 0.30145886 0.39151375 0.64595  0.5139141  0.42863195 0.49059934 0.27393635
0.92763134 0.03820142 0.33128595 0.86956179 0.44489762 0.62037353  0.70589008 0.57287988 0.57340337 0.29808193 0.38545541 0.65002934  0.50441907 0.44068208 0.4810578  0.26607725
0.92763134 0.03820142 0.33128595 0.86956179 0.44489762 0.62037353  0.70589008 0.57287988 0.57340337 0.29808193 0.38545541 0.65002934  0.50441907 0.44068208 0.4810578  0.26607725
0.92763134 0.03820142 0.33128595 0.86956179 0.44489762 0.62037353  0.70589008 0.57287988 0.57340337 0.29808193 0.38545541 0.65002934  0.50441907 0.44068208 0.4810578  0.26607725
0.92763134 0.03820142 0.33128595 0.86956179 0.44489762 0.62037353  0.70589008 0.57287988 0.57340337 0.29808193 0.38545541 0.65002934  0.50441907 0.44068208 0.4810578  0.26607725
0.92763134 0.03820142 0.33128595 0.86956179 0.44489762 0.62037353  0.70589008 0.57287988 0.57340337 0.29808193 0.38545541 0.65002934  0.50441907 0.44068208 0.4810578  0.26607725
0.92763134 0.03820142 0.33128595 0.86956179 0.44489762 0.62037353  0.70589008 0.57287988 0.57340337 0.29808193 0.38545541 0.65002934  0.50441907 0.44068208 0.4810578  0.26607725
0.92763134 0.03820142 0.33128595 0.86956179 0.44489762 0.62037353  0.70589008 0.57287988 0.57340337 0.29808193 0.38545541 0.65002934  0.50441907 0.44068208 0.4810578  0.26607725
0.92854735 0.03396141 0.33232922 0.88618222 0.44900406 0.62630722  0.7293159  0.584312   0.60309954 0.28316305 0.3722268  0.68174488  0.4946919  0.43661477 0.4549238  0.2610703 
0.92854735 0.03396141 0.33232922 0.88618222 0.44900406 0.62630722  0.7293159  0.584312   0.60309954 0.28316305 0.3722268  0.68174488  0.4946919  0.43661477 0.4549238  0.2610703 
0.92121233 0.02959838 0.29947593 0.8705302  0.46218282 0.63913818  0.71968228 0.61134649 0.61248812 0.36684269 0.36852045 0.67405367  0.49239611 0.47323999 0.38598136 0.22124734
0.92121233 0.02959838 0.29947593 0.8705302  0.46218282 0.63913818  0.71968228 0.61134649 0.61248812 0.36684269 0.36852045 0.67405367  0.49239611 0.47323999 0.38598136 0.22124734
0.91381363 0.02205617 0.26303444 0.85598398 0.47030671 0.65121054  0.7061432  0.63768791 0.60197848 0.42554343 0.37572602 0.68115589  0.47692938 0.50636619 0.34401323 0.2019617 
0.91381363 0.02205617 0.26303444 0.85598398 0.47030671 0.65121054  0.7061432  0.63768791 0.60197848 0.42554343 0.37572602 0.68115589  0.47692938 0.50636619 0.34401323 0.2019617 
0.91381363 0.02205617 0.26303444 0.85598398 0.47030671 0.65121054  0.7061432  0.63768791 0.60197848 0.42554343 0.37572602 0.68115589  0.47692938 0.50636619 0.34401323 0.2019617 
0.91150696 0.03291626 0.26213716 0.81775241 0.45631697 0.63055415  0.6570238  0.60508833 0.54527405 0.45857034 0.41721156 0.61709272  0.51986464 0.4728324  0.41325626 0.24166479
0.91150696 0.03291626 0.26213716 0.81775241 0.45631697 0.63055415  0.6570238  0.60508833 0.54527405 0.45857034 0.41721156 0.61709272  0.51986464 0.4728324  0.41325626 0.24166479
0.90743076 0.0434421  0.25203051 0.79043592 0.45335674 0.6500184  0.6107695  0.60192554 0.46428834 0.41776926 0.40580072 0.59828691  0.49712373 0.5467239  0.44211699 0.17043416
0.90597388 0.05024158 0.25135943 0.76725091 0.44569306 0.6383122  0.58357424 0.58480315 0.43750488 0.43486454 0.42478842 0.5651887  0.51694681 0.52375588 0.47651048 0.18907537
0.89114542 0.06867044 0.21301995 0.70114709 0.46974097 0.65042569  0.5386239  0.5858117  0.41843447 0.40708588 0.3777499  0.48839678  0.45275008 0.51163222 0.5310723  0.18787854
0.86142608 0.10836267 0.1425505  0.61310981 0.53019449 0.71708707  0.50427716 0.59222837 0.45003037 0.31132926 0.22380709 0.41821064  0.40974578 0.48662437 0.51874751 0.15713618
0.84895543 0.12684535 0.11336498 0.56823471 0.54549514 0.73390127  0.4687712  0.57431778 0.45859533 0.27170756 0.20147138 0.36452409  0.40320056 0.4700604  0.48919603 0.24435561
0.83685952 0.13485833 0.08101883 0.5382689  0.56890089 0.73848532  0.47525168 0.5894358  0.50851661 0.26721758 0.17726855 0.3471943  0.33988861 0.44883784 0.48515625 0.32327481
0.82272734 0.19224794 0.08544414 0.42075078 0.51410388 0.67383802  0.41967892 0.54838358 0.51513335 0.27797562 0.19106931 0.36473277  0.37694617 0.36635916 0.53689347 0.28878276
0.73580381 0.34071901 0.03567997 0.38483397 0.53699592 0.62558652  0.54289984 0.34053513 0.56946877 0.25083148 0.33463785 0.33417689  0.60670706 0.39360303 0.71643967 0.37035479
0.68563525 0.39421357 0.01271982 0.46355697 0.57777541 0.59746511  0.59513606 0.18736708 0.58996418 0.26387387 0.42626873 0.33227052  0.58623858 0.45573393 0.69902799 0.35066667
0.65586655 0.48920042 0.0297579  0.36204436 0.49903181 0.53770182  0.56797818 0.15511176 0.58088024 0.3290605  0.46680112 0.37328941  0.5958644  0.38699141 0.65258952 0.39409638
0.48964759 0.6329476  0.0605296  0.46632952 0.4892438  0.31079893  0.57228787 0.12242415 0.440693   0.41368199 0.3754708  0.48668533  0.39715684 0.38977761 0.53811776 0.29239336
0.40588714 0.67608612 0.08344301 0.54229005 0.50265366 0.22222816  0.55938275 0.28889742 0.35175802 0.40675163 0.37150743 0.47479513  0.38897718 0.37150231 0.57100166 0.29266614
0.28789067 0.69236764 0.14426571 0.59969813 0.47560329 0.16314422  0.50045994 0.50453736 0.28645284 0.40603301 0.26796056 0.49228663  0.49882729 0.42289847 0.51481512 0.44564443
0.26960444 0.68153895 0.1559115  0.60840039 0.47088176 0.17642451  0.44722812 0.53619165 0.35961886 0.39663322 0.29507872 0.48441117  0.58928351 0.46489265 0.55342879 0.46514503
0.12425167 0.51607436 0.25538578 0.5188985  0.41734613 0.28102709  0.46675122 0.51268272 0.31184647 0.39364458 0.20441174 0.48853369  0.67037269 0.34217413 0.31239051 0.56340722
0.10704756 0.51889559 0.26933743 0.54245873 0.40326867 0.31132728  0.39326949 0.55290705 0.39654177 0.36124881 0.2782089  0.45694853  0.70291732 0.36539404 0.30099361 0.52061242
0.01779563 0.38669558 0.33863985 0.42004769 0.35385851 0.46460162  0.48109267 0.47190843 0.43452283 0.38595027 0.3992976  0.44733029  0.52908455 0.38078184 0.39373238 0.44873962
0.01779563 0.38669558 0.33863985 0.42004769 0.35385851 0.46460162  0.48109267 0.47190843 0.43452283 0.38595027 0.3992976  0.44733029  0.52908455 0.38078184 0.39373238 0.44873962
0.00039479 0.36283831 0.35232302 0.39930133 0.34523319 0.50234819  0.48417291 0.45702496 0.47508945 0.39693445 0.45000532 0.44589633  0.47476172 0.42761975 0.50206904 0.41641874
0.00039479 0.36283831 0.35232302 0.39930133 0.34523319 0.50234819  0.48417291 0.45702496 0.47508945 0.39693445 0.45000532 0.44589633  0.47476172 0.42761975 0.50206904 0.41641874
0.00039479 0.36283831 0.35232302 0.39930133 0.34523319 0.50234819  0.48417291 0.45702496 0.47508945 0.39693445 0.45000532 0.44589633  0.47476172 0.42761975 0.50206904 0.41641874
0.00039479 0.36283831 0.35232302 0.39930133 0.34523319 0.50234819  0.48417291 0.45702496 0.47508945 0.39693445 0.45000532 0.44589633  0.47476172 0.42761975 0.50206904 0.41641874
0.00039479 0.36283831 0.35232302 0.39930133 0.34523319 0.50234819  0.48417291 0.45702496 0.47508945 0.39693445 0.45000532 0.44589633  0.47476172 0.42761975 0.50206904 0.41641874
0.00039479 0.36283831 0.35232302 0.39930133 0.34523319 0.50234819  0.48417291 0.45702496 0.47508945 0.39693445 0.45000532 0.44589633  0.47476172 0.42761975 0.50206904 0.41641874
0.00039479 0.36283831 0.35232302 0.39930133 0.34523319 0.50234819  0.48417291 0.45702496 0.47508945 0.39693445 0.45000532 0.44589633  0.47476172 0.42761975 0.50206904 0.41641874
0.00039479 0.36283831 0.35232302 0.39930133 0.34523319 0.50234819  0.48417291 0.45702496 0.47508945 0.39693445 0.45000532 0.44589633  0.47476172 0.42761975 0.50206904 0.41641874
0.00039479 0.36283831 0.35232302 0.39930133 0.34523319 0.50234819  0.48417291 0.45702496 0.47508945 0.39693445 0.45000532 0.44589633  0.47476172 0.42761975 0.50206904 0.41641874
0.00039479 0.36283831 0.35232302 0.39930133 0.34523319 0.50234819  0.48417291 0.45702496 0.47508945 0.39693445 0.45000532 0.44589633  0.47476172 0.42761975 0.50206904 0.41641874
0.00039479 0.36283831 0.35232302 0.39930133 0.34523319 0.50234819  0.48417291 0.45702496 0.47508945 0.39693445 0.45000532 0.44589633  0.47476172 0.42761975 0.50206904 0.41641874
0.00039479 0.36283831 0.35232302 0.39930133 0.34523319 0.50234819  0.48417291 0.45702496 0.47508945 0.39693445 0.45000532 0.44589633  0.47476172 0.42761975 0.50206904 0.41641874
0.00039479 0.36283831 0.35232302 0.39930133 0.34523319 0.50234819  0.48417291 0.45702496 0.47508945 0.39693445 0.45000532 0.44589633  0.47476172 0.42761975 0.50206904 0.41641874
0.00039479 0.36283831 0.35232302 0.39930133 0.34523319 0.50234819  0.48417291 0.45702496 0.47508945 0.39693445 0.45000532 0.44589633  0.47476172 0.42761975 0.50206904 0.41641874
0.00039479 0.36283831 0.35232302 0.39930133 0.34523319 0.50234819  0.48417291 0.45702496 0.47508945 0.39693445 0.45000532 0.44589633  0.47476172 0.42761975 0.50206904 0.41641874
0.00039479 0.36283831 0.35232302 0.39930133 0.34523319 0.50234819  0.48417291 0.45702496 0.47508945 0.39693445 0.45000532 0.44589633  0.47476172 0.42761975 0.50206904 0.41641874
0.00039479 0.36283831 0.35232302 0.39930133 0.34523319 0.50234819  0.48417291 0.45702496 0.47508945 0.39693445 0.45000532 0.44589633  0.47476172 0.42761975 0.50206904 0.41641874
0.00039479 0.36283831 0.35232302 0.39930133 0.34523319 0.50234819  0.48417291 0.45702496 0.47508945 0.39693445 0.45000532 0.44589633  0.47476172 0.42761975 0.50206904 0.41641874
0.00039479 0.36283831 0.35232302 0.39930133 0.34523319 0.50234819  0.48417291 0.45702496 0.47508945 0.39693445 0.45000532 0.44589633  0.47476172 0.42761975 0.50206904 0.41641874
0.00039479 0.36283831 0.35232302 0.39930133 0.34523319 0.50234819  0.48417291 0.45702496 0.47508945 0.39693445 0.45000532 0.44589633  0.47476172 0.42761975 0.50206904 0.41641874
0.00039479 0.36283831 0.35232302 0.39930133 0.34523319 0.50234819  0.48417291 0.45702496 0.47508945 0.39693445 0.45000532 0.44589633  0.47476172 0.42761975 0.50206904 0.41641874
