0.00039479 0.36283831 0.35232302 0.39930133 0.34523319 0.50234819  0.48417291 0.45702496 0.47508945 0.39693445 0.45000532 0.44589633  0.47476172 0.42761975 0.50206904 0.41641874
0.00039479 0.36283831 0.35232302 0.39930133 0.34523319 0.50234819  0.48417291 0.45702496 0.47508945 0.39693445 0.45000532 0.44589633  0.47476172 0.42761975 0.50206904 0.41641874
0.00039479 0.36283831 0.35232302 0.39930133 0.34523319 0.50234819  0.48417291 0.45702496 0.47508945 0.39693445 0.45000532 0.44589633  0.47476172 0.42761975 0.50206904 0.41641874
0.00039479 0.36283831 0.35232302 0.39930133 0.34523319 0.50234819  0.48417291 0.45702496 0.47508945 0.39693445 0.45000532 0.44589633  0.47476172 0.42761975 0.50206904 0.41641874
0.00039479 0.36283831 0.35232302 0.39930133 0.34523319 0.50234819  0.48417291 0.45702496 0.47508945 0.39693445 0.45000532 0.44589633  0.47476172 0.42761975 0.50206904 0.41641874
0.00039479 0.36283831 0.35232302 0.39930133 0.34523319 0.50234819  0.48417291 0.45702496 0.47508945 0.39693445 0.45000532 0.44589633  0.47476172 0.42761975 0.50206904 0.41641874
0.00039479 0.36283831 0.35232302 0.39930133 0.34523319 0.50234819  0.48417291 0.45702496 0.47508945 0.39693445 0.45000532 0.44589633  0.47476172 0.42761975 0.50206904 0.41641874
0.00039479 0.36283831 0.35232302 0.39930133 0.34523319 0.50234819  0.48417291 0.45702496 0.47508945 0.39693445 0.45000532 0.44589633  0.47476172 0.42761975 0.50206904 0.41641874
0.00039479 0.36283831 0.35232302 0.39930133 0.34523319 0.50234819  0.48417291 0.45702496 0.47508945 0.39693445 0.45000532 0.44589633  0.47476172 0.42761975 0.50206904 0.41641874
0.00039479 0.36283831 0.35232302 0.39930133 0.34523319 0.50234819  0.48417291 0.45702496 0.47508945 0.39693445 0.45000532 0.44589633  0.47476172 0.42761975 0.50206904 0.41641874
0.00039479 0.36283831 0.35232302 0.39930133 0.34523319 0.50234819  0.48417291 0.45702496 0.47508945 0.39693445 0.45000532 0.44589633  0.47476172 0.42761975 0.50206904 0.41641874
0.00039479 0.36283831 0.35232302 0.39930133 0.34523319 0.50234819  0.48417291 0.45702496 0.47508945 0.39693445 0.45000532 0.44589633  0.47476172 0.42761975 0.50206904 0.41641874
0.00039479 0.36283831 0.35232302 0.39930133 0.34523319 0.50234819  0.48417291 0.45702496 0.47508945 0.39693445 0.45000532 0.44589633  0.47476172 0.42761975 0.50206904 0.41641874
0.00039479 0.36283831 0.35232302 0.39930133 0.34523319 0.50234819  0.48417291 0.45702496 0.47508945 0.39693445 0.45000532 0.44589633  0.47476172 0.42761975 0.50206904 0.41641874
0.00039479 0.36283831 0.35232302 0.39930133 0.34523319 0.50234819  0.48417291 0.45702496 0.47508945 0.39693445 0.45000532 0.44589633  0.47476172 0.42761975 0.50206904 0.41641874
0.00039479 0.36283831 0.35232302 0.39930133 0.34523319 0.50234819  0.48417291 0.45702496 0.47508945 0.39693445 0.45000532 0.44589633  0.47476172 0.42761975 0.50206904 0.41641874
0.00039479 0.36283831 0.35232302 0.39930133 0.34523319 0.50234819  0.48417291 0.45702496 0.47508945 0.39693445 0.45000532 0.44589633  0.47476172 0.42761975 0.50206904 0.41641874
0.00039479 0.36283831 0.35232302 0.39930133 0.34523319 0.50234819  0.48417291 0.45702496 0.47508945 0.39693445 0.45000532 0.44589633  0.47476172 0.42761975 0.50206904 0.41641874
0.00039479 0.36283831 0.35232302 0.39930133 0.34523319 0.50234819  0.48417291 0.45702496 0.47508945 0.39693445 0.45000532 0.44589633  0.47476172 0.42761975 0.50206904 0.41641874
0.00039479 0.36283831 0.35232302 0.39930133 0.34523319 0.50234819  0.48417291 0.45702496 0.47508945 0.39693445 0.45000532 0.44589633  0.47476172 0.42761975 0.50206904 0.41641874
0.00039479 0.36283831 0.35232302 0.39930133 0.34523319 0.50234819  0.48417291 0.45702496 0.47508945 0.39693445 0.45000532 0.44589633  0.47476172 0.42761975 0.50206904 0.41641874
0.00039479 0.36283831 0.35232302 0.39930133 0.34523319 0.50234819  0.48417291 0.45702496 0.47508945 0.39693445 0.45000532 0.44589633  0.47476172 0.42761975 0.50206904 0.41641874
0.00039479 0.36283831 0.35232302 0.39930133 0.34523319 0.50234819  0.48417291 0.45702496 0.47508945 0.39693445 0.45000532 0.44589633  0.47476172 0.42761975 0.50206904 0.41641874
0.00039479 0.36283831 0.35232302 0.39930133 0.34523319 0.50234819  0.48417291 0.45702496 0.47508945 0.39693445 0.45000532 0.44589633  0.47476172 0.42761975 0.50206904 0.41641874
0.00039479 0.36283831 0.35232302 0.39930133 0.34523319 0.50234819  0.48417291 0.45702496 0.47508945 0.39693445 0.45000532 0.44589633  0.47476172 0.42761975 0.50206904 0.41641874
0.00039479 0.36283831 0.35232302 0.39930133 0.34523319 0.50234819  0.48417291 0.45702496 0.47508945 0.39693445 0.45000532 0.44589633  0.47476172 0.42761975 0.50206904 0.41641874
0.00039479 0.36283831 0.35232302 0.39930133 0.34523319 0.50234819  0.48417291 0.45702496 0.47508945 0.39693445 0.45000532 0.44589633  0.47476172 0.42761975 0.50206904 0.41641874
0.00039479 0.36283831 0.35232302 0.39930133 0.34523319 0.50234819  0.48417291 0.45702496 0.47508945 0.39693445 0.45000532 0.44589633  0.47476172 0.42761975 0.50206904 0.41641874
0.00039479 0.36283831 0.35232302 0.39930133 0.34523319 0.50234819  0.48417291 0.45702496 0.47508945 0.39693445 0.45000532 0.44589633  0.47476172 0.42761975 0.50206904 0.41641874
0.00039479 0.36283831 0.35232302 0.39930133 0.34523319 0.50234819  0.48417291 0.45702496 0.47508945 0.39693445 0.45000532 0.44589633  0.47476172 0.42761975 0.50206904 0.41641874
0.00039479 0.36283831 0.35232302 0.39930133 0.34523319 0.50234819  0.48417291 0.45702496 0.47508945 0.39693445 0.45000532 0.44589633  0.47476172 0.42761975 0.50206904 0.41641874
0.00039479 0.36283831 0.35232302 0.39930133 0.34523319 0.50234819  0.48417291 0.45702496 0.47508945 0.39693445 0.45000532 0.44589633  0.47476172 0.42761975 0.50206904 0.41641874
0.00039479 0.36283831 0.35232302 0.39930133 0.34523319 0.50234819  0.48417291 0.45702496 0.47508945 0.39693445 0.45000532 0.44589633  0.47476172 0.42761975 0.50206904 0.41641874
0.00039479 0.36283831 0.35232302 0.39930133 0.34523319 0.50234819  0.48417291 0.45702496 0.47508945 0.39693445 0.45000532 0.44589633  0.47476172 0.42761975 0.50206904 0.41641874
0.00039479 0.36283831 0.35232302 0.39930133 0.34523319 0.50234819  0.48417291 0.45702496 0.47508945 0.39693445 0.45000532 0.44589633  0.47476172 0.42761975 0.50206904 0.41641874
0.00039479 0.36283831 0.35232302 0.39930133 0.34523319 0.50234819  0.48417291 0.45702496 0.47508945 0.39693445 0.45000532 0.44589633  0.47476172 0.42761975 0.50206904 0.41641874
0.00039479 0.36283831 0.35232302 0.39930133 0.34523319 0.50234819  0.48417291 0.45702496 0.47508945 0.39693445 0.45000532 0.44589633  0.47476172 0.42761975 0.50206904 0.41641874
0.00039479 0.36283831 0.35232302 0.39930133 0.34523319 0.50234819  0.48417291 0.45702496 0.47508945 0.39693445 0.45000532 0.44589633  0.47476172 0.42761975 0.50206904 0.41641874
0.00039479 0.36283831 0.35232302 0.39930133 0.34523319 0.50234819  0.48417291 0.45702496 0.47508945 0.39693445 0.45000532 0.44589633  0.47476172 0.42761975 0.50206904 0.41641874
0.00039479 0.36283831 0.35232302 0.39930133 0.34523319 0.50234819  0.48417291 0.45702496 0.47508945 0.39693445 0.45000532 0.44589633  0.47476172 0.42761975 0.50206904 0.41641874
0.00039479 0.36283831 0.35232302 0.39930133 0.34523319 0.50234819  0.48417291 0.45702496 0.47508945 0.39693445 0.45000532 0.44589633  0.47476172 0.42761975 0.50206904 0.41641874
0.00039479 0.36283831 0.35232302 0.39930133 0.34523319 0.50234819  0.48417291 0.45702496 0.47508945 0.39693445 0.45000532 0.44589633  0.47476172 0.42761975 0.50206904 0.41641874
0.00039479 0.36283831 0.35232302 0.39930133 0.34523319 0.50234819  0.48417291 0.45702496 0.47508945 0.39693445 0.45000532 0.44589633  0.47476172 0.42761975 0.50206904 0.41641874
0.00039479 0.36283831 0.35232302 0.39930133 0.34523319 0.50234819  0.48417291 0.45702496 0.47508945 0.39693445 0.45000532 0.44589633  0.47476172 0.42761975 0.50206904 0.41641874
0.00039479 0.36283831 0.35232302 0.39930133 0.34523319 0.50234819  0.48417291 0.45702496 0.47508945 0.39693445 0.45000532 0.44589633  0.47476172 0.42761975 0.50206904 0.41641874
0.00039479 0.36283831 0.35232302 0.39930133 0.34523319 0.50234819  0.48417291 0.45702496 0.47508945 0.39693445 0.45000532 0.44589633  0.47476172 0.42761975 0.50206904 0.41641874
0.00039479 0.36283831 0.35232302 0.39930133 0.34523319 0.50234819  0.48417291 0.45702496 0.47508945 0.39693445 0.45000532 0.44589633  0.47476172 0.42761975 0.50206904 0.41641874
0.00039479 0.36283831 0.35232302 0.39930133 0.34523319 0.50234819  0.48417291 0.45702496 0.47508945 0.39693445 0.45000532 0.44589633  0.47476172 0.42761975 0.50206904 0.41641874
0.00039479 0.36283831 0.35232302 0.39930133 0.34523319 0.50234819  0.48417291 0.45702496 0.47508945 0.39693445 0.45000532 0.44589633  0.47476172 0.42761975 0.50206904 0.41641874
0.00039479 0.36283831 0.35232302 0.39930133 0.34523319 0.50234819  0.48417291 0.45702496 0.47508945 0.39693445 0.45000532 0.44589633  0.47476172 0.42761975 0.50206904 0.41641874
0.00039479 0.36283831 0.35232302 0.39930133 0.34523319 0.50234819  0.48417291 0.45702496 0.47508945 0.39693445 0.45000532 0.44589633  0.47476172 0.42761975 0.50206904 0.41641874
0.00039479 0.36283831 0.35232302 0.39930133 0.34523319 0.50234819  0.48417291 0.45702496 0.47508945 0.39693445 0.45000532 0.44589633  0.47476172 0.42761975 0.50206904 0.41641874
0.00039479 0.36283831 0.35232302 0.39930133 0.34523319 0.50234819  0.48417291 0.45702496 0.47508945 0.39693445 0.45000532 0.44589633  0.47476172 0.42761975 0.50206904 0.41641874
0.00039479 0.36283831 0.35232302 0.39930133 0.34523319 0.50234819  0.48417291 0.45702496 0.47508945 0.39693445 0.45000532 0.44589633  0.47476172 0.42761975 0.50206904 0.41641874
0.00039479 0.36283831 0.35232302 0.39930133 0.34523319 0.50234819  0.48417291 0.45702496 0.47508945 0.39693445 0.45000532 0.44589633  0.47476172 0.42761975 0.50206904 0.41641874
0.00039479 0.36283831 0.35232302 0.39930133 0.34523319 0.50234819  0.48417291 0.45702496 0.47508945 0.39693445 0.45000532 0.44589633  0.47476172 0.42761975 0.50206904 0.41641874
0.05367861 0.44171583 0.31214423 0.47114249 0.37279065 0.42986862  0.4177205  0.50334188 0.50440728 0.39082405 0.42702098 0.4483076  0.53269514 0.48405389 0.58159446 0.43414129
0.14584123 0.59851512 0.41949483 0.45465939 0.55502029 0.45375669  0.33806855 0.5129785  0.59216597 0.40680305 0.40577783 0.31218864  0.46428181 0.64128701 0.5295123  0.40734802
0.42254802 0.87293169 0.53759839 0.52145839 0.59184092 0.65173092  0.18305439 0.41243638 0.70001189 0.4881069  0.37660832 0.31699675  0.48687166 0.71312188 0.43653732 0.39368126
0.51661518 0.93231304 0.66824952 0.52962059 0.57980739 0.66501469  0.25044454 0.40014986 0.77724791 0.51542707 0.3290875  0.24886774  0.52735635 0.53800179 0.21159098 0.4571096 
0.58205862 0.95905739 0.76457716 0.52575218 0.61828208 0.61185147  0.37873244 0.34179439 0.64143864 0.57047867 0.39821346 0.27953284  0.35971308 0.46272086 0.19022436 0.38516332
0.67734807 0.90437477 0.84529223 0.43659892 0.58582657 0.66559839  0.43728946 0.4696631  0.49937462 0.56476768 0.49545294 0.32617336  0.65182054 0.50976615 0.20466937 0.26005351
0.80111801 0.79380435 0.87383856 0.23269105 0.64682584 0.52641941  0.59982675 0.60874071 0.36248096 0.55771916 0.44331697 0.40957462  0.54574183 0.40795908 0.54895427 0.38107159
0.8172671  0.7707162  0.89046626 0.20060837 0.68110123 0.51928788  0.55840694 0.67399859 0.34523467 0.57055261 0.45685001 0.46471756  0.46282075 0.32624351 0.61184884 0.40016524
0.8172671  0.7707162  0.89046626 0.20060837 0.68110123 0.51928788  0.55840694 0.67399859 0.34523467 0.57055261 0.45685001 0.46471756  0.46282075 0.32624351 0.61184884 0.40016524
0.81714218 0.76748723 0.88331714 0.20901067 0.64207797 0.50559999  0.57247528 0.67106492 0.35901743 0.56437938 0.42392186 0.41614871  0.45111595 0.34378535 0.60761201 0.38229072
0.86639127 0.66662136 0.88102989 0.16684911 0.68665152 0.41476898  0.57427859 0.54280855 0.5519508  0.58324024 0.34352062 0.51994243  0.50268711 0.45324249 0.66636984 0.49932448
0.91694657 0.52294142 0.836716   0.17562963 0.68935505 0.31617059  0.45237837 0.40188951 0.66107412 0.46943159 0.40899202 0.4549922  0.44054356 0.34026923 0.45936364 0.39055734
0.91694657 0.52294142 0.836716   0.17562963 0.68935505 0.31617059  0.45237837 0.40188951 0.66107412 0.46943159 0.40899202 0.4549922  0.44054356 0.34026923 0.45936364 0.39055734
0.93524598 0.44518194 0.79583032 0.25065663 0.55274176 0.23913084  0.47640234 0.31680891 0.74806241 0.51322655 0.39358207 0.34998098  0.44771583 0.3793644  0.36503658 0.3943469 
0.93286769 0.44114558 0.78108061 0.25916415 0.54352578 0.25928513  0.45825031 0.3064707  0.70480589 0.45480314 0.41099632 0.39521358  0.46373477 0.3609172  0.38878453 0.37642532
0.93081019 0.43346156 0.76408302 0.27373149 0.50043412 0.25967124  0.45489429 0.30375709 0.68456799 0.40526002 0.4245281  0.4299704  0.4378841  0.34140098 0.42263352 0.40656647
0.91781154 0.37691043 0.64875917 0.34860178 0.2801486  0.22537459  0.48721042 0.29884287 0.67137326 0.30378067 0.45939914 0.51015665  0.41264698 0.28639088 0.49051442 0.5330713 
0.90205614 0.33840542 0.55009664 0.36348468 0.24759725 0.24447455  0.47788098 0.33065702 0.63378389 0.3629631  0.50880897 0.59041899  0.51530271 0.20377631 0.58295236 0.41799637
0.89289409 0.31923314 0.49278024 0.36853079 0.22239791 0.25988031  0.46422923 0.33486942 0.59922708 0.36030179 0.53131926 0.6235809  0.57626462 0.19513135 0.59188497 0.39042627
0.90826668 0.25927115 0.47934097 0.45657253 0.27433636 0.32358707  0.45046075 0.32907313 0.50671473 0.34897666 0.54545875 0.51370782  0.60610098 0.15053665 0.68674666 0.43759651
0.90826668 0.25927115 0.47934097 0.45657253 0.27433636 0.32358707  0.45046075 0.32907313 0.50671473 0.34897666 0.54545875 0.51370782  0.60610098 0.15053665 0.68674666 0.43759651
0.90670293 0.23409491 0.45119016 0.49594384 0.26256996 0.330565  0.47926951 0.34265524 0.53056857 0.37143382 0.59268432 0.59674483  0.6630922  0.1127783  0.65432126 0.49009663
0.92512452 0.15974568 0.43942295 0.63395443 0.33720837 0.42253153  0.51615131 0.37057221 0.45985395 0.35821533 0.58108136 0.49591435  0.66670936 0.15470819 0.73796663 0.54090358
0.93233167 0.13158129 0.43664029 0.68106106 0.36084721 0.44818291  0.51843846 0.37257762 0.42608162 0.37318661 0.59513635 0.44445321  0.66096303 0.18153516 0.7345521  0.60861189
0.93397833 0.11884314 0.4313927  0.71900934 0.35829342 0.46725042  0.55714856 0.39701769 0.45450296 0.35927921 0.55629695 0.45319199  0.65412279 0.21974066 0.7008847  0.54153846
0.93397833 0.11884314 0.4313927  0.71900934 0.35829342 0.46725042  0.55714856 0.39701769 0.45450296 0.35927921 0.55629695 0.45319199  0.65412279 0.21974066 0.7008847  0.54153846
0.93397833 0.11884314 0.4313927  0.71900934 0.35829342 0.46725042  0.55714856 0.39701769 0.45450296 0.35927921 0.55629695 0.45319199  0.65412279 0.21974066 0.7008847  0.54153846
0.92483065 0.11335056 0.3941184  0.70124359 0.381647   0.47797437  0.5571032  0.42479274 0.46416651 0.38715316 0.53974517 0.43884409  0.61767354 0.17508428 0.73137017 0.52396888
0.92084552 0.10126238 0.36657321 0.70587672 0.36144612 0.47345702  0.56487304 0.43447651 0.47298395 0.44233468 0.54949592 0.44595525  0.65412786 0.1913733  0.70404619 0.50745837
0.92084552 0.10126238 0.36657321 0.70587672 0.36144612 0.47345702  0.56487304 0.43447651 0.47298395 0.44233468 0.54949592 0.44595525  0.65412786 0.1913733  0.70404619 0.50745837
0.92084552 0.10126238 0.36657321 0.70587672 0.36144612 0.47345702  0.56487304 0.43447651 0.47298395 0.44233468 0.54949592 0.44595525  0.65412786 0.1913733  0.70404619 0.50745837
0.92339013 0.08966262 0.36449541 0.73813199 0.38032762 0.49952647  0.59737613 0.46079386 0.49888818 0.41991381 0.50933116 0.4706203  0.6298591  0.22065059 0.68963297 0.45402346
0.92339013 0.08966262 0.36449541 0.73813199 0.38032762 0.49952647  0.59737613 0.46079386 0.49888818 0.41991381 0.50933116 0.4706203  0.6298591  0.22065059 0.68963297 0.45402346
0.92522784 0.08090198 0.36380959 0.76499247 0.39304291 0.51887707  0.6267794  0.48659372 0.52627197 0.40175684 0.47874984 0.50609179  0.60466623 0.24644937 0.65673103 0.40761222
0.92522784 0.08090198 0.36380959 0.76499247 0.39304291 0.51887707  0.6267794  0.48659372 0.52627197 0.40175684 0.47874984 0.50609179  0.60466623 0.24644937 0.65673103 0.40761222
0.92522784 0.08090198 0.36380959 0.76499247 0.39304291 0.51887707  0.6267794  0.48659372 0.52627197 0.40175684 0.47874984 0.50609179  0.60466623 0.24644937 0.65673103 0.40761222
0.92522784 0.08090198 0.36380959 0.76499247 0.39304291 0.51887707  0.6267794  0.48659372 0.52627197 0.40175684 0.47874984 0.50609179  0.60466623 0.24644937 0.65673103 0.40761222
0.92914979 0.06420463 0.3613123  0.80262445 0.41445912 0.54729454  0.65169083 0.50766966 0.5343848  0.39173    0.45168686 0.50018645  0.58747564 0.28524235 0.65301236 0.39661357
0.92286858 0.06076449 0.33063386 0.79241774 0.4137262  0.57404998  0.61022639 0.50387583 0.46953563 0.36267934 0.475419   0.52295631  0.59959743 0.34186416 0.62569114 0.37506271
0.92286858 0.06076449 0.33063386 0.79241774 0.4137262  0.57404998  0.61022639 0.50387583 0.46953563 0.36267934 0.475419   0.52295631  0.59959743 0.34186416 0.62569114 0.37506271
0.91556081 0.08365626 0.31668145 0.72957434 0.40614698 0.5927949  0.52417499 0.49163933 0.34023104 0.31072867 0.4521921  0.46972042  0.55088942 0.46733578 0.67246927 0.25895222
0.91556081 0.08365626 0.31668145 0.72957434 0.40614698 0.5927949  0.52417499 0.49163933 0.34023104 0.31072867 0.4521921  0.46972042  0.55088942 0.46733578 0.67246927 0.25895222
0.91556081 0.08365626 0.31668145 0.72957434 0.40614698 0.5927949  0.52417499 0.49163933 0.34023104 0.31072867 0.4521921  0.46972042  0.55088942 0.46733578 0.67246927 0.25895222
0.90741719 0.12028468 0.32019426 0.63150493 0.35892523 0.52434591  0.43658381 0.41858267 0.27997085 0.355497   0.53338807 0.40287637  0.6081657  0.38414677 0.73425161 0.35293731
0.90487259 0.13188444 0.32227207 0.59924966 0.34004372 0.49827647  0.40408073 0.39226531 0.25406663 0.37791787 0.57355283 0.37821132  0.63243446 0.35486948 0.74866483 0.40637222
0.90487259 0.13188444 0.32227207 0.59924966 0.34004372 0.49827647  0.40408073 0.39226531 0.25406663 0.37791787 0.57355283 0.37821132  0.63243446 0.35486948 0.74866483 0.40637222
0.89704631 0.16140628 0.32387039 0.55294046 0.31975317 0.48272754  0.40669587 0.39846989 0.29355977 0.36206455 0.53673895 0.42712235  0.63740862 0.32978103 0.77152164 0.32430631
0.87656271 0.23628013 0.32348478 0.42197323 0.28272088 0.44502771  0.36874484 0.37002571 0.33659231 0.30605459 0.44379207 0.46377083  0.62845089 0.27425209 0.77222209 0.190261  
0.87714997 0.2631977  0.36039908 0.38719105 0.25372796 0.3785865  0.39285971 0.36219956 0.4181882  0.35080217 0.4489057  0.47634135  0.6096889  0.21287356 0.73454455 0.2271436 
0.89512266 0.27475069 0.44853897 0.42019157 0.217127   0.2985714  0.45176113 0.33189042 0.53483872 0.36844199 0.55144807 0.58776796  0.63230746 0.20619704 0.62480316 0.38758781
0.92223275 0.4118483  0.70876225 0.27999469 0.47855801 0.26241702  0.46261948 0.32173902 0.67926271 0.46355232 0.43315192 0.43789884  0.49439075 0.3444719  0.42194345 0.34323824
0.93842637 0.46168916 0.82823142 0.2217701  0.65739977 0.27014609  0.44325569 0.32752037 0.70369796 0.49708496 0.45840002 0.4604203  0.43454807 0.33512876 0.39105392 0.46193936
0.93963695 0.4702253  0.84812186 0.19839787 0.74865172 0.29366487  0.41492576 0.33496591 0.67550842 0.51000238 0.52480298 0.56043994  0.45656334 0.29840497 0.40535864 0.49678078
0.94286853 0.45785937 0.85196761 0.23392477 0.75327071 0.29438419  0.45472286 0.34403962 0.7238273  0.52115197 0.53661904 0.59487003  0.48253045 0.24682486 0.38744125 0.54166063
0.9512826  0.43024729 0.85178374 0.27427142 0.78880119 0.31859048  0.45629053 0.35008363 0.69418548 0.5518754  0.54139368 0.51714835  0.50155032 0.22641217 0.40646645 0.56635194
0.96637401 0.36627666 0.83289883 0.37563791 0.78795934 0.35461364  0.46256852 0.33518012 0.62509935 0.55436009 0.54247972 0.36006685  0.50078812 0.24590068 0.43566149 0.65068156
0.97139922 0.32578642 0.80368232 0.44810585 0.72023793 0.35556671  0.49319026 0.32756125 0.62683478 0.57340506 0.49722443 0.21870701  0.49353099 0.30666157 0.41076213 0.68062201
0.97632838 0.29693535 0.78557772 0.50644096 0.69760251 0.38130158  0.52540071 0.33654149 0.6250839  0.54831478 0.43586009 0.13488674  0.48195396 0.32983104 0.47120488 0.65593542
0.97632838 0.29693535 0.78557772 0.50644096 0.69760251 0.38130158  0.52540071 0.33654149 0.6250839  0.54831478 0.43586009 0.13488674  0.48195396 0.32983104 0.47120488 0.65593542
0.96346222 0.26045593 0.69607951 0.53464006 0.61825722 0.38881342  0.53304195 0.34520559 0.58629651 0.53671238 0.454481   0.18599771  0.55147173 0.30710868 0.51602314 0.57559196
0.96432319 0.19284049 0.62343822 0.66549121 0.52787429 0.44966517  0.58017756 0.37954156 0.53145953 0.40297349 0.43269067 0.22560274  0.52388741 0.29026068 0.66432031 0.56474604
0.94031165 0.12612653 0.46122168 0.71921996 0.38300477 0.46872837  0.55977185 0.38740436 0.46231726 0.35452932 0.51737612 0.36140183  0.6208009  0.22611463 0.73683578 0.55949475
0.94285626 0.11452676 0.45914388 0.75147523 0.40188627 0.49479781  0.59227493 0.41372172 0.48822148 0.33210846 0.47721135 0.38606688  0.59653214 0.25539193 0.72242255 0.50605984
0.94524021 0.10335634 0.45881417 0.78505217 0.41497653 0.51547873  0.62555141 0.43990258 0.51298505 0.31552394 0.45365968 0.42334477  0.58163933 0.27398918 0.69726082 0.46948464
0.94707792 0.09459569 0.45812835 0.81191266 0.42769182 0.53482933  0.65495468 0.46570244 0.54036884 0.29736696 0.42307836 0.45881627  0.55644646 0.29978796 0.66435888 0.4230734 
0.93829747 0.06969721 0.3985866  0.82039019 0.39110555 0.53657059  0.6517362  0.4798946  0.52472125 0.36385605 0.46823864 0.51453435  0.6239249  0.32989874 0.6225269  0.41418315
0.92914979 0.06420463 0.3613123  0.80262445 0.41445912 0.54729454  0.65169083 0.50766966 0.5343848  0.39173    0.45168686 0.50018645  0.58747564 0.28524235 0.65301236 0.39661357
0.93181915 0.05164297 0.36202507 0.84482856 0.43015137 0.57107603  0.70161363 0.5424051  0.58508803 0.35990361 0.41050056 0.56155296  0.54393952 0.33376135 0.58505138 0.35113531
0.93181915 0.05164297 0.36202507 0.84482856 0.43015137 0.57107603  0.70161363 0.5424051  0.58508803 0.35990361 0.41050056 0.56155296  0.54393952 0.33376135 0.58505138 0.35113531
0.93181915 0.05164297 0.36202507 0.84482856 0.43015137 0.57107603  0.70161363 0.5424051  0.58508803 0.35990361 0.41050056 0.56155296  0.54393952 0.33376135 0.58505138 0.35113531
0.93259309 0.0480006  0.36152544 0.8567633  0.43696629 0.58039076  0.71708974 0.55509054 0.60288532 0.34824116 0.38963303 0.58209972  0.52331586 0.35537129 0.5600112  0.32261345
0.93259309 0.0480006  0.36152544 0.8567633  0.43696629 0.58039076  0.71708974 0.55509054 0.60288532 0.34824116 0.38963303 0.58209972  0.52331586 0.35537129 0.5600112  0.32261345
0.93259309 0.0480006  0.36152544 0.8567633  0.43696629 0.58039076  0.71708974 0.55509054 0.60288532 0.34824116 0.38963303 0.58209972  0.52331586 0.35537129 0.5600112  0.32261345
0.93113621 0.05480008 0.36085437 0.83357829 0.42930261 0.56868456  0.68989448 0.53796815 0.57610185 0.36533644 0.40862073 0.54900151  0.54313893 0.33240327 0.59440469 0.34125466
0.91956633 0.06764796 0.32002757 0.77703598 0.41758089 0.60282895  0.5794482  0.51339849 0.40634721 0.31021581 0.44314062 0.52469727  0.55623287 0.43736561 0.62951169 0.27531021
0.91556081 0.08365626 0.31668145 0.72957434 0.40614698 0.5927949  0.52417499 0.49163933 0.34023104 0.31072867 0.4521921  0.46972042  0.55088942 0.46733578 0.67246927 0.25895222
0.90718573 0.10901577 0.30958015 0.69242624 0.41737555 0.61747828  0.51065848 0.48770212 0.33501649 0.2563151  0.35372913 0.43832869  0.53813649 0.45071854 0.71125862 0.176688  
0.87925914 0.14858437 0.24845189 0.57911044 0.4517584  0.61369359  0.45363924 0.44436362 0.36538388 0.22102452 0.32159202 0.30227768  0.54810157 0.31184543 0.7886787  0.33128284
0.84737288 0.17147917 0.15023071 0.47388258 0.4782797  0.6433066  0.37533753 0.46154118 0.37114928 0.2444587  0.30724122 0.28482448  0.48339628 0.32863623 0.64496099 0.40668553
0.80518617 0.29998567 0.13438882 0.22693649 0.38907261 0.51422819  0.33435064 0.43208913 0.53183782 0.25042051 0.27777289 0.41377322  0.44025223 0.2363666  0.60117253 0.37806189
0.6909981  0.55004055 0.11562383 0.19056928 0.34684171 0.55446134  0.55940067 0.28856929 0.57726103 0.27802221 0.26629059 0.51932667  0.75450087 0.50293713 0.65997472 0.51341001
0.63897587 0.58568069 0.08504774 0.2654459  0.40490324 0.46750063  0.61916159 0.16687131 0.61516279 0.29210243 0.41899401 0.51550247  0.59980858 0.51661814 0.74915843 0.49034055
0.52365436 0.76654404 0.08293078 0.43529634 0.36887806 0.59417578  0.64145388 0.26173472 0.43197322 0.46968089 0.49092753 0.46950918  0.42653409 0.34162306 0.49058301 0.42816972
0.47390098 0.78983621 0.09101514 0.47149988 0.39310996 0.48125372  0.66714357 0.34680704 0.37954804 0.46461755 0.51750186 0.46945842  0.31924056 0.4065739  0.56646961 0.40475853
0.4190961  0.78594906 0.09731725 0.54198473 0.42438664 0.36823846  0.61217763 0.38716247 0.34998388 0.44014661 0.51130932 0.46095869  0.23456838 0.38721613 0.52727773 0.34660798
0.4005181  0.78538641 0.10254264 0.57581323 0.42714935 0.35241199  0.55497478 0.38834311 0.37465141 0.46162841 0.46620647 0.48153606  0.23122988 0.38353789 0.55553547 0.37178495
0.38307638 0.79222431 0.11565592 0.61080273 0.41112862 0.37921011  0.47690916 0.41007481 0.42640442 0.44864839 0.47851847 0.46995869  0.2384322  0.37132015 0.52385907 0.36132553
0.38307638 0.79222431 0.11565592 0.61080273 0.41112862 0.37921011  0.47690916 0.41007481 0.42640442 0.44864839 0.47851847 0.46995869  0.2384322  0.37132015 0.52385907 0.36132553
0.38307638 0.79222431 0.11565592 0.61080273 0.41112862 0.37921011  0.47690916 0.41007481 0.42640442 0.44864839 0.47851847 0.46995869  0.2384322  0.37132015 0.52385907 0.36132553
0.38307638 0.79222431 0.11565592 0.61080273 0.41112862 0.37921011  0.47690916 0.41007481 0.42640442 0.44864839 0.47851847 0.46995869  0.2384322  0.37132015 0.52385907 0.36132553
0.4005181  0.78538641 0.10254264 0.57581323 0.42714935 0.35241199  0.55497478 0.38834311 0.37465141 0.46162841 0.46620647 0.48153606  0.23122988 0.38353789 0.55553547 0.37178495
0.47519548 0.81056876 0.09654784 0.49702408 0.36448215 0.55085511  0.61469541 0.33360884 0.42118648 0.47317538 0.54490054 0.46542886  0.29218941 0.35246694 0.45807609 0.42316772
0.51146511 0.79993663 0.10042651 0.43160372 0.33703057 0.62117098  0.64169506 0.38324518 0.42832268 0.44930576 0.54564566 0.45127321  0.43645501 0.36708524 0.42951453 0.47368495
0.54585538 0.76698681 0.08965354 0.34547207 0.35390861 0.59149901  0.72032369 0.43166193 0.43851868 0.41619343 0.58055577 0.44022078  0.54140279 0.43690875 0.55830019 0.48269548
0.58058938 0.74077215 0.10591668 0.28707176 0.32221476 0.63669908  0.69698389 0.52406533 0.42106811 0.39571088 0.50605994 0.43471412  0.65405345 0.43653402 0.52324201 0.50035556
0.65761576 0.60930668 0.108035   0.1789179  0.32113875 0.5670389  0.5842611  0.56004998 0.54466709 0.33129007 0.44445283 0.46811371  0.65652647 0.53391072 0.4834269  0.52369504
0.71304075 0.48498832 0.08645713 0.14240752 0.35786299 0.51408369  0.48959484 0.39004805 0.61884581 0.3457986  0.29481315 0.51394672  0.61897963 0.48274144 0.57764452 0.47292255
0.75728743 0.41096125 0.10916896 0.1212098  0.34641582 0.49149097  0.38723597 0.42630405 0.60342859 0.35946672 0.26170413 0.51478543  0.55259635 0.41567793 0.46822919 0.38144778
0.76969332 0.37559072 0.10266076 0.12565278 0.36241895 0.46791175  0.34978155 0.41178672 0.62835372 0.33240449 0.32440138 0.4902346  0.53254926 0.35375832 0.37420462 0.3543922 
0.76969332 0.37559072 0.10266076 0.12565278 0.36241895 0.46791175  0.34978155 0.41178672 0.62835372 0.33240449 0.32440138 0.4902346  0.53254926 0.35375832 0.37420462 0.3543922 
0.76969332 0.37559072 0.10266076 0.12565278 0.36241895 0.46791175  0.34978155 0.41178672 0.62835372 0.33240449 0.32440138 0.4902346  0.53254926 0.35375832 0.37420462 0.3543922 
0.76969332 0.37559072 0.10266076 0.12565278 0.36241895 0.46791175  0.34978155 0.41178672 0.62835372 0.33240449 0.32440138 0.4902346  0.53254926 0.35375832 0.37420462 0.3543922 
0.76969332 0.37559072 0.10266076 0.12565278 0.36241895 0.46791175  0.34978155 0.41178672 0.62835372 0.33240449 0.32440138 0.4902346  0.53254926 0.35375832 0.37420462 0.3543922 
0.72613409 0.4635588  0.09561971 0.16787299 0.36139759 0.52260743  0.43855278 0.29290783 0.60964929 0.3350706  0.29237123 0.49772138  0.69985226 0.49962241 0.39503718 0.36734354
0.67945084 0.51975859 0.06117711 0.18871529 0.40491061 0.5000506  0.55101912 0.23964519 0.64541809 0.33327134 0.36351779 0.48844219  0.70477741 0.51575475 0.57104372 0.43290596
0.63297619 0.59153558 0.05348946 0.24158776 0.41223229 0.50479612  0.63476359 0.20349309 0.60422963 0.37165934 0.41605394 0.49302748  0.68238069 0.59190425 0.62759022 0.45622864
0.54585538 0.76698681 0.08965354 0.34547207 0.35390861 0.59149901  0.72032369 0.43166193 0.43851868 0.41619343 0.58055577 0.44022078  0.54140279 0.43690875 0.55830019 0.48269548
0.47390098 0.78983621 0.09101514 0.47149988 0.39310996 0.48125372  0.66714357 0.34680704 0.37954804 0.46461755 0.51750186 0.46945842  0.31924056 0.4065739  0.56646961 0.40475853
0.38009725 0.73142416 0.10491612 0.51948065 0.47359053 0.21732868  0.65390111 0.46684408 0.26576729 0.39679874 0.42509649 0.45938821  0.36126097 0.45063708 0.60725068 0.34775617
0.34391966 0.74259745 0.11720176 0.59649984 0.46605604 0.21469693  0.53777597 0.46058264 0.30386251 0.42963433 0.36341965 0.48645295  0.31100395 0.40821756 0.57554391 0.37795929
0.08892937 0.49235855 0.28299146 0.51880341 0.39445748 0.33645297  0.41227192 0.53833239 0.39368712 0.36543542 0.28731273 0.45681163  0.68194675 0.35857271 0.29842885 0.52018578
0.01779563 0.38669558 0.33863985 0.42004769 0.35385851 0.46460162  0.48109267 0.47190843 0.43452283 0.38595027 0.3992976  0.44733029  0.52908455 0.38078184 0.39373238 0.44873962
0.00039479 0.36283831 0.35232302 0.39930133 0.34523319 0.50234819  0.48417291 0.45702496 0.47508945 0.39693445 0.45000532 0.44589633  0.47476172 0.42761975 0.50206904 0.41641874
0.00039479 0.36283831 0.35232302 0.39930133 0.34523319 0.50234819  0.48417291 0.45702496 0.47508945 0.39693445 0.45000532 0.44589633  0.47476172 0.42761975 0.50206904 0.41641874
0.00039479 0.36283831 0.35232302 0.39930133 0.34523319 0.50234819  0.48417291 0.45702496 0.47508945 0.39693445 0.45000532 0.44589633  0.47476172 0.42761975 0.50206904 0.41641874
0.00039479 0.36283831 0.35232302 0.39930133 0.34523319 0.50234819  0.48417291 0.45702496 0.47508945 0.39693445 0.45000532 0.44589633  0.47476172 0.42761975 0.50206904 0.41641874
0.00039479 0.36283831 0.35232302 0.39930133 0.34523319 0.50234819  0.48417291 0.45702496 0.47508945 0.39693445 0.45000532 0.44589633  0.47476172 0.42761975 0.50206904 0.41641874
0.00039479 0.36283831 0.35232302 0.39930133 0.34523319 0.50234819  0.48417291 0.45702496 0.47508945 0.39693445 0.45000532 0.44589633  0.47476172 0.42761975 0.50206904 0.41641874
0.00039479 0.36283831 0.35232302 0.39930133 0.34523319 0.50234819  0.48417291 0.45702496 0.47508945 0.39693445 0.45000532 0.44589633  0.47476172 0.42761975 0.50206904 0.41641874
0.00039479 0.36283831 0.35232302 0.39930133 0.34523319 0.50234819  0.48417291 0.45702496 0.47508945 0.39693445 0.45000532 0.44589633  0.47476172 0.42761975 0.50206904 0.41641874
0.00039479 0.36283831 0.35232302 0.39930133 0.34523319 0.50234819  0.48417291 0.45702496 0.47508945 0.39693445 0.45000532 0.44589633  0.47476172 0.42761975 0.50206904 0.41641874
0.00039479 0.36283831 0.35232302 0.39930133 0.34523319 0.50234819  0.48417291 0.45702496 0.47508945 0.39693445 0.45000532 0.44589633  0.47476172 0.42761975 0.50206904 0.41641874
0.00039479 0.36283831 0.35232302 0.39930133 0.34523319 0.50234819  0.48417291 0.45702496 0.47508945 0.39693445 0.45000532 0.44589633  0.47476172 0.42761975 0.50206904 0.41641874
0.00039479 0.36283831 0.35232302 0.39930133 0.34523319 0.50234819  0.48417291 0.45702496 0.47508945 0.39693445 0.45000532 0.44589633  0.47476172 0.42761975 0.50206904 0.41641874
0.00039479 0.36283831 0.35232302 0.39930133 0.34523319 0.50234819  0.48417291 0.45702496 0.47508945 0.39693445 0.45000532 0.44589633  0.47476172 0.42761975 0.50206904 0.41641874
0.00039479 0.36283831 0.35232302 0.39930133 0.34523319 0.50234819  0.48417291 0.45702496 0.47508945 0.39693445 0.45000532 0.44589633  0.47476172 0.42761975 0.50206904 0.41641874
0.00039479 0.36283831 0.35232302 0.39930133 0.34523319 0.50234819  0.48417291 0.45702496 0.47508945 0.39693445 0.45000532 0.44589633  0.47476172 0.42761975 0.50206904 0.41641874
0.00039479 0.36283831 0.35232302 0.39930133 0.34523319 0.50234819  0.48417291 0.45702496 0.47508945 0.39693445 0.45000532 0.44589633  0.47476172 0.42761975 0.50206904 0.41641874
0.00039479 0.36283831 0.35232302 0.39930133 0.34523319 0.50234819  0.48417291 0.45702496 0.47508945 0.39693445 0.45000532 0.44589633  0.47476172 0.42761975 0.50206904 0.41641874
0.00039479 0.36283831 0.35232302 0.39930133 0.34523319 0.50234819  0.48417291 0.45702496 0.47508945 0.39693445 0.45000532 0.44589633  0.47476172 0.42761975 0.50206904 0.41641874
0.00039479 0.36283831 0.35232302 0.39930133 0.34523319 0.50234819  0.48417291 0.45702496 0.47508945 0.39693445 0.45000532 0.44589633  0.47476172 0.42761975 0.50206904 0.41641874
0.00039479 0.36283831 0.35232302 0.39930133 0.34523319 0.50234819  0.48417291 0.45702496 0.47508945 0.39693445 0.45000532 0.44589633  0.47476172 0.42761975 0.50206904 0.41641874
0.00039479 0.36283831 0.35232302 0.39930133 0.34523319 0.50234819  0.48417291 0.45702496 0.47508945 0.39693445 0.45000532 0.44589633  0.47476172 0.42761975 0.50206904 0.41641874
0.27252034 0.70221564 0.19198425 0.63110963 0.37304655 0.45545391  0.27807982 0.47847831 0.58760433 0.47345842 0.35509919 0.4984794  0.51765774 0.42800617 0.59224551 0.54309191
0.45636297 0.80193296 0.11640123 0.52854341 0.34065232 0.59305405  0.49200893 0.35948605 0.49940327 0.50848963 0.43677869 0.50158963  0.42622275 0.35844806 0.48990989 0.53149457
0.45636297 0.80193296 0.11640123 0.52854341 0.34065232 0.59305405  0.49200893 0.35948605 0.49940327 0.50848963 0.43677869 0.50158963  0.42622275 0.35844806 0.48990989 0.53149457
0.61392737 0.70525158 0.1213932  0.23751204 0.29622314 0.65927076  0.64685717 0.60988884 0.42383282 0.38391055 0.43466685 0.44608585  0.67793819 0.40029594 0.53045078 0.51804505
0.67523534 0.61290278 0.17051998 0.19586766 0.24051593 0.63049618  0.51527021 0.79503703 0.34025396 0.45028408 0.34020075 0.47526855  0.40655964 0.24543123 0.58471424 0.44300899
0.73996043 0.44111225 0.13241    0.18795726 0.31979773 0.52630766  0.35329822 0.58641019 0.48594877 0.37490467 0.41000511 0.44085435  0.37746728 0.08764253 0.33218657 0.31822627
0.78439602 0.34920449 0.11509822 0.12285053 0.34576701 0.4533275  0.31428084 0.45325025 0.60155421 0.35564157 0.3029053  0.49730314  0.41435012 0.29059942 0.41129945 0.33353117
0.7959421  0.33515166 0.14366063 0.15111524 0.32534192 0.4285509  0.32748309 0.45748067 0.56665466 0.4092564  0.34124668 0.51800634  0.43432614 0.29950131 0.47127909 0.26500352
0.82036275 0.31249278 0.20366035 0.20718529 0.27209976 0.40317037  0.31518389 0.44815126 0.46941127 0.46341087 0.41065137 0.56437297  0.48143634 0.36047393 0.48094441 0.14972449
0.82812395 0.28238837 0.19633352 0.25063034 0.29885827 0.43721625  0.3082705  0.44240466 0.42583019 0.45756637 0.41065839 0.50849222  0.49840247 0.33810961 0.53687628 0.16976399
0.81579921 0.29703426 0.16867994 0.2245261  0.32869469 0.45801273  0.31408922 0.43661605 0.4731523  0.40790188 0.36545653 0.47945538  0.51460423 0.29835955 0.53125074 0.20612382
0.81579921 0.29703426 0.16867994 0.2245261  0.32869469 0.45801273  0.31408922 0.43661605 0.4731523  0.40790188 0.36545653 0.47945538  0.51460423 0.29835955 0.53125074 0.20612382
0.79649193 0.34119151 0.14744437 0.15281633 0.32236126 0.44874345  0.30780036 0.43813223 0.55163293 0.36013155 0.32710813 0.51463293  0.47766208 0.31182198 0.41533923 0.25461197
0.78439602 0.34920449 0.11509822 0.12285053 0.34576701 0.4533275  0.31428084 0.45325025 0.60155421 0.35564157 0.3029053  0.49730314  0.41435012 0.29059942 0.41129945 0.33353117
0.74232827 0.44330196 0.11776462 0.15693509 0.32873186 0.52707446  0.40543145 0.3814564  0.5445639  0.38909124 0.20437613 0.51730472  0.53051423 0.36977209 0.5504595  0.35120307
0.6392275  0.63758528 0.10008233 0.24002399 0.33405119 0.64027247  0.58878443 0.44876373 0.47104418 0.38096496 0.36968405 0.45518667  0.71532225 0.33660546 0.51191939 0.45828215
0.56190514 0.74089171 0.09081711 0.31238866 0.35428467 0.57231004  0.70661809 0.48819086 0.46173458 0.39799077 0.58737027 0.44226165  0.5232459  0.41397695 0.6196345  0.49497559
0.51122529 0.79950986 0.09455724 0.43195576 0.3493868  0.5994669  0.66683861 0.34610602 0.416032   0.46732754 0.53386627 0.462384  0.40329739 0.37544479 0.47961754 0.45658068
0.49264729 0.79894721 0.09978263 0.46578427 0.35214951 0.58364043  0.60963576 0.34728667 0.44069953 0.48880934 0.48876341 0.48296137  0.39995889 0.37176655 0.50787529 0.48175765
0.32580403 0.74302549 0.14847151 0.63968832 0.41111075 0.35399547  0.37024675 0.43212507 0.43165456 0.5123659  0.22815339 0.54396048  0.39709664 0.40514447 0.65000905 0.53918799
0.29031368 0.73501802 0.17406896 0.6719508  0.39231177 0.39757594  0.2435332  0.5040037  0.58951587 0.47057034 0.3290687  0.50449987  0.52009749 0.47035857 0.67722582 0.51589379
0.19816103 0.62923087 0.22183316 0.6143446  0.39461791 0.36728721  0.29257634 0.53182942 0.53296788 0.4408911  0.29715072 0.49576403  0.59210862 0.44377494 0.59603713 0.55358678
0.161733   0.58883975 0.23854247 0.59012879 0.40289009 0.33947224  0.32113225 0.55547892 0.51863846 0.40354486 0.34657712 0.47033059  0.59523352 0.46232908 0.58250828 0.50172076
0.01804755 0.39018449 0.33830903 0.42636341 0.35641219 0.47112218  0.45911565 0.47626972 0.47899245 0.39487759 0.42806648 0.44912887  0.50987727 0.441117   0.51788115 0.43356859
0.00039479 0.36283831 0.35232302 0.39930133 0.34523319 0.50234819  0.48417291 0.45702496 0.47508945 0.39693445 0.45000532 0.44589633  0.47476172 0.42761975 0.50206904 0.41641874
0.00039479 0.36283831 0.35232302 0.39930133 0.34523319 0.50234819  0.48417291 0.45702496 0.47508945 0.39693445 0.45000532 0.44589633  0.47476172 0.42761975 0.50206904 0.41641874
0.00736942 0.39613007 0.41830731 0.36172594 0.46823368 0.53732994  0.44211872 0.44776048 0.44728519 0.37972708 0.45332102 0.44801959  0.42647218 0.48429767 0.44861485 0.41449757
0.01537897 0.42798123 0.48494114 0.31827886 0.58772643 0.54513432  0.4358351  0.45121669 0.47732817 0.46611291 0.41486194 0.36559236  0.45149356 0.53213668 0.39109408 0.33143833
0.02129753 0.44422238 0.5265177  0.31186058 0.6288231  0.55955796  0.4106123  0.43062562 0.45656408 0.40386814 0.4468957  0.41444694  0.43192413 0.52949587 0.39072599 0.40647558
0.02915275 0.4693919  0.58721771 0.28335045 0.72059316 0.57410578  0.39450673 0.4286617  0.43387446 0.37739026 0.48389945 0.46890486  0.39958973 0.51826742 0.38920284 0.46815868
0.02991754 0.47476553 0.59908644 0.27000423 0.77295442 0.58805668  0.37964584 0.43130143 0.41887861 0.38678362 0.51641802 0.51738475  0.41780696 0.49985466 0.39375885 0.47751354
0.03906522 0.48025811 0.63636074 0.28776997 0.74960085 0.57733273  0.37969121 0.40352637 0.40921506 0.35890968 0.53296981 0.53173265  0.45425621 0.54451105 0.36327338 0.49508312
0.03906522 0.48025811 0.63636074 0.28776997 0.74960085 0.57733273  0.37969121 0.40352637 0.40921506 0.35890968 0.53296981 0.53173265  0.45425621 0.54451105 0.36327338 0.49508312
0.03906522 0.48025811 0.63636074 0.28776997 0.74960085 0.57733273  0.37969121 0.40352637 0.40921506 0.35890968 0.53296981 0.53173265  0.45425621 0.54451105 0.36327338 0.49508312
0.03906522 0.48025811 0.63636074 0.28776997 0.74960085 0.57733273  0.37969121 0.40352637 0.40921506 0.35890968 0.53296981 0.53173265  0.45425621 0.54451105 0.36327338 0.49508312
0.03906522 0.48025811 0.63636074 0.28776997 0.74960085 0.57733273  0.37969121 0.40352637 0.40921506 0.35890968 0.53296981 0.53173265  0.45425621 0.54451105 0.36327338 0.49508312
0.03906522 0.48025811 0.63636074 0.28776997 0.74960085 0.57733273  0.37969121 0.40352637 0.40921506 0.35890968 0.53296981 0.53173265  0.45425621 0.54451105 0.36327338 0.49508312
0.03906522 0.48025811 0.63636074 0.28776997 0.74960085 0.57733273  0.37969121 0.40352637 0.40921506 0.35890968 0.53296981 0.53173265  0.45425621 0.54451105 0.36327338 0.49508312
0.01911512 0.43330938 0.50237099 0.33483023 0.54670818 0.54625618  0.42132462 0.42497833 0.45010893 0.3481518  0.42749932 0.40063492  0.39436865 0.52752149 0.42033815 0.41874221
0.00736942 0.39613007 0.41830731 0.36172594 0.46823368 0.53732994  0.44211872 0.44776048 0.44728519 0.37972708 0.45332102 0.44801959  0.42647218 0.48429767 0.44861485 0.41449757
0.00039479 0.36283831 0.35232302 0.39930133 0.34523319 0.50234819  0.48417291 0.45702496 0.47508945 0.39693445 0.45000532 0.44589633  0.47476172 0.42761975 0.50206904 0.41641874
0.00039479 0.36283831 0.35232302 0.39930133 0.34523319 0.50234819  0.48417291 0.45702496 0.47508945 0.39693445 0.45000532 0.44589633  0.47476172 0.42761975 0.50206904 0.41641874
0.00039479 0.36283831 0.35232302 0.39930133 0.34523319 0.50234819  0.48417291 0.45702496 0.47508945 0.39693445 0.45000532 0.44589633  0.47476172 0.42761975 0.50206904 0.41641874
0.00039479 0.36283831 0.35232302 0.39930133 0.34523319 0.50234819  0.48417291 0.45702496 0.47508945 0.39693445 0.45000532 0.44589633  0.47476172 0.42761975 0.50206904 0.41641874
0.00039479 0.36283831 0.35232302 0.39930133 0.34523319 0.50234819  0.48417291 0.45702496 0.47508945 0.39693445 0.45000532 0.44589633  0.47476172 0.42761975 0.50206904 0.41641874
0.00039479 0.36283831 0.35232302 0.39930133 0.34523319 0.50234819  0.48417291 0.45702496 0.47508945 0.39693445 0.45000532 0.44589633  0.47476172 0.42761975 0.50206904 0.41641874
0.00039479 0.36283831 0.35232302 0.39930133 0.34523319 0.50234819  0.48417291 0.45702496 0.47508945 0.39693445 0.45000532 0.44589633  0.47476172 0.42761975 0.50206904 0.41641874
0.00039479 0.36283831 0.35232302 0.39930133 0.34523319 0.50234819  0.48417291 0.45702496 0.47508945 0.39693445 0.45000532 0.44589633  0.47476172 0.42761975 0.50206904 0.41641874
0.00039479 0.36283831 0.35232302 0.39930133 0.34523319 0.50234819  0.48417291 0.45702496 0.47508945 0.39693445 0.45000532 0.44589633  0.47476172 0.42761975 0.50206904 0.41641874
0.00039479 0.36283831 0.35232302 0.39930133 0.34523319 0.50234819  0.48417291 0.45702496 0.47508945 0.39693445 0.45000532 0.44589633  0.47476172 0.42761975 0.50206904 0.41641874
0.00039479 0.36283831 0.35232302 0.39930133 0.34523319 0.50234819  0.48417291 0.45702496 0.47508945 0.39693445 0.45000532 0.44589633  0.47476172 0.42761975 0.50206904 0.41641874
0.00039479 0.36283831 0.35232302 0.39930133 0.34523319 0.50234819  0.48417291 0.45702496 0.47508945 0.39693445 0.45000532 0.44589633  0.47476172 0.42761975 0.50206904 0.41641874
0.00039479 0.36283831 0.35232302 0.39930133 0.34523319 0.50234819  0.48417291 0.45702496 0.47508945 0.39693445 0.45000532 0.44589633  0.47476172 0.42761975 0.50206904 0.41641874
0.00039479 0.36283831 0.35232302 0.39930133 0.34523319 0.50234819  0.48417291 0.45702496 0.47508945 0.39693445 0.45000532 0.44589633  0.47476172 0.42761975 0.50206904 0.41641874
0.00039479 0.36283831 0.35232302 0.39930133 0.34523319 0.50234819  0.48417291 0.45702496 0.47508945 0.39693445 0.45000532 0.44589633  0.47476172 0.42761975 0.50206904 0.41641874
0.00039479 0.36283831 0.35232302 0.39930133 0.34523319 0.50234819  0.48417291 0.45702496 0.47508945 0.39693445 0.45000532 0.44589633  0.47476172 0.42761975 0.50206904 0.41641874
0.01870308 0.37196619 0.35364175 0.3935624  0.32342162 0.57297891  0.46719925 0.41839832 0.50184052 0.43767273 0.41413017 0.46831696  0.4749994  0.42459677 0.52671212 0.46566615
0.01870308 0.37196619 0.35364175 0.3935624  0.32342162 0.57297891  0.46719925 0.41839832 0.50184052 0.43767273 0.41413017 0.46831696  0.4749994  0.42459677 0.52671212 0.46566615
0.10865334 0.4494553  0.33186032 0.43401554 0.28632397 0.67183927  0.3468139  0.41979263 0.5855784  0.52718901 0.31813748 0.52369166  0.42069153 0.4585138  0.7170868  0.53657031
0.17987291 0.49336378 0.32983251 0.45678906 0.25024207 0.73820949  0.27465032 0.43691758 0.62334929 0.53928069 0.38735447 0.50625782  0.39529792 0.49493235 0.71754485 0.42233017
0.29391059 0.5399598  0.38148652 0.5173013  0.15487186 0.80202088  0.19350995 0.45810935 0.56056635 0.56048104 0.38002551 0.55681059  0.64224281 0.55262554 0.60413219 0.33889246
0.33847622 0.59833951 0.39078704 0.585609   0.15221246 0.72441459  0.15680424 0.46641905 0.53102902 0.52117997 0.33622892 0.57601453  0.76502993 0.59068386 0.52894552 0.39498943
0.41048965 0.66180463 0.43719815 0.63885097 0.11745864 0.71621507  0.18936069 0.42697018 0.57834641 0.44090865 0.38407485 0.56571134  0.84993562 0.52865147 0.59805855 0.37488567
0.46803381 0.68572041 0.48215506 0.67350787 0.06143969 0.73618543  0.21326932 0.37910994 0.56076785 0.3970033  0.5439347  0.57808912  0.77968992 0.52705953 0.64177633 0.319399  
0.49155318 0.72121929 0.50248348 0.67988002 0.08056659 0.72593252  0.22997642 0.36742656 0.57709277 0.38335333 0.52621817 0.52606108  0.71582542 0.49564262 0.63139081 0.28981851
0.52537076 0.74234379 0.65516938 0.72635131 0.06134937 0.6553232  0.29028851 0.33957348 0.63423785 0.35000452 0.51245524 0.48947103  0.60781305 0.45574918 0.72644907 0.36449922
0.54561303 0.77682556 0.65945981 0.74105213 0.08877752 0.63201445  0.27054459 0.34262582 0.60037691 0.31215151 0.47809336 0.48782333  0.59173651 0.47273018 0.62324794 0.41853675
0.56301388 0.80068283 0.64577665 0.76179849 0.09740284 0.59426788  0.26746435 0.35750929 0.55981028 0.30116733 0.42738564 0.48925729  0.64605934 0.42589227 0.51491128 0.45085763
0.58066711 0.78683202 0.6840581  0.74330118 0.12774959 0.58860825  0.22104569 0.39742925 0.52457336 0.31948049 0.40110628 0.49086186  0.51503633 0.36216385 0.55803516 0.40958241
0.58655885 0.79952306 0.71829519 0.74000461 0.1236295  0.57483325  0.23655784 0.38738196 0.53717814 0.29494549 0.373733   0.45086128  0.47769806 0.38167429 0.54157186 0.43278748
0.59067266 0.81530491 0.74914652 0.73018264 0.13935703 0.57449504  0.23492846 0.38626841 0.54851959 0.30220737 0.340538   0.39392474  0.45209029 0.4060736  0.52724754 0.40500734
0.59382691 0.83092256 0.77862114 0.71712841 0.18141834 0.59024294  0.21730051 0.38295638 0.53540011 0.29027741 0.33429583 0.38295086  0.43176863 0.41323829 0.52218111 0.38220769
0.59382691 0.83092256 0.77862114 0.71712841 0.18141834 0.59024294  0.21730051 0.38295638 0.53540011 0.29027741 0.33429583 0.38295086  0.43176863 0.41323829 0.52218111 0.38220769
0.60954569 0.8056049  0.78547337 0.69078791 0.17552221 0.57620514  0.19488011 0.45558795 0.53222426 0.30723337 0.32076379 0.39260188  0.37669489 0.39104997 0.54290325 0.39428389
0.60954569 0.8056049  0.78547337 0.69078791 0.17552221 0.57620514  0.19488011 0.45558795 0.53222426 0.30723337 0.32076379 0.39260188  0.37669489 0.39104997 0.54290325 0.39428389
0.60954569 0.8056049  0.78547337 0.69078791 0.17552221 0.57620514  0.19488011 0.45558795 0.53222426 0.30723337 0.32076379 0.39260188  0.37669489 0.39104997 0.54290325 0.39428389
0.60954569 0.8056049  0.78547337 0.69078791 0.17552221 0.57620514  0.19488011 0.45558795 0.53222426 0.30723337 0.32076379 0.39260188  0.37669489 0.39104997 0.54290325 0.39428389
0.60954569 0.8056049  0.78547337 0.69078791 0.17552221 0.57620514  0.19488011 0.45558795 0.53222426 0.30723337 0.32076379 0.39260188  0.37669489 0.39104997 0.54290325 0.39428389
0.60954569 0.8056049  0.78547337 0.69078791 0.17552221 0.57620514  0.19488011 0.45558795 0.53222426 0.30723337 0.32076379 0.39260188  0.37669489 0.39104997 0.54290325 0.39428389
0.60954569 0.8056049  0.78547337 0.69078791 0.17552221 0.57620514  0.19488011 0.45558795 0.53222426 0.30723337 0.32076379 0.39260188  0.37669489 0.39104997 0.54290325 0.39428389
0.60639143 0.78998725 0.75599876 0.70384214 0.1334609  0.56045724  0.21250806 0.45889998 0.54534373 0.31916333 0.32700596 0.40357576  0.39701655 0.38388528 0.54796969 0.41708354
0.59067266 0.81530491 0.74914652 0.73018264 0.13935703 0.57449504  0.23492846 0.38626841 0.54851959 0.30220737 0.340538   0.39392474  0.45209029 0.4060736  0.52724754 0.40500734
0.58772213 0.80276948 0.72330254 0.7458777  0.09235834 0.56557042  0.24584641 0.38781198 0.556957   0.30713129 0.34532128 0.39938871  0.46491415 0.40664312 0.52121849 0.42542152
0.58772213 0.80276948 0.72330254 0.7458777  0.09235834 0.56557042  0.24584641 0.38781198 0.556957   0.30713129 0.34532128 0.39938871  0.46491415 0.40664312 0.52121849 0.42542152
0.57155221 0.75315631 0.61271785 0.77008023 0.04184766 0.56843472  0.25246499 0.41669868 0.55082421 0.41040808 0.42030455 0.50647745  0.61179985 0.33293307 0.56146882 0.37521747
0.5264328  0.73928003 0.43885224 0.73823517 0.07428599 0.65245863  0.21246406 0.42917779 0.46168521 0.51394034 0.51585735 0.5905067  0.85026141 0.47904526 0.43316888 0.23717795
0.50256198 0.76797876 0.38263626 0.68386622 0.1245475  0.69803171  0.20508052 0.41915876 0.54390686 0.41066102 0.4323141  0.54076666  0.84648715 0.4303933  0.3675637  0.34206543
0.46561589 0.75962244 0.23871569 0.59999518 0.20576548 0.75745989  0.16468892 0.50384857 0.56774173 0.48518955 0.37162169 0.48949864  0.70179567 0.39549556 0.33557439 0.35562081
0.34645464 0.7659994  0.16744873 0.63883838 0.34711247 0.52966271  0.24256474 0.4946905  0.65102012 0.47197345 0.39988815 0.48734644  0.55414396 0.44627874 0.60549892 0.52927024
0.27158964 0.71232946 0.1857371  0.66173424 0.38957026 0.40157025  0.23781444 0.51117867 0.59765599 0.47291274 0.31137572 0.50792099  0.55293787 0.48795372 0.70211935 0.53785403
0.21770365 0.63818634 0.22531134 0.60217367 0.36797614 0.47517989  0.26504645 0.47943077 0.6352058  0.49130882 0.36096075 0.50983296  0.49208453 0.535512   0.82250334 0.51658771
0.14403311 0.56857594 0.24732976 0.57692891 0.40895932 0.32806296  0.33132612 0.56670319 0.53337641 0.37306194 0.40507683 0.4477759  0.61396101 0.52949117 0.63051661 0.42541231
0.09049698 0.48915177 0.28895756 0.50273163 0.37945396 0.42007098  0.38707963 0.51604378 0.55039553 0.38867569 0.47452904 0.44278296  0.50665257 0.52926791 0.67265304 0.38645827
0.05488173 0.43692925 0.31482574 0.45654179 0.36352369 0.45639366  0.43586995 0.4884267  0.51290409 0.38413637 0.47607013 0.4375697  0.49383141 0.47953133 0.57038008 0.37571905
0.03722896 0.40958307 0.32883973 0.42947971 0.35234469 0.48761967  0.4609272  0.46918194 0.50900109 0.38619323 0.49800897 0.43433716  0.45871587 0.46603407 0.55456796 0.3585692 
0.01877751 0.38616237 0.34024961 0.41452329 0.35026547 0.48875947  0.47765612 0.4623593  0.47676406 0.38966489 0.46128205 0.44156549  0.47317508 0.43487647 0.50402464 0.39108964
0.01877751 0.38616237 0.34024961 0.41452329 0.35026547 0.48875947  0.47765612 0.4623593  0.47676406 0.38966489 0.46128205 0.44156549  0.47317508 0.43487647 0.50402464 0.39108964
0.00039479 0.36283831 0.35232302 0.39930133 0.34523319 0.50234819  0.48417291 0.45702496 0.47508945 0.39693445 0.45000532 0.44589633  0.47476172 0.42761975 0.50206904 0.41641874
0.00039479 0.36283831 0.35232302 0.39930133 0.34523319 0.50234819  0.48417291 0.45702496 0.47508945 0.39693445 0.45000532 0.44589633  0.47476172 0.42761975 0.50206904 0.41641874
0.00039479 0.36283831 0.35232302 0.39930133 0.34523319 0.50234819  0.48417291 0.45702496 0.47508945 0.39693445 0.45000532 0.44589633  0.47476172 0.42761975 0.50206904 0.41641874
0.00039479 0.36283831 0.35232302 0.39930133 0.34523319 0.50234819  0.48417291 0.45702496 0.47508945 0.39693445 0.45000532 0.44589633  0.47476172 0.42761975 0.50206904 0.41641874
0.00039479 0.36283831 0.35232302 0.39930133 0.34523319 0.50234819  0.48417291 0.45702496 0.47508945 0.39693445 0.45000532 0.44589633  0.47476172 0.42761975 0.50206904 0.41641874
0.00039479 0.36283831 0.35232302 0.39930133 0.34523319 0.50234819  0.48417291 0.45702496 0.47508945 0.39693445 0.45000532 0.44589633  0.47476172 0.42761975 0.50206904 0.41641874
0.00039479 0.36283831 0.35232302 0.39930133 0.34523319 0.50234819  0.48417291 0.45702496 0.47508945 0.39693445 0.45000532 0.44589633  0.47476172 0.42761975 0.50206904 0.41641874
0.00039479 0.36283831 0.35232302 0.39930133 0.34523319 0.50234819  0.48417291 0.45702496 0.47508945 0.39693445 0.45000532 0.44589633  0.47476172 0.42761975 0.50206904 0.41641874
0.00039479 0.36283831 0.35232302 0.39930133 0.34523319 0.50234819  0.48417291 0.45702496 0.47508945 0.39693445 0.45000532 0.44589633  0.47476172 0.42761975 0.50206904 0.41641874
0.00039479 0.36283831 0.35232302 0.39930133 0.34523319 0.50234819  0.48417291 0.45702496 0.47508945 0.39693445 0.45000532 0.44589633  0.47476172 0.42761975 0.50206904 0.41641874
0.00039479 0.36283831 0.35232302 0.39930133 0.34523319 0.50234819  0.48417291 0.45702496 0.47508945 0.39693445 0.45000532 0.44589633  0.47476172 0.42761975 0.50206904 0.41641874
0.00039479 0.36283831 0.35232302 0.39930133 0.34523319 0.50234819  0.48417291 0.45702496 0.47508945 0.39693445 0.45000532 0.44589633  0.47476172 0.42761975 0.50206904 0.41641874
0.00039479 0.36283831 0.35232302 0.39930133 0.34523319 0.50234819  0.48417291 0.45702496 0.47508945 0.39693445 0.45000532 0.44589633  0.47476172 0.42761975 0.50206904 0.41641874
0.00039479 0.36283831 0.35232302 0.39930133 0.34523319 0.50234819  0.48417291 0.45702496 0.47508945 0.39693445 0.45000532 0.44589633  0.47476172 0.42761975 0.50206904 0.41641874
0.00039479 0.36283831 0.35232302 0.39930133 0.34523319 0.50234819  0.48417291 0.45702496 0.47508945 0.39693445 0.45000532 0.44589633  0.47476172 0.42761975 0.50206904 0.41641874
0.00039479 0.36283831 0.35232302 0.39930133 0.34523319 0.50234819  0.48417291 0.45702496 0.47508945 0.39693445 0.45000532 0.44589633  0.47476172 0.42761975 0.50206904 0.41641874
0.00039479 0.36283831 0.35232302 0.39930133 0.34523319 0.50234819  0.48417291 0.45702496 0.47508945 0.39693445 0.45000532 0.44589633  0.47476172 0.42761975 0.50206904 0.41641874
0.00039479 0.36283831 0.35232302 0.39930133 0.34523319 0.50234819  0.48417291 0.45702496 0.47508945 0.39693445 0.45000532 0.44589633  0.47476172 0.42761975 0.50206904 0.41641874
0.00039479 0.36283831 0.35232302 0.39930133 0.34523319 0.50234819  0.48417291 0.45702496 0.47508945 0.39693445 0.45000532 0.44589633  0.47476172 0.42761975 0.50206904 0.41641874
0.00039479 0.36283831 0.35232302 0.39930133 0.34523319 0.50234819  0.48417291 0.45702496 0.47508945 0.39693445 0.45000532 0.44589633  0.47476172 0.42761975 0.50206904 0.41641874
0.00039479 0.36283831 0.35232302 0.39930133 0.34523319 0.50234819  0.48417291 0.45702496 0.47508945 0.39693445 0.45000532 0.44589633  0.47476172 0.42761975 0.50206904 0.41641874
