0.00039479 0.36283831 0.35232302 0.39930133 0.34523319 0.50234819  0.48417291 0.45702496 0.47508945 0.39693445 0.45000532 0.44589633  0.47476172 0.42761975 0.50206904 0.41641874
0.00039479 0.36283831 0.35232302 0.39930133 0.34523319 0.50234819  0.48417291 0.45702496 0.47508945 0.39693445 0.45000532 0.44589633  0.47476172 0.42761975 0.50206904 0.41641874
0.00039479 0.36283831 0.35232302 0.39930133 0.34523319 0.50234819  0.48417291 0.45702496 0.47508945 0.39693445 0.45000532 0.44589633  0.47476172 0.42761975 0.50206904 0.41641874
0.00039479 0.36283831 0.35232302 0.39930133 0.34523319 0.50234819  0.48417291 0.45702496 0.47508945 0.39693445 0.45000532 0.44589633  0.47476172 0.42761975 0.50206904 0.41641874
0.00039479 0.36283831 0.35232302 0.39930133 0.34523319 0.50234819  0.48417291 0.45702496 0.47508945 0.39693445 0.45000532 0.44589633  0.47476172 0.42761975 0.50206904 0.41641874
0.00039479 0.36283831 0.35232302 0.39930133 0.34523319 0.50234819  0.48417291 0.45702496 0.47508945 0.39693445 0.45000532 0.44589633  0.47476172 0.42761975 0.50206904 0.41641874
0.00039479 0.36283831 0.35232302 0.39930133 0.34523319 0.50234819  0.48417291 0.45702496 0.47508945 0.39693445 0.45000532 0.44589633  0.47476172 0.42761975 0.50206904 0.41641874
0.00039479 0.36283831 0.35232302 0.39930133 0.34523319 0.50234819  0.48417291 0.45702496 0.47508945 0.39693445 0.45000532 0.44589633  0.47476172 0.42761975 0.50206904 0.41641874
0.00039479 0.36283831 0.35232302 0.39930133 0.34523319 0.50234819  0.48417291 0.45702496 0.47508945 0.39693445 0.45000532 0.44589633  0.47476172 0.42761975 0.50206904 0.41641874
0.00039479 0.36283831 0.35232302 0.39930133 0.34523319 0.50234819  0.48417291 0.45702496 0.47508945 0.39693445 0.45000532 0.44589633  0.47476172 0.42761975 0.50206904 0.41641874
0.00039479 0.36283831 0.35232302 0.39930133 0.34523319 0.50234819  0.48417291 0.45702496 0.47508945 0.39693445 0.45000532 0.44589633  0.47476172 0.42761975 0.50206904 0.41641874
0.00039479 0.36283831 0.35232302 0.39930133 0.34523319 0.50234819  0.48417291 0.45702496 0.47508945 0.39693445 0.45000532 0.44589633  0.47476172 0.42761975 0.50206904 0.41641874
0.00039479 0.36283831 0.35232302 0.39930133 0.34523319 0.50234819  0.48417291 0.45702496 0.47508945 0.39693445 0.45000532 0.44589633  0.47476172 0.42761975 0.50206904 0.41641874
0.00039479 0.36283831 0.35232302 0.39930133 0.34523319 0.50234819  0.48417291 0.45702496 0.47508945 0.39693445 0.45000532 0.44589633  0.47476172 0.42761975 0.50206904 0.41641874
0.00039479 0.36283831 0.35232302 0.39930133 0.34523319 0.50234819  0.48417291 0.45702496 0.47508945 0.39693445 0.45000532 0.44589633  0.47476172 0.42761975 0.50206904 0.41641874
0.00039479 0.36283831 0.35232302 0.39930133 0.34523319 0.50234819  0.48417291 0.45702496 0.47508945 0.39693445 0.45000532 0.44589633  0.47476172 0.42761975 0.50206904 0.41641874
0.00039479 0.36283831 0.35232302 0.39930133 0.34523319 0.50234819  0.48417291 0.45702496 0.47508945 0.39693445 0.45000532 0.44589633  0.47476172 0.42761975 0.50206904 0.41641874
0.00039479 0.36283831 0.35232302 0.39930133 0.34523319 0.50234819  0.48417291 0.45702496 0.47508945 0.39693445 0.45000532 0.44589633  0.47476172 0.42761975 0.50206904 0.41641874
0.00039479 0.36283831 0.35232302 0.39930133 0.34523319 0.50234819  0.48417291 0.45702496 0.47508945 0.39693445 0.45000532 0.44589633  0.47476172 0.42761975 0.50206904 0.41641874
0.00039479 0.36283831 0.35232302 0.39930133 0.34523319 0.50234819  0.48417291 0.45702496 0.47508945 0.39693445 0.45000532 0.44589633  0.47476172 0.42761975 0.50206904 0.41641874
0.00039479 0.36283831 0.35232302 0.39930133 0.34523319 0.50234819  0.48417291 0.45702496 0.47508945 0.39693445 0.45000532 0.44589633  0.47476172 0.42761975 0.50206904 0.41641874
0.00039479 0.36283831 0.35232302 0.39930133 0.34523319 0.50234819  0.48417291 0.45702496 0.47508945 0.39693445 0.45000532 0.44589633  0.47476172 0.42761975 0.50206904 0.41641874
0.00039479 0.36283831 0.35232302 0.39930133 0.34523319 0.50234819  0.48417291 0.45702496 0.47508945 0.39693445 0.45000532 0.44589633  0.47476172 0.42761975 0.50206904 0.41641874
0.00039479 0.36283831 0.35232302 0.39930133 0.34523319 0.50234819  0.48417291 0.45702496 0.47508945 0.39693445 0.45000532 0.44589633  0.47476172 0.42761975 0.50206904 0.41641874
0.00039479 0.36283831 0.35232302 0.39930133 0.34523319 0.50234819  0.48417291 0.45702496 0.47508945 0.39693445 0.45000532 0.44589633  0.47476172 0.42761975 0.50206904 0.41641874
0.00039479 0.36283831 0.35232302 0.39930133 0.34523319 0.50234819  0.48417291 0.45702496 0.47508945 0.39693445 0.45000532 0.44589633  0.47476172 0.42761975 0.50206904 0.41641874
0.00039479 0.36283831 0.35232302 0.39930133 0.34523319 0.50234819  0.48417291 0.45702496 0.47508945 0.39693445 0.45000532 0.44589633  0.47476172 0.42761975 0.50206904 0.41641874
0.00039479 0.36283831 0.35232302 0.39930133 0.34523319 0.50234819  0.48417291 0.45702496 0.47508945 0.39693445 0.45000532 0.44589633  0.47476172 0.42761975 0.50206904 0.41641874
0.00039479 0.36283831 0.35232302 0.39930133 0.34523319 0.50234819  0.48417291 0.45702496 0.47508945 0.39693445 0.45000532 0.44589633  0.47476172 0.42761975 0.50206904 0.41641874
0.00039479 0.36283831 0.35232302 0.39930133 0.34523319 0.50234819  0.48417291 0.45702496 0.47508945 0.39693445 0.45000532 0.44589633  0.47476172 0.42761975 0.50206904 0.41641874
0.00039479 0.36283831 0.35232302 0.39930133 0.34523319 0.50234819  0.48417291 0.45702496 0.47508945 0.39693445 0.45000532 0.44589633  0.47476172 0.42761975 0.50206904 0.41641874
0.00039479 0.36283831 0.35232302 0.39930133 0.34523319 0.50234819  0.48417291 0.45702496 0.47508945 0.39693445 0.45000532 0.44589633  0.47476172 0.42761975 0.50206904 0.41641874
0.00039479 0.36283831 0.35232302 0.39930133 0.34523319 0.50234819  0.48417291 0.45702496 0.47508945 0.39693445 0.45000532 0.44589633  0.47476172 0.42761975 0.50206904 0.41641874
0.00039479 0.36283831 0.35232302 0.39930133 0.34523319 0.50234819  0.48417291 0.45702496 0.47508945 0.39693445 0.45000532 0.44589633  0.47476172 0.42761975 0.50206904 0.41641874
0.00039479 0.36283831 0.35232302 0.39930133 0.34523319 0.50234819  0.48417291 0.45702496 0.47508945 0.39693445 0.45000532 0.44589633  0.47476172 0.42761975 0.50206904 0.41641874
0.00039479 0.36283831 0.35232302 0.39930133 0.34523319 0.50234819  0.48417291 0.45702496 0.47508945 0.39693445 0.45000532 0.44589633  0.47476172 0.42761975 0.50206904 0.41641874
0.00039479 0.36283831 0.35232302 0.39930133 0.34523319 0.50234819  0.48417291 0.45702496 0.47508945 0.39693445 0.45000532 0.44589633  0.47476172 0.42761975 0.50206904 0.41641874
0.00039479 0.36283831 0.35232302 0.39930133 0.34523319 0.50234819  0.48417291 0.45702496 0.47508945 0.39693445 0.45000532 0.44589633  0.47476172 0.42761975 0.50206904 0.41641874
0.00039479 0.36283831 0.35232302 0.39930133 0.34523319 0.50234819  0.48417291 0.45702496 0.47508945 0.39693445 0.45000532 0.44589633  0.47476172 0.42761975 0.50206904 0.41641874
0.00039479 0.36283831 0.35232302 0.39930133 0.34523319 0.50234819  0.48417291 0.45702496 0.47508945 0.39693445 0.45000532 0.44589633  0.47476172 0.42761975 0.50206904 0.41641874
0.00039479 0.36283831 0.35232302 0.39930133 0.34523319 0.50234819  0.48417291 0.45702496 0.47508945 0.39693445 0.45000532 0.44589633  0.47476172 0.42761975 0.50206904 0.41641874
0.00039479 0.36283831 0.35232302 0.39930133 0.34523319 0.50234819  0.48417291 0.45702496 0.47508945 0.39693445 0.45000532 0.44589633  0.47476172 0.42761975 0.50206904 0.41641874
0.00039479 0.36283831 0.35232302 0.39930133 0.34523319 0.50234819  0.48417291 0.45702496 0.47508945 0.39693445 0.45000532 0.44589633  0.47476172 0.42761975 0.50206904 0.41641874
0.00039479 0.36283831 0.35232302 0.39930133 0.34523319 0.50234819  0.48417291 0.45702496 0.47508945 0.39693445 0.45000532 0.44589633  0.47476172 0.42761975 0.50206904 0.41641874
0.00039479 0.36283831 0.35232302 0.39930133 0.34523319 0.50234819  0.48417291 0.45702496 0.47508945 0.39693445 0.45000532 0.44589633  0.47476172 0.42761975 0.50206904 0.41641874
0.00039479 0.36283831 0.35232302 0.39930133 0.34523319 0.50234819  0.48417291 0.45702496 0.47508945 0.39693445 0.45000532 0.44589633  0.47476172 0.42761975 0.50206904 0.41641874
0.00039479 0.36283831 0.35232302 0.39930133 0.34523319 0.50234819  0.48417291 0.45702496 0.47508945 0.39693445 0.45000532 0.44589633  0.47476172 0.42761975 0.50206904 0.41641874
0.00039479 0.36283831 0.35232302 0.39930133 0.34523319 0.50234819  0.48417291 0.45702496 0.47508945 0.39693445 0.45000532 0.44589633  0.47476172 0.42761975 0.50206904 0.41641874
0.00039479 0.36283831 0.35232302 0.39930133 0.34523319 0.50234819  0.48417291 0.45702496 0.47508945 0.39693445 0.45000532 0.44589633  0.47476172 0.42761975 0.50206904 0.41641874
0.00039479 0.36283831 0.35232302 0.39930133 0.34523319 0.50234819  0.48417291 0.45702496 0.47508945 0.39693445 0.45000532 0.44589633  0.47476172 0.42761975 0.50206904 0.41641874
0.00039479 0.36283831 0.35232302 0.39930133 0.34523319 0.50234819  0.48417291 0.45702496 0.47508945 0.39693445 0.45000532 0.44589633  0.47476172 0.42761975 0.50206904 0.41641874
0.00039479 0.36283831 0.35232302 0.39930133 0.34523319 0.50234819  0.48417291 0.45702496 0.47508945 0.39693445 0.45000532 0.44589633  0.47476172 0.42761975 0.50206904 0.41641874
0.00039479 0.36283831 0.35232302 0.39930133 0.34523319 0.50234819  0.48417291 0.45702496 0.47508945 0.39693445 0.45000532 0.44589633  0.47476172 0.42761975 0.50206904 0.41641874
0.00039479 0.36283831 0.35232302 0.39930133 0.34523319 0.50234819  0.48417291 0.45702496 0.47508945 0.39693445 0.45000532 0.44589633  0.47476172 0.42761975 0.50206904 0.41641874
0.00039479 0.36283831 0.35232302 0.39930133 0.34523319 0.50234819  0.48417291 0.45702496 0.47508945 0.39693445 0.45000532 0.44589633  0.47476172 0.42761975 0.50206904 0.41641874
0.00039479 0.36283831 0.35232302 0.39930133 0.34523319 0.50234819  0.48417291 0.45702496 0.47508945 0.39693445 0.45000532 0.44589633  0.47476172 0.42761975 0.50206904 0.41641874
0.00039479 0.36283831 0.35232302 0.39930133 0.34523319 0.50234819  0.48417291 0.45702496 0.47508945 0.39693445 0.45000532 0.44589633  0.47476172 0.42761975 0.50206904 0.41641874
0.00039479 0.36283831 0.35232302 0.39930133 0.34523319 0.50234819  0.48417291 0.45702496 0.47508945 0.39693445 0.45000532 0.44589633  0.47476172 0.42761975 0.50206904 0.41641874
0.00039479 0.36283831 0.35232302 0.39930133 0.34523319 0.50234819  0.48417291 0.45702496 0.47508945 0.39693445 0.45000532 0.44589633  0.47476172 0.42761975 0.50206904 0.41641874
0.00039479 0.36283831 0.35232302 0.39930133 0.34523319 0.50234819  0.48417291 0.45702496 0.47508945 0.39693445 0.45000532 0.44589633  0.47476172 0.42761975 0.50206904 0.41641874
0.00039479 0.36283831 0.35232302 0.39930133 0.34523319 0.50234819  0.48417291 0.45702496 0.47508945 0.39693445 0.45000532 0.44589633  0.47476172 0.42761975 0.50206904 0.41641874
0.00039479 0.36283831 0.35232302 0.39930133 0.34523319 0.50234819  0.48417291 0.45702496 0.47508945 0.39693445 0.45000532 0.44589633  0.47476172 0.42761975 0.50206904 0.41641874
0.00039479 0.36283831 0.35232302 0.39930133 0.34523319 0.50234819  0.48417291 0.45702496 0.47508945 0.39693445 0.45000532 0.44589633  0.47476172 0.42761975 0.50206904 0.41641874
0.00039479 0.36283831 0.35232302 0.39930133 0.34523319 0.50234819  0.48417291 0.45702496 0.47508945 0.39693445 0.45000532 0.44589633  0.47476172 0.42761975 0.50206904 0.41641874
0.00039479 0.36283831 0.35232302 0.39930133 0.34523319 0.50234819  0.48417291 0.45702496 0.47508945 0.39693445 0.45000532 0.44589633  0.47476172 0.42761975 0.50206904 0.41641874
0.00039479 0.36283831 0.35232302 0.39930133 0.34523319 0.50234819  0.48417291 0.45702496 0.47508945 0.39693445 0.45000532 0.44589633  0.47476172 0.42761975 0.50206904 0.41641874
0.00039479 0.36283831 0.35232302 0.39930133 0.34523319 0.50234819  0.48417291 0.45702496 0.47508945 0.39693445 0.45000532 0.44589633  0.47476172 0.42761975 0.50206904 0.41641874
0.00039479 0.36283831 0.35232302 0.39930133 0.34523319 0.50234819  0.48417291 0.45702496 0.47508945 0.39693445 0.45000532 0.44589633  0.47476172 0.42761975 0.50206904 0.41641874
0.00039479 0.36283831 0.35232302 0.39930133 0.34523319 0.50234819  0.48417291 0.45702496 0.47508945 0.39693445 0.45000532 0.44589633  0.47476172 0.42761975 0.50206904 0.41641874
0.12605699 0.5451714  0.26011859 0.55853636 0.40229871 0.3564249  0.33781782 0.55207365 0.55478528 0.38725916 0.42939227 0.44992349  0.561189   0.54613979 0.69477306 0.42533206
0.25915892 0.713945   0.21606643 0.61814834 0.44436544 0.40496476  0.28474205 0.5250511  0.62854766 0.38547064 0.58141841 0.41906895  0.36942519 0.54627982 0.7287917  0.29625967
0.42028419 0.94537056 0.56253271 0.4273747  0.8652467  0.68189508  0.23577544 0.40632148 0.80034029 0.49387902 0.58946615 0.34453251  0.26092649 0.55694319 0.51169749 0.50825183
0.56581477 0.97619027 0.72483393 0.36023024 0.83489246 0.70465114  0.37876354 0.4566634  0.75385975 0.50980589 0.57009938 0.34789085  0.52770808 0.45143687 0.22134066 0.59805397
0.7170957  0.87614981 0.87484617 0.32179968 0.69348738 0.6526342  0.42460998 0.57590966 0.43799688 0.6187475  0.561159   0.45659261  0.52573547 0.6287111  0.17233339 0.46956469
0.77336582 0.82607483 0.90331092 0.25671898 0.68625825 0.58194361  0.49651484 0.60958167 0.37367948 0.54952641 0.5493934  0.47836466  0.46065905 0.57222695 0.37886821 0.51302271
0.80906279 0.76223437 0.92210074 0.23027335 0.68170114 0.52445033  0.50166923 0.73060404 0.47958777 0.58448281 0.55070021 0.50428681  0.37157115 0.41275278 0.45863218 0.60460365
0.82721509 0.76241263 0.9121783  0.20477413 0.70007612 0.49646331  0.57267638 0.69332039 0.38683018 0.60081061 0.48056027 0.55566262  0.31539183 0.37768449 0.48043028 0.68493382
0.87915365 0.63787924 0.89877228 0.19173039 0.6747399  0.36586019  0.53766517 0.64448507 0.52666174 0.59643048 0.55588106 0.56051336  0.29502824 0.54545835 0.39038022 0.7549735 
0.87814179 0.63640375 0.89877056 0.1946052  0.67533732 0.3657325  0.53875596 0.64291296 0.52739368 0.59725234 0.56226325 0.54209971  0.32794627 0.5234225  0.41561195 0.69769172
0.88988574 0.59274636 0.86103097 0.20717434 0.56312538 0.31740511  0.56963448 0.56299796 0.59810988 0.6090939  0.40754307 0.4223195  0.34591343 0.66433363 0.4485482  0.60948985
0.88606268 0.57179852 0.8160385  0.25060594 0.4095283  0.28020451  0.6096638  0.55128403 0.63930643 0.58762286 0.33401069 0.31628319  0.32488518 0.69484363 0.43866443 0.58911212
0.88342175 0.56116771 0.79132503 0.27391376 0.33850419 0.27713038  0.60925131 0.5433342  0.62155336 0.52183796 0.33510082 0.3307464  0.29395704 0.68910247 0.46791651 0.61668949
0.87525947 0.52533061 0.71900884 0.31723039 0.20635254 0.25284398  0.63444119 0.54547619 0.62287234 0.48914872 0.35965804 0.38194107  0.30125189 0.66299107 0.50080288 0.69004447
0.87991989 0.46070157 0.64857773 0.3405021  0.14638548 0.21825806  0.61312729 0.51114404 0.65680517 0.50210235 0.41472265 0.41590983  0.35293488 0.5799782  0.46369312 0.63339061
0.89279095 0.42600108 0.63889333 0.33967348 0.16472226 0.20455089  0.58043928 0.43439023 0.6880753  0.49680341 0.39267857 0.41788547  0.36708224 0.55010946 0.43419625 0.60203867
0.88849002 0.34762088 0.51712202 0.36217194 0.13293928 0.21967452  0.53764471 0.36879963 0.62947792 0.5021099  0.43550016 0.57011296  0.46627269 0.48959006 0.48934548 0.54938469
0.89398846 0.27082328 0.43972072 0.38272588 0.19053561 0.23654755  0.47440245 0.40145364 0.61378884 0.63328136 0.53851051 0.49606211  0.42348892 0.52251033 0.26155352 0.54528642
0.88571842 0.25409588 0.39073392 0.39452998 0.18543972 0.27047683  0.44073826 0.40116273 0.55792754 0.59939295 0.58329804 0.5812953  0.47684614 0.48455269 0.30176477 0.50415976
0.88571842 0.25409588 0.39073392 0.39452998 0.18543972 0.27047683  0.44073826 0.40116273 0.55792754 0.59939295 0.58329804 0.5812953  0.47684614 0.48455269 0.30176477 0.50415976
0.88571842 0.25409588 0.39073392 0.39452998 0.18543972 0.27047683  0.44073826 0.40116273 0.55792754 0.59939295 0.58329804 0.5812953  0.47684614 0.48455269 0.30176477 0.50415976
0.87491096 0.22756585 0.31098714 0.38678664 0.22761818 0.36426188  0.32505888 0.4119057  0.34957333 0.55453107 0.61892743 0.51635103  0.38642602 0.73136355 0.21157864 0.54043836
0.87491096 0.22756585 0.31098714 0.38678664 0.22761818 0.36426188  0.32505888 0.4119057  0.34957333 0.55453107 0.61892743 0.51635103  0.38642602 0.73136355 0.21157864 0.54043836
0.87491096 0.22756585 0.31098714 0.38678664 0.22761818 0.36426188  0.32505888 0.4119057  0.34957333 0.55453107 0.61892743 0.51635103  0.38642602 0.73136355 0.21157864 0.54043836
0.87491096 0.22756585 0.31098714 0.38678664 0.22761818 0.36426188  0.32505888 0.4119057  0.34957333 0.55453107 0.61892743 0.51635103  0.38642602 0.73136355 0.21157864 0.54043836
0.85366737 0.23008625 0.24136669 0.33905509 0.27437751 0.37956987  0.33149399 0.45479878 0.40915816 0.57791503 0.57817281 0.48467334  0.2866648  0.66548461 0.23802433 0.60178797
0.85366737 0.23008625 0.24136669 0.33905509 0.27437751 0.37956987  0.33149399 0.45479878 0.40915816 0.57791503 0.57817281 0.48467334  0.2866648  0.66548461 0.23802433 0.60178797
0.84745585 0.2234494  0.20989428 0.32840613 0.29617686 0.40390026  0.30692429 0.4574676  0.36616394 0.57032981 0.59589983 0.51237129  0.33480285 0.65627013 0.25298599 0.5538037 
0.84745585 0.2234494  0.20989428 0.32840613 0.29617686 0.40390026  0.30692429 0.4574676  0.36616394 0.57032981 0.59589983 0.51237129  0.33480285 0.65627013 0.25298599 0.5538037 
0.82316727 0.24763204 0.1473061  0.26590912 0.34410968 0.44339475  0.29716267 0.46811632 0.45449144 0.49465025 0.49695915 0.46509295  0.29610602 0.53453011 0.26081081 0.61139017
0.82316727 0.24763204 0.1473061  0.26590912 0.34410968 0.44339475  0.29716267 0.46811632 0.45449144 0.49465025 0.49695915 0.46509295  0.29610602 0.53453011 0.26081081 0.61139017
0.80246745 0.28763745 0.11255122 0.20265678 0.38517467 0.4888746  0.28946487 0.4583905  0.496599   0.3905722  0.35329431 0.40466437  0.29955484 0.4781628  0.29397462 0.56548578
0.75957622 0.39405921 0.10030034 0.0969769  0.34931565 0.45432739  0.37201671 0.46681856 0.595498   0.36806949 0.28203113 0.52453725  0.33624592 0.4959283  0.4702939  0.5110464 
0.54035873 0.72779543 0.07589963 0.36723578 0.38862945 0.50588845  0.68901654 0.26898614 0.47564147 0.43709317 0.47765712 0.49290466  0.45624531 0.57493596 0.62659657 0.44672291
0.54035873 0.72779543 0.07589963 0.36723578 0.38862945 0.50588845  0.68901654 0.26898614 0.47564147 0.43709317 0.47765712 0.49290466  0.45624531 0.57493596 0.62659657 0.44672291
0.42888928 0.68458687 0.08713152 0.4628947  0.47797204 0.21677161  0.65627845 0.33219588 0.34889882 0.39286256 0.3694223  0.49667826  0.39199287 0.59221703 0.65996976 0.34375529
0.23357539 0.65092865 0.18101931 0.60206869 0.45326035 0.19690492  0.45626259 0.51367643 0.27808706 0.39690569 0.2127253  0.49267629  0.5453671  0.35113518 0.37822829 0.49452893
0.16092063 0.55022711 0.23166658 0.52541821 0.42709994 0.25415808  0.51346625 0.48636276 0.24035508 0.39577481 0.18857031 0.49207831  0.57832983 0.30743667 0.27573246 0.51857751
0.01779563 0.38669558 0.33863985 0.42004769 0.35385851 0.46460162  0.48109267 0.47190843 0.43452283 0.38595027 0.3992976  0.44733029  0.52908455 0.38078184 0.39373238 0.44873962
0.01779563 0.38669558 0.33863985 0.42004769 0.35385851 0.46460162  0.48109267 0.47190843 0.43452283 0.38595027 0.3992976  0.44733029  0.52908455 0.38078184 0.39373238 0.44873962
0.00039479 0.36283831 0.35232302 0.39930133 0.34523319 0.50234819  0.48417291 0.45702496 0.47508945 0.39693445 0.45000532 0.44589633  0.47476172 0.42761975 0.50206904 0.41641874
0.00039479 0.36283831 0.35232302 0.39930133 0.34523319 0.50234819  0.48417291 0.45702496 0.47508945 0.39693445 0.45000532 0.44589633  0.47476172 0.42761975 0.50206904 0.41641874
0.00039479 0.36283831 0.35232302 0.39930133 0.34523319 0.50234819  0.48417291 0.45702496 0.47508945 0.39693445 0.45000532 0.44589633  0.47476172 0.42761975 0.50206904 0.41641874
0.00039479 0.36283831 0.35232302 0.39930133 0.34523319 0.50234819  0.48417291 0.45702496 0.47508945 0.39693445 0.45000532 0.44589633  0.47476172 0.42761975 0.50206904 0.41641874
0.00039479 0.36283831 0.35232302 0.39930133 0.34523319 0.50234819  0.48417291 0.45702496 0.47508945 0.39693445 0.45000532 0.44589633  0.47476172 0.42761975 0.50206904 0.41641874
0.00039479 0.36283831 0.35232302 0.39930133 0.34523319 0.50234819  0.48417291 0.45702496 0.47508945 0.39693445 0.45000532 0.44589633  0.47476172 0.42761975 0.50206904 0.41641874
0.00039479 0.36283831 0.35232302 0.39930133 0.34523319 0.50234819  0.48417291 0.45702496 0.47508945 0.39693445 0.45000532 0.44589633  0.47476172 0.42761975 0.50206904 0.41641874
0.00039479 0.36283831 0.35232302 0.39930133 0.34523319 0.50234819  0.48417291 0.45702496 0.47508945 0.39693445 0.45000532 0.44589633  0.47476172 0.42761975 0.50206904 0.41641874
0.00039479 0.36283831 0.35232302 0.39930133 0.34523319 0.50234819  0.48417291 0.45702496 0.47508945 0.39693445 0.45000532 0.44589633  0.47476172 0.42761975 0.50206904 0.41641874
0.00039479 0.36283831 0.35232302 0.39930133 0.34523319 0.50234819  0.48417291 0.45702496 0.47508945 0.39693445 0.45000532 0.44589633  0.47476172 0.42761975 0.50206904 0.41641874
0.00039479 0.36283831 0.35232302 0.39930133 0.34523319 0.50234819  0.48417291 0.45702496 0.47508945 0.39693445 0.45000532 0.44589633  0.47476172 0.42761975 0.50206904 0.41641874
0.00039479 0.36283831 0.35232302 0.39930133 0.34523319 0.50234819  0.48417291 0.45702496 0.47508945 0.39693445 0.45000532 0.44589633  0.47476172 0.42761975 0.50206904 0.41641874
0.00039479 0.36283831 0.35232302 0.39930133 0.34523319 0.50234819  0.48417291 0.45702496 0.47508945 0.39693445 0.45000532 0.44589633  0.47476172 0.42761975 0.50206904 0.41641874
0.00039479 0.36283831 0.35232302 0.39930133 0.34523319 0.50234819  0.48417291 0.45702496 0.47508945 0.39693445 0.45000532 0.44589633  0.47476172 0.42761975 0.50206904 0.41641874
0.00039479 0.36283831 0.35232302 0.39930133 0.34523319 0.50234819  0.48417291 0.45702496 0.47508945 0.39693445 0.45000532 0.44589633  0.47476172 0.42761975 0.50206904 0.41641874
0.00039479 0.36283831 0.35232302 0.39930133 0.34523319 0.50234819  0.48417291 0.45702496 0.47508945 0.39693445 0.45000532 0.44589633  0.47476172 0.42761975 0.50206904 0.41641874
0.00039479 0.36283831 0.35232302 0.39930133 0.34523319 0.50234819  0.48417291 0.45702496 0.47508945 0.39693445 0.45000532 0.44589633  0.47476172 0.42761975 0.50206904 0.41641874
0.00039479 0.36283831 0.35232302 0.39930133 0.34523319 0.50234819  0.48417291 0.45702496 0.47508945 0.39693445 0.45000532 0.44589633  0.47476172 0.42761975 0.50206904 0.41641874
0.00039479 0.36283831 0.35232302 0.39930133 0.34523319 0.50234819  0.48417291 0.45702496 0.47508945 0.39693445 0.45000532 0.44589633  0.47476172 0.42761975 0.50206904 0.41641874
0.00039479 0.36283831 0.35232302 0.39930133 0.34523319 0.50234819  0.48417291 0.45702496 0.47508945 0.39693445 0.45000532 0.44589633  0.47476172 0.42761975 0.50206904 0.41641874
0.00039479 0.36283831 0.35232302 0.39930133 0.34523319 0.50234819  0.48417291 0.45702496 0.47508945 0.39693445 0.45000532 0.44589633  0.47476172 0.42761975 0.50206904 0.41641874
0.00039479 0.36283831 0.35232302 0.39930133 0.34523319 0.50234819  0.48417291 0.45702496 0.47508945 0.39693445 0.45000532 0.44589633  0.47476172 0.42761975 0.50206904 0.41641874
0.00039479 0.36283831 0.35232302 0.39930133 0.34523319 0.50234819  0.48417291 0.45702496 0.47508945 0.39693445 0.45000532 0.44589633  0.47476172 0.42761975 0.50206904 0.41641874
0.00039479 0.36283831 0.35232302 0.39930133 0.34523319 0.50234819  0.48417291 0.45702496 0.47508945 0.39693445 0.45000532 0.44589633  0.47476172 0.42761975 0.50206904 0.41641874
0.00039479 0.36283831 0.35232302 0.39930133 0.34523319 0.50234819  0.48417291 0.45702496 0.47508945 0.39693445 0.45000532 0.44589633  0.47476172 0.42761975 0.50206904 0.41641874
0.00039479 0.36283831 0.35232302 0.39930133 0.34523319 0.50234819  0.48417291 0.45702496 0.47508945 0.39693445 0.45000532 0.44589633  0.47476172 0.42761975 0.50206904 0.41641874
0.00039479 0.36283831 0.35232302 0.39930133 0.34523319 0.50234819  0.48417291 0.45702496 0.47508945 0.39693445 0.45000532 0.44589633  0.47476172 0.42761975 0.50206904 0.41641874
0.00039479 0.36283831 0.35232302 0.39930133 0.34523319 0.50234819  0.48417291 0.45702496 0.47508945 0.39693445 0.45000532 0.44589633  0.47476172 0.42761975 0.50206904 0.41641874
0.00039479 0.36283831 0.35232302 0.39930133 0.34523319 0.50234819  0.48417291 0.45702496 0.47508945 0.39693445 0.45000532 0.44589633  0.47476172 0.42761975 0.50206904 0.41641874
0.00039479 0.36283831 0.35232302 0.39930133 0.34523319 0.50234819  0.48417291 0.45702496 0.47508945 0.39693445 0.45000532 0.44589633  0.47476172 0.42761975 0.50206904 0.41641874
0.00039479 0.36283831 0.35232302 0.39930133 0.34523319 0.50234819  0.48417291 0.45702496 0.47508945 0.39693445 0.45000532 0.44589633  0.47476172 0.42761975 0.50206904 0.41641874
0.03606288 0.41563391 0.32541112 0.44659675 0.36445907 0.45392817  0.44337181 0.48452548 0.49007715 0.3935725  0.43696304 0.44798515  0.49970721 0.46147285 0.55594929 0.4221916 
0.18135878 0.61676498 0.22406519 0.60378226 0.41379137 0.3344354  0.31300256 0.5603259  0.58282238 0.37854038 0.48497    0.43649856  0.51770915 0.5524687  0.6978509  0.3758318 
0.38476636 0.80404214 0.12808002 0.61669648 0.37872055 0.46591697  0.40990156 0.44454303 0.53931046 0.41345667 0.59628828 0.4278566  0.29084421 0.37917439 0.46403317 0.33191377
0.44054965 0.82022789 0.12361278 0.55557381 0.33438396 0.60795342  0.46314807 0.39556488 0.55763478 0.4277996  0.63100969 0.42226633  0.33193637 0.36346912 0.41500279 0.3699135 
0.47681929 0.80959576 0.12749145 0.49015345 0.30693238 0.6782693  0.49014772 0.44520121 0.56477099 0.40392997 0.63175481 0.40811068  0.47620197 0.37808742 0.38644123 0.42043074
0.56373801 0.76289804 0.11013779 0.33064719 0.31548645 0.65501247  0.67572625 0.48609806 0.39733796 0.42202891 0.49159284 0.4413738  0.59212615 0.40824933 0.44406205 0.49205933
0.5805287  0.74168416 0.10642507 0.28770622 0.32206729 0.63853522  0.69543258 0.52707274 0.42096165 0.40027037 0.50992896 0.43680873  0.65015541 0.43933157 0.5128832  0.50609601
0.62964615 0.67993392 0.12824543 0.21117154 0.29032701 0.64523296  0.62443677 0.6825204  0.42065696 0.40086651 0.42113481 0.45573688  0.62286445 0.37810761 0.55117293 0.53012125
0.62964615 0.67993392 0.12824543 0.21117154 0.29032701 0.64523296  0.62443677 0.6825204  0.42065696 0.40086651 0.42113481 0.45573688  0.62286445 0.37810761 0.55117293 0.53012125
0.64433644 0.65056177 0.12128142 0.1924719  0.29830883 0.6283547  0.61673967 0.61287892 0.45066917 0.41088047 0.35361299 0.48505604  0.64011572 0.45238498 0.61145207 0.53708363
0.59787761 0.73134667 0.12022963 0.27059545 0.29584709 0.67845973  0.66056277 0.55335991 0.40061692 0.40211321 0.42785235 0.44404497  0.69609507 0.42322775 0.46911648 0.50576494
0.54644978 0.77232352 0.09582484 0.34712351 0.34185412 0.61325183  0.71214736 0.45680348 0.41778916 0.41562658 0.56980044 0.43204295  0.55008453 0.4215556  0.49818758 0.48664996
0.52801955 0.77164647 0.09075518 0.36900114 0.36724667 0.55144532  0.71892644 0.45174837 0.40951594 0.41012063 0.5974087  0.42860044  0.48589507 0.43731902 0.53661066 0.44821085
0.44054965 0.82022789 0.12361278 0.55557381 0.33438396 0.60795342  0.46314807 0.39556488 0.55763478 0.4277996  0.63100969 0.42226633  0.33193637 0.36346912 0.41500279 0.3699135 
0.36569858 0.79115123 0.13346765 0.63022754 0.39024818 0.42619275  0.38914433 0.46254521 0.52519861 0.42203999 0.53979169 0.44212788  0.29717356 0.39094045 0.51000854 0.35241787
0.29131437 0.74805556 0.15908228 0.6753636  0.42004641 0.3197609  0.28518274 0.55941337 0.5863977  0.37842273 0.50936378 0.43246587  0.48548483 0.47992898 0.58442582 0.36396198
0.27259032 0.72536699 0.17075042 0.66514703 0.4173049  0.3237552  0.27946398 0.56658834 0.59453782 0.38076513 0.4916708  0.43588699  0.51832521 0.49752413 0.60931936 0.38592222
0.27259032 0.72536699 0.17075042 0.66514703 0.4173049  0.3237552  0.27946398 0.56658834 0.59453782 0.38076513 0.4916708  0.43588699  0.51832521 0.49752413 0.60931936 0.38592222
0.27370864 0.7160299  0.18155064 0.64520181 0.39129044 0.42102614  0.26809532 0.51188859 0.66413667 0.43708923 0.5205412  0.4588974  0.41946233 0.53815615 0.77228052 0.39288557
0.27370864 0.7160299  0.18155064 0.64520181 0.39129044 0.42102614  0.26809532 0.51188859 0.66413667 0.43708923 0.5205412  0.4588974  0.41946233 0.53815615 0.77228052 0.39288557
0.31091102 0.73415438 0.18134182 0.6217964  0.35114826 0.54806352  0.25759578 0.46750583 0.71909848 0.47503156 0.52863871 0.47080111  0.43956738 0.5197675  0.74849461 0.45551602
0.32963506 0.75684295 0.16967368 0.63201296 0.35388977 0.54406922  0.26331454 0.46033086 0.71095836 0.47268916 0.54633169 0.46737999  0.406727   0.50217235 0.72360107 0.43355578
0.38478842 0.80234133 0.14104455 0.61965981 0.35218745 0.54982798  0.33969608 0.43757068 0.63922754 0.44479516 0.58753129 0.44240179  0.3815381  0.4181456  0.52728993 0.40066178
0.44201707 0.82836199 0.14011593 0.5419725  0.38238319 0.62270459  0.44733688 0.40069593 0.53632847 0.41833261 0.65965187 0.46443511  0.32418608 0.34949461 0.42606292 0.39061574
0.53713823 0.92031638 0.45203742 0.36208603 0.77237977 0.83384231  0.2920019  0.4018316  0.36842477 0.18300353 0.77983691 0.7748687  0.46407287 0.29389367 0.39575475 0.69353951
0.65690828 0.90183769 0.63397866 0.26587484 0.71457044 0.80910368  0.4033287  0.43163084 0.25750604 0.09999325 0.5578798  0.59546456  0.59667677 0.37435399 0.42007134 0.54322443
0.67980628 0.9051914  0.7227392  0.30271319 0.68854304 0.75232717  0.46211463 0.40154998 0.30076371 0.22517623 0.52589747 0.47015189  0.76215601 0.48233494 0.35604368 0.34336759
0.71734423 0.86529793 0.70992634 0.2971179  0.55760869 0.64309148  0.59769072 0.42674655 0.32650564 0.29930633 0.31340881 0.36484344  0.61523284 0.45303903 0.36488737 0.42152759
0.69985069 0.8164826  0.58650533 0.30479672 0.42999076 0.61843526  0.61013985 0.49002749 0.34141983 0.47657529 0.27950927 0.28867992  0.57177419 0.61965319 0.21444916 0.34096526
0.6796326  0.74000129 0.4304658  0.38318431 0.23403731 0.5825615  0.68017728 0.54736291 0.34921529 0.58121084 0.32993806 0.33937303  0.67391071 0.40525275 0.43302016 0.21362632
0.59653885 0.73919554 0.14708242 0.32135748 0.26519274 0.71186311  0.596087   0.52267368 0.32643458 0.44261209 0.3672133  0.45366016  0.63214232 0.38438419 0.34427195 0.423449  
0.58108692 0.75256055 0.12394235 0.31353641 0.28926624 0.69493698  0.64085643 0.51238524 0.37699323 0.42387175 0.40951623 0.44861004  0.63806581 0.39214551 0.40029533 0.49172826
0.58108692 0.75256055 0.12394235 0.31353641 0.28926624 0.69493698  0.64085643 0.51238524 0.37699323 0.42387175 0.40951623 0.44861004  0.63806581 0.39214551 0.40029533 0.49172826
0.56373801 0.76289804 0.11013779 0.33064719 0.31548645 0.65501247  0.67572625 0.48609806 0.39733796 0.42202891 0.49159284 0.4413738  0.59212615 0.40824933 0.44406205 0.49205933
0.56373801 0.76289804 0.11013779 0.33064719 0.31548645 0.65501247  0.67572625 0.48609806 0.39733796 0.42202891 0.49159284 0.4413738  0.59212615 0.40824933 0.44406205 0.49205933
0.56373801 0.76289804 0.11013779 0.33064719 0.31548645 0.65501247  0.67572625 0.48609806 0.39733796 0.42202891 0.49159284 0.4413738  0.59212615 0.40824933 0.44406205 0.49205933
0.58108692 0.75256055 0.12394235 0.31353641 0.28926624 0.69493698  0.64085643 0.51238524 0.37699323 0.42387175 0.40951623 0.44861004  0.63806581 0.39214551 0.40029533 0.49172826
0.6125679  0.70197452 0.11326561 0.2518958  0.3038289  0.66158146  0.65286567 0.48371843 0.43062913 0.41212718 0.36033053 0.47336414  0.71334635 0.49750511 0.52939562 0.51272732
0.64332066 0.64630081 0.11468488 0.20120006 0.30586009 0.62414063  0.61976248 0.50934547 0.46646076 0.42371632 0.30214952 0.50525732  0.67808258 0.55438544 0.58853307 0.53434437
0.66181058 0.62905498 0.13965895 0.19541154 0.27726485 0.63541356  0.55050509 0.52897334 0.38421237 0.4465627  0.25936673 0.51804083  0.5680843  0.68227207 0.44145618 0.54824549
0.72270894 0.5171142  0.15504219 0.11715134 0.26196348 0.55186281  0.45176487 0.67121652 0.42416966 0.43512701 0.23262108 0.53945074  0.3393677  0.58403607 0.57277363 0.54049428
0.75867567 0.48040249 0.24360431 0.2014861  0.18829623 0.50170569  0.45266792 0.66611753 0.29202673 0.54289631 0.34036716 0.60652057  0.40645391 0.65391059 0.64241858 0.35668761
0.8217378  0.4714807  0.44943    0.28008023 0.11061923 0.36561712  0.51876032 0.58885387 0.38088684 0.44954003 0.39931811 0.58991637  0.46064204 0.65663221 0.6194082  0.38519563
0.87627268 0.56167496 0.751353   0.26576534 0.27476696 0.3116621  0.53934484 0.52866392 0.47388436 0.36116135 0.34710096 0.40495566  0.20049505 0.76429451 0.54515702 0.63040109
0.88613541 0.57096812 0.80928908 0.25233721 0.39738808 0.2875482  0.59864814 0.54619645 0.61453352 0.54567911 0.3367698  0.36076373  0.28730722 0.71595649 0.4385168  0.64279117
0.8992114  0.53562372 0.8020086  0.24965892 0.41591055 0.26206714  0.56347909 0.49953245 0.65285081 0.52365093 0.35949575 0.34690131  0.28192118 0.67884262 0.36440271 0.60751946
0.8992114  0.53562372 0.8020086  0.24965892 0.41591055 0.26206714  0.56347909 0.49953245 0.65285081 0.52365093 0.35949575 0.34690131  0.28192118 0.67884262 0.36440271 0.60751946
0.89737314 0.52723842 0.78322369 0.2687167  0.355237   0.25353842  0.57148936 0.4976763  0.65438719 0.49407009 0.35122805 0.33763518  0.25714269 0.67491914 0.37375017 0.6326574 
0.90019139 0.47749713 0.73878379 0.3452883  0.2854372  0.26054885  0.57643614 0.49030168 0.60309356 0.46530421 0.40635699 0.32894495  0.23914173 0.68106089 0.3787133  0.76527864
0.88897581 0.46031715 0.67165733 0.33565915 0.22021478 0.25974783  0.55557963 0.50013468 0.54404477 0.4916146  0.41093907 0.32822419  0.2731768  0.76407672 0.38531648 0.70033714
0.8739564  0.4172982  0.56962789 0.3588364  0.14346734 0.2606832  0.56183106 0.53081593 0.51335915 0.55114047 0.46983088 0.4172654  0.35608988 0.70080943 0.4397417  0.64592304
0.85856595 0.38044273 0.47840409 0.36657407 0.15535099 0.27656295  0.59144434 0.59667816 0.58760316 0.72617801 0.49517706 0.48986863  0.38590386 0.67400856 0.33373701 0.67146762
0.85667518 0.37669304 0.46635716 0.37369358 0.13945531 0.2893552  0.5737411  0.58687817 0.54664123 0.66158528 0.51165498 0.52737566  0.37246174 0.67189478 0.36832005 0.67502908
0.87499422 0.30843436 0.44032473 0.42768168 0.16886667 0.31135124  0.52028592 0.49358158 0.49516171 0.61371624 0.54383905 0.52567287  0.39765389 0.64866728 0.33971432 0.70782147
0.86910247 0.29574332 0.40608763 0.43097826 0.17298676 0.32512624  0.50477377 0.50362887 0.48255693 0.63825124 0.57121233 0.56567346  0.43499216 0.62915684 0.35617761 0.6846164 
0.88150836 0.2603728  0.39957944 0.43542124 0.18898988 0.30154702  0.46731935 0.48911154 0.50748206 0.61118902 0.63390957 0.54112263  0.41494507 0.56723724 0.26215305 0.65756082
0.88150836 0.2603728  0.39957944 0.43542124 0.18898988 0.30154702  0.46731935 0.48911154 0.50748206 0.61118902 0.63390957 0.54112263  0.41494507 0.56723724 0.26215305 0.65756082
0.89393743 0.22740698 0.38795297 0.43876181 0.20848115 0.29625591  0.44193462 0.40474024 0.52342328 0.61354237 0.59097084 0.54824781  0.43818177 0.53341551 0.27311852 0.62914986
0.89157817 0.20726949 0.35477723 0.46618708 0.22916443 0.35142881  0.42538161 0.42202235 0.46668694 0.57446487 0.58764    0.56511232  0.43311297 0.6288303  0.24207863 0.59660035
0.87239911 0.19998825 0.28178665 0.42651119 0.27250396 0.38320659  0.39977809 0.4643678  0.46657076 0.61148211 0.56719244 0.52259321  0.38312863 0.59349753 0.25230723 0.536911  
0.87239911 0.19998825 0.28178665 0.42651119 0.27250396 0.38320659  0.39977809 0.4643678  0.46657076 0.61148211 0.56719244 0.52259321  0.38312863 0.59349753 0.25230723 0.536911  
0.86832291 0.21051409 0.27168    0.3991947  0.26954373 0.40267083  0.35352379 0.46120501 0.38558505 0.57068103 0.55578159 0.50378741  0.36038773 0.66738902 0.28116796 0.46568037
0.85001548 0.21189022 0.20786143 0.35857993 0.31474883 0.43158526  0.33543457 0.47899185 0.3925121  0.55860583 0.54930577 0.51415557  0.34521382 0.63695199 0.29208983 0.49661529
0.85001548 0.21189022 0.20786143 0.35857993 0.31474883 0.43158526  0.33543457 0.47899185 0.3925121  0.55860583 0.54930577 0.51415557  0.34521382 0.63695199 0.29208983 0.49661529
0.85001548 0.21189022 0.20786143 0.35857993 0.31474883 0.43158526  0.33543457 0.47899185 0.3925121  0.55860583 0.54930577 0.51415557  0.34521382 0.63695199 0.29208983 0.49661529
0.85001548 0.21189022 0.20786143 0.35857993 0.31474883 0.43158526  0.33543457 0.47899185 0.3925121  0.55860583 0.54930577 0.51415557  0.34521382 0.63695199 0.29208983 0.49661529
0.85001548 0.21189022 0.20786143 0.35857993 0.31474883 0.43158526  0.33543457 0.47899185 0.3925121  0.55860583 0.54930577 0.51415557  0.34521382 0.63695199 0.29208983 0.49661529
0.85001548 0.21189022 0.20786143 0.35857993 0.31474883 0.43158526  0.33543457 0.47899185 0.3925121  0.55860583 0.54930577 0.51415557  0.34521382 0.63695199 0.29208983 0.49661529
0.8386353  0.21688186 0.17337122 0.33180581 0.34510081 0.44703561  0.33527635 0.49342269 0.42770473 0.53823825 0.50823755 0.4798908  0.29889145 0.58222497 0.31707178 0.53186386
0.8386353  0.21688186 0.17337122 0.33180581 0.34510081 0.44703561  0.33527635 0.49342269 0.42770473 0.53823825 0.50823755 0.4798908  0.29889145 0.58222497 0.31707178 0.53186386
0.8386353  0.21688186 0.17337122 0.33180581 0.34510081 0.44703561  0.33527635 0.49342269 0.42770473 0.53823825 0.50823755 0.4798908  0.29889145 0.58222497 0.31707178 0.53186386
0.82708922 0.23093469 0.14480881 0.30354109 0.36552589 0.47181221  0.3220741  0.48919226 0.46260427 0.48462342 0.46989617 0.45918761  0.27891542 0.57332309 0.25709214 0.60039151
0.82708922 0.23093469 0.14480881 0.30354109 0.36552589 0.47181221  0.3220741  0.48919226 0.46260427 0.48462342 0.46989617 0.45918761  0.27891542 0.57332309 0.25709214 0.60039151
0.8063894  0.2709401  0.11005394 0.24028876 0.40659088 0.51729207  0.3143763  0.47946644 0.50471183 0.38054536 0.32623133 0.39875903  0.28236425 0.51695578 0.29025595 0.55448713
0.79856313 0.30046194 0.11165225 0.19397956 0.38630033 0.50174314  0.31699145 0.48567102 0.54420497 0.36469205 0.28941745 0.44767005  0.28733841 0.49186733 0.31311276 0.47242122
0.76349817 0.37736186 0.09780305 0.13460888 0.37073186 0.48274485  0.39692815 0.4878945  0.60361083 0.35804265 0.25496815 0.51863191  0.31905533 0.53472128 0.46657524 0.50004775
0.72875953 0.45967067 0.09330936 0.11606702 0.35196685 0.5000459  0.46717444 0.46267961 0.61566995 0.36275456 0.28128111 0.52359774  0.56390589 0.46055312 0.59836666 0.48499876
0.63297619 0.59153558 0.05348946 0.24158776 0.41223229 0.50479612  0.63476359 0.20349309 0.60422963 0.37165934 0.41605394 0.49302748  0.68238069 0.59190425 0.62759022 0.45622864
0.56808995 0.67463629 0.06561899 0.37018961 0.39484734 0.52119562  0.6024365  0.12857477 0.54757866 0.45041779 0.38382773 0.52595797  0.46341693 0.54457995 0.5696959  0.44347462
0.4190961  0.78594906 0.09731725 0.54198473 0.42438664 0.36823846  0.61217763 0.38716247 0.34998388 0.44014661 0.51130932 0.46095869  0.23456838 0.38721613 0.52727773 0.34660798
0.30805583 0.72457916 0.14254548 0.61382681 0.44579231 0.24731784  0.47684971 0.47654436 0.32773375 0.41703536 0.34491131 0.47961427  0.34308455 0.36761188 0.48950039 0.39432336
0.21485135 0.62824009 0.19268745 0.59185213 0.45051884 0.20089922  0.45054383 0.52085141 0.28622718 0.39924809 0.19503232 0.49609741  0.57820748 0.36873033 0.40312182 0.51648917
0.12533379 0.52972428 0.25769164 0.53375648 0.4079902  0.298047  0.44650131 0.52125276 0.32337576 0.3706486  0.25109074 0.46482398  0.61246111 0.32339987 0.26237994 0.50111182
0.05321358 0.43958271 0.31066608 0.47058965 0.37455268 0.39771928  0.4443416  0.50799319 0.41464906 0.37452314 0.33894922 0.45218633  0.61542241 0.37418377 0.34903118 0.48726701
0.05321358 0.43958271 0.31066608 0.47058965 0.37455268 0.39771928  0.4443416  0.50799319 0.41464906 0.37452314 0.33894922 0.45218633  0.61542241 0.37418377 0.34903118 0.48726701
0.00039479 0.36283831 0.35232302 0.39930133 0.34523319 0.50234819  0.48417291 0.45702496 0.47508945 0.39693445 0.45000532 0.44589633  0.47476172 0.42761975 0.50206904 0.41641874
0.00039479 0.36283831 0.35232302 0.39930133 0.34523319 0.50234819  0.48417291 0.45702496 0.47508945 0.39693445 0.45000532 0.44589633  0.47476172 0.42761975 0.50206904 0.41641874
0.00039479 0.36283831 0.35232302 0.39930133 0.34523319 0.50234819  0.48417291 0.45702496 0.47508945 0.39693445 0.45000532 0.44589633  0.47476172 0.42761975 0.50206904 0.41641874
0.00039479 0.36283831 0.35232302 0.39930133 0.34523319 0.50234819  0.48417291 0.45702496 0.47508945 0.39693445 0.45000532 0.44589633  0.47476172 0.42761975 0.50206904 0.41641874
0.00039479 0.36283831 0.35232302 0.39930133 0.34523319 0.50234819  0.48417291 0.45702496 0.47508945 0.39693445 0.45000532 0.44589633  0.47476172 0.42761975 0.50206904 0.41641874
0.00039479 0.36283831 0.35232302 0.39930133 0.34523319 0.50234819  0.48417291 0.45702496 0.47508945 0.39693445 0.45000532 0.44589633  0.47476172 0.42761975 0.50206904 0.41641874
0.00039479 0.36283831 0.35232302 0.39930133 0.34523319 0.50234819  0.48417291 0.45702496 0.47508945 0.39693445 0.45000532 0.44589633  0.47476172 0.42761975 0.50206904 0.41641874
0.00039479 0.36283831 0.35232302 0.39930133 0.34523319 0.50234819  0.48417291 0.45702496 0.47508945 0.39693445 0.45000532 0.44589633  0.47476172 0.42761975 0.50206904 0.41641874
0.00039479 0.36283831 0.35232302 0.39930133 0.34523319 0.50234819  0.48417291 0.45702496 0.47508945 0.39693445 0.45000532 0.44589633  0.47476172 0.42761975 0.50206904 0.41641874
0.00039479 0.36283831 0.35232302 0.39930133 0.34523319 0.50234819  0.48417291 0.45702496 0.47508945 0.39693445 0.45000532 0.44589633  0.47476172 0.42761975 0.50206904 0.41641874
0.00039479 0.36283831 0.35232302 0.39930133 0.34523319 0.50234819  0.48417291 0.45702496 0.47508945 0.39693445 0.45000532 0.44589633  0.47476172 0.42761975 0.50206904 0.41641874
0.00039479 0.36283831 0.35232302 0.39930133 0.34523319 0.50234819  0.48417291 0.45702496 0.47508945 0.39693445 0.45000532 0.44589633  0.47476172 0.42761975 0.50206904 0.41641874
0.00039479 0.36283831 0.35232302 0.39930133 0.34523319 0.50234819  0.48417291 0.45702496 0.47508945 0.39693445 0.45000532 0.44589633  0.47476172 0.42761975 0.50206904 0.41641874
0.00039479 0.36283831 0.35232302 0.39930133 0.34523319 0.50234819  0.48417291 0.45702496 0.47508945 0.39693445 0.45000532 0.44589633  0.47476172 0.42761975 0.50206904 0.41641874
0.00039479 0.36283831 0.35232302 0.39930133 0.34523319 0.50234819  0.48417291 0.45702496 0.47508945 0.39693445 0.45000532 0.44589633  0.47476172 0.42761975 0.50206904 0.41641874
0.00039479 0.36283831 0.35232302 0.39930133 0.34523319 0.50234819  0.48417291 0.45702496 0.47508945 0.39693445 0.45000532 0.44589633  0.47476172 0.42761975 0.50206904 0.41641874
0.00039479 0.36283831 0.35232302 0.39930133 0.34523319 0.50234819  0.48417291 0.45702496 0.47508945 0.39693445 0.45000532 0.44589633  0.47476172 0.42761975 0.50206904 0.41641874
0.00039479 0.36283831 0.35232302 0.39930133 0.34523319 0.50234819  0.48417291 0.45702496 0.47508945 0.39693445 0.45000532 0.44589633  0.47476172 0.42761975 0.50206904 0.41641874
0.00039479 0.36283831 0.35232302 0.39930133 0.34523319 0.50234819  0.48417291 0.45702496 0.47508945 0.39693445 0.45000532 0.44589633  0.47476172 0.42761975 0.50206904 0.41641874
0.00039479 0.36283831 0.35232302 0.39930133 0.34523319 0.50234819  0.48417291 0.45702496 0.47508945 0.39693445 0.45000532 0.44589633  0.47476172 0.42761975 0.50206904 0.41641874
0.00039479 0.36283831 0.35232302 0.39930133 0.34523319 0.50234819  0.48417291 0.45702496 0.47508945 0.39693445 0.45000532 0.44589633  0.47476172 0.42761975 0.50206904 0.41641874
