0.00039479 0.36283831 0.35232302 0.39930133 0.34523319 0.50234819  0.48417291 0.45702496 0.47508945 0.39693445 0.45000532 0.44589633  0.47476172 0.42761975 0.50206904 0.41641874
0.00039479 0.36283831 0.35232302 0.39930133 0.34523319 0.50234819  0.48417291 0.45702496 0.47508945 0.39693445 0.45000532 0.44589633  0.47476172 0.42761975 0.50206904 0.41641874
0.00039479 0.36283831 0.35232302 0.39930133 0.34523319 0.50234819  0.48417291 0.45702496 0.47508945 0.39693445 0.45000532 0.44589633  0.47476172 0.42761975 0.50206904 0.41641874
0.00039479 0.36283831 0.35232302 0.39930133 0.34523319 0.50234819  0.48417291 0.45702496 0.47508945 0.39693445 0.45000532 0.44589633  0.47476172 0.42761975 0.50206904 0.41641874
0.00039479 0.36283831 0.35232302 0.39930133 0.34523319 0.50234819  0.48417291 0.45702496 0.47508945 0.39693445 0.45000532 0.44589633  0.47476172 0.42761975 0.50206904 0.41641874
0.00039479 0.36283831 0.35232302 0.39930133 0.34523319 0.50234819  0.48417291 0.45702496 0.47508945 0.39693445 0.45000532 0.44589633  0.47476172 0.42761975 0.50206904 0.41641874
0.00039479 0.36283831 0.35232302 0.39930133 0.34523319 0.50234819  0.48417291 0.45702496 0.47508945 0.39693445 0.45000532 0.44589633  0.47476172 0.42761975 0.50206904 0.41641874
0.00039479 0.36283831 0.35232302 0.39930133 0.34523319 0.50234819  0.48417291 0.45702496 0.47508945 0.39693445 0.45000532 0.44589633  0.47476172 0.42761975 0.50206904 0.41641874
0.00039479 0.36283831 0.35232302 0.39930133 0.34523319 0.50234819  0.48417291 0.45702496 0.47508945 0.39693445 0.45000532 0.44589633  0.47476172 0.42761975 0.50206904 0.41641874
0.00039479 0.36283831 0.35232302 0.39930133 0.34523319 0.50234819  0.48417291 0.45702496 0.47508945 0.39693445 0.45000532 0.44589633  0.47476172 0.42761975 0.50206904 0.41641874
0.00039479 0.36283831 0.35232302 0.39930133 0.34523319 0.50234819  0.48417291 0.45702496 0.47508945 0.39693445 0.45000532 0.44589633  0.47476172 0.42761975 0.50206904 0.41641874
0.00039479 0.36283831 0.35232302 0.39930133 0.34523319 0.50234819  0.48417291 0.45702496 0.47508945 0.39693445 0.45000532 0.44589633  0.47476172 0.42761975 0.50206904 0.41641874
0.00039479 0.36283831 0.35232302 0.39930133 0.34523319 0.50234819  0.48417291 0.45702496 0.47508945 0.39693445 0.45000532 0.44589633  0.47476172 0.42761975 0.50206904 0.41641874
0.00039479 0.36283831 0.35232302 0.39930133 0.34523319 0.50234819  0.48417291 0.45702496 0.47508945 0.39693445 0.45000532 0.44589633  0.47476172 0.42761975 0.50206904 0.41641874
0.00039479 0.36283831 0.35232302 0.39930133 0.34523319 0.50234819  0.48417291 0.45702496 0.47508945 0.39693445 0.45000532 0.44589633  0.47476172 0.42761975 0.50206904 0.41641874
0.00039479 0.36283831 0.35232302 0.39930133 0.34523319 0.50234819  0.48417291 0.45702496 0.47508945 0.39693445 0.45000532 0.44589633  0.47476172 0.42761975 0.50206904 0.41641874
0.00039479 0.36283831 0.35232302 0.39930133 0.34523319 0.50234819  0.48417291 0.45702496 0.47508945 0.39693445 0.45000532 0.44589633  0.47476172 0.42761975 0.50206904 0.41641874
0.00039479 0.36283831 0.35232302 0.39930133 0.34523319 0.50234819  0.48417291 0.45702496 0.47508945 0.39693445 0.45000532 0.44589633  0.47476172 0.42761975 0.50206904 0.41641874
0.00039479 0.36283831 0.35232302 0.39930133 0.34523319 0.50234819  0.48417291 0.45702496 0.47508945 0.39693445 0.45000532 0.44589633  0.47476172 0.42761975 0.50206904 0.41641874
0.00039479 0.36283831 0.35232302 0.39930133 0.34523319 0.50234819  0.48417291 0.45702496 0.47508945 0.39693445 0.45000532 0.44589633  0.47476172 0.42761975 0.50206904 0.41641874
0.00039479 0.36283831 0.35232302 0.39930133 0.34523319 0.50234819  0.48417291 0.45702496 0.47508945 0.39693445 0.45000532 0.44589633  0.47476172 0.42761975 0.50206904 0.41641874
0.00039479 0.36283831 0.35232302 0.39930133 0.34523319 0.50234819  0.48417291 0.45702496 0.47508945 0.39693445 0.45000532 0.44589633  0.47476172 0.42761975 0.50206904 0.41641874
0.00039479 0.36283831 0.35232302 0.39930133 0.34523319 0.50234819  0.48417291 0.45702496 0.47508945 0.39693445 0.45000532 0.44589633  0.47476172 0.42761975 0.50206904 0.41641874
0.00039479 0.36283831 0.35232302 0.39930133 0.34523319 0.50234819  0.48417291 0.45702496 0.47508945 0.39693445 0.45000532 0.44589633  0.47476172 0.42761975 0.50206904 0.41641874
0.00039479 0.36283831 0.35232302 0.39930133 0.34523319 0.50234819  0.48417291 0.45702496 0.47508945 0.39693445 0.45000532 0.44589633  0.47476172 0.42761975 0.50206904 0.41641874
0.00039479 0.36283831 0.35232302 0.39930133 0.34523319 0.50234819  0.48417291 0.45702496 0.47508945 0.39693445 0.45000532 0.44589633  0.47476172 0.42761975 0.50206904 0.41641874
0.00039479 0.36283831 0.35232302 0.39930133 0.34523319 0.50234819  0.48417291 0.45702496 0.47508945 0.39693445 0.45000532 0.44589633  0.47476172 0.42761975 0.50206904 0.41641874
0.00039479 0.36283831 0.35232302 0.39930133 0.34523319 0.50234819  0.48417291 0.45702496 0.47508945 0.39693445 0.45000532 0.44589633  0.47476172 0.42761975 0.50206904 0.41641874
0.00039479 0.36283831 0.35232302 0.39930133 0.34523319 0.50234819  0.48417291 0.45702496 0.47508945 0.39693445 0.45000532 0.44589633  0.47476172 0.42761975 0.50206904 0.41641874
0.00039479 0.36283831 0.35232302 0.39930133 0.34523319 0.50234819  0.48417291 0.45702496 0.47508945 0.39693445 0.45000532 0.44589633  0.47476172 0.42761975 0.50206904 0.41641874
0.00039479 0.36283831 0.35232302 0.39930133 0.34523319 0.50234819  0.48417291 0.45702496 0.47508945 0.39693445 0.45000532 0.44589633  0.47476172 0.42761975 0.50206904 0.41641874
0.00039479 0.36283831 0.35232302 0.39930133 0.34523319 0.50234819  0.48417291 0.45702496 0.47508945 0.39693445 0.45000532 0.44589633  0.47476172 0.42761975 0.50206904 0.41641874
0.00039479 0.36283831 0.35232302 0.39930133 0.34523319 0.50234819  0.48417291 0.45702496 0.47508945 0.39693445 0.45000532 0.44589633  0.47476172 0.42761975 0.50206904 0.41641874
0.00039479 0.36283831 0.35232302 0.39930133 0.34523319 0.50234819  0.48417291 0.45702496 0.47508945 0.39693445 0.45000532 0.44589633  0.47476172 0.42761975 0.50206904 0.41641874
0.00039479 0.36283831 0.35232302 0.39930133 0.34523319 0.50234819  0.48417291 0.45702496 0.47508945 0.39693445 0.45000532 0.44589633  0.47476172 0.42761975 0.50206904 0.41641874
0.00039479 0.36283831 0.35232302 0.39930133 0.34523319 0.50234819  0.48417291 0.45702496 0.47508945 0.39693445 0.45000532 0.44589633  0.47476172 0.42761975 0.50206904 0.41641874
0.00039479 0.36283831 0.35232302 0.39930133 0.34523319 0.50234819  0.48417291 0.45702496 0.47508945 0.39693445 0.45000532 0.44589633  0.47476172 0.42761975 0.50206904 0.41641874
0.00039479 0.36283831 0.35232302 0.39930133 0.34523319 0.50234819  0.48417291 0.45702496 0.47508945 0.39693445 0.45000532 0.44589633  0.47476172 0.42761975 0.50206904 0.41641874
0.00039479 0.36283831 0.35232302 0.39930133 0.34523319 0.50234819  0.48417291 0.45702496 0.47508945 0.39693445 0.45000532 0.44589633  0.47476172 0.42761975 0.50206904 0.41641874
0.00039479 0.36283831 0.35232302 0.39930133 0.34523319 0.50234819  0.48417291 0.45702496 0.47508945 0.39693445 0.45000532 0.44589633  0.47476172 0.42761975 0.50206904 0.41641874
0.00039479 0.36283831 0.35232302 0.39930133 0.34523319 0.50234819  0.48417291 0.45702496 0.47508945 0.39693445 0.45000532 0.44589633  0.47476172 0.42761975 0.50206904 0.41641874
0.00039479 0.36283831 0.35232302 0.39930133 0.34523319 0.50234819  0.48417291 0.45702496 0.47508945 0.39693445 0.45000532 0.44589633  0.47476172 0.42761975 0.50206904 0.41641874
0.00039479 0.36283831 0.35232302 0.39930133 0.34523319 0.50234819  0.48417291 0.45702496 0.47508945 0.39693445 0.45000532 0.44589633  0.47476172 0.42761975 0.50206904 0.41641874
0.00039479 0.36283831 0.35232302 0.39930133 0.34523319 0.50234819  0.48417291 0.45702496 0.47508945 0.39693445 0.45000532 0.44589633  0.47476172 0.42761975 0.50206904 0.41641874
0.00039479 0.36283831 0.35232302 0.39930133 0.34523319 0.50234819  0.48417291 0.45702496 0.47508945 0.39693445 0.45000532 0.44589633  0.47476172 0.42761975 0.50206904 0.41641874
0.00039479 0.36283831 0.35232302 0.39930133 0.34523319 0.50234819  0.48417291 0.45702496 0.47508945 0.39693445 0.45000532 0.44589633  0.47476172 0.42761975 0.50206904 0.41641874
0.00039479 0.36283831 0.35232302 0.39930133 0.34523319 0.50234819  0.48417291 0.45702496 0.47508945 0.39693445 0.45000532 0.44589633  0.47476172 0.42761975 0.50206904 0.41641874
0.00039479 0.36283831 0.35232302 0.39930133 0.34523319 0.50234819  0.48417291 0.45702496 0.47508945 0.39693445 0.45000532 0.44589633  0.47476172 0.42761975 0.50206904 0.41641874
0.00039479 0.36283831 0.35232302 0.39930133 0.34523319 0.50234819  0.48417291 0.45702496 0.47508945 0.39693445 0.45000532 0.44589633  0.47476172 0.42761975 0.50206904 0.41641874
0.00039479 0.36283831 0.35232302 0.39930133 0.34523319 0.50234819  0.48417291 0.45702496 0.47508945 0.39693445 0.45000532 0.44589633  0.47476172 0.42761975 0.50206904 0.41641874
0.00039479 0.36283831 0.35232302 0.39930133 0.34523319 0.50234819  0.48417291 0.45702496 0.47508945 0.39693445 0.45000532 0.44589633  0.47476172 0.42761975 0.50206904 0.41641874
0.00039479 0.36283831 0.35232302 0.39930133 0.34523319 0.50234819  0.48417291 0.45702496 0.47508945 0.39693445 0.45000532 0.44589633  0.47476172 0.42761975 0.50206904 0.41641874
0.00039479 0.36283831 0.35232302 0.39930133 0.34523319 0.50234819  0.48417291 0.45702496 0.47508945 0.39693445 0.45000532 0.44589633  0.47476172 0.42761975 0.50206904 0.41641874
0.00039479 0.36283831 0.35232302 0.39930133 0.34523319 0.50234819  0.48417291 0.45702496 0.47508945 0.39693445 0.45000532 0.44589633  0.47476172 0.42761975 0.50206904 0.41641874
0.00039479 0.36283831 0.35232302 0.39930133 0.34523319 0.50234819  0.48417291 0.45702496 0.47508945 0.39693445 0.45000532 0.44589633  0.47476172 0.42761975 0.50206904 0.41641874
0.00039479 0.36283831 0.35232302 0.39930133 0.34523319 0.50234819  0.48417291 0.45702496 0.47508945 0.39693445 0.45000532 0.44589633  0.47476172 0.42761975 0.50206904 0.41641874
0.00039479 0.36283831 0.35232302 0.39930133 0.34523319 0.50234819  0.48417291 0.45702496 0.47508945 0.39693445 0.45000532 0.44589633  0.47476172 0.42761975 0.50206904 0.41641874
0.00039479 0.36283831 0.35232302 0.39930133 0.34523319 0.50234819  0.48417291 0.45702496 0.47508945 0.39693445 0.45000532 0.44589633  0.47476172 0.42761975 0.50206904 0.41641874
0.00039479 0.36283831 0.35232302 0.39930133 0.34523319 0.50234819  0.48417291 0.45702496 0.47508945 0.39693445 0.45000532 0.44589633  0.47476172 0.42761975 0.50206904 0.41641874
0.00039479 0.36283831 0.35232302 0.39930133 0.34523319 0.50234819  0.48417291 0.45702496 0.47508945 0.39693445 0.45000532 0.44589633  0.47476172 0.42761975 0.50206904 0.41641874
0.00039479 0.36283831 0.35232302 0.39930133 0.34523319 0.50234819  0.48417291 0.45702496 0.47508945 0.39693445 0.45000532 0.44589633  0.47476172 0.42761975 0.50206904 0.41641874
0.00039479 0.36283831 0.35232302 0.39930133 0.34523319 0.50234819  0.48417291 0.45702496 0.47508945 0.39693445 0.45000532 0.44589633  0.47476172 0.42761975 0.50206904 0.41641874
0.00039479 0.36283831 0.35232302 0.39930133 0.34523319 0.50234819  0.48417291 0.45702496 0.47508945 0.39693445 0.45000532 0.44589633  0.47476172 0.42761975 0.50206904 0.41641874
0.00039479 0.36283831 0.35232302 0.39930133 0.34523319 0.50234819  0.48417291 0.45702496 0.47508945 0.39693445 0.45000532 0.44589633  0.47476172 0.42761975 0.50206904 0.41641874
0.00039479 0.36283831 0.35232302 0.39930133 0.34523319 0.50234819  0.48417291 0.45702496 0.47508945 0.39693445 0.45000532 0.44589633  0.47476172 0.42761975 0.50206904 0.41641874
0.00039479 0.36283831 0.35232302 0.39930133 0.34523319 0.50234819  0.48417291 0.45702496 0.47508945 0.39693445 0.45000532 0.44589633  0.47476172 0.42761975 0.50206904 0.41641874
0.00039479 0.36283831 0.35232302 0.39930133 0.34523319 0.50234819  0.48417291 0.45702496 0.47508945 0.39693445 0.45000532 0.44589633  0.47476172 0.42761975 0.50206904 0.41641874
0.00039479 0.36283831 0.35232302 0.39930133 0.34523319 0.50234819  0.48417291 0.45702496 0.47508945 0.39693445 0.45000532 0.44589633  0.47476172 0.42761975 0.50206904 0.41641874
0.00039479 0.36283831 0.35232302 0.39930133 0.34523319 0.50234819  0.48417291 0.45702496 0.47508945 0.39693445 0.45000532 0.44589633  0.47476172 0.42761975 0.50206904 0.41641874
0.00039479 0.36283831 0.35232302 0.39930133 0.34523319 0.50234819  0.48417291 0.45702496 0.47508945 0.39693445 0.45000532 0.44589633  0.47476172 0.42761975 0.50206904 0.41641874
0.00039479 0.36283831 0.35232302 0.39930133 0.34523319 0.50234819  0.48417291 0.45702496 0.47508945 0.39693445 0.45000532 0.44589633  0.47476172 0.42761975 0.50206904 0.41641874
0.00039479 0.36283831 0.35232302 0.39930133 0.34523319 0.50234819  0.48417291 0.45702496 0.47508945 0.39693445 0.45000532 0.44589633  0.47476172 0.42761975 0.50206904 0.41641874
0.00039479 0.36283831 0.35232302 0.39930133 0.34523319 0.50234819  0.48417291 0.45702496 0.47508945 0.39693445 0.45000532 0.44589633  0.47476172 0.42761975 0.50206904 0.41641874
0.00039479 0.36283831 0.35232302 0.39930133 0.34523319 0.50234819  0.48417291 0.45702496 0.47508945 0.39693445 0.45000532 0.44589633  0.47476172 0.42761975 0.50206904 0.41641874
0.01877751 0.38616237 0.34024961 0.41452329 0.35026547 0.48875947  0.47765612 0.4623593  0.47676406 0.38966489 0.46128205 0.44156549  0.47317508 0.43487647 0.50402464 0.39108964
0.03613013 0.4131675  0.32644866 0.44157464 0.36200272 0.45727563  0.45098712 0.48298825 0.4833711  0.38736898 0.44023668 0.44484848  0.51106407 0.45717248 0.5327885  0.40969006
0.14400378 0.57001143 0.24650921 0.57963501 0.4111231  0.32337997  0.33091569 0.56565053 0.52902114 0.37615256 0.39917025 0.45026555  0.60354194 0.52672152 0.63434041 0.43110925
0.36549583 0.79542322 0.14048465 0.6481925  0.3740396  0.47635993  0.32774923 0.43131397 0.58312683 0.4653174  0.48102973 0.47293506  0.34439689 0.41693988 0.57910438 0.41248892
0.47681929 0.80959576 0.12749145 0.49015345 0.30693238 0.6782693  0.49014772 0.44520121 0.56477099 0.40392997 0.63175481 0.40811068  0.47620197 0.37808742 0.38644123 0.42043074
0.59441345 0.70004512 0.12134591 0.2774908  0.30306051 0.6154623  0.59390828 0.63692424 0.4545604  0.40086165 0.48303442 0.45274999  0.49289783 0.31590231 0.56672285 0.52543031
0.6601147  0.62229797 0.12950949 0.1664936  0.28916869 0.60475126  0.58485756 0.69628053 0.45661961 0.40293984 0.35935079 0.48539205  0.55049224 0.3954201  0.6420581  0.54169013
0.68951631 0.56074627 0.11763066 0.12574211 0.30721065 0.55517413  0.55652297 0.61012512 0.53321756 0.38904356 0.29689995 0.51959869  0.56756511 0.51930834 0.68275568 0.54745419
0.68951631 0.56074627 0.11763066 0.12574211 0.30721065 0.55517413  0.55652297 0.61012512 0.53321756 0.38904356 0.29689995 0.51959869  0.56756511 0.51930834 0.68275568 0.54745419
0.7034594  0.52733697 0.11462023 0.11355507 0.3141388  0.51904418  0.52524718 0.62380473 0.56845859 0.36570015 0.34626392 0.51449692  0.52652183 0.5242436  0.61689806 0.54476166
0.7034594  0.52733697 0.11462023 0.11355507 0.3141388  0.51904418  0.52524718 0.62380473 0.56845859 0.36570015 0.34626392 0.51449692  0.52652183 0.5242436  0.61689806 0.54476166
0.67379753 0.58606392 0.11077843 0.15208261 0.31310679 0.56921193  0.57894337 0.53749355 0.53639341 0.3720876  0.31043199 0.50994767  0.62263885 0.54149667 0.66203354 0.53537799
0.65836296 0.61334382 0.10408142 0.1724053  0.32219242 0.58629059  0.60783979 0.47672889 0.53943825 0.36464744 0.32756704 0.50253464  0.71482103 0.60325283 0.60956367 0.53334995
0.56324047 0.75110964 0.09211211 0.30418254 0.34843496 0.59677457  0.7318537  0.49777815 0.44141285 0.39386804 0.58813656 0.42747788  0.60811379 0.45263783 0.56700873 0.50068664
0.54585538 0.76698681 0.08965354 0.34547207 0.35390861 0.59149901  0.72032369 0.43166193 0.43851868 0.41619343 0.58055577 0.44022078  0.54140279 0.43690875 0.55830019 0.48269548
0.52906469 0.78820068 0.09336626 0.38841304 0.34732777 0.60797626  0.70061735 0.39068725 0.41489499 0.43795197 0.56221965 0.44478585  0.48337353 0.40582652 0.48947905 0.4686588 
0.52906469 0.78820068 0.09336626 0.38841304 0.34732777 0.60797626  0.70061735 0.39068725 0.41489499 0.43795197 0.56221965 0.44478585  0.48337353 0.40582652 0.48947905 0.4686588 
0.52906469 0.78820068 0.09336626 0.38841304 0.34732777 0.60797626  0.70061735 0.39068725 0.41489499 0.43795197 0.56221965 0.44478585  0.48337353 0.40582652 0.48947905 0.4686588 
0.54635293 0.77877521 0.10767921 0.37193672 0.3209601  0.64973691  0.66419623 0.41998184 0.3944438  0.4443543  0.48401206 0.4541167  0.52541516 0.39252025 0.43535351 0.47406818
0.52875335 0.79051115 0.11473947 0.4151274  0.31066289 0.66293163  0.60527394 0.41253976 0.40787149 0.45570809 0.46743806 0.46060406  0.47849664 0.35377897 0.37538899 0.47909433
0.60329675 0.90501082 0.47708613 0.32581601 0.57415406 0.70695068  0.53334417 0.35658277 0.38875827 0.4610604  0.32145394 0.30468371  0.49834987 0.57769438 0.13710713 0.39504024
0.60329675 0.90501082 0.47708613 0.32581601 0.57415406 0.70695068  0.53334417 0.35658277 0.38875827 0.4610604  0.32145394 0.30468371  0.49834987 0.57769438 0.13710713 0.39504024
0.6640246  0.90935124 0.6936759  0.40816268 0.50320761 0.60200651  0.6241717  0.33053247 0.5013615  0.57692057 0.23107491 0.19651152  0.55482154 0.49982361 0.12660882 0.33586065
0.69225117 0.86530814 0.71128245 0.40284649 0.3999372  0.5875867  0.62243441 0.42952143 0.50094765 0.55438112 0.29852145 0.17860313  0.63993416 0.57840238 0.18083209 0.31939653
0.69819019 0.80830309 0.64500691 0.40502475 0.29464597 0.54990524  0.63851945 0.53145885 0.53401637 0.65130223 0.27304156 0.16043691  0.61032969 0.53977675 0.18957294 0.31742271
0.70973628 0.79425026 0.67356932 0.43328947 0.27422088 0.52512864  0.6517217  0.53568927 0.49911682 0.70491706 0.31138294 0.18114011  0.63030572 0.54867863 0.24955258 0.24889506
0.70440278 0.7695805  0.62614364 0.45279456 0.21345721 0.50264918  0.68208116 0.5470434  0.52123229 0.74766917 0.32228935 0.19515444  0.69811271 0.49542463 0.2914057  0.2334261 
0.63545273 0.82266022 0.62604691 0.59177759 0.20245802 0.53865683  0.57728831 0.39784503 0.58805684 0.71381434 0.38304219 0.20798865  0.6327943  0.49290438 0.26062123 0.15092525
0.59890835 0.84090679 0.56810326 0.59215734 0.2207098  0.58870051  0.4916247  0.41251396 0.62587443 0.73025403 0.33533239 0.20087503  0.55043301 0.47838741 0.09870894 0.20519341
0.62468261 0.84829434 0.61220941 0.55896618 0.25572844 0.59933562  0.52830608 0.37996438 0.5665804  0.58984613 0.3558729  0.22154417  0.60851555 0.47271998 0.21932311 0.17873167
0.64808921 0.86396219 0.62344267 0.38522623 0.47254727 0.70772687  0.49380614 0.47210218 0.50704493 0.43568224 0.39385242 0.24427057  0.79018712 0.52061965 0.23010615 0.17606433
0.68011111 0.82700269 0.63033117 0.3077221  0.47457246 0.704703  0.43847319 0.55838985 0.45566226 0.333411   0.42149425 0.27241211  0.77399019 0.60103641 0.28772329 0.23778908
0.70026692 0.82106421 0.70079778 0.33786611 0.47944821 0.6846472  0.42648156 0.54009629 0.38496348 0.30691997 0.50613732 0.36142989  0.77283838 0.58739688 0.36617129 0.25902801
0.77345384 0.79104673 0.75459033 0.17416732 0.70378248 0.6481357  0.47039322 0.60094776 0.19558244 0.29784462 0.52471387 0.5938826  0.61773088 0.40552919 0.58065042 0.40809811
0.80591415 0.75724451 0.82706261 0.21027874 0.6449061  0.58444447  0.47266446 0.64397288 0.17687761 0.38228174 0.52383216 0.59395639  0.47136971 0.36048665 0.66276324 0.3666937 
0.81293266 0.76225239 0.86265894 0.21611413 0.66128307 0.55930242  0.50869528 0.6495075  0.23806901 0.40865528 0.51538775 0.59972565  0.45119534 0.28425659 0.69859013 0.41874278
0.86995408 0.63674385 0.84477254 0.16337618 0.704421   0.46162513  0.4191106  0.53496445 0.35919257 0.34682884 0.51893537 0.64142502  0.40353152 0.36876988 0.64780359 0.44303326
0.88466541 0.6045643  0.83985773 0.14132434 0.71448115 0.42892627  0.39847311 0.51845052 0.40577831 0.32291859 0.52400635 0.64631249  0.40335311 0.41838075 0.62822203 0.44183494
0.89679321 0.5662204  0.82854805 0.14058504 0.72870609 0.40113203  0.36577864 0.46884583 0.4521579  0.31695836 0.5430751  0.61265942  0.42160176 0.39311526 0.54370674 0.36902786
0.89950131 0.51589143 0.77897063 0.23155237 0.53224134 0.35010588  0.40460143 0.45704864 0.44636525 0.25978674 0.58904277 0.58708985  0.36522701 0.42803204 0.54968548 0.44868166
0.89079965 0.4737881  0.6912581  0.29815216 0.31055547 0.2992926  0.46112101 0.44380853 0.49121619 0.22166045 0.51618682 0.48951019  0.35158931 0.45255549 0.54957003 0.44672921
0.89861454 0.37204187 0.55953685 0.31192045 0.26671508 0.30710352  0.36265235 0.2830143  0.44524    0.1644281  0.49063764 0.55078656  0.44477639 0.42518418 0.53309295 0.36536878
0.87700406 0.3119408  0.4150807  0.33922332 0.18667533 0.31074521  0.37095578 0.33068041 0.43258493 0.30443475 0.56376235 0.64761276  0.60472221 0.35907467 0.57041079 0.27476681
0.89566375 0.21230882 0.37704208 0.48186897 0.23558377 0.37708904  0.37154254 0.33611531 0.31920564 0.38496022 0.63851444 0.50035942  0.64332626 0.40504874 0.55574531 0.43516126
0.90342495 0.1822044  0.36971525 0.52531402 0.26234229 0.41113492  0.36462915 0.33036871 0.27562455 0.37911572 0.63852146 0.44447868  0.6602924  0.38268442 0.61167718 0.45520076
0.90911889 0.15872697 0.36347939 0.57030291 0.29206813 0.45082069  0.38197872 0.34198868 0.25887783 0.3634188  0.60967569 0.40913829  0.66693259 0.38744113 0.67667593 0.43986902
0.91402027 0.13737701 0.35954636 0.61701541 0.31669014 0.48755252  0.40412609 0.36449026 0.24440307 0.35004392 0.59010461 0.39255922  0.66888371 0.39952586 0.71817936 0.4239418 
0.91794222 0.12067967 0.35704907 0.65464738 0.33810636 0.51596998  0.42903753 0.3855662  0.25251591 0.34001708 0.56304164 0.38665388  0.65169312 0.43831884 0.71446069 0.41294315
0.91794222 0.12067967 0.35704907 0.65464738 0.33810636 0.51596998  0.42903753 0.3855662  0.25251591 0.34001708 0.56304164 0.38665388  0.65169312 0.43831884 0.71446069 0.41294315
0.92470849 0.08914884 0.35395575 0.74734008 0.38279341 0.58207095  0.52422036 0.46386428 0.33056749 0.28285472 0.46874388 0.48406832  0.58733868 0.51199216 0.6419838  0.2765218 
0.92060505 0.07241987 0.32494821 0.76721497 0.40059115 0.59562123  0.55438383 0.49997247 0.38827495 0.37768395 0.47685359 0.5108072  0.61101001 0.49703727 0.55512396 0.28157869
0.91320635 0.06487767 0.28850672 0.75266875 0.40871505 0.60769359  0.54084476 0.5263139  0.3777653  0.43638469 0.48405916 0.51790941  0.59554327 0.53016347 0.51315583 0.26229305
0.90551555 0.05258561 0.25190349 0.75808801 0.4397323  0.63012374  0.56799465 0.57121135 0.41421232 0.44716335 0.44851967 0.53665973  0.53927094 0.50847511 0.50924781 0.22608226
0.90551555 0.05258561 0.25190349 0.75808801 0.4397323  0.63012374  0.56799465 0.57121135 0.41421232 0.44716335 0.44851967 0.53665973  0.53927094 0.50847511 0.50924781 0.22608226
0.90551555 0.05258561 0.25190349 0.75808801 0.4397323  0.63012374  0.56799465 0.57121135 0.41421232 0.44716335 0.44851967 0.53665973  0.53927094 0.50847511 0.50924781 0.22608226
0.90628949 0.04894324 0.25140386 0.77002275 0.44654722 0.63943847  0.58347076 0.58389679 0.43200961 0.4355009  0.42765214 0.55720649  0.51864728 0.53008505 0.48420762 0.1975604 
0.90628949 0.04894324 0.25140386 0.77002275 0.44654722 0.63943847  0.58347076 0.58389679 0.43200961 0.4355009  0.42765214 0.55720649  0.51864728 0.53008505 0.48420762 0.1975604 
0.89726997 0.04863007 0.2156893  0.7452378  0.46593576 0.66061999  0.55682181 0.60003929 0.42149794 0.44382234 0.41737417 0.54744893  0.47219416 0.56144451 0.43871902 0.21272242
0.89403839 0.06099599 0.21184355 0.70971089 0.46131677 0.65990066  0.51702472 0.59096558 0.37317906 0.43267275 0.40555812 0.51301884  0.44622705 0.61302462 0.45663642 0.16784257
0.88265821 0.06598763 0.17735333 0.68293677 0.49166875 0.67535101  0.51686651 0.60539642 0.40837169 0.41230516 0.36448989 0.47875407  0.39990469 0.55829761 0.48161837 0.20309114
0.88120133 0.07278711 0.17668226 0.65975176 0.48400507 0.66364482  0.48967125 0.58827402 0.38158822 0.42940044 0.38347759 0.44565585  0.41972776 0.53532959 0.51601186 0.22173235
0.86810264 0.09107537 0.14952832 0.62171278 0.50702656 0.67512657  0.48001385 0.56979997 0.41111305 0.3913984  0.35914326 0.39607225  0.45655319 0.47396958 0.5354265  0.28661404
0.83608557 0.1385007  0.08151846 0.52633416 0.56208597 0.72917059  0.45977557 0.57675035 0.49071932 0.27888003 0.19813608 0.32664754  0.36051226 0.42722789 0.51019644 0.35179667
0.83608557 0.1385007  0.08151846 0.52633416 0.56208597 0.72917059  0.45977557 0.57675035 0.49071932 0.27888003 0.19813608 0.32664754  0.36051226 0.42722789 0.51019644 0.35179667
0.81641199 0.17179678 0.05939391 0.45807567 0.56035393 0.67221294  0.44186525 0.51448119 0.48913061 0.29488118 0.294572   0.24884803  0.40652144 0.39059319 0.62428349 0.50306237
0.70768288 0.36177178 0.01447353 0.4371188  0.57705909 0.60232261  0.57645014 0.22917135 0.53318179 0.27894062 0.48806927 0.24340143  0.671472   0.46901268 0.71873523 0.48980105
0.51950739 0.57929465 0.04435386 0.43352098 0.51700364 0.23758423  0.53884075 0.05365548 0.53769027 0.38455594 0.37852666 0.50615851  0.35036775 0.52810995 0.57370965 0.26185212
0.31473615 0.5541123  0.13953879 0.43599398 0.50129563 0.15918911  0.69819738 0.31756379 0.15803182 0.3742557  0.16753604 0.4995621  0.58079523 0.39336472 0.39734785 0.41648708
0.19796014 0.59870613 0.20688749 0.55587885 0.43733009 0.2332276  0.50505291 0.48605936 0.24059563 0.39236637 0.21426638 0.48746303  0.53254594 0.3013986  0.27595533 0.48378971
0.05336775 0.43914143 0.31083182 0.46832666 0.37416152 0.39938838  0.45143619 0.50292086 0.40448693 0.37548598 0.33684065 0.45259001  0.60541605 0.3574237  0.32371238 0.49045415
0.00039479 0.36283831 0.35232302 0.39930133 0.34523319 0.50234819  0.48417291 0.45702496 0.47508945 0.39693445 0.45000532 0.44589633  0.47476172 0.42761975 0.50206904 0.41641874
0.00039479 0.36283831 0.35232302 0.39930133 0.34523319 0.50234819  0.48417291 0.45702496 0.47508945 0.39693445 0.45000532 0.44589633  0.47476172 0.42761975 0.50206904 0.41641874
0.00039479 0.36283831 0.35232302 0.39930133 0.34523319 0.50234819  0.48417291 0.45702496 0.47508945 0.39693445 0.45000532 0.44589633  0.47476172 0.42761975 0.50206904 0.41641874
0.00039479 0.36283831 0.35232302 0.39930133 0.34523319 0.50234819  0.48417291 0.45702496 0.47508945 0.39693445 0.45000532 0.44589633  0.47476172 0.42761975 0.50206904 0.41641874
0.00039479 0.36283831 0.35232302 0.39930133 0.34523319 0.50234819  0.48417291 0.45702496 0.47508945 0.39693445 0.45000532 0.44589633  0.47476172 0.42761975 0.50206904 0.41641874
0.00039479 0.36283831 0.35232302 0.39930133 0.34523319 0.50234819  0.48417291 0.45702496 0.47508945 0.39693445 0.45000532 0.44589633  0.47476172 0.42761975 0.50206904 0.41641874
0.00039479 0.36283831 0.35232302 0.39930133 0.34523319 0.50234819  0.48417291 0.45702496 0.47508945 0.39693445 0.45000532 0.44589633  0.47476172 0.42761975 0.50206904 0.41641874
0.00039479 0.36283831 0.35232302 0.39930133 0.34523319 0.50234819  0.48417291 0.45702496 0.47508945 0.39693445 0.45000532 0.44589633  0.47476172 0.42761975 0.50206904 0.41641874
0.00039479 0.36283831 0.35232302 0.39930133 0.34523319 0.50234819  0.48417291 0.45702496 0.47508945 0.39693445 0.45000532 0.44589633  0.47476172 0.42761975 0.50206904 0.41641874
0.00039479 0.36283831 0.35232302 0.39930133 0.34523319 0.50234819  0.48417291 0.45702496 0.47508945 0.39693445 0.45000532 0.44589633  0.47476172 0.42761975 0.50206904 0.41641874
0.00039479 0.36283831 0.35232302 0.39930133 0.34523319 0.50234819  0.48417291 0.45702496 0.47508945 0.39693445 0.45000532 0.44589633  0.47476172 0.42761975 0.50206904 0.41641874
0.00039479 0.36283831 0.35232302 0.39930133 0.34523319 0.50234819  0.48417291 0.45702496 0.47508945 0.39693445 0.45000532 0.44589633  0.47476172 0.42761975 0.50206904 0.41641874
0.00039479 0.36283831 0.35232302 0.39930133 0.34523319 0.50234819  0.48417291 0.45702496 0.47508945 0.39693445 0.45000532 0.44589633  0.47476172 0.42761975 0.50206904 0.41641874
0.00039479 0.36283831 0.35232302 0.39930133 0.34523319 0.50234819  0.48417291 0.45702496 0.47508945 0.39693445 0.45000532 0.44589633  0.47476172 0.42761975 0.50206904 0.41641874
0.00039479 0.36283831 0.35232302 0.39930133 0.34523319 0.50234819  0.48417291 0.45702496 0.47508945 0.39693445 0.45000532 0.44589633  0.47476172 0.42761975 0.50206904 0.41641874
0.00039479 0.36283831 0.35232302 0.39930133 0.34523319 0.50234819  0.48417291 0.45702496 0.47508945 0.39693445 0.45000532 0.44589633  0.47476172 0.42761975 0.50206904 0.41641874
0.00039479 0.36283831 0.35232302 0.39930133 0.34523319 0.50234819  0.48417291 0.45702496 0.47508945 0.39693445 0.45000532 0.44589633  0.47476172 0.42761975 0.50206904 0.41641874
0.07295281 0.46483975 0.29932623 0.48138697 0.37669069 0.41196189  0.43881957 0.49476386 0.44884204 0.38131772 0.40695797 0.4472374  0.52941626 0.40123487 0.42913793 0.42780392
0.23812838 0.65176186 0.20210506 0.56292663 0.39978227 0.38945534  0.40521845 0.53021689 0.55459473 0.34157261 0.60943266 0.39535089  0.47837036 0.50868729 0.56123414 0.29482667
0.34506262 0.70881418 0.15090882 0.53158187 0.41954898 0.33344568  0.43735291 0.64148752 0.56066328 0.26398879 0.65205942 0.35906778  0.68522998 0.52961252 0.50127262 0.32892438
0.38134694 0.70582844 0.13429023 0.46882272 0.43104618 0.32403206  0.55497975 0.62928814 0.50195954 0.2443085  0.70404414 0.34043953  0.65896613 0.54293102 0.51923802 0.27918746
0.44840306 0.66053276 0.1089793  0.37165439 0.45324293 0.25309927  0.6665314  0.65569797 0.41517573 0.22101951 0.72155874 0.34204768  0.58697531 0.53381891 0.45515167 0.28544489
0.52936111 0.58237941 0.09663172 0.28174039 0.44158934 0.28961814  0.61422533 0.66626865 0.55435402 0.14413487 0.86560783 0.30647474  0.60597628 0.46685216 0.30903512 0.29678344
0.52936111 0.58237941 0.09663172 0.28174039 0.44158934 0.28961814  0.61422533 0.66626865 0.55435402 0.14413487 0.86560783 0.30647474  0.60597628 0.46685216 0.30903512 0.29678344
0.54788872 0.60255129 0.08928845 0.29167887 0.43231823 0.32351617  0.59350032 0.65056757 0.59201944 0.17736957 0.87120114 0.32286095  0.54134568 0.47054476 0.39663786 0.31225477
0.5974723  0.55063079 0.10790736 0.22313804 0.39194392 0.35420622  0.53540443 0.7890189  0.59407196 0.20727163 0.81292579 0.3433675  0.45827922 0.37083684 0.4314068  0.36479812
0.5974723  0.55063079 0.10790736 0.22313804 0.39194392 0.35420622  0.53540443 0.7890189  0.59407196 0.20727163 0.81292579 0.3433675  0.45827922 0.37083684 0.4314068  0.36479812
0.61599146 0.56515096 0.10502442 0.22393918 0.37455478 0.41373059  0.52095552 0.74920262 0.62310418 0.25261156 0.79108847 0.36781187  0.41373917 0.36463096 0.48603131 0.40408235
0.63906925 0.51340522 0.12456318 0.25828503 0.34667427 0.37446296  0.49897132 0.79460336 0.60151922 0.3302622  0.86805536 0.40627214  0.30829297 0.3180893  0.48433679 0.46548553
0.64658918 0.56119233 0.16410371 0.2423068  0.26802313 0.51242619  0.48577229 0.88121638 0.48921243 0.38947985 0.64000292 0.4425026  0.41649975 0.30098794 0.50005067 0.49881773
0.64257931 0.62908902 0.16133157 0.21160683 0.25051198 0.64387024  0.48655792 0.82497292 0.47550791 0.39914797 0.45630083 0.43863328  0.44502777 0.27641247 0.62934073 0.46849345
0.62474212 0.64484164 0.16755344 0.26622678 0.2382715  0.65356289  0.42305174 0.79903822 0.4559933  0.42991751 0.37824169 0.46512844  0.37276693 0.20223353 0.54909671 0.50585498
0.59190168 0.69215062 0.17010259 0.34225115 0.2313146  0.68922911  0.417051   0.70153461 0.40915372 0.46987871 0.35309106 0.46765263  0.33289456 0.1940831  0.41894126 0.4795382 
0.54604563 0.7711344  0.14411588 0.39171659 0.26294831 0.73492983  0.50386853 0.52667486 0.44217393 0.42224553 0.40525423 0.44352004  0.59834961 0.34118649 0.30865441 0.48629499
0.52820623 0.78244358 0.14530687 0.43525932 0.26500734 0.72642046  0.47008979 0.48209363 0.44331093 0.4516211  0.37690085 0.46111819  0.51827348 0.31080476 0.2987929  0.47421687
0.49353291 0.80774622 0.12853534 0.49302517 0.29684866 0.67938425  0.49498089 0.38668282 0.46086796 0.46754416 0.44752765 0.46453024  0.40952085 0.30838195 0.3442099  0.45081634
0.45760599 0.81752107 0.11995617 0.54396445 0.32583158 0.62363327  0.47264786 0.36157629 0.50588022 0.48718311 0.48450142 0.47787137  0.36024269 0.32080754 0.41623437 0.47632438
0.42027876 0.8103488  0.1154471  0.58739732 0.37098644 0.5062475  0.46640962 0.36569205 0.48136623 0.48659072 0.48661598 0.4818624  0.25853725 0.3529315  0.50007316 0.42395598
0.3823169  0.78846128 0.12236228 0.61859486 0.40084468 0.41011661  0.43917827 0.38945036 0.43904364 0.49797    0.38614672 0.5066506  0.24499922 0.38006324 0.59447753 0.43107704
0.34499711 0.76395553 0.1274321  0.63229048 0.43264617 0.30101943  0.44526145 0.44249807 0.38464774 0.46199424 0.35389432 0.49931996  0.27366622 0.38979394 0.59849202 0.4067841 
0.34499711 0.76395553 0.1274321  0.63229048 0.43264617 0.30101943  0.44526145 0.44249807 0.38464774 0.46199424 0.35389432 0.49931996  0.27366622 0.38979394 0.59849202 0.4067841 
0.30927383 0.75225658 0.1442667  0.65504957 0.43595785 0.27179525  0.38622864 0.52253868 0.44031081 0.38425855 0.4495288  0.44329042  0.35075091 0.41921974 0.53247061 0.32470508
0.30927383 0.75225658 0.1442667  0.65504957 0.43595785 0.27179525  0.38622864 0.52253868 0.44031081 0.38425855 0.4495288  0.44329042  0.35075091 0.41921974 0.53247061 0.32470508
0.30927383 0.75225658 0.1442667  0.65504957 0.43595785 0.27179525  0.38622864 0.52253868 0.44031081 0.38425855 0.4495288  0.44329042  0.35075091 0.41921974 0.53247061 0.32470508
0.32647795 0.74943536 0.13031504 0.63148933 0.45003531 0.24149506  0.45971036 0.48231435 0.35561551 0.41665432 0.37573165 0.47487558  0.31820627 0.39599982 0.54386751 0.36749987
0.36400861 0.7793334  0.12104354 0.62433379 0.42265625 0.33948589  0.45615193 0.428077   0.41229257 0.45723172 0.42202187 0.48422997  0.24476155 0.38308621 0.56983444 0.38182963
0.36400861 0.7793334  0.12104354 0.62433379 0.42265625 0.33948589  0.45615193 0.428077   0.41229257 0.45723172 0.42202187 0.48422997  0.24476155 0.38308621 0.56983444 0.38182963
0.45629848 0.80407354 0.09710843 0.51857932 0.38424446 0.49527585  0.60167809 0.3427797  0.40494569 0.47808893 0.51940683 0.4728624  0.25467343 0.36882748 0.50349181 0.40923842
0.51122529 0.79950986 0.09455724 0.43195576 0.3493868  0.5994669  0.66683861 0.34610602 0.416032   0.46732754 0.53386627 0.462384  0.40329739 0.37544479 0.47961754 0.45658068
0.59296473 0.69138144 0.07971514 0.26112765 0.3643441  0.55649327  0.71347382 0.38113214 0.51043254 0.39851518 0.47596577 0.4790392  0.64517503 0.60598385 0.66570318 0.51718986
0.59296473 0.69138144 0.07971514 0.26112765 0.3643441  0.55649327  0.71347382 0.38113214 0.51043254 0.39851518 0.47596577 0.4790392  0.64517503 0.60598385 0.66570318 0.51718986
0.59296473 0.69138144 0.07971514 0.26112765 0.3643441  0.55649327  0.71347382 0.38113214 0.51043254 0.39851518 0.47596577 0.4790392  0.64517503 0.60598385 0.66570318 0.51718986
0.68802483 0.55461687 0.10792322 0.13387776 0.32322444 0.53612285  0.5541436  0.56304007 0.57150344 0.35826    0.36339897 0.5070839  0.61870401 0.58599976 0.56442819 0.54273362
0.72875953 0.45967067 0.09330936 0.11606702 0.35196685 0.5000459  0.46717444 0.46267961 0.61566995 0.36275456 0.28128111 0.52359774  0.56390589 0.46055312 0.59836666 0.48499876
0.74183551 0.42432626 0.08602888 0.11338874 0.37048932 0.47456484  0.4320054  0.4160156  0.65398724 0.34072638 0.30400707 0.50973532  0.55851984 0.42343925 0.52425258 0.44972705
0.77199013 0.38457501 0.12160642 0.11840755 0.32976388 0.47690671  0.35173526 0.46776758 0.57662908 0.38270379 0.24020806 0.52185397  0.43439721 0.35251902 0.50532402 0.36058675
0.816946   0.38975795 0.28673401 0.19640405 0.22030247 0.39183056  0.38620198 0.41863418 0.54004979 0.40791213 0.29792964 0.53180495  0.41549074 0.5203774  0.4240572  0.37773727
0.84638164 0.3807043  0.38207001 0.2566186  0.17854504 0.36320565  0.38176929 0.38422183 0.44824764 0.39759894 0.35957946 0.57012366  0.46750448 0.56540288 0.48347169 0.28745314
0.8934625  0.39987366 0.58841121 0.33417623 0.17100408 0.25192104  0.49036304 0.32361702 0.57554605 0.36522451 0.38581555 0.4838825  0.44323923 0.51322326 0.55354378 0.46362485
0.90141209 0.42830162 0.64988238 0.31727759 0.22945078 0.26141033  0.48372341 0.31579658 0.58689162 0.34198698 0.34416386 0.42430169  0.39189345 0.50656619 0.56298536 0.43320494
0.89296814 0.47335562 0.68905404 0.30930389 0.2301604  0.2712188  0.5013383  0.39048413 0.56213295 0.2844521  0.37735183 0.41006535  0.33220243 0.5240989  0.57934386 0.47812641
0.89443556 0.48148972 0.7055572  0.29570258 0.27815962 0.28596997  0.48552711 0.39561518 0.54082665 0.27498511 0.40599401 0.45223414  0.32445214 0.51012439 0.59040399 0.49882864
0.8815645  0.5161902  0.71524161 0.2965312  0.25982284 0.29967714  0.51821512 0.47236899 0.50955651 0.28028406 0.42803808 0.4502585  0.31030477 0.53999314 0.61990086 0.53018059
0.88657252 0.53640965 0.75808319 0.2662688  0.34991318 0.30821564  0.51065319 0.47353903 0.521357   0.32490326 0.40972303 0.41003771  0.32333158 0.55893984 0.59208092 0.47962526
0.88657252 0.53640965 0.75808319 0.2662688  0.34991318 0.30821564  0.51065319 0.47353903 0.521357   0.32490326 0.40972303 0.41003771  0.32333158 0.55893984 0.59208092 0.47962526
0.8815645  0.5161902  0.71524161 0.2965312  0.25982284 0.29967714  0.51821512 0.47236899 0.50955651 0.28028406 0.42803808 0.4502585  0.31030477 0.53999314 0.61990086 0.53018059
0.89296814 0.47335562 0.68905404 0.30930389 0.2301604  0.2712188  0.5013383  0.39048413 0.56213295 0.2844521  0.37735183 0.41006535  0.33220243 0.5240989  0.57934386 0.47812641
0.89296814 0.47335562 0.68905404 0.30930389 0.2301604  0.2712188  0.5013383  0.39048413 0.56213295 0.2844521  0.37735183 0.41006535  0.33220243 0.5240989  0.57934386 0.47812641
0.90141209 0.42830162 0.64988238 0.31727759 0.22945078 0.26141033  0.48372341 0.31579658 0.58689162 0.34198698 0.34416386 0.42430169  0.39189345 0.50656619 0.56298536 0.43320494
0.92164425 0.36340926 0.64177586 0.36802977 0.26574445 0.25338004  0.44365385 0.29507467 0.5723236  0.33077807 0.44367498 0.35083984  0.3668722  0.46973504 0.44610398 0.48821527
0.92256619 0.33726577 0.6224079  0.40840049 0.22664337 0.2181679  0.50753611 0.30154949 0.66642879 0.38350911 0.46132799 0.38061952  0.40993476 0.38867885 0.42230968 0.58224556
0.92977334 0.30910138 0.61962524 0.45550713 0.25028222 0.24381928  0.50982325 0.3035549  0.63265646 0.39848039 0.47538298 0.32915838  0.40418843 0.41550582 0.41889516 0.64995387
0.92977334 0.30910138 0.61962524 0.45550713 0.25028222 0.24381928  0.50982325 0.3035549  0.63265646 0.39848039 0.47538298 0.32915838  0.40418843 0.41550582 0.41889516 0.64995387
0.92977334 0.30910138 0.61962524 0.45550713 0.25028222 0.24381928  0.50982325 0.3035549  0.63265646 0.39848039 0.47538298 0.32915838  0.40418843 0.41550582 0.41889516 0.64995387
0.92348029 0.28426743 0.57082285 0.47177997 0.21585233 0.23742594  0.52418413 0.31271055 0.63031101 0.42204065 0.51324222 0.38913537  0.47728153 0.34501719 0.47000616 0.6394654 
0.93021831 0.22490218 0.53021656 0.55785304 0.24606308 0.30176289  0.53125214 0.33824521 0.56502754 0.41784075 0.53572123 0.37784462  0.50398528 0.37540156 0.49070931 0.66321775
0.93883279 0.17839548 0.51198577 0.64533253 0.26822461 0.35668238  0.54598382 0.33123411 0.52650882 0.36472243 0.56495855 0.40162656  0.56293746 0.28300992 0.55247174 0.71021552
0.93883279 0.17839548 0.51198577 0.64533253 0.26822461 0.35668238  0.54598382 0.33123411 0.52650882 0.36472243 0.56495855 0.40162656  0.56293746 0.28300992 0.55247174 0.71021552
0.94452674 0.15491805 0.50574991 0.69032142 0.29795045 0.39636816  0.56333338 0.34285408 0.50976209 0.34902551 0.53611278 0.36628618  0.56957766 0.28776664 0.6174705  0.69488378
0.94942811 0.1335681  0.50181688 0.73703391 0.32257246 0.43309998  0.58548076 0.36535566 0.49528734 0.33565063 0.51654171 0.3497071  0.57152878 0.29985136 0.65897393 0.67895656
0.95088499 0.12676862 0.50248795 0.76021892 0.33023614 0.44480618  0.61267602 0.38247805 0.5220708  0.31855535 0.497554   0.38280532  0.5517057  0.32281938 0.62458043 0.66031535
0.95088499 0.12676862 0.50248795 0.76021892 0.33023614 0.44480618  0.61267602 0.38247805 0.5220708  0.31855535 0.497554   0.38280532  0.5517057  0.32281938 0.62458043 0.66031535
0.95209747 0.12100644 0.50252965 0.77923803 0.33826471 0.45688148  0.63540356 0.40009109 0.54599057 0.30382424 0.47535541 0.41107361  0.52799265 0.34837036 0.59101294 0.6334783 
0.95790465 0.13529224 0.53452793 0.77251881 0.35405267 0.45075056  0.64530109 0.3971548  0.56972367 0.29169481 0.4335637  0.38088034  0.4640505  0.35658445 0.58028923 0.68313983
0.95927109 0.13785311 0.54927592 0.76688609 0.36386607 0.43046858  0.66454392 0.4059209  0.61371212 0.35094008 0.42253164 0.31723409  0.48094959 0.35299581 0.581773   0.64377963
0.97471724 0.20512044 0.67421184 0.67911226 0.53030491 0.42533979  0.63644222 0.39531988 0.66168414 0.49451681 0.34631327 0.12648515  0.44449325 0.46486269 0.43795767 0.64848769
0.9836754  0.25355082 0.76427348 0.59847099 0.71275119 0.44810658  0.57085416 0.37091596 0.61042065 0.50663222 0.37325673 0.10621555  0.45933407 0.43238354 0.48475566 0.62069717
0.97953881 0.28027441 0.78007524 0.53841227 0.74049044 0.42532566  0.5338459  0.35105412 0.60989957 0.52940046 0.42534637 0.17127451  0.47560018 0.40188605 0.44780824 0.64597924
0.97738508 0.32521878 0.83477169 0.4436762  0.90468308 0.43921113  0.45285324 0.3566852  0.55970992 0.55204392 0.59745317 0.42591128  0.48687718 0.30928094 0.42091684 0.76522738
0.97023156 0.35428206 0.83342323 0.37051732 0.87864788 0.41007434  0.38814471 0.32653556 0.5032782  0.55092116 0.6127001  0.39738654  0.47810067 0.32206808 0.44255291 0.73134618
0.97023156 0.35428206 0.83342323 0.37051732 0.87864788 0.41007434  0.38814471 0.32653556 0.5032782  0.55092116 0.6127001  0.39738654  0.47810067 0.32206808 0.44255291 0.73134618
0.96863923 0.34291899 0.80977096 0.39252094 0.79162539 0.38163528  0.41802425 0.31847083 0.53836727 0.55421493 0.55112976 0.3066489  0.47414615 0.35358443 0.42725594 0.69276942
0.95893014 0.36291953 0.79228947 0.37681945 0.65797088 0.32245722  0.45870119 0.3150311  0.61379566 0.54981913 0.46943206 0.23397089  0.44321734 0.43228079 0.34851367 0.60739028
0.9401512  0.38245926 0.73263229 0.34844686 0.50926614 0.33164234  0.39495157 0.28642645 0.49228071 0.33254607 0.45879413 0.338174  0.36611513 0.50673821 0.42606856 0.51545508
0.91397553 0.30912176 0.55417185 0.38965613 0.3725382  0.33396804  0.40871558 0.32397579 0.44623069 0.39555404 0.52872709 0.45421633  0.50868678 0.40890048 0.50856486 0.4340962 
0.89433356 0.24560654 0.41383296 0.44747899 0.21113676 0.32067272  0.41986207 0.33995883 0.43298607 0.41949152 0.60064983 0.5315819  0.61833425 0.3706573  0.5441367  0.42958138
0.90342495 0.1822044  0.36971525 0.52531402 0.26234229 0.41113492  0.36462915 0.33036871 0.27562455 0.37911572 0.63852146 0.44447868  0.6602924  0.38268442 0.61167718 0.45520076
0.9073469  0.16550705 0.36721796 0.562946   0.2837585  0.43955238  0.38954058 0.35144465 0.28373739 0.36908888 0.61145848 0.43857334  0.6431018  0.4214774  0.60795851 0.44420211
0.89086421 0.15565144 0.29709038 0.52952823 0.32029084 0.4631073  0.37986159 0.40625419 0.30278952 0.48064247 0.59120035 0.41653423  0.60435677 0.41344623 0.56950154 0.38680956
0.88915944 0.1246318  0.25441302 0.5599709  0.35814058 0.51486543  0.38367209 0.4442156  0.27553315 0.52364629 0.56956015 0.38829606  0.59553023 0.45132915 0.59253216 0.35219218
0.88915944 0.1246318  0.25441302 0.5599709  0.35814058 0.51486543  0.38367209 0.4442156  0.27553315 0.52364629 0.56956015 0.38829606  0.59553023 0.45132915 0.59253216 0.35219218
0.89406082 0.10328185 0.25048    0.60668339 0.38276259 0.55159726  0.40581947 0.46671717 0.2610584  0.5102714  0.54998907 0.37171699  0.59748135 0.46341388 0.63403559 0.33626497
0.8955177  0.09648237 0.25115107 0.6298684  0.39042627 0.56330345  0.43301472 0.48383956 0.28784186 0.49317612 0.53100137 0.4048152  0.57765827 0.4863819  0.59964209 0.31762375
0.8955177  0.09648237 0.25115107 0.6298684  0.39042627 0.56330345  0.43301472 0.48383956 0.28784186 0.49317612 0.53100137 0.4048152  0.57765827 0.4863819  0.59964209 0.31762375
0.8955177  0.09648237 0.25115107 0.6298684  0.39042627 0.56330345  0.43301472 0.48383956 0.28784186 0.49317612 0.53100137 0.4048152  0.57765827 0.4863819  0.59964209 0.31762375
0.8955177  0.09648237 0.25115107 0.6298684  0.39042627 0.56330345  0.43301472 0.48383956 0.28784186 0.49317612 0.53100137 0.4048152  0.57765827 0.4863819  0.59964209 0.31762375
0.8955177  0.09648237 0.25115107 0.6298684  0.39042627 0.56330345  0.43301472 0.48383956 0.28784186 0.49317612 0.53100137 0.4048152  0.57765827 0.4863819  0.59964209 0.31762375
0.88649818 0.09616919 0.21543651 0.60508346 0.4098148  0.58448497  0.40636578 0.49998206 0.27733019 0.50149756 0.5207234  0.39505764  0.53120515 0.51774136 0.55415349 0.33278578
0.8776626  0.08956107 0.17886849 0.6105646  0.45904828 0.62600477  0.43871065 0.54073025 0.33842704 0.45870911 0.43949041 0.38545791  0.46061403 0.49229164 0.56472222 0.31459944
0.84141521 0.16201855 0.11695793 0.46360727 0.49399317 0.65848558  0.35811226 0.48333426 0.36274646 0.34053236 0.31663666 0.24656288  0.48817866 0.37477713 0.58671311 0.40929882
0.8293193  0.17003153 0.08461179 0.43364147 0.51739892 0.66306963  0.36459274 0.49845228 0.41266774 0.33604239 0.29243383 0.2292331  0.42486671 0.35355457 0.58267333 0.48821802
0.8293193  0.17003153 0.08461179 0.43364147 0.51739892 0.66306963  0.36459274 0.49845228 0.41266774 0.33604239 0.29243383 0.2292331  0.42486671 0.35355457 0.58267333 0.48821802
0.71672459 0.34971244 0.01539613 0.37821927 0.55936523 0.52946084  0.52302697 0.22034938 0.58289759 0.26897209 0.55700431 0.25487874  0.6284776  0.46186321 0.61137418 0.50303573
0.58590925 0.53833334 0.03489109 0.36772883 0.49801373 0.32373773  0.51713633 0.03231532 0.62923094 0.37155991 0.44917857 0.4920297  0.42610358 0.47788907 0.52773359 0.31200992
0.34586985 0.5446292  0.11778716 0.45430385 0.52382543 0.1406431  0.64338806 0.24779811 0.22018635 0.37579199 0.16499626 0.50346801  0.56987476 0.39093654 0.44136009 0.37727394
0.21570386 0.57729437 0.19628927 0.48609893 0.44951852 0.2237993  0.64833986 0.43935186 0.14189196 0.40428945 0.22608839 0.49123034  0.45374789 0.28093684 0.26367699 0.47486746
0.08822462 0.46366638 0.28286618 0.47182852 0.39941799 0.33786217  0.49986066 0.48194129 0.32369463 0.40582488 0.24110466 0.48740772  0.60798696 0.34770104 0.3509214  0.55039879
0.01779563 0.38669558 0.33863985 0.42004769 0.35385851 0.46460162  0.48109267 0.47190843 0.43452283 0.38595027 0.3992976  0.44733029  0.52908455 0.38078184 0.39373238 0.44873962
0.00039479 0.36283831 0.35232302 0.39930133 0.34523319 0.50234819  0.48417291 0.45702496 0.47508945 0.39693445 0.45000532 0.44589633  0.47476172 0.42761975 0.50206904 0.41641874
0.00039479 0.36283831 0.35232302 0.39930133 0.34523319 0.50234819  0.48417291 0.45702496 0.47508945 0.39693445 0.45000532 0.44589633  0.47476172 0.42761975 0.50206904 0.41641874
0.00039479 0.36283831 0.35232302 0.39930133 0.34523319 0.50234819  0.48417291 0.45702496 0.47508945 0.39693445 0.45000532 0.44589633  0.47476172 0.42761975 0.50206904 0.41641874
0.00039479 0.36283831 0.35232302 0.39930133 0.34523319 0.50234819  0.48417291 0.45702496 0.47508945 0.39693445 0.45000532 0.44589633  0.47476172 0.42761975 0.50206904 0.41641874
0.00039479 0.36283831 0.35232302 0.39930133 0.34523319 0.50234819  0.48417291 0.45702496 0.47508945 0.39693445 0.45000532 0.44589633  0.47476172 0.42761975 0.50206904 0.41641874
0.00039479 0.36283831 0.35232302 0.39930133 0.34523319 0.50234819  0.48417291 0.45702496 0.47508945 0.39693445 0.45000532 0.44589633  0.47476172 0.42761975 0.50206904 0.41641874
0.00039479 0.36283831 0.35232302 0.39930133 0.34523319 0.50234819  0.48417291 0.45702496 0.47508945 0.39693445 0.45000532 0.44589633  0.47476172 0.42761975 0.50206904 0.41641874
0.00039479 0.36283831 0.35232302 0.39930133 0.34523319 0.50234819  0.48417291 0.45702496 0.47508945 0.39693445 0.45000532 0.44589633  0.47476172 0.42761975 0.50206904 0.41641874
0.00039479 0.36283831 0.35232302 0.39930133 0.34523319 0.50234819  0.48417291 0.45702496 0.47508945 0.39693445 0.45000532 0.44589633  0.47476172 0.42761975 0.50206904 0.41641874
0.00039479 0.36283831 0.35232302 0.39930133 0.34523319 0.50234819  0.48417291 0.45702496 0.47508945 0.39693445 0.45000532 0.44589633  0.47476172 0.42761975 0.50206904 0.41641874
0.03525649 0.41685964 0.32437467 0.45347996 0.36854765 0.43569141  0.43485985 0.4975719  0.47652552 0.39120509 0.39620065 0.45304628  0.55757342 0.45566594 0.52722734 0.46096477
0.12480679 0.54582024 0.2562519  0.56633949 0.4133776  0.29461666  0.3665754  0.5642408  0.42623228 0.36588055 0.29275569 0.45804828  0.68644766 0.41159539 0.39596952 0.51380349
0.49279506 0.79883281 0.08948759 0.4538334  0.37477935 0.53766039  0.67361769 0.34105092 0.40775879 0.46182159 0.56147453 0.45894149  0.33910793 0.39120822 0.51804061 0.41814157
0.56324047 0.75110964 0.09211211 0.30418254 0.34843496 0.59677457  0.7318537  0.49777815 0.44141285 0.39386804 0.58813656 0.42747788  0.60811379 0.45263783 0.56700873 0.50068664
0.62964615 0.67993392 0.12824543 0.21117154 0.29032701 0.64523296  0.62443677 0.6825204  0.42065696 0.40086651 0.42113481 0.45573688  0.62286445 0.37810761 0.55117293 0.53012125
0.67480498 0.59292582 0.12254547 0.14779396 0.29715051 0.58787299  0.57716046 0.62663905 0.48663181 0.41295381 0.29182897 0.51471122  0.56774352 0.46969747 0.70233725 0.54865251
0.74346223 0.43328444 0.10574682 0.11326477 0.33531491 0.48546164  0.43167373 0.50414314 0.58887044 0.38599163 0.25978504 0.53066628  0.44570675 0.39739422 0.63546149 0.46413772
0.78439602 0.34920449 0.11509822 0.12285053 0.34576701 0.4533275  0.31428084 0.45325025 0.60155421 0.35564157 0.3029053  0.49730314  0.41435012 0.29059942 0.41129945 0.33353117
0.78439602 0.34920449 0.11509822 0.12285053 0.34576701 0.4533275  0.31428084 0.45325025 0.60155421 0.35564157 0.3029053  0.49730314  0.41435012 0.29059942 0.41129945 0.33353117
0.78439602 0.34920449 0.11509822 0.12285053 0.34576701 0.4533275  0.31428084 0.45325025 0.60155421 0.35564157 0.3029053  0.49730314  0.41435012 0.29059942 0.41129945 0.33353117
0.78439602 0.34920449 0.11509822 0.12285053 0.34576701 0.4533275  0.31428084 0.45325025 0.60155421 0.35564157 0.3029053  0.49730314  0.41435012 0.29059942 0.41129945 0.33353117
0.7689441  0.36256951 0.09195815 0.11502946 0.36984051 0.43640136  0.35905026 0.4429618  0.65211285 0.33690123 0.34520823 0.49225303  0.42027361 0.29836074 0.46732284 0.40181043
0.7542414  0.38895574 0.07952069 0.11783172 0.38649245 0.45098562  0.39455098 0.40149828 0.67891237 0.31366416 0.36670431 0.48518449  0.53847275 0.36151965 0.43022801 0.42267147
0.7542414  0.38895574 0.07952069 0.11783172 0.38649245 0.45098562  0.39455098 0.40149828 0.67891237 0.31366416 0.36670431 0.48518449  0.53847275 0.36151965 0.43022801 0.42267147
0.52035641 0.73476018 0.07283917 0.43430513 0.40109796 0.50707495  0.63323259 0.19465563 0.46904113 0.46653662 0.47190864 0.4902363  0.37050657 0.43561684 0.54882289 0.39375201
0.43707352 0.76618815 0.09257935 0.47643766 0.43231067 0.35109863  0.69856614 0.42524996 0.32376475 0.37853934 0.57521434 0.42259341  0.36354293 0.41580276 0.48720202 0.3162269 
0.28815329 0.67626165 0.1469378  0.56246714 0.47256028 0.1727481  0.57630384 0.47912591 0.21329504 0.39808755 0.27255095 0.48488442  0.4505232  0.36908774 0.41844888 0.42775714
0.26946855 0.66751145 0.15649615 0.58203561 0.47136029 0.16896701  0.51759929 0.49876737 0.25857109 0.40641405 0.23714022 0.49702531  0.52370557 0.39451052 0.460448   0.47246792
0.10613348 0.48953733 0.26903981 0.49524318 0.40853494 0.30615278  0.48575365 0.49810806 0.30899182 0.39783119 0.21351558 0.48839679  0.64940211 0.33535279 0.30982575 0.56298057
0.07102051 0.46648761 0.29681783 0.49538875 0.38534053 0.36816237  0.42637893 0.52216562 0.40838993 0.37342912 0.31490181 0.45582256  0.6405316  0.37092096 0.3395245  0.50760399
0.05295748 0.44105795 0.31047847 0.47423707 0.37661473 0.39820267  0.43339135 0.51107118 0.43325487 0.38045997 0.34459946 0.45442981  0.6091228  0.40002928 0.40593895 0.49183507
0.05295748 0.44105795 0.31047847 0.47423707 0.37661473 0.39820267  0.43339135 0.51107118 0.43325487 0.38045997 0.34459946 0.45442981  0.6091228  0.40002928 0.40593895 0.49183507
0.03544839 0.41404176 0.32462587 0.44710978 0.36503751 0.43337561  0.45603541 0.49115319 0.43842582 0.38389341 0.37735876 0.45056284  0.56420009 0.3942791  0.4095445  0.46588946
0.07072036 0.46614656 0.29703087 0.49537801 0.38589877 0.36790454  0.42476719 0.52354981 0.41109396 0.37319006 0.31579528 0.455873  0.64330505 0.37971972 0.35247623 0.50905457
0.10621071 0.47415403 0.27143342 0.46311552 0.40469776 0.32432406  0.55148074 0.45167118 0.25323265 0.41498562 0.21487997 0.49533362  0.52030419 0.31450562 0.32525947 0.53234877
0.10621071 0.47415403 0.27143342 0.46311552 0.40469776 0.32432406  0.55148074 0.45167118 0.25323265 0.41498562 0.21487997 0.49533362  0.52030419 0.31450562 0.32525947 0.53234877
0.10621071 0.47415403 0.27143342 0.46311552 0.40469776 0.32432406  0.55148074 0.45167118 0.25323265 0.41498562 0.21487997 0.49533362  0.52030419 0.31450562 0.32525947 0.53234877
0.14156128 0.49318706 0.24449377 0.45154069 0.42983544 0.26581654  0.61543934 0.44610625 0.18677684 0.41997194 0.17497889 0.50790006  0.55451702 0.31437511 0.31584022 0.55538997
0.19632081 0.56654587 0.20673824 0.5040413  0.44878824 0.2170075  0.58958406 0.46351038 0.18421433 0.40830312 0.18200976 0.50338065  0.55520555 0.31753393 0.30871441 0.52525047
0.23275447 0.61887336 0.17997326 0.5479407  0.46508806 0.17494564  0.55644953 0.48495661 0.19544966 0.40305047 0.18090901 0.50232338  0.56323261 0.33591235 0.33639558 0.51284955
0.23305648 0.60429951 0.18248832 0.51315027 0.46125577 0.19231546  0.62167087 0.45998081 0.14849899 0.40199353 0.20504301 0.49451332  0.49163688 0.30323285 0.29244085 0.49346788
0.25143921 0.62762356 0.17041492 0.52837224 0.46628805 0.17872674  0.61515408 0.46531515 0.15017361 0.39472397 0.21631974 0.49018249  0.49005024 0.31048957 0.29439646 0.46813878
0.26986133 0.65247975 0.15818448 0.54603476 0.47053105 0.17290396  0.59801473 0.47108513 0.17805536 0.39434293 0.24714008 0.4854438  0.46517196 0.33887751 0.34876358 0.44131529
0.32181971 0.66783603 0.12964824 0.54872323 0.47911594 0.16875949  0.57292521 0.39965411 0.26532489 0.39957836 0.27080023 0.49745563  0.41795366 0.45136176 0.47471121 0.37731153
0.33923047 0.65789677 0.12193065 0.50971462 0.49152695 0.15186572  0.62645509 0.40726167 0.25054457 0.39853146 0.27015159 0.50012688  0.45426356 0.486386   0.55764152 0.39694462
0.35165954 0.62493095 0.11030418 0.5130552  0.51101821 0.14657461  0.60107036 0.32289037 0.26648579 0.40088482 0.22721286 0.50725206  0.47750025 0.45256427 0.568607   0.36853366
0.42676826 0.67718308 0.08189272 0.47269536 0.48881716 0.23945197  0.673192   0.29610911 0.31581197 0.36258551 0.43366678 0.45008508  0.43114553 0.46892633 0.51625962 0.26537769
0.46418996 0.70635157 0.0730219  0.46496735 0.46121544 0.32975666  0.65894111 0.27465192 0.38168814 0.39302425 0.48323275 0.45595437  0.3863823  0.45725325 0.55543336 0.29423206
0.47922394 0.67599552 0.06758894 0.44061211 0.46914276 0.30635362  0.64825832 0.22764739 0.42069562 0.38765743 0.43858378 0.47819652  0.40619227 0.5363219  0.59384866 0.3037729 
0.4977431  0.69051569 0.064706   0.44141325 0.45175363 0.36587799  0.63380941 0.18783111 0.44972785 0.43299736 0.41674646 0.5026409  0.36165221 0.53011601 0.64847317 0.34305713
0.53447951 0.68570173 0.06295442 0.37631528 0.42993228 0.42996662  0.68060547 0.22324148 0.46483163 0.39870824 0.47059355 0.47760921  0.47924433 0.5441372  0.61291896 0.36906455
0.54048067 0.7193446  0.07965055 0.35109708 0.38504847 0.49706424  0.69921112 0.31266788 0.45716362 0.40186084 0.48592402 0.47392653  0.5201971  0.5621955  0.56353041 0.43591462
0.50421104 0.72997673 0.07577188 0.41651744 0.41250006 0.42674836  0.67221146 0.26303155 0.45002741 0.42573046 0.4851789  0.48808218  0.3759315  0.54757721 0.59209198 0.38539738
0.48917706 0.76033278 0.08120483 0.44087268 0.40457274 0.4501514  0.68289425 0.31003608 0.41101993 0.43109728 0.52982786 0.46584003  0.35612153 0.46850856 0.55367667 0.37585654
0.48917706 0.76033278 0.08120483 0.44087268 0.40457274 0.4501514  0.68289425 0.31003608 0.41101993 0.43109728 0.52982786 0.46584003  0.35612153 0.46850856 0.55367667 0.37585654
0.41941218 0.79438301 0.10101509 0.55814675 0.40881873 0.40881866  0.5614489  0.38258699 0.40286216 0.45883245 0.51017913 0.47101913  0.25109725 0.36817221 0.50710647 0.38516799
0.4005181  0.78538641 0.10254264 0.57581323 0.42714935 0.35241199  0.55497478 0.38834311 0.37465141 0.46162841 0.46620647 0.48153606  0.23122988 0.38353789 0.55553547 0.37178495
0.32828533 0.76763445 0.13787814 0.64709288 0.42596792 0.31026171  0.39711911 0.50811761 0.46795564 0.37949602 0.51765635 0.42820043  0.32184623 0.41251202 0.50381303 0.29975061
0.32828533 0.76763445 0.13787814 0.64709288 0.42596792 0.31026171  0.39711911 0.50811761 0.46795564 0.37949602 0.51765635 0.42820043  0.32184623 0.41251202 0.50381303 0.29975061
0.32828533 0.76763445 0.13787814 0.64709288 0.42596792 0.31026171  0.39711911 0.50811761 0.46795564 0.37949602 0.51765635 0.42820043  0.32184623 0.41251202 0.50381303 0.29975061
0.38400688 0.80027911 0.13478638 0.62448861 0.36843661 0.49682347  0.37217067 0.42391857 0.55194968 0.46277827 0.50391654 0.46454851  0.29741123 0.38791748 0.53465163 0.40166528
0.42197165 0.81966524 0.12883817 0.58940231 0.33714667 0.59212695  0.40594522 0.39674552 0.58230231 0.4492814  0.58590683 0.4428437  0.32859787 0.35979088 0.44326054 0.39509047
0.47626812 0.81147946 0.14299539 0.51721986 0.28262374 0.71152057  0.41994787 0.42991457 0.5454568  0.43970787 0.52519383 0.43503968  0.43816745 0.33439942 0.32245419 0.41376199
0.63055293 0.9119447  0.60046201 0.31355636 0.64932829 0.79281326  0.37468357 0.42402305 0.32205084 0.28704171 0.39690673 0.45181814  0.54170261 0.45877883 0.17444576 0.45131873
0.74569453 0.83297253 0.72023974 0.16838577 0.74270453 0.68601085  0.50510835 0.53439449 0.24594939 0.24073998 0.49664706 0.55743273  0.72611482 0.42753528 0.52255501 0.44242991
0.76814761 0.8107005  0.76253308 0.15389846 0.74999586 0.64379014  0.51224275 0.60069377 0.30409595 0.27455367 0.47106759 0.57061501  0.61375827 0.28954906 0.61085177 0.49650703
0.83645402 0.69009401 0.80143728 0.14316069 0.72570364 0.5252369  0.48060891 0.47755285 0.33747973 0.35856988 0.44751103 0.67680385  0.65441537 0.5411579  0.75556984 0.40692445
0.83645402 0.69009401 0.80143728 0.14316069 0.72570364 0.5252369  0.48060891 0.47755285 0.33747973 0.35856988 0.44751103 0.67680385  0.65441537 0.5411579  0.75556984 0.40692445
0.85115673 0.66370778 0.81387474 0.14035843 0.7090517  0.51065264  0.4451082  0.51901638 0.31068022 0.38180696 0.42601495 0.68387239  0.53621623 0.477999   0.79266467 0.38606341
0.86509981 0.63029849 0.81086431 0.12817139 0.71597984 0.47452269  0.4138324  0.53269599 0.34592125 0.35846355 0.47537892 0.67877062  0.49517295 0.48293425 0.72680705 0.38337088
0.84979845 0.65456669 0.79184799 0.16474431 0.60649346 0.48177971  0.4804167  0.5113896  0.34210883 0.37078673 0.34206421 0.5544747  0.51980983 0.53191347 0.77604215 0.31991487
0.81296489 0.67634056 0.68757776 0.15940427 0.56115801 0.52955083  0.49272685 0.45249897 0.35244969 0.22875839 0.32698016 0.53372721  0.64823216 0.6064024  0.72878942 0.36502379
0.78452849 0.62859312 0.52499851 0.19728455 0.39260576 0.53093875  0.50400786 0.45021446 0.38352186 0.13853812 0.31018622 0.56240478  0.6571749  0.56869955 0.71722473 0.46790266
0.70326405 0.61718393 0.26039506 0.23143827 0.29413702 0.58780515  0.56012983 0.43308248 0.40525022 0.2757321  0.2808379  0.52764972  0.74023129 0.54713661 0.63390752 0.42464201
0.65776513 0.6260739  0.12605791 0.21330978 0.29774287 0.62240569  0.57677596 0.43048841 0.46566371 0.40159045 0.27844961 0.50554388  0.72705442 0.61842331 0.49220598 0.45279058
0.61081119 0.69283235 0.11154538 0.27048153 0.30517538 0.65465568  0.62247654 0.39573923 0.44601292 0.4285189  0.29734544 0.50017137  0.67512706 0.54549152 0.49898978 0.50823148
0.58108692 0.75256055 0.12394235 0.31353641 0.28926624 0.69493698  0.64085643 0.51238524 0.37699323 0.42387175 0.40951623 0.44861004  0.63806581 0.39214551 0.40029533 0.49172826
0.51122529 0.79950986 0.09455724 0.43195576 0.3493868  0.5994669  0.66683861 0.34610602 0.416032   0.46732754 0.53386627 0.462384  0.40329739 0.37544479 0.47961754 0.45658068
0.43772047 0.80351089 0.10233382 0.55240782 0.38700716 0.47944938  0.54447524 0.34396035 0.42961322 0.49957073 0.47430398 0.49343977  0.25133493 0.36514924 0.53174956 0.43441539
0.36400861 0.7793334  0.12104354 0.62433379 0.42265625 0.33948589  0.45615193 0.428077   0.41229257 0.45723172 0.42202187 0.48422997  0.24476155 0.38308621 0.56983444 0.38182963
0.3468045  0.78215462 0.1349952  0.64789402 0.40857879 0.36978608  0.38267021 0.46830133 0.49698787 0.42483595 0.49581903 0.45264481  0.27730618 0.40630613 0.55843754 0.33903484
0.29045719 0.73094886 0.15442903 0.64861787 0.43743399 0.25792166  0.38689214 0.53115086 0.41529052 0.38556542 0.39507375 0.45336942  0.40076127 0.41217046 0.51734543 0.36315078
0.27177245 0.72219866 0.16398737 0.66818633 0.436234   0.25414057  0.32818759 0.55079232 0.46056657 0.39389192 0.35966302 0.46551031  0.47394365 0.43759325 0.55934456 0.40786155
0.21623457 0.66850952 0.19464458 0.65673355 0.43804207 0.23751713  0.28996202 0.60532266 0.50420728 0.35359983 0.36349489 0.44466976  0.66187085 0.49348998 0.53524902 0.43385105
0.17954982 0.61843594 0.21894224 0.61993254 0.42960606 0.24817875  0.32922269 0.59256455 0.44544112 0.34714564 0.31317026 0.44747818  0.71181696 0.43766147 0.4073728  0.46853574
0.12577048 0.54335856 0.25939699 0.55779041 0.4047663  0.3329018  0.35344744 0.55971507 0.50249201 0.36622671 0.38557254 0.44584563  0.63902884 0.50205061 0.5570075  0.43327351
0.12577048 0.54335856 0.25939699 0.55779041 0.4047663  0.3329018  0.35344744 0.55971507 0.50249201 0.36622671 0.38557254 0.44584563  0.63902884 0.50205061 0.5570075  0.43327351
0.05363922 0.44018369 0.31230126 0.46870193 0.37357994 0.42210268  0.42834306 0.50290623 0.47820014 0.38393554 0.40747738 0.44871545  0.55598678 0.46292266 0.52918295 0.43563567
0.05363922 0.44018369 0.31230126 0.46870193 0.37357994 0.42210268  0.42834306 0.50290623 0.47820014 0.38393554 0.40747738 0.44871545  0.55598678 0.46292266 0.52918295 0.43563567
0.05363922 0.44018369 0.31230126 0.46870193 0.37357994 0.42210268  0.42834306 0.50290623 0.47820014 0.38393554 0.40747738 0.44871545  0.55598678 0.46292266 0.52918295 0.43563567
0.0897141  0.49238607 0.28605684 0.51342653 0.38900195 0.38505389  0.38614645 0.52792098 0.50998489 0.38149763 0.41635887 0.44720931  0.56622405 0.50480786 0.59936219 0.42596203
0.10762296 0.51825701 0.27223047 0.5368412  0.3981189  0.35334449  0.37203944 0.54408775 0.49528208 0.37350394 0.3887698  0.44819838  0.6076392  0.49245961 0.55826654 0.43854381
0.14400378 0.57001143 0.24650921 0.57963501 0.4111231  0.32337997  0.33091569 0.56565053 0.52902114 0.37615256 0.39917025 0.45026555  0.60354194 0.52672152 0.63434041 0.43110925
0.18084686 0.61597377 0.22605499 0.60981756 0.40934063 0.34034181  0.29605858 0.55682103 0.57506723 0.40832122 0.41276665 0.4654576  0.52596783 0.5419712  0.74705955 0.43375302
0.29273422 0.71992974 0.1858628  0.62295339 0.36195688 0.51896062  0.27371959 0.45141142 0.69407957 0.47869518 0.52042571 0.47732287  0.37802615 0.54158801 0.82112673 0.40885419
0.40097139 0.79541088 0.24049686 0.59479881 0.27592711 0.691191  0.27920092 0.38691311 0.73293932 0.36840629 0.61637111 0.46375131  0.50727811 0.51783974 0.55869652 0.54015239
0.4566186  0.82144536 0.33000942 0.63393835 0.23841125 0.67441393  0.24066535 0.3822768  0.63824252 0.29466914 0.51665422 0.49863822  0.61794633 0.52538569 0.37643383 0.60018832
0.54897218 0.88256737 0.67928925 0.655355   0.24759886 0.67715572  0.20395325 0.32767999 0.57957211 0.13471036 0.2959808  0.34891214  0.5583153  0.48436705 0.39215988 0.48640535
0.60091749 0.88281508 0.79168712 0.66869059 0.30950633 0.63586176  0.28399985 0.32907209 0.48992848 0.27479159 0.43406691 0.42204782  0.48855255 0.44042382 0.44254622 0.36167006
0.60091749 0.88281508 0.79168712 0.66869059 0.30950633 0.63586176  0.28399985 0.32907209 0.48992848 0.27479159 0.43406691 0.42204782  0.48855255 0.44042382 0.44254622 0.36167006
0.60091749 0.88281508 0.79168712 0.66869059 0.30950633 0.63586176  0.28399985 0.32907209 0.48992848 0.27479159 0.43406691 0.42204782  0.48855255 0.44042382 0.44254622 0.36167006
0.61920372 0.89364377 0.78004132 0.65998834 0.31422786 0.62258147  0.33723167 0.2974178  0.41676247 0.28419138 0.40694875 0.42992328  0.39809633 0.39842964 0.40393255 0.34216946
0.63778172 0.89420642 0.77481593 0.62615983 0.31146515 0.63840794  0.39443452 0.29623715 0.39209494 0.26270958 0.45205161 0.4093459  0.40143483 0.40210788 0.3756748  0.31699249
0.667919   0.84054028 0.79395041 0.60303489 0.28572757 0.60674502  0.33003739 0.39846534 0.36225059 0.2933868  0.41342048 0.42382747  0.19105352 0.27719281 0.4652395  0.29815949
0.667919   0.84054028 0.79395041 0.60303489 0.28572757 0.60674502  0.33003739 0.39846534 0.36225059 0.2933868  0.41342048 0.42382747  0.19105352 0.27719281 0.4652395  0.29815949
0.667919   0.84054028 0.79395041 0.60303489 0.28572757 0.60674502  0.33003739 0.39846534 0.36225059 0.2933868  0.41342048 0.42382747  0.19105352 0.27719281 0.4652395  0.29815949
0.68396875 0.81444519 0.79511398 0.56995148 0.28610363 0.58755605  0.31633179 0.45499426 0.38546649 0.27518414 0.42023498 0.42586834  0.17289663 0.254261   0.52657381 0.3104396 
0.68396875 0.81444519 0.79511398 0.56995148 0.28610363 0.58755605  0.31633179 0.45499426 0.38546649 0.27518414 0.42023498 0.42586834  0.17289663 0.254261   0.52657381 0.3104396 
0.68396875 0.81444519 0.79511398 0.56995148 0.28610363 0.58755605  0.31633179 0.45499426 0.38546649 0.27518414 0.42023498 0.42586834  0.17289663 0.254261   0.52657381 0.3104396 
0.68396875 0.81444519 0.79511398 0.56995148 0.28610363 0.58755605  0.31633179 0.45499426 0.38546649 0.27518414 0.42023498 0.42586834  0.17289663 0.254261   0.52657381 0.3104396 
0.69968753 0.78912754 0.80196621 0.54361098 0.28020749 0.57351826  0.29391139 0.52762583 0.38229063 0.2921401  0.40670294 0.43551937  0.11782289 0.23207268 0.54729595 0.3225158 
0.71707262 0.77325037 0.80442479 0.50232145 0.27473384 0.57879382  0.30544141 0.59374205 0.38518479 0.26981471 0.41428373 0.42277647  0.18453389 0.24780176 0.55600449 0.34050696
0.71707262 0.77325037 0.80442479 0.50232145 0.27473384 0.57879382  0.30544141 0.59374205 0.38518479 0.26981471 0.41428373 0.42277647  0.18453389 0.24780176 0.55600449 0.34050696
0.71543149 0.76462838 0.78586617 0.52039174 0.21249702 0.56629153  0.31713614 0.5916524  0.39087358 0.24426997 0.40006163 0.40663886  0.16501644 0.24437784 0.56760556 0.35789708
0.6982453  0.78181193 0.76251078 0.56033355 0.17039392 0.56557815  0.35536773 0.51388978 0.41535574 0.236781   0.38495149 0.35481905  0.22784047 0.28054068 0.53582328 0.32511864
0.7160847  0.77050275 0.76131979 0.51679083 0.16833489 0.57408752  0.38914646 0.55847101 0.41421874 0.20740543 0.41330488 0.3372209  0.30791661 0.3109224  0.54568479 0.33719676
0.66994476 0.75045405 0.6135653  0.55989842 0.12065677 0.58960452  0.38904074 0.49520415 0.4258679  0.1820731  0.42246968 0.42199928  0.36429872 0.21523429 0.55967407 0.37857514
0.56561186 0.78342214 0.38313222 0.63890961 0.12445443 0.68220178  0.39689741 0.35830912 0.39170178 0.33982011 0.48668902 0.51005348  0.6621365  0.28420423 0.4125972  0.25922097
0.52108074 0.78636823 0.18402156 0.53081204 0.24936941 0.69172633  0.44373099 0.38185325 0.36038804 0.49077448 0.42942755 0.48691014  0.46690932 0.32184319 0.29222629 0.30361788
0.42150779 0.81134569 0.13543538 0.58519116 0.33008473 0.5975268  0.39269202 0.40755675 0.56236478 0.4575833  0.51432591 0.45680313  0.37291995 0.35939313 0.45326646 0.42014655
0.36516906 0.78879555 0.13731487 0.63658072 0.38522952 0.44167457  0.3755633  0.42609358 0.51020595 0.46175343 0.44831291 0.47588415  0.30011918 0.39822482 0.56576283 0.39273261
0.29029162 0.73671883 0.16110443 0.66898747 0.41884487 0.31366494  0.31373868 0.51097604 0.48959879 0.43923185 0.3378257  0.48995468  0.4294036  0.43138736 0.61396907 0.44714578
0.23462629 0.6746539  0.18788595 0.64030725 0.42924949 0.26395765  0.33960818 0.55219731 0.44082493 0.39661536 0.3111497  0.47367012  0.53166231 0.42680046 0.52987097 0.45664527
0.14317132 0.56721582 0.24571382 0.57853678 0.41339162 0.29515523  0.3503672  0.57459853 0.46192539 0.35524253 0.33486482 0.44727959  0.69335167 0.4552127  0.44867084 0.46559438
0.14317132 0.56721582 0.24571382 0.57853678 0.41339162 0.29515523  0.3503672  0.57459853 0.46192539 0.35524253 0.33486482 0.44727959  0.69335167 0.4552127  0.44867084 0.46559438
0.07231365 0.46558654 0.29862181 0.48872057 0.37977083 0.39675144  0.42190262 0.51301871 0.45974495 0.37405114 0.39182984 0.44655843  0.58048351 0.43509974 0.46188821 0.43004367
0.07231365 0.46558654 0.29862181 0.48872057 0.37977083 0.39675144  0.42190262 0.51301871 0.45974495 0.37405114 0.39182984 0.44655843  0.58048351 0.43509974 0.46188821 0.43004367
0.01877751 0.38616237 0.34024961 0.41452329 0.35026547 0.48875947  0.47765612 0.4623593  0.47676406 0.38966489 0.46128205 0.44156549  0.47317508 0.43487647 0.50402464 0.39108964
0.00039479 0.36283831 0.35232302 0.39930133 0.34523319 0.50234819  0.48417291 0.45702496 0.47508945 0.39693445 0.45000532 0.44589633  0.47476172 0.42761975 0.50206904 0.41641874
0.00039479 0.36283831 0.35232302 0.39930133 0.34523319 0.50234819  0.48417291 0.45702496 0.47508945 0.39693445 0.45000532 0.44589633  0.47476172 0.42761975 0.50206904 0.41641874
0.00039479 0.36283831 0.35232302 0.39930133 0.34523319 0.50234819  0.48417291 0.45702496 0.47508945 0.39693445 0.45000532 0.44589633  0.47476172 0.42761975 0.50206904 0.41641874
0.00039479 0.36283831 0.35232302 0.39930133 0.34523319 0.50234819  0.48417291 0.45702496 0.47508945 0.39693445 0.45000532 0.44589633  0.47476172 0.42761975 0.50206904 0.41641874
0.00039479 0.36283831 0.35232302 0.39930133 0.34523319 0.50234819  0.48417291 0.45702496 0.47508945 0.39693445 0.45000532 0.44589633  0.47476172 0.42761975 0.50206904 0.41641874
0.00039479 0.36283831 0.35232302 0.39930133 0.34523319 0.50234819  0.48417291 0.45702496 0.47508945 0.39693445 0.45000532 0.44589633  0.47476172 0.42761975 0.50206904 0.41641874
0.00039479 0.36283831 0.35232302 0.39930133 0.34523319 0.50234819  0.48417291 0.45702496 0.47508945 0.39693445 0.45000532 0.44589633  0.47476172 0.42761975 0.50206904 0.41641874
0.00039479 0.36283831 0.35232302 0.39930133 0.34523319 0.50234819  0.48417291 0.45702496 0.47508945 0.39693445 0.45000532 0.44589633  0.47476172 0.42761975 0.50206904 0.41641874
0.00039479 0.36283831 0.35232302 0.39930133 0.34523319 0.50234819  0.48417291 0.45702496 0.47508945 0.39693445 0.45000532 0.44589633  0.47476172 0.42761975 0.50206904 0.41641874
0.00039479 0.36283831 0.35232302 0.39930133 0.34523319 0.50234819  0.48417291 0.45702496 0.47508945 0.39693445 0.45000532 0.44589633  0.47476172 0.42761975 0.50206904 0.41641874
0.00039479 0.36283831 0.35232302 0.39930133 0.34523319 0.50234819  0.48417291 0.45702496 0.47508945 0.39693445 0.45000532 0.44589633  0.47476172 0.42761975 0.50206904 0.41641874
0.00039479 0.36283831 0.35232302 0.39930133 0.34523319 0.50234819  0.48417291 0.45702496 0.47508945 0.39693445 0.45000532 0.44589633  0.47476172 0.42761975 0.50206904 0.41641874
0.00039479 0.36283831 0.35232302 0.39930133 0.34523319 0.50234819  0.48417291 0.45702496 0.47508945 0.39693445 0.45000532 0.44589633  0.47476172 0.42761975 0.50206904 0.41641874
0.00039479 0.36283831 0.35232302 0.39930133 0.34523319 0.50234819  0.48417291 0.45702496 0.47508945 0.39693445 0.45000532 0.44589633  0.47476172 0.42761975 0.50206904 0.41641874
0.00039479 0.36283831 0.35232302 0.39930133 0.34523319 0.50234819  0.48417291 0.45702496 0.47508945 0.39693445 0.45000532 0.44589633  0.47476172 0.42761975 0.50206904 0.41641874
0.00039479 0.36283831 0.35232302 0.39930133 0.34523319 0.50234819  0.48417291 0.45702496 0.47508945 0.39693445 0.45000532 0.44589633  0.47476172 0.42761975 0.50206904 0.41641874
0.00039479 0.36283831 0.35232302 0.39930133 0.34523319 0.50234819  0.48417291 0.45702496 0.47508945 0.39693445 0.45000532 0.44589633  0.47476172 0.42761975 0.50206904 0.41641874
0.00039479 0.36283831 0.35232302 0.39930133 0.34523319 0.50234819  0.48417291 0.45702496 0.47508945 0.39693445 0.45000532 0.44589633  0.47476172 0.42761975 0.50206904 0.41641874
0.00039479 0.36283831 0.35232302 0.39930133 0.34523319 0.50234819  0.48417291 0.45702496 0.47508945 0.39693445 0.45000532 0.44589633  0.47476172 0.42761975 0.50206904 0.41641874
0.00039479 0.36283831 0.35232302 0.39930133 0.34523319 0.50234819  0.48417291 0.45702496 0.47508945 0.39693445 0.45000532 0.44589633  0.47476172 0.42761975 0.50206904 0.41641874
0.00039479 0.36283831 0.35232302 0.39930133 0.34523319 0.50234819  0.48417291 0.45702496 0.47508945 0.39693445 0.45000532 0.44589633  0.47476172 0.42761975 0.50206904 0.41641874
0.00039479 0.36283831 0.35232302 0.39930133 0.34523319 0.50234819  0.48417291 0.45702496 0.47508945 0.39693445 0.45000532 0.44589633  0.47476172 0.42761975 0.50206904 0.41641874
0.00039479 0.36283831 0.35232302 0.39930133 0.34523319 0.50234819  0.48417291 0.45702496 0.47508945 0.39693445 0.45000532 0.44589633  0.47476172 0.42761975 0.50206904 0.41641874
0.00039479 0.36283831 0.35232302 0.39930133 0.34523319 0.50234819  0.48417291 0.45702496 0.47508945 0.39693445 0.45000532 0.44589633  0.47476172 0.42761975 0.50206904 0.41641874
0.00039479 0.36283831 0.35232302 0.39930133 0.34523319 0.50234819  0.48417291 0.45702496 0.47508945 0.39693445 0.45000532 0.44589633  0.47476172 0.42761975 0.50206904 0.41641874
0.00039479 0.36283831 0.35232302 0.39930133 0.34523319 0.50234819  0.48417291 0.45702496 0.47508945 0.39693445 0.45000532 0.44589633  0.47476172 0.42761975 0.50206904 0.41641874
0.00039479 0.36283831 0.35232302 0.39930133 0.34523319 0.50234819  0.48417291 0.45702496 0.47508945 0.39693445 0.45000532 0.44589633  0.47476172 0.42761975 0.50206904 0.41641874
0.00039479 0.36283831 0.35232302 0.39930133 0.34523319 0.50234819  0.48417291 0.45702496 0.47508945 0.39693445 0.45000532 0.44589633  0.47476172 0.42761975 0.50206904 0.41641874
