0.00039479 0.36283831 0.35232302 0.39930133 0.34523319 0.50234819  0.48417291 0.45702496 0.47508945 0.39693445 0.45000532 0.44589633  0.47476172 0.42761975 0.50206904 0.41641874
0.00039479 0.36283831 0.35232302 0.39930133 0.34523319 0.50234819  0.48417291 0.45702496 0.47508945 0.39693445 0.45000532 0.44589633  0.47476172 0.42761975 0.50206904 0.41641874
0.00039479 0.36283831 0.35232302 0.39930133 0.34523319 0.50234819  0.48417291 0.45702496 0.47508945 0.39693445 0.45000532 0.44589633  0.47476172 0.42761975 0.50206904 0.41641874
0.00039479 0.36283831 0.35232302 0.39930133 0.34523319 0.50234819  0.48417291 0.45702496 0.47508945 0.39693445 0.45000532 0.44589633  0.47476172 0.42761975 0.50206904 0.41641874
0.00039479 0.36283831 0.35232302 0.39930133 0.34523319 0.50234819  0.48417291 0.45702496 0.47508945 0.39693445 0.45000532 0.44589633  0.47476172 0.42761975 0.50206904 0.41641874
0.00039479 0.36283831 0.35232302 0.39930133 0.34523319 0.50234819  0.48417291 0.45702496 0.47508945 0.39693445 0.45000532 0.44589633  0.47476172 0.42761975 0.50206904 0.41641874
0.00039479 0.36283831 0.35232302 0.39930133 0.34523319 0.50234819  0.48417291 0.45702496 0.47508945 0.39693445 0.45000532 0.44589633  0.47476172 0.42761975 0.50206904 0.41641874
0.00039479 0.36283831 0.35232302 0.39930133 0.34523319 0.50234819  0.48417291 0.45702496 0.47508945 0.39693445 0.45000532 0.44589633  0.47476172 0.42761975 0.50206904 0.41641874
0.00039479 0.36283831 0.35232302 0.39930133 0.34523319 0.50234819  0.48417291 0.45702496 0.47508945 0.39693445 0.45000532 0.44589633  0.47476172 0.42761975 0.50206904 0.41641874
0.00039479 0.36283831 0.35232302 0.39930133 0.34523319 0.50234819  0.48417291 0.45702496 0.47508945 0.39693445 0.45000532 0.44589633  0.47476172 0.42761975 0.50206904 0.41641874
0.00039479 0.36283831 0.35232302 0.39930133 0.34523319 0.50234819  0.48417291 0.45702496 0.47508945 0.39693445 0.45000532 0.44589633  0.47476172 0.42761975 0.50206904 0.41641874
0.00039479 0.36283831 0.35232302 0.39930133 0.34523319 0.50234819  0.48417291 0.45702496 0.47508945 0.39693445 0.45000532 0.44589633  0.47476172 0.42761975 0.50206904 0.41641874
0.00039479 0.36283831 0.35232302 0.39930133 0.34523319 0.50234819  0.48417291 0.45702496 0.47508945 0.39693445 0.45000532 0.44589633  0.47476172 0.42761975 0.50206904 0.41641874
0.00039479 0.36283831 0.35232302 0.39930133 0.34523319 0.50234819  0.48417291 0.45702496 0.47508945 0.39693445 0.45000532 0.44589633  0.47476172 0.42761975 0.50206904 0.41641874
0.00039479 0.36283831 0.35232302 0.39930133 0.34523319 0.50234819  0.48417291 0.45702496 0.47508945 0.39693445 0.45000532 0.44589633  0.47476172 0.42761975 0.50206904 0.41641874
0.00039479 0.36283831 0.35232302 0.39930133 0.34523319 0.50234819  0.48417291 0.45702496 0.47508945 0.39693445 0.45000532 0.44589633  0.47476172 0.42761975 0.50206904 0.41641874
0.00039479 0.36283831 0.35232302 0.39930133 0.34523319 0.50234819  0.48417291 0.45702496 0.47508945 0.39693445 0.45000532 0.44589633  0.47476172 0.42761975 0.50206904 0.41641874
0.00039479 0.36283831 0.35232302 0.39930133 0.34523319 0.50234819  0.48417291 0.45702496 0.47508945 0.39693445 0.45000532 0.44589633  0.47476172 0.42761975 0.50206904 0.41641874
0.00039479 0.36283831 0.35232302 0.39930133 0.34523319 0.50234819  0.48417291 0.45702496 0.47508945 0.39693445 0.45000532 0.44589633  0.47476172 0.42761975 0.50206904 0.41641874
0.00039479 0.36283831 0.35232302 0.39930133 0.34523319 0.50234819  0.48417291 0.45702496 0.47508945 0.39693445 0.45000532 0.44589633  0.47476172 0.42761975 0.50206904 0.41641874
0.00039479 0.36283831 0.35232302 0.39930133 0.34523319 0.50234819  0.48417291 0.45702496 0.47508945 0.39693445 0.45000532 0.44589633  0.47476172 0.42761975 0.50206904 0.41641874
0.00039479 0.36283831 0.35232302 0.39930133 0.34523319 0.50234819  0.48417291 0.45702496 0.47508945 0.39693445 0.45000532 0.44589633  0.47476172 0.42761975 0.50206904 0.41641874
0.00039479 0.36283831 0.35232302 0.39930133 0.34523319 0.50234819  0.48417291 0.45702496 0.47508945 0.39693445 0.45000532 0.44589633  0.47476172 0.42761975 0.50206904 0.41641874
0.00039479 0.36283831 0.35232302 0.39930133 0.34523319 0.50234819  0.48417291 0.45702496 0.47508945 0.39693445 0.45000532 0.44589633  0.47476172 0.42761975 0.50206904 0.41641874
0.00039479 0.36283831 0.35232302 0.39930133 0.34523319 0.50234819  0.48417291 0.45702496 0.47508945 0.39693445 0.45000532 0.44589633  0.47476172 0.42761975 0.50206904 0.41641874
0.00039479 0.36283831 0.35232302 0.39930133 0.34523319 0.50234819  0.48417291 0.45702496 0.47508945 0.39693445 0.45000532 0.44589633  0.47476172 0.42761975 0.50206904 0.41641874
0.00039479 0.36283831 0.35232302 0.39930133 0.34523319 0.50234819  0.48417291 0.45702496 0.47508945 0.39693445 0.45000532 0.44589633  0.47476172 0.42761975 0.50206904 0.41641874
0.00039479 0.36283831 0.35232302 0.39930133 0.34523319 0.50234819  0.48417291 0.45702496 0.47508945 0.39693445 0.45000532 0.44589633  0.47476172 0.42761975 0.50206904 0.41641874
0.00039479 0.36283831 0.35232302 0.39930133 0.34523319 0.50234819  0.48417291 0.45702496 0.47508945 0.39693445 0.45000532 0.44589633  0.47476172 0.42761975 0.50206904 0.41641874
0.00039479 0.36283831 0.35232302 0.39930133 0.34523319 0.50234819  0.48417291 0.45702496 0.47508945 0.39693445 0.45000532 0.44589633  0.47476172 0.42761975 0.50206904 0.41641874
0.00039479 0.36283831 0.35232302 0.39930133 0.34523319 0.50234819  0.48417291 0.45702496 0.47508945 0.39693445 0.45000532 0.44589633  0.47476172 0.42761975 0.50206904 0.41641874
0.00039479 0.36283831 0.35232302 0.39930133 0.34523319 0.50234819  0.48417291 0.45702496 0.47508945 0.39693445 0.45000532 0.44589633  0.47476172 0.42761975 0.50206904 0.41641874
0.00039479 0.36283831 0.35232302 0.39930133 0.34523319 0.50234819  0.48417291 0.45702496 0.47508945 0.39693445 0.45000532 0.44589633  0.47476172 0.42761975 0.50206904 0.41641874
0.00039479 0.36283831 0.35232302 0.39930133 0.34523319 0.50234819  0.48417291 0.45702496 0.47508945 0.39693445 0.45000532 0.44589633  0.47476172 0.42761975 0.50206904 0.41641874
0.00039479 0.36283831 0.35232302 0.39930133 0.34523319 0.50234819  0.48417291 0.45702496 0.47508945 0.39693445 0.45000532 0.44589633  0.47476172 0.42761975 0.50206904 0.41641874
0.00039479 0.36283831 0.35232302 0.39930133 0.34523319 0.50234819  0.48417291 0.45702496 0.47508945 0.39693445 0.45000532 0.44589633  0.47476172 0.42761975 0.50206904 0.41641874
0.00039479 0.36283831 0.35232302 0.39930133 0.34523319 0.50234819  0.48417291 0.45702496 0.47508945 0.39693445 0.45000532 0.44589633  0.47476172 0.42761975 0.50206904 0.41641874
0.00039479 0.36283831 0.35232302 0.39930133 0.34523319 0.50234819  0.48417291 0.45702496 0.47508945 0.39693445 0.45000532 0.44589633  0.47476172 0.42761975 0.50206904 0.41641874
0.00039479 0.36283831 0.35232302 0.39930133 0.34523319 0.50234819  0.48417291 0.45702496 0.47508945 0.39693445 0.45000532 0.44589633  0.47476172 0.42761975 0.50206904 0.41641874
0.00039479 0.36283831 0.35232302 0.39930133 0.34523319 0.50234819  0.48417291 0.45702496 0.47508945 0.39693445 0.45000532 0.44589633  0.47476172 0.42761975 0.50206904 0.41641874
0.00039479 0.36283831 0.35232302 0.39930133 0.34523319 0.50234819  0.48417291 0.45702496 0.47508945 0.39693445 0.45000532 0.44589633  0.47476172 0.42761975 0.50206904 0.41641874
0.00039479 0.36283831 0.35232302 0.39930133 0.34523319 0.50234819  0.48417291 0.45702496 0.47508945 0.39693445 0.45000532 0.44589633  0.47476172 0.42761975 0.50206904 0.41641874
0.00039479 0.36283831 0.35232302 0.39930133 0.34523319 0.50234819  0.48417291 0.45702496 0.47508945 0.39693445 0.45000532 0.44589633  0.47476172 0.42761975 0.50206904 0.41641874
0.00039479 0.36283831 0.35232302 0.39930133 0.34523319 0.50234819  0.48417291 0.45702496 0.47508945 0.39693445 0.45000532 0.44589633  0.47476172 0.42761975 0.50206904 0.41641874
0.00039479 0.36283831 0.35232302 0.39930133 0.34523319 0.50234819  0.48417291 0.45702496 0.47508945 0.39693445 0.45000532 0.44589633  0.47476172 0.42761975 0.50206904 0.41641874
0.00039479 0.36283831 0.35232302 0.39930133 0.34523319 0.50234819  0.48417291 0.45702496 0.47508945 0.39693445 0.45000532 0.44589633  0.47476172 0.42761975 0.50206904 0.41641874
0.00039479 0.36283831 0.35232302 0.39930133 0.34523319 0.50234819  0.48417291 0.45702496 0.47508945 0.39693445 0.45000532 0.44589633  0.47476172 0.42761975 0.50206904 0.41641874
0.00039479 0.36283831 0.35232302 0.39930133 0.34523319 0.50234819  0.48417291 0.45702496 0.47508945 0.39693445 0.45000532 0.44589633  0.47476172 0.42761975 0.50206904 0.41641874
0.00039479 0.36283831 0.35232302 0.39930133 0.34523319 0.50234819  0.48417291 0.45702496 0.47508945 0.39693445 0.45000532 0.44589633  0.47476172 0.42761975 0.50206904 0.41641874
0.00039479 0.36283831 0.35232302 0.39930133 0.34523319 0.50234819  0.48417291 0.45702496 0.47508945 0.39693445 0.45000532 0.44589633  0.47476172 0.42761975 0.50206904 0.41641874
0.00039479 0.36283831 0.35232302 0.39930133 0.34523319 0.50234819  0.48417291 0.45702496 0.47508945 0.39693445 0.45000532 0.44589633  0.47476172 0.42761975 0.50206904 0.41641874
0.00039479 0.36283831 0.35232302 0.39930133 0.34523319 0.50234819  0.48417291 0.45702496 0.47508945 0.39693445 0.45000532 0.44589633  0.47476172 0.42761975 0.50206904 0.41641874
0.00039479 0.36283831 0.35232302 0.39930133 0.34523319 0.50234819  0.48417291 0.45702496 0.47508945 0.39693445 0.45000532 0.44589633  0.47476172 0.42761975 0.50206904 0.41641874
0.00039479 0.36283831 0.35232302 0.39930133 0.34523319 0.50234819  0.48417291 0.45702496 0.47508945 0.39693445 0.45000532 0.44589633  0.47476172 0.42761975 0.50206904 0.41641874
0.00039479 0.36283831 0.35232302 0.39930133 0.34523319 0.50234819  0.48417291 0.45702496 0.47508945 0.39693445 0.45000532 0.44589633  0.47476172 0.42761975 0.50206904 0.41641874
0.00039479 0.36283831 0.35232302 0.39930133 0.34523319 0.50234819  0.48417291 0.45702496 0.47508945 0.39693445 0.45000532 0.44589633  0.47476172 0.42761975 0.50206904 0.41641874
0.00039479 0.36283831 0.35232302 0.39930133 0.34523319 0.50234819  0.48417291 0.45702496 0.47508945 0.39693445 0.45000532 0.44589633  0.47476172 0.42761975 0.50206904 0.41641874
0.00039479 0.36283831 0.35232302 0.39930133 0.34523319 0.50234819  0.48417291 0.45702496 0.47508945 0.39693445 0.45000532 0.44589633  0.47476172 0.42761975 0.50206904 0.41641874
0.00039479 0.36283831 0.35232302 0.39930133 0.34523319 0.50234819  0.48417291 0.45702496 0.47508945 0.39693445 0.45000532 0.44589633  0.47476172 0.42761975 0.50206904 0.41641874
0.00039479 0.36283831 0.35232302 0.39930133 0.34523319 0.50234819  0.48417291 0.45702496 0.47508945 0.39693445 0.45000532 0.44589633  0.47476172 0.42761975 0.50206904 0.41641874
0.00039479 0.36283831 0.35232302 0.39930133 0.34523319 0.50234819  0.48417291 0.45702496 0.47508945 0.39693445 0.45000532 0.44589633  0.47476172 0.42761975 0.50206904 0.41641874
0.00039479 0.36283831 0.35232302 0.39930133 0.34523319 0.50234819  0.48417291 0.45702496 0.47508945 0.39693445 0.45000532 0.44589633  0.47476172 0.42761975 0.50206904 0.41641874
0.00039479 0.36283831 0.35232302 0.39930133 0.34523319 0.50234819  0.48417291 0.45702496 0.47508945 0.39693445 0.45000532 0.44589633  0.47476172 0.42761975 0.50206904 0.41641874
0.00039479 0.36283831 0.35232302 0.39930133 0.34523319 0.50234819  0.48417291 0.45702496 0.47508945 0.39693445 0.45000532 0.44589633  0.47476172 0.42761975 0.50206904 0.41641874
0.00039479 0.36283831 0.35232302 0.39930133 0.34523319 0.50234819  0.48417291 0.45702496 0.47508945 0.39693445 0.45000532 0.44589633  0.47476172 0.42761975 0.50206904 0.41641874
0.00140664 0.36431381 0.35232474 0.39642652 0.34463577 0.50247588  0.48308211 0.45859707 0.47435751 0.39611259 0.44362313 0.46430998  0.44184368 0.4496556  0.47683731 0.47370053
0.00140664 0.36431381 0.35232474 0.39642652 0.34463577 0.50247588  0.48308211 0.45859707 0.47435751 0.39611259 0.44362313 0.46430998  0.44184368 0.4496556  0.47683731 0.47370053
0.00147812 0.36537181 0.35301821 0.39483459 0.35043798 0.50544211  0.47922187 0.46116222 0.47045106 0.39538202 0.4524057  0.48426955  0.43413853 0.44048819 0.48211864 0.49852952
0.00147812 0.36537181 0.35301821 0.39483459 0.35043798 0.50544211  0.47922187 0.46116222 0.47045106 0.39538202 0.4524057  0.48426955  0.43413853 0.44048819 0.48211864 0.49852952
0.11069357 0.49704852 0.30235669 0.48151902 0.35053092 0.54947858  0.35975825 0.44006661 0.55887321 0.46543211 0.37205314 0.55881127  0.41100183 0.4864548  0.69557126 0.6484538 
0.31196066 0.74022058 0.18445647 0.62091507 0.36424362 0.52931278  0.25360671 0.4841329  0.66415656 0.45369654 0.47271184 0.53472978  0.43121897 0.46669294 0.62865316 0.63281215
0.44009958 0.78653342 0.18795388 0.55580258 0.26274705 0.7505249  0.20851321 0.51575609 0.65552098 0.44433883 0.39577938 0.52528261  0.58014932 0.3830544  0.37800881 0.62246542
0.5641198  0.73452481 0.17084933 0.3352183  0.27470193 0.74173547  0.4148135  0.68932417 0.53095861 0.36474966 0.50520078 0.50372382  0.56153931 0.35471214 0.38575728 0.61975746
0.66255224 0.6333685  0.15702219 0.17726954 0.2897358  0.62059054  0.5471804  0.79356732 0.37445416 0.41124622 0.40384899 0.55692143  0.34017267 0.23460436 0.63969411 0.66143263
0.67800416 0.62000349 0.18016226 0.1850906  0.2656623  0.63751667  0.50241097 0.80385577 0.32389551 0.42998656 0.36154606 0.56197155  0.33424918 0.22684304 0.58367072 0.59315337
0.74351869 0.59644266 0.37340989 0.26911279 0.1879467  0.53402998  0.48092289 0.71805842 0.25926188 0.25123938 0.50048193 0.62799713  0.34108394 0.28487132 0.60620577 0.61204113
0.83655657 0.42877896 0.45171075 0.32183304 0.18747376 0.37555951  0.38606297 0.56288349 0.32150991 0.21697229 0.70643992 0.68642394  0.40004905 0.37616009 0.477526   0.55003646
0.87313745 0.36501951 0.47077689 0.32708972 0.19440383 0.32379256  0.37232681 0.4003457  0.39330392 0.21336587 0.627152   0.72747631  0.47790081 0.38920925 0.55379688 0.51048487
0.88380955 0.32642847 0.44950986 0.33833255 0.18815131 0.31160864  0.35871053 0.30872777 0.42487166 0.23519489 0.55648576 0.66631214  0.54052994 0.39601155 0.54057414 0.38921132
0.88380955 0.32642847 0.44950986 0.33833255 0.18815131 0.31160864  0.35871053 0.30872777 0.42487166 0.23519489 0.55648576 0.66631214  0.54052994 0.39601155 0.54057414 0.38921132
0.89364066 0.28272946 0.44724145 0.42133095 0.21854765 0.34186115  0.39274333 0.31617969 0.42499121 0.2416857  0.58881647 0.62833624  0.6122853  0.30016521 0.5868183  0.40394013
0.90140187 0.25262505 0.43991462 0.464776   0.24530617 0.37590703  0.38582994 0.31043308 0.38141013 0.2358412  0.58882349 0.5724555  0.62925143 0.27780089 0.64275017 0.42397963
0.90922814 0.22310321 0.4383163  0.5110852  0.26559672 0.39145596  0.38321479 0.3042285  0.34191699 0.25169451 0.62563737 0.52354447  0.62427728 0.30288934 0.61989336 0.50604554
0.91412951 0.20175326 0.43438328 0.55779769 0.29021873 0.42818778  0.40536217 0.32673008 0.32744223 0.23831963 0.6060663  0.5069654  0.6262284  0.31497407 0.66139679 0.49011833
0.91516151 0.19707615 0.43562265 0.57575353 0.2941986  0.43388776  0.4299011  0.33764018 0.35824532 0.22367758 0.59448075 0.5382003  0.61871729 0.30624426 0.6375463  0.49264886
0.91516151 0.19707615 0.43562265 0.57575353 0.2941986  0.43388776  0.4299011  0.33764018 0.35824532 0.22367758 0.59448075 0.5382003  0.61871729 0.30624426 0.6375463  0.49264886
0.91516151 0.19707615 0.43562265 0.57575353 0.2941986  0.43388776  0.4299011  0.33764018 0.35824532 0.22367758 0.59448075 0.5382003  0.61871729 0.30624426 0.6375463  0.49264886
0.91516151 0.19707615 0.43562265 0.57575353 0.2941986  0.43388776  0.4299011  0.33764018 0.35824532 0.22367758 0.59448075 0.5382003  0.61871729 0.30624426 0.6375463  0.49264886
0.91754547 0.18590573 0.43529294 0.60933048 0.30728885 0.45456867  0.46317757 0.36382105 0.38300888 0.20709306 0.57092908 0.57547819  0.60382448 0.32484151 0.61238457 0.45607366
0.91754547 0.18590573 0.43529294 0.60933048 0.30728885 0.45456867  0.46317757 0.36382105 0.38300888 0.20709306 0.57092908 0.57547819  0.60382448 0.32484151 0.61238457 0.45607366
0.92475262 0.15774134 0.43251027 0.65643712 0.33092769 0.48022005  0.46546472 0.36582645 0.34923655 0.22206434 0.58498407 0.52401705  0.59807814 0.35166847 0.60897005 0.52378197
0.91895898 0.14472917 0.39808283 0.65445308 0.32885429 0.47948431  0.47661918 0.3893512  0.35621788 0.29048234 0.58587846 0.52373132  0.62935238 0.33676744 0.61357497 0.46661924
0.91895898 0.14472917 0.39808283 0.65445308 0.32885429 0.47948431  0.47661918 0.3893512  0.35621788 0.29048234 0.58587846 0.52373132  0.62935238 0.33676744 0.61357497 0.46661924
0.91895898 0.14472917 0.39808283 0.65445308 0.32885429 0.47948431  0.47661918 0.3893512  0.35621788 0.29048234 0.58587846 0.52373132  0.62935238 0.33676744 0.61357497 0.46661924
0.91497386 0.13264099 0.37053764 0.65908621 0.30865341 0.47496696  0.48438903 0.39903496 0.36503533 0.34566386 0.59562922 0.53084249  0.6658067  0.35305646 0.58625099 0.45010873
0.9196358  0.11384066 0.3630624  0.68611926 0.33439938 0.50895275  0.47719967 0.39974483 0.31748552 0.34460899 0.578369   0.46426721  0.679958   0.36654299 0.67510023 0.43224646
0.9196358  0.11384066 0.3630624  0.68611926 0.33439938 0.50895275  0.47719967 0.39974483 0.31748552 0.34460899 0.578369   0.46426721  0.679958   0.36654299 0.67510023 0.43224646
0.9196358  0.11384066 0.3630624  0.68611926 0.33439938 0.50895275  0.47719967 0.39974483 0.31748552 0.34460899 0.578369   0.46426721  0.679958   0.36654299 0.67510023 0.43224646
0.9196358  0.11384066 0.3630624  0.68611926 0.33439938 0.50895275  0.47719967 0.39974483 0.31748552 0.34460899 0.578369   0.46426721  0.679958   0.36654299 0.67510023 0.43224646
0.9196358  0.11384066 0.3630624  0.68611926 0.33439938 0.50895275  0.47719967 0.39974483 0.31748552 0.34460899 0.578369   0.46426721  0.679958   0.36654299 0.67510023 0.43224646
0.91061628 0.11352748 0.32734784 0.66133432 0.35378792 0.53013427  0.45055072 0.41588732 0.30697385 0.35293043 0.56809103 0.45450964  0.63350488 0.39790245 0.62961163 0.44740848
0.91061628 0.11352748 0.32734784 0.66133432 0.35378792 0.53013427  0.45055072 0.41588732 0.30697385 0.35293043 0.56809103 0.45450964  0.63350488 0.39790245 0.62961163 0.44740848
0.90321757 0.10598528 0.29090634 0.64678809 0.36191181 0.54220663  0.43701164 0.44222875 0.29646421 0.41163116 0.5752966  0.46161186  0.61803814 0.43102865 0.5876435  0.42812284
0.89998599 0.11835121 0.28706059 0.61126119 0.35729283 0.54148731  0.39721455 0.43315504 0.24814533 0.40048157 0.56348055 0.42718177  0.59207104 0.48260877 0.6055609  0.38324298
0.89998599 0.11835121 0.28706059 0.61126119 0.35729283 0.54148731  0.39721455 0.43315504 0.24814533 0.40048157 0.56348055 0.42718177  0.59207104 0.48260877 0.6055609  0.38324298
0.89083831 0.11285863 0.2497863  0.59349544 0.3806464  0.55221126  0.39716918 0.4609301  0.25780888 0.42835552 0.54692876 0.41283387  0.55562178 0.43795238 0.63604637 0.3656734 
0.87512822 0.13385511 0.20983171 0.54069532 0.40505373 0.5897256  0.37401905 0.48402738 0.26198291 0.45762159 0.44475945 0.37375094  0.54057306 0.45796036 0.60589327 0.24358623
0.85220196 0.15289958 0.14677909 0.48565648 0.4558308  0.62995255  0.36065859 0.49422779 0.33207508 0.38363917 0.36534984 0.31878297  0.47427467 0.39433146 0.57089558 0.34736245
0.83987722 0.16754547 0.11912551 0.45955224 0.48566721 0.65074903  0.3664773  0.48843918 0.37939719 0.33397468 0.32014797 0.28974612  0.49047644 0.3545814  0.56527004 0.38372228
0.82966699 0.20823773 0.12105354 0.3796661  0.45228641 0.61451919  0.33581597 0.4684629  0.39412677 0.33470589 0.30688576 0.30137925  0.51034341 0.3108957  0.61328858 0.33823157
0.81036393 0.2444151  0.09149006 0.30259365 0.45205331 0.59345185  0.3400093  0.48157551 0.47782038 0.31524463 0.26862794 0.3355106  0.45277779 0.26284617 0.61266333 0.34944245
0.81036393 0.2444151  0.09149006 0.30259365 0.45205331 0.59345185  0.3400093  0.48157551 0.47782038 0.31524463 0.26862794 0.3355106  0.45277779 0.26284617 0.61266333 0.34944245
0.79001064 0.27913007 0.07228302 0.2480601  0.4515048  0.5397939  0.36263135 0.44878549 0.54285378 0.30987918 0.33050194 0.34703956  0.45675016 0.25852277 0.62718329 0.43364893
0.71762941 0.44975782 0.07326686 0.22185615 0.40215881 0.5678981  0.46197127 0.32595443 0.55668036 0.33811736 0.32580842 0.41986702  0.65173431 0.30679752 0.55087692 0.43452561
0.62772112 0.57215442 0.0502846  0.29231006 0.43456563 0.48084843  0.5652391  0.21887988 0.61119584 0.34058795 0.5631617  0.43519137  0.55500679 0.33032164 0.47137975 0.38242624
0.5155229  0.68051897 0.06348183 0.39326706 0.45727139 0.38365683  0.67952957 0.30986448 0.42249502 0.36979957 0.53508372 0.43397538  0.49449234 0.40737036 0.60197778 0.32186302
0.32523492 0.73384725 0.1267601  0.6160683  0.46485605 0.21091584  0.47907142 0.4802241  0.34913855 0.43796083 0.32800892 0.49859384  0.38418633 0.43364035 0.61754303 0.42267007
0.23275447 0.61887336 0.17997326 0.5479407  0.46508806 0.17494564  0.55644953 0.48495661 0.19544966 0.40305047 0.18090901 0.50232338  0.56323261 0.33591235 0.33639558 0.51284955
0.1426344  0.53939842 0.24331237 0.53412046 0.42237841 0.26743837  0.46023443 0.51801706 0.31352109 0.38637502 0.21568847 0.48420286  0.66878604 0.34943085 0.31434612 0.53807811
0.03570449 0.41256652 0.32481348 0.44346236 0.36297546 0.43289222  0.46698566 0.4880752  0.41982002 0.37795658 0.37170853 0.44831936  0.5704997  0.36843359 0.35263673 0.4613214 
0.00039479 0.36283831 0.35232302 0.39930133 0.34523319 0.50234819  0.48417291 0.45702496 0.47508945 0.39693445 0.45000532 0.44589633  0.47476172 0.42761975 0.50206904 0.41641874
0.00039479 0.36283831 0.35232302 0.39930133 0.34523319 0.50234819  0.48417291 0.45702496 0.47508945 0.39693445 0.45000532 0.44589633  0.47476172 0.42761975 0.50206904 0.41641874
0.00039479 0.36283831 0.35232302 0.39930133 0.34523319 0.50234819  0.48417291 0.45702496 0.47508945 0.39693445 0.45000532 0.44589633  0.47476172 0.42761975 0.50206904 0.41641874
0.00039479 0.36283831 0.35232302 0.39930133 0.34523319 0.50234819  0.48417291 0.45702496 0.47508945 0.39693445 0.45000532 0.44589633  0.47476172 0.42761975 0.50206904 0.41641874
0.00039479 0.36283831 0.35232302 0.39930133 0.34523319 0.50234819  0.48417291 0.45702496 0.47508945 0.39693445 0.45000532 0.44589633  0.47476172 0.42761975 0.50206904 0.41641874
0.00039479 0.36283831 0.35232302 0.39930133 0.34523319 0.50234819  0.48417291 0.45702496 0.47508945 0.39693445 0.45000532 0.44589633  0.47476172 0.42761975 0.50206904 0.41641874
0.00039479 0.36283831 0.35232302 0.39930133 0.34523319 0.50234819  0.48417291 0.45702496 0.47508945 0.39693445 0.45000532 0.44589633  0.47476172 0.42761975 0.50206904 0.41641874
0.00039479 0.36283831 0.35232302 0.39930133 0.34523319 0.50234819  0.48417291 0.45702496 0.47508945 0.39693445 0.45000532 0.44589633  0.47476172 0.42761975 0.50206904 0.41641874
0.00039479 0.36283831 0.35232302 0.39930133 0.34523319 0.50234819  0.48417291 0.45702496 0.47508945 0.39693445 0.45000532 0.44589633  0.47476172 0.42761975 0.50206904 0.41641874
0.00039479 0.36283831 0.35232302 0.39930133 0.34523319 0.50234819  0.48417291 0.45702496 0.47508945 0.39693445 0.45000532 0.44589633  0.47476172 0.42761975 0.50206904 0.41641874
0.00039479 0.36283831 0.35232302 0.39930133 0.34523319 0.50234819  0.48417291 0.45702496 0.47508945 0.39693445 0.45000532 0.44589633  0.47476172 0.42761975 0.50206904 0.41641874
0.00039479 0.36283831 0.35232302 0.39930133 0.34523319 0.50234819  0.48417291 0.45702496 0.47508945 0.39693445 0.45000532 0.44589633  0.47476172 0.42761975 0.50206904 0.41641874
0.00039479 0.36283831 0.35232302 0.39930133 0.34523319 0.50234819  0.48417291 0.45702496 0.47508945 0.39693445 0.45000532 0.44589633  0.47476172 0.42761975 0.50206904 0.41641874
0.00039479 0.36283831 0.35232302 0.39930133 0.34523319 0.50234819  0.48417291 0.45702496 0.47508945 0.39693445 0.45000532 0.44589633  0.47476172 0.42761975 0.50206904 0.41641874
0.00039479 0.36283831 0.35232302 0.39930133 0.34523319 0.50234819  0.48417291 0.45702496 0.47508945 0.39693445 0.45000532 0.44589633  0.47476172 0.42761975 0.50206904 0.41641874
0.00039479 0.36283831 0.35232302 0.39930133 0.34523319 0.50234819  0.48417291 0.45702496 0.47508945 0.39693445 0.45000532 0.44589633  0.47476172 0.42761975 0.50206904 0.41641874
0.00039479 0.36283831 0.35232302 0.39930133 0.34523319 0.50234819  0.48417291 0.45702496 0.47508945 0.39693445 0.45000532 0.44589633  0.47476172 0.42761975 0.50206904 0.41641874
0.00039479 0.36283831 0.35232302 0.39930133 0.34523319 0.50234819  0.48417291 0.45702496 0.47508945 0.39693445 0.45000532 0.44589633  0.47476172 0.42761975 0.50206904 0.41641874
0.01865742 0.3880557  0.34025579 0.41843982 0.3494262  0.49750935  0.46205159 0.46401308 0.50597385 0.40376969 0.46950961 0.4478266  0.44969389 0.45506031 0.57557814 0.40855754
0.07273057 0.45529793 0.30705323 0.45902219 0.36081483 0.47452372  0.43108256 0.48588461 0.53059573 0.39083358 0.48302199 0.44007086  0.51636908 0.47908752 0.57417874 0.42380371
0.2012349  0.62540876 0.2204414  0.57651105 0.39505635 0.39056505  0.3621477  0.52452596 0.57088159 0.36412045 0.55632671 0.41712243  0.48797537 0.49345197 0.56437548 0.33283121
0.25544218 0.70153946 0.18110964 0.63910439 0.41915449 0.3248672  0.31885475 0.55664986 0.57576592 0.35235141 0.54284723 0.4154644  0.51836793 0.51801595 0.58784195 0.32062014
0.40022527 0.67509061 0.14890441 0.38912034 0.39861659 0.42346085  0.57606412 0.67476477 0.57363107 0.23017133 0.80630531 0.31574574  0.69122167 0.59013233 0.58785421 0.27824077
0.47892184 0.61056818 0.1263056  0.34748399 0.41078693 0.36239541  0.50356539 0.73616858 0.63268729 0.14566532 0.89996701 0.28213444  0.70381322 0.44701772 0.33555395 0.30702294
0.52523676 0.5632161  0.10676704 0.33269233 0.43009844 0.33811351  0.42703384 0.65728956 0.75525575 0.13296158 0.93335726 0.2895457  0.63361816 0.46320733 0.32946104 0.28602425
0.57383182 0.50378064 0.10720301 0.25103964 0.43113741 0.28019893  0.45378264 0.76895408 0.69728204 0.17033771 0.89037817 0.31818712  0.47915993 0.39148058 0.43432945 0.3105879 
0.57383182 0.50378064 0.10720301 0.25103964 0.43113741 0.28019893  0.45378264 0.76895408 0.69728204 0.17033771 0.89037817 0.31818712  0.47915993 0.39148058 0.43432945 0.3105879 
0.58847715 0.51020258 0.12769772 0.28560883 0.38010026 0.34873681  0.51911493 0.83604252 0.70214868 0.23736654 0.9252783  0.39859932  0.55176121 0.42538095 0.40509712 0.46155599
0.57284982 0.54662214 0.13156926 0.29104024 0.36593367 0.37550199  0.51632661 0.84112434 0.62586677 0.27619566 0.93343594 0.36199631  0.56166678 0.37983738 0.45081268 0.46776126
0.58755252 0.52023591 0.14400673 0.28823799 0.34928173 0.36091773  0.48082589 0.88258787 0.59906726 0.29943274 0.91193986 0.36906485  0.44346764 0.31667848 0.48790751 0.44690022
0.57917744 0.54559542 0.13690542 0.25108989 0.3605103  0.38560111  0.46730938 0.87865066 0.59385271 0.24501917 0.81347689 0.33767312  0.4307147  0.30006124 0.52669686 0.36463601
0.53812577 0.64076147 0.13398659 0.26163621 0.35423097 0.45989453  0.57154031 0.83802485 0.56048606 0.27218772 0.72291176 0.36025718  0.61000422 0.42020449 0.64948422 0.41524515
0.52240699 0.66607913 0.12713436 0.28797671 0.3601271  0.47393233  0.59396071 0.76539328 0.56366192 0.25523176 0.7364438  0.35060615  0.66507796 0.44239282 0.62876207 0.40316895
0.36645945 0.78726698 0.13996071 0.61390856 0.37514738 0.45819076  0.37866323 0.4948299  0.57179506 0.37152969 0.60820858 0.40811958  0.44608262 0.39444253 0.40599207 0.35126961
0.23495862 0.69119809 0.18297643 0.66695012 0.44078358 0.23352283  0.29568078 0.59814769 0.49606716 0.35125743 0.38118787 0.44124864  0.62903047 0.47589483 0.51035549 0.41189082
0.21669598 0.6659807  0.19504366 0.64781162 0.43659056 0.23836167  0.3178021  0.59115956 0.46518276 0.3444222  0.36168358 0.43931837  0.6540983  0.44845426 0.43684638 0.41975202
0.14355226 0.56673479 0.24524662 0.57533248 0.4131022  0.29165795  0.36800161 0.56539556 0.42880218 0.35335916 0.32119943 0.44792945  0.67922585 0.40983747 0.37026808 0.46991041
0.10798014 0.51428894 0.27305466 0.52705351 0.39279918 0.3568712  0.39765809 0.53438313 0.45883808 0.36382345 0.38365638 0.44266973  0.60289434 0.43319561 0.44028807 0.42819588
0.05406896 0.44104715 0.31101425 0.4676389  0.37411529 0.40153608  0.43922586 0.51027626 0.42569512 0.37483881 0.34428096 0.470016  0.57547065 0.41276545 0.35616885 0.53720361
0.05406896 0.44104715 0.31101425 0.4676389  0.37411529 0.40153608  0.43922586 0.51027626 0.42569512 0.37483881 0.34428096 0.470016  0.57547065 0.41276545 0.35616885 0.53720361
0.01875926 0.39131894 0.33852379 0.42347787 0.35637301 0.47099204  0.45641311 0.47922602 0.48096455 0.39381668 0.42257776 0.46759296  0.47973268 0.47195161 0.50560116 0.49230095
0.00140664 0.36431381 0.35232474 0.39642652 0.34463577 0.50247588  0.48308211 0.45859707 0.47435751 0.39611259 0.44362313 0.46430998  0.44184368 0.4496556  0.47683731 0.47370053
0.00140664 0.36431381 0.35232474 0.39642652 0.34463577 0.50247588  0.48308211 0.45859707 0.47435751 0.39611259 0.44362313 0.46430998  0.44184368 0.4496556  0.47683731 0.47370053
0.00140664 0.36431381 0.35232474 0.39642652 0.34463577 0.50247588  0.48308211 0.45859707 0.47435751 0.39611259 0.44362313 0.46430998  0.44184368 0.4496556  0.47683731 0.47370053
0.00039479 0.36283831 0.35232302 0.39930133 0.34523319 0.50234819  0.48417291 0.45702496 0.47508945 0.39693445 0.45000532 0.44589633  0.47476172 0.42761975 0.50206904 0.41641874
0.00039479 0.36283831 0.35232302 0.39930133 0.34523319 0.50234819  0.48417291 0.45702496 0.47508945 0.39693445 0.45000532 0.44589633  0.47476172 0.42761975 0.50206904 0.41641874
0.00039479 0.36283831 0.35232302 0.39930133 0.34523319 0.50234819  0.48417291 0.45702496 0.47508945 0.39693445 0.45000532 0.44589633  0.47476172 0.42761975 0.50206904 0.41641874
0.00039479 0.36283831 0.35232302 0.39930133 0.34523319 0.50234819  0.48417291 0.45702496 0.47508945 0.39693445 0.45000532 0.44589633  0.47476172 0.42761975 0.50206904 0.41641874
0.00039479 0.36283831 0.35232302 0.39930133 0.34523319 0.50234819  0.48417291 0.45702496 0.47508945 0.39693445 0.45000532 0.44589633  0.47476172 0.42761975 0.50206904 0.41641874
0.00039479 0.36283831 0.35232302 0.39930133 0.34523319 0.50234819  0.48417291 0.45702496 0.47508945 0.39693445 0.45000532 0.44589633  0.47476172 0.42761975 0.50206904 0.41641874
0.00039479 0.36283831 0.35232302 0.39930133 0.34523319 0.50234819  0.48417291 0.45702496 0.47508945 0.39693445 0.45000532 0.44589633  0.47476172 0.42761975 0.50206904 0.41641874
0.00039479 0.36283831 0.35232302 0.39930133 0.34523319 0.50234819  0.48417291 0.45702496 0.47508945 0.39693445 0.45000532 0.44589633  0.47476172 0.42761975 0.50206904 0.41641874
0.00039479 0.36283831 0.35232302 0.39930133 0.34523319 0.50234819  0.48417291 0.45702496 0.47508945 0.39693445 0.45000532 0.44589633  0.47476172 0.42761975 0.50206904 0.41641874
0.0177474  0.38984345 0.33852207 0.42635267 0.35697043 0.47086435  0.45750391 0.47765391 0.48169648 0.39463854 0.42895995 0.44917931  0.51265071 0.44991576 0.53083289 0.43501917
0.07077552 0.46725394 0.29703747 0.49788165 0.38598416 0.37281916  0.41277717 0.52703002 0.43881356 0.3760343  0.33638909 0.45461714  0.63286682 0.41564937 0.42145545 0.49371229
0.31028564 0.74845111 0.15412226 0.63790832 0.40820802 0.35979356  0.36568858 0.50442255 0.52566892 0.38650875 0.52746548 0.43040088  0.39028591 0.41891202 0.49788118 0.34928639
0.47448677 0.78970493 0.08816885 0.45957232 0.39659092 0.46702966  0.69059135 0.37967756 0.38100772 0.42108331 0.59734968 0.43652086  0.33887025 0.39423119 0.49339753 0.36889416
0.52906469 0.78820068 0.09336626 0.38841304 0.34732777 0.60797626  0.70061735 0.39068725 0.41489499 0.43795197 0.56221965 0.44478585  0.48337353 0.40582652 0.48947905 0.4686588 
0.56324047 0.75110964 0.09211211 0.30418254 0.34843496 0.59677457  0.7318537  0.49777815 0.44141285 0.39386804 0.58813656 0.42747788  0.60811379 0.45263783 0.56700873 0.50068664
0.56324047 0.75110964 0.09211211 0.30418254 0.34843496 0.59677457  0.7318537  0.49777815 0.44141285 0.39386804 0.58813656 0.42747788  0.60811379 0.45263783 0.56700873 0.50068664
0.63997875 0.62234062 0.0986599  0.20848179 0.33976928 0.56332123  0.61101107 0.51760057 0.51151679 0.37428261 0.42904635 0.46838582  0.57767172 0.40104595 0.64596461 0.49285261
0.63997875 0.62234062 0.0986599  0.20848179 0.33976928 0.56332123  0.61101107 0.51760057 0.51151679 0.37428261 0.42904635 0.46838582  0.57767172 0.40104595 0.64596461 0.49285261
0.7542414  0.38895574 0.07952069 0.11783172 0.38649245 0.45098562  0.39455098 0.40149828 0.67891237 0.31366416 0.36670431 0.48518449  0.53847275 0.36151965 0.43022801 0.42267147
0.7689441  0.36256951 0.09195815 0.11502946 0.36984051 0.43640136  0.35905026 0.4429618  0.65211285 0.33690123 0.34520823 0.49225303  0.42027361 0.29836074 0.46732284 0.40181043
0.7689441  0.36256951 0.09195815 0.11502946 0.36984051 0.43640136  0.35905026 0.4429618  0.65211285 0.33690123 0.34520823 0.49225303  0.42027361 0.29836074 0.46732284 0.40181043
0.7689441  0.36256951 0.09195815 0.11502946 0.36984051 0.43640136  0.35905026 0.4429618  0.65211285 0.33690123 0.34520823 0.49225303  0.42027361 0.29836074 0.46732284 0.40181043
0.7689441  0.36256951 0.09195815 0.11502946 0.36984051 0.43640136  0.35905026 0.4429618  0.65211285 0.33690123 0.34520823 0.49225303  0.42027361 0.29836074 0.46732284 0.40181043
0.78431669 0.30260751 0.07851888 0.2030712  0.42177896 0.50010812  0.34528178 0.43716552 0.55960051 0.32557609 0.35934772 0.38237994  0.45010996 0.25376605 0.56218454 0.44898067
0.78921806 0.28125756 0.07458585 0.2497837  0.44640097 0.53683995  0.36742916 0.45966709 0.54512575 0.31220121 0.33977665 0.36580087  0.45206109 0.26585078 0.60368796 0.43305346
0.78921806 0.28125756 0.07458585 0.2497837  0.44640097 0.53683995  0.36742916 0.45966709 0.54512575 0.31220121 0.33977665 0.36580087  0.45206109 0.26585078 0.60368796 0.43305346
0.81249626 0.2383707  0.0961276  0.30391396 0.44261802 0.56931501  0.32004459 0.46375095 0.45507396 0.34679486 0.33428759 0.32193996  0.44116343 0.28317791 0.52480776 0.4468401 
0.82392507 0.19027525 0.09232941 0.41145803 0.49206241 0.63499791  0.38501148 0.51773708 0.47344899 0.32702464 0.2942096  0.34322821  0.39533142 0.3544009  0.46332957 0.43156198
0.84194375 0.15215191 0.11374712 0.48255116 0.49195183 0.6538872  0.39654234 0.53514567 0.40938015 0.36099221 0.31056569 0.33692468  0.38576985 0.39890768 0.53395387 0.3798704 
0.85586854 0.13556051 0.14615953 0.54158055 0.48048136 0.66450629  0.42920363 0.54703219 0.40009175 0.35893894 0.31146915 0.3958545  0.40782345 0.482912   0.49455869 0.29118692
0.86909014 0.08907381 0.15138667 0.63297101 0.49579344 0.67620278  0.48993528 0.58572551 0.4397537  0.38933254 0.36686348 0.45432425  0.38995499 0.5459843  0.42162252 0.3437607 
0.8717595  0.07651215 0.15209944 0.67517512 0.51148569 0.69998427  0.53985808 0.62046095 0.49045693 0.35750615 0.32567718 0.51569075  0.34641886 0.5945033  0.35366154 0.29828244
0.87253345 0.07286978 0.15159981 0.68710986 0.51830061 0.709299  0.55533419 0.63314639 0.50825422 0.3458437  0.30480965 0.53623751  0.3257952  0.61611324 0.32862135 0.26976059
0.87253345 0.07286978 0.15159981 0.68710986 0.51830061 0.709299  0.55533419 0.63314639 0.50825422 0.3458437  0.30480965 0.53623751  0.3257952  0.61611324 0.32862135 0.26976059
0.86469319 0.09579414 0.14412793 0.65750975 0.53421404 0.74039632  0.55152411 0.63743341 0.51453762 0.28308975 0.19131298 0.51626397  0.29584782 0.61911638 0.34957972 0.17082268
0.84098827 0.11543168 0.08198414 0.60463138 0.59440243 0.77664315  0.55718462 0.64607564 0.59705236 0.21305768 0.10504288 0.45296235  0.26572722 0.52463929 0.36893613 0.24243108
0.82553635 0.12879669 0.05884407 0.59681032 0.61847593 0.75971702  0.60195404 0.63578719 0.64761101 0.19431734 0.14734582 0.44791223  0.27165072 0.53240062 0.42495951 0.31071035
0.8231549  0.14002602 0.05754988 0.55701493 0.60568782 0.74004843  0.55245508 0.60498463 0.59449297 0.22540575 0.18233919 0.38183066  0.3049046  0.50177051 0.48978117 0.34804334
0.76523496 0.24184764 0.02587526 0.52274785 0.62122276 0.69068  0.61613598 0.44161867 0.65964911 0.17954159 0.28231268 0.36741337  0.45600284 0.55673831 0.53410827 0.30592809
0.71676109 0.32107166 0.00871299 0.54580127 0.63688702 0.68547486  0.67874403 0.31504995 0.61237993 0.21667349 0.36939268 0.3181794  0.58419613 0.58449168 0.64266122 0.35043439
0.59440449 0.4871723  0.02182577 0.53068755 0.58199849 0.48384988  0.61967739 0.10152495 0.55540747 0.34128497 0.29790673 0.43344538  0.44743936 0.5635631  0.76977899 0.27441113
0.39024967 0.61011629 0.08953383 0.59410746 0.52582112 0.26405317  0.52725229 0.21766386 0.35056943 0.41280351 0.22774551 0.47999996  0.39082841 0.38340716 0.58194793 0.31614641
0.28213091 0.61987513 0.14672122 0.5508513  0.48997233 0.16859679  0.56764802 0.38793197 0.19699923 0.40391256 0.1928853  0.49923794  0.4882191  0.3041084  0.37887104 0.43186661
0.16068196 0.52871204 0.23218498 0.48569221 0.43232946 0.26177163  0.56302124 0.47453572 0.25077331 0.40119925 0.23017329 0.49222221  0.60777277 0.33723209 0.31856422 0.52615065
0.05306277 0.40930401 0.31102756 0.41763914 0.37666176 0.40426113  0.54756198 0.44277854 0.32496259 0.41131519 0.2958028  0.48030821  0.52794871 0.3284536  0.33871483 0.50730334
0.01779563 0.38669558 0.33863985 0.42004769 0.35385851 0.46460162  0.48109267 0.47190843 0.43452283 0.38595027 0.3992976  0.44733029  0.52908455 0.38078184 0.39373238 0.44873962
0.00039479 0.36283831 0.35232302 0.39930133 0.34523319 0.50234819  0.48417291 0.45702496 0.47508945 0.39693445 0.45000532 0.44589633  0.47476172 0.42761975 0.50206904 0.41641874
0.00039479 0.36283831 0.35232302 0.39930133 0.34523319 0.50234819  0.48417291 0.45702496 0.47508945 0.39693445 0.45000532 0.44589633  0.47476172 0.42761975 0.50206904 0.41641874
0.00039479 0.36283831 0.35232302 0.39930133 0.34523319 0.50234819  0.48417291 0.45702496 0.47508945 0.39693445 0.45000532 0.44589633  0.47476172 0.42761975 0.50206904 0.41641874
0.00039479 0.36283831 0.35232302 0.39930133 0.34523319 0.50234819  0.48417291 0.45702496 0.47508945 0.39693445 0.45000532 0.44589633  0.47476172 0.42761975 0.50206904 0.41641874
0.00039479 0.36283831 0.35232302 0.39930133 0.34523319 0.50234819  0.48417291 0.45702496 0.47508945 0.39693445 0.45000532 0.44589633  0.47476172 0.42761975 0.50206904 0.41641874
0.00039479 0.36283831 0.35232302 0.39930133 0.34523319 0.50234819  0.48417291 0.45702496 0.47508945 0.39693445 0.45000532 0.44589633  0.47476172 0.42761975 0.50206904 0.41641874
0.00039479 0.36283831 0.35232302 0.39930133 0.34523319 0.50234819  0.48417291 0.45702496 0.47508945 0.39693445 0.45000532 0.44589633  0.47476172 0.42761975 0.50206904 0.41641874
0.00039479 0.36283831 0.35232302 0.39930133 0.34523319 0.50234819  0.48417291 0.45702496 0.47508945 0.39693445 0.45000532 0.44589633  0.47476172 0.42761975 0.50206904 0.41641874
0.00039479 0.36283831 0.35232302 0.39930133 0.34523319 0.50234819  0.48417291 0.45702496 0.47508945 0.39693445 0.45000532 0.44589633  0.47476172 0.42761975 0.50206904 0.41641874
0.00039479 0.36283831 0.35232302 0.39930133 0.34523319 0.50234819  0.48417291 0.45702496 0.47508945 0.39693445 0.45000532 0.44589633  0.47476172 0.42761975 0.50206904 0.41641874
0.00039479 0.36283831 0.35232302 0.39930133 0.34523319 0.50234819  0.48417291 0.45702496 0.47508945 0.39693445 0.45000532 0.44589633  0.47476172 0.42761975 0.50206904 0.41641874
0.00039479 0.36283831 0.35232302 0.39930133 0.34523319 0.50234819  0.48417291 0.45702496 0.47508945 0.39693445 0.45000532 0.44589633  0.47476172 0.42761975 0.50206904 0.41641874
0.00039479 0.36283831 0.35232302 0.39930133 0.34523319 0.50234819  0.48417291 0.45702496 0.47508945 0.39693445 0.45000532 0.44589633  0.47476172 0.42761975 0.50206904 0.41641874
0.00039479 0.36283831 0.35232302 0.39930133 0.34523319 0.50234819  0.48417291 0.45702496 0.47508945 0.39693445 0.45000532 0.44589633  0.47476172 0.42761975 0.50206904 0.41641874
0.00039479 0.36283831 0.35232302 0.39930133 0.34523319 0.50234819  0.48417291 0.45702496 0.47508945 0.39693445 0.45000532 0.44589633  0.47476172 0.42761975 0.50206904 0.41641874
0.00039479 0.36283831 0.35232302 0.39930133 0.34523319 0.50234819  0.48417291 0.45702496 0.47508945 0.39693445 0.45000532 0.44589633  0.47476172 0.42761975 0.50206904 0.41641874
0.00039479 0.36283831 0.35232302 0.39930133 0.34523319 0.50234819  0.48417291 0.45702496 0.47508945 0.39693445 0.45000532 0.44589633  0.47476172 0.42761975 0.50206904 0.41641874
0.00039479 0.36283831 0.35232302 0.39930133 0.34523319 0.50234819  0.48417291 0.45702496 0.47508945 0.39693445 0.45000532 0.44589633  0.47476172 0.42761975 0.50206904 0.41641874
0.00039479 0.36283831 0.35232302 0.39930133 0.34523319 0.50234819  0.48417291 0.45702496 0.47508945 0.39693445 0.45000532 0.44589633  0.47476172 0.42761975 0.50206904 0.41641874
0.00039479 0.36283831 0.35232302 0.39930133 0.34523319 0.50234819  0.48417291 0.45702496 0.47508945 0.39693445 0.45000532 0.44589633  0.47476172 0.42761975 0.50206904 0.41641874
0.00039479 0.36283831 0.35232302 0.39930133 0.34523319 0.50234819  0.48417291 0.45702496 0.47508945 0.39693445 0.45000532 0.44589633  0.47476172 0.42761975 0.50206904 0.41641874
0.00039479 0.36283831 0.35232302 0.39930133 0.34523319 0.50234819  0.48417291 0.45702496 0.47508945 0.39693445 0.45000532 0.44589633  0.47476172 0.42761975 0.50206904 0.41641874
0.00039479 0.36283831 0.35232302 0.39930133 0.34523319 0.50234819  0.48417291 0.45702496 0.47508945 0.39693445 0.45000532 0.44589633  0.47476172 0.42761975 0.50206904 0.41641874
0.00039479 0.36283831 0.35232302 0.39930133 0.34523319 0.50234819  0.48417291 0.45702496 0.47508945 0.39693445 0.45000532 0.44589633  0.47476172 0.42761975 0.50206904 0.41641874
0.00039479 0.36283831 0.35232302 0.39930133 0.34523319 0.50234819  0.48417291 0.45702496 0.47508945 0.39693445 0.45000532 0.44589633  0.47476172 0.42761975 0.50206904 0.41641874
