0.00039479 0.36283831 0.35232302 0.39930133 0.34523319 0.50234819  0.48417291 0.45702496 0.47508945 0.39693445 0.45000532 0.44589633  0.47476172 0.42761975 0.50206904 0.41641874
0.00039479 0.36283831 0.35232302 0.39930133 0.34523319 0.50234819  0.48417291 0.45702496 0.47508945 0.39693445 0.45000532 0.44589633  0.47476172 0.42761975 0.50206904 0.41641874
0.00039479 0.36283831 0.35232302 0.39930133 0.34523319 0.50234819  0.48417291 0.45702496 0.47508945 0.39693445 0.45000532 0.44589633  0.47476172 0.42761975 0.50206904 0.41641874
0.00039479 0.36283831 0.35232302 0.39930133 0.34523319 0.50234819  0.48417291 0.45702496 0.47508945 0.39693445 0.45000532 0.44589633  0.47476172 0.42761975 0.50206904 0.41641874
0.00039479 0.36283831 0.35232302 0.39930133 0.34523319 0.50234819  0.48417291 0.45702496 0.47508945 0.39693445 0.45000532 0.44589633  0.47476172 0.42761975 0.50206904 0.41641874
0.00039479 0.36283831 0.35232302 0.39930133 0.34523319 0.50234819  0.48417291 0.45702496 0.47508945 0.39693445 0.45000532 0.44589633  0.47476172 0.42761975 0.50206904 0.41641874
0.00039479 0.36283831 0.35232302 0.39930133 0.34523319 0.50234819  0.48417291 0.45702496 0.47508945 0.39693445 0.45000532 0.44589633  0.47476172 0.42761975 0.50206904 0.41641874
0.00039479 0.36283831 0.35232302 0.39930133 0.34523319 0.50234819  0.48417291 0.45702496 0.47508945 0.39693445 0.45000532 0.44589633  0.47476172 0.42761975 0.50206904 0.41641874
0.00039479 0.36283831 0.35232302 0.39930133 0.34523319 0.50234819  0.48417291 0.45702496 0.47508945 0.39693445 0.45000532 0.44589633  0.47476172 0.42761975 0.50206904 0.41641874
0.00039479 0.36283831 0.35232302 0.39930133 0.34523319 0.50234819  0.48417291 0.45702496 0.47508945 0.39693445 0.45000532 0.44589633  0.47476172 0.42761975 0.50206904 0.41641874
0.00039479 0.36283831 0.35232302 0.39930133 0.34523319 0.50234819  0.48417291 0.45702496 0.47508945 0.39693445 0.45000532 0.44589633  0.47476172 0.42761975 0.50206904 0.41641874
0.00039479 0.36283831 0.35232302 0.39930133 0.34523319 0.50234819  0.48417291 0.45702496 0.47508945 0.39693445 0.45000532 0.44589633  0.47476172 0.42761975 0.50206904 0.41641874
0.00039479 0.36283831 0.35232302 0.39930133 0.34523319 0.50234819  0.48417291 0.45702496 0.47508945 0.39693445 0.45000532 0.44589633  0.47476172 0.42761975 0.50206904 0.41641874
0.00039479 0.36283831 0.35232302 0.39930133 0.34523319 0.50234819  0.48417291 0.45702496 0.47508945 0.39693445 0.45000532 0.44589633  0.47476172 0.42761975 0.50206904 0.41641874
0.00039479 0.36283831 0.35232302 0.39930133 0.34523319 0.50234819  0.48417291 0.45702496 0.47508945 0.39693445 0.45000532 0.44589633  0.47476172 0.42761975 0.50206904 0.41641874
0.00039479 0.36283831 0.35232302 0.39930133 0.34523319 0.50234819  0.48417291 0.45702496 0.47508945 0.39693445 0.45000532 0.44589633  0.47476172 0.42761975 0.50206904 0.41641874
0.00039479 0.36283831 0.35232302 0.39930133 0.34523319 0.50234819  0.48417291 0.45702496 0.47508945 0.39693445 0.45000532 0.44589633  0.47476172 0.42761975 0.50206904 0.41641874
0.00039479 0.36283831 0.35232302 0.39930133 0.34523319 0.50234819  0.48417291 0.45702496 0.47508945 0.39693445 0.45000532 0.44589633  0.47476172 0.42761975 0.50206904 0.41641874
0.00039479 0.36283831 0.35232302 0.39930133 0.34523319 0.50234819  0.48417291 0.45702496 0.47508945 0.39693445 0.45000532 0.44589633  0.47476172 0.42761975 0.50206904 0.41641874
0.00039479 0.36283831 0.35232302 0.39930133 0.34523319 0.50234819  0.48417291 0.45702496 0.47508945 0.39693445 0.45000532 0.44589633  0.47476172 0.42761975 0.50206904 0.41641874
0.00039479 0.36283831 0.35232302 0.39930133 0.34523319 0.50234819  0.48417291 0.45702496 0.47508945 0.39693445 0.45000532 0.44589633  0.47476172 0.42761975 0.50206904 0.41641874
0.00039479 0.36283831 0.35232302 0.39930133 0.34523319 0.50234819  0.48417291 0.45702496 0.47508945 0.39693445 0.45000532 0.44589633  0.47476172 0.42761975 0.50206904 0.41641874
0.00039479 0.36283831 0.35232302 0.39930133 0.34523319 0.50234819  0.48417291 0.45702496 0.47508945 0.39693445 0.45000532 0.44589633  0.47476172 0.42761975 0.50206904 0.41641874
0.00039479 0.36283831 0.35232302 0.39930133 0.34523319 0.50234819  0.48417291 0.45702496 0.47508945 0.39693445 0.45000532 0.44589633  0.47476172 0.42761975 0.50206904 0.41641874
0.00039479 0.36283831 0.35232302 0.39930133 0.34523319 0.50234819  0.48417291 0.45702496 0.47508945 0.39693445 0.45000532 0.44589633  0.47476172 0.42761975 0.50206904 0.41641874
0.00039479 0.36283831 0.35232302 0.39930133 0.34523319 0.50234819  0.48417291 0.45702496 0.47508945 0.39693445 0.45000532 0.44589633  0.47476172 0.42761975 0.50206904 0.41641874
0.00039479 0.36283831 0.35232302 0.39930133 0.34523319 0.50234819  0.48417291 0.45702496 0.47508945 0.39693445 0.45000532 0.44589633  0.47476172 0.42761975 0.50206904 0.41641874
0.00039479 0.36283831 0.35232302 0.39930133 0.34523319 0.50234819  0.48417291 0.45702496 0.47508945 0.39693445 0.45000532 0.44589633  0.47476172 0.42761975 0.50206904 0.41641874
0.00039479 0.36283831 0.35232302 0.39930133 0.34523319 0.50234819  0.48417291 0.45702496 0.47508945 0.39693445 0.45000532 0.44589633  0.47476172 0.42761975 0.50206904 0.41641874
0.00039479 0.36283831 0.35232302 0.39930133 0.34523319 0.50234819  0.48417291 0.45702496 0.47508945 0.39693445 0.45000532 0.44589633  0.47476172 0.42761975 0.50206904 0.41641874
0.00039479 0.36283831 0.35232302 0.39930133 0.34523319 0.50234819  0.48417291 0.45702496 0.47508945 0.39693445 0.45000532 0.44589633  0.47476172 0.42761975 0.50206904 0.41641874
0.00039479 0.36283831 0.35232302 0.39930133 0.34523319 0.50234819  0.48417291 0.45702496 0.47508945 0.39693445 0.45000532 0.44589633  0.47476172 0.42761975 0.50206904 0.41641874
0.00039479 0.36283831 0.35232302 0.39930133 0.34523319 0.50234819  0.48417291 0.45702496 0.47508945 0.39693445 0.45000532 0.44589633  0.47476172 0.42761975 0.50206904 0.41641874
0.00039479 0.36283831 0.35232302 0.39930133 0.34523319 0.50234819  0.48417291 0.45702496 0.47508945 0.39693445 0.45000532 0.44589633  0.47476172 0.42761975 0.50206904 0.41641874
0.00039479 0.36283831 0.35232302 0.39930133 0.34523319 0.50234819  0.48417291 0.45702496 0.47508945 0.39693445 0.45000532 0.44589633  0.47476172 0.42761975 0.50206904 0.41641874
0.00039479 0.36283831 0.35232302 0.39930133 0.34523319 0.50234819  0.48417291 0.45702496 0.47508945 0.39693445 0.45000532 0.44589633  0.47476172 0.42761975 0.50206904 0.41641874
0.00039479 0.36283831 0.35232302 0.39930133 0.34523319 0.50234819  0.48417291 0.45702496 0.47508945 0.39693445 0.45000532 0.44589633  0.47476172 0.42761975 0.50206904 0.41641874
0.00039479 0.36283831 0.35232302 0.39930133 0.34523319 0.50234819  0.48417291 0.45702496 0.47508945 0.39693445 0.45000532 0.44589633  0.47476172 0.42761975 0.50206904 0.41641874
0.00039479 0.36283831 0.35232302 0.39930133 0.34523319 0.50234819  0.48417291 0.45702496 0.47508945 0.39693445 0.45000532 0.44589633  0.47476172 0.42761975 0.50206904 0.41641874
0.00039479 0.36283831 0.35232302 0.39930133 0.34523319 0.50234819  0.48417291 0.45702496 0.47508945 0.39693445 0.45000532 0.44589633  0.47476172 0.42761975 0.50206904 0.41641874
0.00039479 0.36283831 0.35232302 0.39930133 0.34523319 0.50234819  0.48417291 0.45702496 0.47508945 0.39693445 0.45000532 0.44589633  0.47476172 0.42761975 0.50206904 0.41641874
0.00039479 0.36283831 0.35232302 0.39930133 0.34523319 0.50234819  0.48417291 0.45702496 0.47508945 0.39693445 0.45000532 0.44589633  0.47476172 0.42761975 0.50206904 0.41641874
0.00039479 0.36283831 0.35232302 0.39930133 0.34523319 0.50234819  0.48417291 0.45702496 0.47508945 0.39693445 0.45000532 0.44589633  0.47476172 0.42761975 0.50206904 0.41641874
0.00039479 0.36283831 0.35232302 0.39930133 0.34523319 0.50234819  0.48417291 0.45702496 0.47508945 0.39693445 0.45000532 0.44589633  0.47476172 0.42761975 0.50206904 0.41641874
0.00039479 0.36283831 0.35232302 0.39930133 0.34523319 0.50234819  0.48417291 0.45702496 0.47508945 0.39693445 0.45000532 0.44589633  0.47476172 0.42761975 0.50206904 0.41641874
0.00039479 0.36283831 0.35232302 0.39930133 0.34523319 0.50234819  0.48417291 0.45702496 0.47508945 0.39693445 0.45000532 0.44589633  0.47476172 0.42761975 0.50206904 0.41641874
0.00039479 0.36283831 0.35232302 0.39930133 0.34523319 0.50234819  0.48417291 0.45702496 0.47508945 0.39693445 0.45000532 0.44589633  0.47476172 0.42761975 0.50206904 0.41641874
0.00039479 0.36283831 0.35232302 0.39930133 0.34523319 0.50234819  0.48417291 0.45702496 0.47508945 0.39693445 0.45000532 0.44589633  0.47476172 0.42761975 0.50206904 0.41641874
0.00039479 0.36283831 0.35232302 0.39930133 0.34523319 0.50234819  0.48417291 0.45702496 0.47508945 0.39693445 0.45000532 0.44589633  0.47476172 0.42761975 0.50206904 0.41641874
0.00039479 0.36283831 0.35232302 0.39930133 0.34523319 0.50234819  0.48417291 0.45702496 0.47508945 0.39693445 0.45000532 0.44589633  0.47476172 0.42761975 0.50206904 0.41641874
0.00039479 0.36283831 0.35232302 0.39930133 0.34523319 0.50234819  0.48417291 0.45702496 0.47508945 0.39693445 0.45000532 0.44589633  0.47476172 0.42761975 0.50206904 0.41641874
0.00039479 0.36283831 0.35232302 0.39930133 0.34523319 0.50234819  0.48417291 0.45702496 0.47508945 0.39693445 0.45000532 0.44589633  0.47476172 0.42761975 0.50206904 0.41641874
0.00039479 0.36283831 0.35232302 0.39930133 0.34523319 0.50234819  0.48417291 0.45702496 0.47508945 0.39693445 0.45000532 0.44589633  0.47476172 0.42761975 0.50206904 0.41641874
0.00039479 0.36283831 0.35232302 0.39930133 0.34523319 0.50234819  0.48417291 0.45702496 0.47508945 0.39693445 0.45000532 0.44589633  0.47476172 0.42761975 0.50206904 0.41641874
0.00039479 0.36283831 0.35232302 0.39930133 0.34523319 0.50234819  0.48417291 0.45702496 0.47508945 0.39693445 0.45000532 0.44589633  0.47476172 0.42761975 0.50206904 0.41641874
0.00039479 0.36283831 0.35232302 0.39930133 0.34523319 0.50234819  0.48417291 0.45702496 0.47508945 0.39693445 0.45000532 0.44589633  0.47476172 0.42761975 0.50206904 0.41641874
0.00039479 0.36283831 0.35232302 0.39930133 0.34523319 0.50234819  0.48417291 0.45702496 0.47508945 0.39693445 0.45000532 0.44589633  0.47476172 0.42761975 0.50206904 0.41641874
0.00039479 0.36283831 0.35232302 0.39930133 0.34523319 0.50234819  0.48417291 0.45702496 0.47508945 0.39693445 0.45000532 0.44589633  0.47476172 0.42761975 0.50206904 0.41641874
0.00039479 0.36283831 0.35232302 0.39930133 0.34523319 0.50234819  0.48417291 0.45702496 0.47508945 0.39693445 0.45000532 0.44589633  0.47476172 0.42761975 0.50206904 0.41641874
0.00039479 0.36283831 0.35232302 0.39930133 0.34523319 0.50234819  0.48417291 0.45702496 0.47508945 0.39693445 0.45000532 0.44589633  0.47476172 0.42761975 0.50206904 0.41641874
0.00039479 0.36283831 0.35232302 0.39930133 0.34523319 0.50234819  0.48417291 0.45702496 0.47508945 0.39693445 0.45000532 0.44589633  0.47476172 0.42761975 0.50206904 0.41641874
0.00039479 0.36283831 0.35232302 0.39930133 0.34523319 0.50234819  0.48417291 0.45702496 0.47508945 0.39693445 0.45000532 0.44589633  0.47476172 0.42761975 0.50206904 0.41641874
0.01884624 0.38625902 0.34091313 0.41425774 0.3473124  0.5012084  0.46744399 0.4638476  0.50732648 0.39346279 0.48673224 0.43866799  0.46030251 0.45877735 0.55261235 0.38389831
0.07223434 0.46393439 0.30102479 0.48359314 0.37526094 0.42490982  0.40920095 0.50905565 0.51951112 0.38184046 0.45502475 0.44085269  0.53172041 0.50182734 0.59914393 0.39431947
0.16234858 0.5943664  0.23421881 0.59717298 0.41644795 0.31112678  0.31719402 0.57357476 0.54175708 0.37199591 0.41307992 0.44658173  0.6010175  0.54104826 0.65563301 0.41258474
0.18041161 0.61979606 0.22055818 0.61832466 0.42517375 0.28108647  0.31018161 0.58466921 0.51689214 0.36496505 0.38338227 0.44797449  0.6324263  0.51193994 0.58921856 0.42835366
0.21623457 0.66850952 0.19464458 0.65673355 0.43804207 0.23751713  0.28996202 0.60532266 0.50420728 0.35359983 0.36349489 0.44466976  0.66187085 0.49348998 0.53524902 0.43385105
0.21765037 0.66595998 0.19816541 0.64241888 0.42794061 0.28913728  0.29237876 0.58182701 0.56979419 0.36327713 0.46865766 0.4331568  0.55753766 0.54737717 0.65871085 0.36308448
0.23617798 0.68613186 0.19082214 0.65235735 0.4186695  0.32303531  0.27165375 0.56612594 0.60745961 0.39651183 0.47425097 0.44954301  0.49290705 0.55106976 0.74631359 0.37855581
0.23617798 0.68613186 0.19082214 0.65235735 0.4186695  0.32303531  0.27165375 0.56612594 0.60745961 0.39651183 0.47425097 0.44954301  0.49290705 0.55106976 0.74631359 0.37855581
0.23617798 0.68613186 0.19082214 0.65235735 0.4186695  0.32303531  0.27165375 0.56612594 0.60745961 0.39651183 0.47425097 0.44954301  0.49290705 0.55106976 0.74631359 0.37855581
0.23617798 0.68613186 0.19082214 0.65235735 0.4186695  0.32303531  0.27165375 0.56612594 0.60745961 0.39651183 0.47425097 0.44954301  0.49290705 0.55106976 0.74631359 0.37855581
0.23617798 0.68613186 0.19082214 0.65235735 0.4186695  0.32303531  0.27165375 0.56612594 0.60745961 0.39651183 0.47425097 0.44954301  0.49290705 0.55106976 0.74631359 0.37855581
0.21811495 0.6607022  0.20448277 0.63120568 0.40994371 0.35307561  0.27866616 0.55503149 0.63232455 0.40354269 0.50394862 0.44815026  0.46149826 0.58017808 0.81272804 0.36278689
0.12605699 0.5451714  0.26011859 0.55853636 0.40229871 0.3564249  0.33781782 0.55207365 0.55478528 0.38725916 0.42939227 0.44992349  0.561189   0.54613979 0.69477306 0.42533206
0.03616574 0.41672153 0.32465501 0.45001873 0.36522338 0.44599649  0.44011322 0.49084438 0.4818471  0.39069097 0.41896264 0.44926577  0.53084784 0.44793834 0.52044592 0.43399523
0.00039479 0.36283831 0.35232302 0.39930133 0.34523319 0.50234819  0.48417291 0.45702496 0.47508945 0.39693445 0.45000532 0.44589633  0.47476172 0.42761975 0.50206904 0.41641874
0.00039479 0.36283831 0.35232302 0.39930133 0.34523319 0.50234819  0.48417291 0.45702496 0.47508945 0.39693445 0.45000532 0.44589633  0.47476172 0.42761975 0.50206904 0.41641874
0.00248318 0.37854577 0.38593505 0.36568546 0.4801466  0.54435889  0.43848684 0.46804201 0.42601229 0.40116481 0.54731051 0.58892369  0.49147041 0.37933902 0.52124601 0.47277129
0.01009724 0.41793159 0.4656433  0.31194833 0.66956471 0.59895642  0.37555912 0.46236839 0.37583805 0.39350282 0.60024696 0.66658482  0.46076361 0.40662812 0.47553137 0.49848228
0.01829622 0.4437448  0.52993727 0.28109215 0.78578964 0.62191678  0.33981174 0.44544796 0.34745171 0.3601336  0.65073104 0.74348961  0.46331625 0.39787149 0.47396903 0.55966456
0.01817423 0.44416196 0.53124312 0.27890851 0.79655638 0.62609568  0.33530595 0.44597111 0.3415543  0.36008444 0.66406867 0.76515277  0.46259873 0.38939454 0.47675654 0.57468755
0.01817423 0.44416196 0.53124312 0.27890851 0.79655638 0.62609568  0.33530595 0.44597111 0.3415543  0.36008444 0.66406867 0.76515277  0.46259873 0.38939454 0.47675654 0.57468755
0.01829622 0.4437448  0.52993727 0.28109215 0.78578964 0.62191678  0.33981174 0.44544796 0.34745171 0.3601336  0.65073104 0.74348961  0.46331625 0.39787149 0.47396903 0.55966456
0.0219683  0.45439048 0.54785176 0.28786814 0.73398285 0.60221779  0.36077767 0.43863511 0.38603594 0.36177551 0.55732308 0.59214216  0.42929456 0.460828   0.44407113 0.48444962
0.02120351 0.44901684 0.53598302 0.30121436 0.68162159 0.58826689  0.37563855 0.43599538 0.40103178 0.35238215 0.52480451 0.54366228  0.41107734 0.47924076 0.43951513 0.47509476
0.00736942 0.39613007 0.41830731 0.36172594 0.46823368 0.53732994  0.44211872 0.44776048 0.44728519 0.37972708 0.45332102 0.44801959  0.42647218 0.48429767 0.44861485 0.41449757
0.00736942 0.39613007 0.41830731 0.36172594 0.46823368 0.53732994  0.44211872 0.44776048 0.44728519 0.37972708 0.45332102 0.44801959  0.42647218 0.48429767 0.44861485 0.41449757
0.00039479 0.36283831 0.35232302 0.39930133 0.34523319 0.50234819  0.48417291 0.45702496 0.47508945 0.39693445 0.45000532 0.44589633  0.47476172 0.42761975 0.50206904 0.41641874
0.00039479 0.36283831 0.35232302 0.39930133 0.34523319 0.50234819  0.48417291 0.45702496 0.47508945 0.39693445 0.45000532 0.44589633  0.47476172 0.42761975 0.50206904 0.41641874
0.00039479 0.36283831 0.35232302 0.39930133 0.34523319 0.50234819  0.48417291 0.45702496 0.47508945 0.39693445 0.45000532 0.44589633  0.47476172 0.42761975 0.50206904 0.41641874
0.00039479 0.36283831 0.35232302 0.39930133 0.34523319 0.50234819  0.48417291 0.45702496 0.47508945 0.39693445 0.45000532 0.44589633  0.47476172 0.42761975 0.50206904 0.41641874
0.00039479 0.36283831 0.35232302 0.39930133 0.34523319 0.50234819  0.48417291 0.45702496 0.47508945 0.39693445 0.45000532 0.44589633  0.47476172 0.42761975 0.50206904 0.41641874
0.00039479 0.36283831 0.35232302 0.39930133 0.34523319 0.50234819  0.48417291 0.45702496 0.47508945 0.39693445 0.45000532 0.44589633  0.47476172 0.42761975 0.50206904 0.41641874
0.00039479 0.36283831 0.35232302 0.39930133 0.34523319 0.50234819  0.48417291 0.45702496 0.47508945 0.39693445 0.45000532 0.44589633  0.47476172 0.42761975 0.50206904 0.41641874
0.00039479 0.36283831 0.35232302 0.39930133 0.34523319 0.50234819  0.48417291 0.45702496 0.47508945 0.39693445 0.45000532 0.44589633  0.47476172 0.42761975 0.50206904 0.41641874
0.00039479 0.36283831 0.35232302 0.39930133 0.34523319 0.50234819  0.48417291 0.45702496 0.47508945 0.39693445 0.45000532 0.44589633  0.47476172 0.42761975 0.50206904 0.41641874
0.00039479 0.36283831 0.35232302 0.39930133 0.34523319 0.50234819  0.48417291 0.45702496 0.47508945 0.39693445 0.45000532 0.44589633  0.47476172 0.42761975 0.50206904 0.41641874
0.00039479 0.36283831 0.35232302 0.39930133 0.34523319 0.50234819  0.48417291 0.45702496 0.47508945 0.39693445 0.45000532 0.44589633  0.47476172 0.42761975 0.50206904 0.41641874
0.00039479 0.36283831 0.35232302 0.39930133 0.34523319 0.50234819  0.48417291 0.45702496 0.47508945 0.39693445 0.45000532 0.44589633  0.47476172 0.42761975 0.50206904 0.41641874
0.00039479 0.36283831 0.35232302 0.39930133 0.34523319 0.50234819  0.48417291 0.45702496 0.47508945 0.39693445 0.45000532 0.44589633  0.47476172 0.42761975 0.50206904 0.41641874
0.00039479 0.36283831 0.35232302 0.39930133 0.34523319 0.50234819  0.48417291 0.45702496 0.47508945 0.39693445 0.45000532 0.44589633  0.47476172 0.42761975 0.50206904 0.41641874
0.00039479 0.36283831 0.35232302 0.39930133 0.34523319 0.50234819  0.48417291 0.45702496 0.47508945 0.39693445 0.45000532 0.44589633  0.47476172 0.42761975 0.50206904 0.41641874
0.00039479 0.36283831 0.35232302 0.39930133 0.34523319 0.50234819  0.48417291 0.45702496 0.47508945 0.39693445 0.45000532 0.44589633  0.47476172 0.42761975 0.50206904 0.41641874
0.00039479 0.36283831 0.35232302 0.39930133 0.34523319 0.50234819  0.48417291 0.45702496 0.47508945 0.39693445 0.45000532 0.44589633  0.47476172 0.42761975 0.50206904 0.41641874
0.00039479 0.36283831 0.35232302 0.39930133 0.34523319 0.50234819  0.48417291 0.45702496 0.47508945 0.39693445 0.45000532 0.44589633  0.47476172 0.42761975 0.50206904 0.41641874
0.00039479 0.36283831 0.35232302 0.39930133 0.34523319 0.50234819  0.48417291 0.45702496 0.47508945 0.39693445 0.45000532 0.44589633  0.47476172 0.42761975 0.50206904 0.41641874
0.00039479 0.36283831 0.35232302 0.39930133 0.34523319 0.50234819  0.48417291 0.45702496 0.47508945 0.39693445 0.45000532 0.44589633  0.47476172 0.42761975 0.50206904 0.41641874
0.00039479 0.36283831 0.35232302 0.39930133 0.34523319 0.50234819  0.48417291 0.45702496 0.47508945 0.39693445 0.45000532 0.44589633  0.47476172 0.42761975 0.50206904 0.41641874
0.01790387 0.3898545  0.33817562 0.42642862 0.35681041 0.46717525  0.46152885 0.47694295 0.46991849 0.39350101 0.41724602 0.4497633  0.51968443 0.43336993 0.49846349 0.44236435
0.27293164 0.72473151 0.17115568 0.66014163 0.41501412 0.33334962  0.29169953 0.55407903 0.58472308 0.38569229 0.49808705 0.4367967  0.48707147 0.47267226 0.58247021 0.38929109
0.41964122 0.79813493 0.12590438 0.57905075 0.35712152 0.52832978  0.43887331 0.38874934 0.47552759 0.50067998 0.40251112 0.49957618  0.32905606 0.34893413 0.50762546 0.48289919
0.54644978 0.77232352 0.09582484 0.34712351 0.34185412 0.61325183  0.71214736 0.45680348 0.41778916 0.41562658 0.56980044 0.43204295  0.55008453 0.4215556  0.49818758 0.48664996
0.62863037 0.67567296 0.1216489  0.2198997  0.29787827 0.64101889  0.62745958 0.57898695 0.43644855 0.41370235 0.36967134 0.47593815  0.6608313  0.48010807 0.52825392 0.52738199
0.71942615 0.56252297 0.24325533 0.22565495 0.1900356  0.52497022  0.52772154 0.70893753 0.40178148 0.47595407 0.43495491 0.52094407  0.48550802 0.49628559 0.48585903 0.44709421
0.85812976 0.59499615 0.73639441 0.17956957 0.46299547 0.35947853  0.55031531 0.58062379 0.57139342 0.62522655 0.29960494 0.36003225  0.44694214 0.6401095  0.51519217 0.34995344
0.87413263 0.60999077 0.82375697 0.18877273 0.56201245 0.34861024  0.58359055 0.55729818 0.62886435 0.60296881 0.32416095 0.3972029  0.47867241 0.53244719 0.54970186 0.42320273
0.89558369 0.54928685 0.82357779 0.22324254 0.56930635 0.2984458  0.56193801 0.51457138 0.67239618 0.6353542  0.44534987 0.41473221  0.4860393  0.51195056 0.43679842 0.47019524
0.89394256 0.54066485 0.80501917 0.24131284 0.50706953 0.2859435  0.57363274 0.51248173 0.67808497 0.60980946 0.43112777 0.3985946  0.46652185 0.50852664 0.44839949 0.48758536
0.90488103 0.49716023 0.78200781 0.25935713 0.47507343 0.24761312  0.55198951 0.49283335 0.72431641 0.59221423 0.46518284 0.33187498  0.45422505 0.46058155 0.34331479 0.43982755
0.91541778 0.44973006 0.74357875 0.28919853 0.38484574 0.21180558  0.54311831 0.41127107 0.77111101 0.54981033 0.39913621 0.27229476  0.43083976 0.4435537  0.31928536 0.41583776
0.90381344 0.41425294 0.66038117 0.32172694 0.28233144 0.20798594  0.55341193 0.42753209 0.74700241 0.53740507 0.42770348 0.33595916  0.44293754 0.40788827 0.37161485 0.4116698 
0.89847994 0.38958318 0.61295549 0.34123203 0.22156777 0.18550648  0.58377138 0.43888622 0.76911788 0.58015718 0.43860989 0.3499735  0.51074453 0.35463427 0.41346796 0.39620084
0.89622874 0.38143883 0.59530111 0.35609804 0.18198148 0.18765053  0.57712518 0.43349222 0.74691997 0.52913532 0.45653355 0.38765307  0.48387391 0.33853557 0.44100958 0.42959781
0.8799846  0.34848364 0.49959994 0.3541124  0.16304732 0.20707832  0.55813261 0.46614866 0.72050206 0.61686065 0.52143172 0.48550531  0.53821002 0.36458323 0.37188345 0.42517525
0.87674492 0.29124822 0.40254517 0.35471086 0.18556658 0.24778885  0.48554462 0.40782787 0.67007234 0.64402633 0.53048609 0.58496589  0.5993372  0.32593006 0.38109204 0.336352  
0.86759724 0.28575564 0.36527087 0.33694511 0.20892016 0.2585128  0.48549925 0.43560292 0.6797359  0.67190028 0.51393431 0.570618  0.56288794 0.28127368 0.41157751 0.31878242
0.86570646 0.28200596 0.35322395 0.34406462 0.19302448 0.27130506  0.46779601 0.42580293 0.63877397 0.60730755 0.53041224 0.60812503  0.54944582 0.2791599  0.44616055 0.32234388
0.86570646 0.28200596 0.35322395 0.34406462 0.19302448 0.27130506  0.46779601 0.42580293 0.63877397 0.60730755 0.53041224 0.60812503  0.54944582 0.2791599  0.44616055 0.32234388
0.86570646 0.28200596 0.35322395 0.34406462 0.19302448 0.27130506  0.46779601 0.42580293 0.63877397 0.60730755 0.53041224 0.60812503  0.54944582 0.2791599  0.44616055 0.32234388
0.86570646 0.28200596 0.35322395 0.34406462 0.19302448 0.27130506  0.46779601 0.42580293 0.63877397 0.60730755 0.53041224 0.60812503  0.54944582 0.2791599  0.44616055 0.32234388
0.87331785 0.25214837 0.34711151 0.38866131 0.21820441 0.30096594  0.46094092 0.42575325 0.58984271 0.60182691 0.5445447  0.55413269  0.56231605 0.25692952 0.48509038 0.34947462
0.88107905 0.22204396 0.33978468 0.43210636 0.24496293 0.33501182  0.45402753 0.42000665 0.54626162 0.59598241 0.54455172 0.49825194  0.57928218 0.2345652  0.54102225 0.36951412
0.88107905 0.22204396 0.33978468 0.43210636 0.24496293 0.33501182  0.45402753 0.42000665 0.54626162 0.59598241 0.54455172 0.49825194  0.57928218 0.2345652  0.54102225 0.36951412
0.88107905 0.22204396 0.33978468 0.43210636 0.24496293 0.33501182  0.45402753 0.42000665 0.54626162 0.59598241 0.54455172 0.49825194  0.57928218 0.2345652  0.54102225 0.36951412
0.88107905 0.22204396 0.33978468 0.43210636 0.24496293 0.33501182  0.45402753 0.42000665 0.54626162 0.59598241 0.54455172 0.49825194  0.57928218 0.2345652  0.54102225 0.36951412
0.87486753 0.21540711 0.30831226 0.4214574  0.26676228 0.3593422  0.42945783 0.42267547 0.50326739 0.58839719 0.56227873 0.52594989  0.62742023 0.22535073 0.5559839  0.32152985
0.86177181 0.22561977 0.26249104 0.36935596 0.28319059 0.39998796  0.35655457 0.43565518 0.41177001 0.55591755 0.54058992 0.49738653  0.5582262  0.33060168 0.53935603 0.26546124
0.83829572 0.23862439 0.19565468 0.31261603 0.33694831 0.42002236  0.36287684 0.46520403 0.49688392 0.53105998 0.47531886 0.44579197  0.44859188 0.25465211 0.56029821 0.379629  
0.8037033  0.30504724 0.1363338  0.19456029 0.35210044 0.46259678  0.3205697  0.45173406 0.52307358 0.4034119  0.3412537  0.46212559  0.45129228 0.27713699 0.52721097 0.28504302
0.68440369 0.56449206 0.11082543 0.20479017 0.32588682 0.6169173  0.52563511 0.34240616 0.48950522 0.40435245 0.21521033 0.5117981  0.74646    0.48219015 0.55459045 0.4065061 
0.66895177 0.57785707 0.08768536 0.1969691  0.34996033 0.59999117  0.57040454 0.33211771 0.54006387 0.38561211 0.25751326 0.50674799  0.75238349 0.48995148 0.61061384 0.47478537
0.43669568 0.77421311 0.090257   0.49879404 0.43468384 0.35504374  0.67109991 0.39460454 0.33655619 0.42879282 0.52788332 0.45447132  0.2814869  0.42595741 0.58724225 0.34158183
0.30641828 0.71253953 0.13692244 0.6096366  0.46633219 0.19704225  0.47973493 0.48883628 0.32411826 0.43926771 0.27355387 0.50867284  0.43419669 0.42659107 0.60241786 0.46111577
0.21492007 0.62833673 0.19335097 0.59158658 0.44756577 0.21334815  0.4403317  0.52233971 0.3167896  0.40304599 0.22048251 0.4931999  0.56533492 0.39263122 0.45170953 0.50929784
0.17942973 0.62032927 0.21894842 0.62384907 0.42876678 0.25692863  0.31361816 0.59421834 0.47465091 0.36125043 0.32139782 0.45373928  0.68833577 0.45784531 0.4789263  0.48600364
0.17942973 0.62032927 0.21894842 0.62384907 0.42876678 0.25692863  0.31361816 0.59421834 0.47465091 0.36125043 0.32139782 0.45373928  0.68833577 0.45784531 0.4789263  0.48600364
0.21657589 0.66787403 0.19504984 0.65172815 0.43575129 0.24711155  0.30219757 0.59281335 0.49439254 0.35852699 0.36991114 0.44557948  0.63061711 0.46863811 0.50839988 0.43721993
0.2909876  0.74142789 0.15591249 0.66375182 0.43123632 0.28507554  0.33299681 0.55419298 0.51347682 0.37485876 0.47664696 0.43541497  0.44120712 0.46121392 0.57108427 0.34420568
0.34537203 0.75843196 0.12878748 0.61382285 0.4317047  0.29790172  0.46618448 0.47655823 0.38382625 0.41385836 0.41970431 0.46435866  0.33807364 0.38063415 0.49543851 0.38088291
0.51146511 0.79993663 0.10042651 0.43160372 0.33703057 0.62117098  0.64169506 0.38324518 0.42832268 0.44930576 0.54564566 0.45127321  0.43645501 0.36708524 0.42951453 0.47368495
0.56324047 0.75110964 0.09211211 0.30418254 0.34843496 0.59677457  0.7318537  0.49777815 0.44141285 0.39386804 0.58813656 0.42747788  0.60811379 0.45263783 0.56700873 0.50068664
0.70422103 0.54334411 0.14472432 0.14007577 0.28208348 0.55284858  0.48817485 0.70373465 0.48788774 0.37442652 0.3714828  0.49022787  0.50334706 0.44220491 0.50059553 0.46952002
0.73361402 0.48758572 0.15019776 0.11857388 0.27341336 0.52138606  0.44497704 0.6755567  0.49110043 0.40767756 0.28246491 0.52661558  0.4023992  0.45332337 0.5979695  0.45562136
0.81342948 0.35511679 0.2489033  0.21130199 0.22386292 0.37326479  0.37177702 0.53054092 0.51119293 0.48452034 0.45272849 0.54648483  0.39307199 0.4370146  0.42599556 0.26979035
0.91760571 0.37710283 0.6475767  0.34836842 0.24560745 0.19884306  0.52295805 0.32228414 0.74276038 0.45114072 0.40645825 0.38409009  0.45551471 0.32677956 0.4423037  0.43554992
0.93531135 0.44585972 0.796841   0.2507779  0.54744827 0.23206284  0.49025873 0.3211618  0.77100962 0.55210774 0.36893652 0.29771252  0.46191807 0.40079035 0.33662628 0.36140925
0.94658041 0.43838175 0.84350502 0.24676733 0.75935125 0.29983262  0.42864158 0.33017355 0.66702479 0.58080484 0.5333141  0.43946981  0.48942611 0.35676774 0.34369033 0.50837366
0.94731771 0.43994948 0.8484229  0.24239601 0.7749953  0.30144602  0.42320795 0.33191434 0.66336702 0.57812772 0.54860183 0.46800893  0.48137353 0.33715949 0.35219601 0.53887189
0.94610713 0.43141335 0.82853246 0.26576824 0.68374335 0.27792724  0.45153788 0.32446879 0.69155656 0.5652103  0.48219887 0.36798928  0.45935826 0.37388327 0.33789128 0.50403047
0.93440752 0.43880545 0.78320026 0.26447687 0.50085548 0.22117394  0.49651984 0.32081294 0.77304064 0.52388587 0.37000215 0.31011403  0.43434803 0.37775817 0.35673303 0.40929759
0.92043848 0.46795803 0.78398029 0.26975767 0.45536962 0.23030625  0.51891543 0.39734977 0.74146774 0.48800558 0.40701097 0.29817907  0.41301427 0.42937047 0.3571665  0.40964976
0.90597511 0.49564454 0.77349089 0.27988203 0.39627484 0.25427158  0.55301383 0.40915349 0.69630472 0.46552469 0.35784551 0.35748673  0.40721069 0.47177385 0.48504006 0.46684649
0.88320249 0.49095516 0.66742971 0.27173203 0.24559365 0.28537226  0.51164715 0.39471473 0.5899412  0.29915966 0.2681437  0.35969351  0.39610282 0.50008225 0.58482293 0.36378182
0.83662377 0.50554703 0.54687329 0.30748146 0.12042099 0.35291649  0.55271578 0.5244468  0.4206717  0.28202878 0.36720041 0.541553  0.50471425 0.4854383  0.78930723 0.39238067
0.83083013 0.49253486 0.51244585 0.30549743 0.11834759 0.35218075  0.56387024 0.54797155 0.42765303 0.35044678 0.3680948  0.54126727  0.53598849 0.47053727 0.79391216 0.33521794
0.83083013 0.49253486 0.51244585 0.30549743 0.11834759 0.35218075  0.56387024 0.54797155 0.42765303 0.35044678 0.3680948  0.54126727  0.53598849 0.47053727 0.79391216 0.33521794
0.77810964 0.61587372 0.52392752 0.32812102 0.22185998 0.47554172  0.59325071 0.38814662 0.38254352 0.25525914 0.30088089 0.53966018  0.64932744 0.55145031 0.7214408  0.41177424
0.78835237 0.73426024 0.72499527 0.24945334 0.49333613 0.51707288  0.57973    0.44568488 0.38975128 0.31655112 0.28287586 0.34828619  0.60937135 0.55492068 0.57029245 0.28788146
0.82706137 0.71741352 0.82570364 0.21905608 0.55833258 0.46866686  0.57180656 0.52290436 0.41329907 0.42011726 0.36184804 0.40480761  0.5507837  0.55067993 0.60332374 0.33828164
0.86086325 0.67138772 0.85607467 0.15566393 0.62468622 0.42267269  0.5459813  0.53341175 0.48882431 0.53972298 0.28615395 0.42486759  0.47873769 0.56670165 0.67630019 0.38053   
0.87480634 0.63797843 0.85306424 0.14347688 0.63161437 0.38654274  0.51470551 0.54709136 0.52406535 0.51637957 0.33551791 0.41976582  0.43769441 0.57163691 0.61044257 0.37783747
0.88788232 0.60263402 0.84578376 0.1407986  0.65013684 0.36106168  0.47953646 0.50042735 0.56238264 0.49435139 0.35824387 0.4059034  0.43230836 0.53452303 0.53632848 0.34256576
0.88788232 0.60263402 0.84578376 0.1407986  0.65013684 0.36106168  0.47953646 0.50042735 0.56238264 0.49435139 0.35824387 0.4059034  0.43230836 0.53452303 0.53632848 0.34256576
0.90482959 0.55740769 0.84620601 0.16728647 0.67143386 0.32789026  0.49310276 0.42683633 0.67463849 0.52985353 0.34761064 0.42668484  0.46919663 0.43076279 0.47797088 0.38244445
0.90336217 0.5492736  0.82970286 0.18088779 0.62343463 0.3131391  0.50891395 0.42170528 0.6959448  0.53932052 0.31896846 0.38451605  0.47694692 0.4447373  0.46691075 0.36174222
0.91039312 0.51783902 0.79719968 0.17387656 0.57823605 0.30090707  0.432589   0.39497915 0.63458285 0.42772903 0.34387783 0.31259903  0.4152551  0.47165588 0.41777151 0.24811964
0.90535926 0.50467934 0.75853432 0.20284982 0.50076313 0.31990271  0.41159461 0.37220122 0.56536025 0.29531953 0.34525144 0.34685878  0.3996147  0.46950766 0.47154651 0.22440466
0.8933541  0.48503032 0.69263446 0.19021683 0.52048908 0.34349736  0.39817936 0.3983948  0.52934735 0.35615231 0.36387284 0.374271  0.47902698 0.44539215 0.49111308 0.11925767
0.87080822 0.34635243 0.42593046 0.29562436 0.21660625 0.34216014  0.34470777 0.3187011  0.41837438 0.21919903 0.46063514 0.61318058  0.54448394 0.38854674 0.57241346 0.2307712 
0.86464385 0.32521214 0.3804342  0.30670835 0.17770301 0.33091123  0.36520912 0.33642696 0.43618782 0.3052027  0.47505014 0.6233322  0.62842359 0.35874645 0.58187616 0.17599208
0.86464385 0.32521214 0.3804342  0.30670835 0.17770301 0.33091123  0.36520912 0.33642696 0.43618782 0.3052027  0.47505014 0.6233322  0.62842359 0.35874645 0.58187616 0.17599208
0.85549617 0.31971956 0.34315991 0.2889426  0.20105659 0.34163518  0.36516375 0.36420202 0.44585138 0.33307664 0.45849835 0.6089843  0.59197434 0.31409007 0.61236163 0.1584225 
0.85208988 0.25720699 0.25878893 0.335664   0.29147091 0.43286465  0.33769798 0.39917799 0.37802202 0.36008465 0.43877518 0.47194866  0.56002159 0.24789456 0.69023715 0.22155567
0.8402564  0.23796802 0.19668375 0.34021693 0.35477663 0.48204102  0.33126793 0.41421929 0.39523957 0.40995312 0.42668085 0.38630958  0.56895342 0.26985816 0.59281235 0.30015845
0.85236492 0.18845368 0.18996806 0.43403606 0.40303749 0.54442422  0.35570246 0.43872627 0.34699248 0.41154952 0.42116476 0.31826936  0.56515821 0.30876986 0.63090126 0.35193955
0.85805887 0.16497624 0.1837322  0.47902496 0.43276334 0.58411  0.37305202 0.45034624 0.33024576 0.3958526  0.39231899 0.28292898  0.5717984  0.31352658 0.69590001 0.3366078 
0.84903935 0.16466307 0.14801763 0.45424001 0.45215187 0.60529152  0.34640308 0.46648874 0.31973409 0.40417403 0.38204102 0.27317142  0.52534528 0.34488604 0.65041141 0.35176983
0.84903935 0.16466307 0.14801763 0.45424001 0.45215187 0.60529152  0.34640308 0.46648874 0.31973409 0.40417403 0.38204102 0.27317142  0.52534528 0.34488604 0.65041141 0.35176983
0.84903935 0.16466307 0.14801763 0.45424001 0.45215187 0.60529152  0.34640308 0.46648874 0.31973409 0.40417403 0.38204102 0.27317142  0.52534528 0.34488604 0.65041141 0.35176983
0.84903935 0.16466307 0.14801763 0.45424001 0.45215187 0.60529152  0.34640308 0.46648874 0.31973409 0.40417403 0.38204102 0.27317142  0.52534528 0.34488604 0.65041141 0.35176983
0.84903935 0.16466307 0.14801763 0.45424001 0.45215187 0.60529152  0.34640308 0.46648874 0.31973409 0.40417403 0.38204102 0.27317142  0.52534528 0.34488604 0.65041141 0.35176983
0.85158395 0.1530633  0.14593983 0.48649528 0.47103338 0.63136096  0.37890616 0.49280609 0.34563831 0.38175317 0.34187625 0.29783647  0.50107652 0.37416333 0.63599819 0.29833492
0.84187557 0.15835549 0.1166916  0.48509105 0.50417375 0.67548817  0.39510718 0.51437553 0.40792165 0.30998136 0.27295355 0.31260477  0.45590763 0.39106023 0.54311661 0.32045133
0.84187557 0.15835549 0.1166916  0.48509105 0.50417375 0.67548817  0.39510718 0.51437553 0.40792165 0.30998136 0.27295355 0.31260477  0.45590763 0.39106023 0.54311661 0.32045133
0.84187557 0.15835549 0.1166916  0.48509105 0.50417375 0.67548817  0.39510718 0.51437553 0.40792165 0.30998136 0.27295355 0.31260477  0.45590763 0.39106023 0.54311661 0.32045133
0.84187557 0.15835549 0.1166916  0.48509105 0.50417375 0.67548817  0.39510718 0.51437553 0.40792165 0.30998136 0.27295355 0.31260477  0.45590763 0.39106023 0.54311661 0.32045133
0.82195339 0.19589031 0.08594378 0.40881604 0.50728895 0.66452329  0.4042028  0.53569813 0.49733606 0.28963807 0.21193684 0.344186  0.39756983 0.34474922 0.56193365 0.31730461
0.80623462 0.22120796 0.07909154 0.43515654 0.51318509 0.67856108  0.4266232  0.46306656 0.50051192 0.27268211 0.22546888 0.33453498  0.45264357 0.36693754 0.5412115  0.30522841
0.73615004 0.32582898 0.02528671 0.4198301  0.56572499 0.62588585  0.56992373 0.31924994 0.63513844 0.20189094 0.37055555 0.35713359  0.63265309 0.48609323 0.56521024 0.31922298
0.62942337 0.49365498 0.02377448 0.51763826 0.54421831 0.6111827  0.6025555  0.10282054 0.57023081 0.34084299 0.3718974  0.39693266  0.51162751 0.42090352 0.60848391 0.30037602
0.59209905 0.48398133 0.02023238 0.55718237 0.58794147 0.49296952  0.60286046 0.10352156 0.53374685 0.338133   0.35553299 0.40400708  0.42757067 0.45203262 0.69533599 0.24855387
0.40750513 0.58231957 0.08252335 0.51838062 0.54834586 0.21309052  0.64762659 0.25400853 0.27767026 0.34765905 0.26019433 0.44188933  0.53084812 0.44347275 0.56529391 0.28209417
0.33698709 0.66055679 0.12019136 0.54631696 0.49386413 0.18438262  0.55475472 0.40960595 0.30307822 0.38844925 0.29809241 0.47865317  0.56265316 0.41605196 0.53976975 0.39170322
0.16012572 0.52984624 0.2322104  0.48932889 0.43494976 0.26199719  0.55045925 0.4789979  0.27208315 0.40689702 0.236717   0.49451612  0.60424661 0.37187636 0.38842372 0.53216929
0.07071553 0.43665019 0.29701358 0.44470122 0.38784077 0.37303512  0.52250472 0.4620233  0.32886559 0.40925832 0.27386396 0.48354075  0.56306425 0.34195086 0.35452694 0.52445318
0.01779563 0.38669558 0.33863985 0.42004769 0.35385851 0.46460162  0.48109267 0.47190843 0.43452283 0.38595027 0.3992976  0.44733029  0.52908455 0.38078184 0.39373238 0.44873962
0.01779563 0.38669558 0.33863985 0.42004769 0.35385851 0.46460162  0.48109267 0.47190843 0.43452283 0.38595027 0.3992976  0.44733029  0.52908455 0.38078184 0.39373238 0.44873962
0.00039479 0.36283831 0.35232302 0.39930133 0.34523319 0.50234819  0.48417291 0.45702496 0.47508945 0.39693445 0.45000532 0.44589633  0.47476172 0.42761975 0.50206904 0.41641874
0.00039479 0.36283831 0.35232302 0.39930133 0.34523319 0.50234819  0.48417291 0.45702496 0.47508945 0.39693445 0.45000532 0.44589633  0.47476172 0.42761975 0.50206904 0.41641874
0.00039479 0.36283831 0.35232302 0.39930133 0.34523319 0.50234819  0.48417291 0.45702496 0.47508945 0.39693445 0.45000532 0.44589633  0.47476172 0.42761975 0.50206904 0.41641874
0.00039479 0.36283831 0.35232302 0.39930133 0.34523319 0.50234819  0.48417291 0.45702496 0.47508945 0.39693445 0.45000532 0.44589633  0.47476172 0.42761975 0.50206904 0.41641874
0.00039479 0.36283831 0.35232302 0.39930133 0.34523319 0.50234819  0.48417291 0.45702496 0.47508945 0.39693445 0.45000532 0.44589633  0.47476172 0.42761975 0.50206904 0.41641874
0.00039479 0.36283831 0.35232302 0.39930133 0.34523319 0.50234819  0.48417291 0.45702496 0.47508945 0.39693445 0.45000532 0.44589633  0.47476172 0.42761975 0.50206904 0.41641874
0.00039479 0.36283831 0.35232302 0.39930133 0.34523319 0.50234819  0.48417291 0.45702496 0.47508945 0.39693445 0.45000532 0.44589633  0.47476172 0.42761975 0.50206904 0.41641874
0.00039479 0.36283831 0.35232302 0.39930133 0.34523319 0.50234819  0.48417291 0.45702496 0.47508945 0.39693445 0.45000532 0.44589633  0.47476172 0.42761975 0.50206904 0.41641874
0.00039479 0.36283831 0.35232302 0.39930133 0.34523319 0.50234819  0.48417291 0.45702496 0.47508945 0.39693445 0.45000532 0.44589633  0.47476172 0.42761975 0.50206904 0.41641874
0.00039479 0.36283831 0.35232302 0.39930133 0.34523319 0.50234819  0.48417291 0.45702496 0.47508945 0.39693445 0.45000532 0.44589633  0.47476172 0.42761975 0.50206904 0.41641874
0.00039479 0.36283831 0.35232302 0.39930133 0.34523319 0.50234819  0.48417291 0.45702496 0.47508945 0.39693445 0.45000532 0.44589633  0.47476172 0.42761975 0.50206904 0.41641874
0.00039479 0.36283831 0.35232302 0.39930133 0.34523319 0.50234819  0.48417291 0.45702496 0.47508945 0.39693445 0.45000532 0.44589633  0.47476172 0.42761975 0.50206904 0.41641874
0.00039479 0.36283831 0.35232302 0.39930133 0.34523319 0.50234819  0.48417291 0.45702496 0.47508945 0.39693445 0.45000532 0.44589633  0.47476172 0.42761975 0.50206904 0.41641874
0.00039479 0.36283831 0.35232302 0.39930133 0.34523319 0.50234819  0.48417291 0.45702496 0.47508945 0.39693445 0.45000532 0.44589633  0.47476172 0.42761975 0.50206904 0.41641874
0.00039479 0.36283831 0.35232302 0.39930133 0.34523319 0.50234819  0.48417291 0.45702496 0.47508945 0.39693445 0.45000532 0.44589633  0.47476172 0.42761975 0.50206904 0.41641874
0.00039479 0.36283831 0.35232302 0.39930133 0.34523319 0.50234819  0.48417291 0.45702496 0.47508945 0.39693445 0.45000532 0.44589633  0.47476172 0.42761975 0.50206904 0.41641874
0.00039479 0.36283831 0.35232302 0.39930133 0.34523319 0.50234819  0.48417291 0.45702496 0.47508945 0.39693445 0.45000532 0.44589633  0.47476172 0.42761975 0.50206904 0.41641874
0.00039479 0.36283831 0.35232302 0.39930133 0.34523319 0.50234819  0.48417291 0.45702496 0.47508945 0.39693445 0.45000532 0.44589633  0.47476172 0.42761975 0.50206904 0.41641874
0.00039479 0.36283831 0.35232302 0.39930133 0.34523319 0.50234819  0.48417291 0.45702496 0.47508945 0.39693445 0.45000532 0.44589633  0.47476172 0.42761975 0.50206904 0.41641874
0.00039479 0.36283831 0.35232302 0.39930133 0.34523319 0.50234819  0.48417291 0.45702496 0.47508945 0.39693445 0.45000532 0.44589633  0.47476172 0.42761975 0.50206904 0.41641874
0.00039479 0.36283831 0.35232302 0.39930133 0.34523319 0.50234819  0.48417291 0.45702496 0.47508945 0.39693445 0.45000532 0.44589633  0.47476172 0.42761975 0.50206904 0.41641874
0.00039479 0.36283831 0.35232302 0.39930133 0.34523319 0.50234819  0.48417291 0.45702496 0.47508945 0.39693445 0.45000532 0.44589633  0.47476172 0.42761975 0.50206904 0.41641874
0.00039479 0.36283831 0.35232302 0.39930133 0.34523319 0.50234819  0.48417291 0.45702496 0.47508945 0.39693445 0.45000532 0.44589633  0.47476172 0.42761975 0.50206904 0.41641874
0.00039479 0.36283831 0.35232302 0.39930133 0.34523319 0.50234819  0.48417291 0.45702496 0.47508945 0.39693445 0.45000532 0.44589633  0.47476172 0.42761975 0.50206904 0.41641874
0.00039479 0.36283831 0.35232302 0.39930133 0.34523319 0.50234819  0.48417291 0.45702496 0.47508945 0.39693445 0.45000532 0.44589633  0.47476172 0.42761975 0.50206904 0.41641874
