0.00039479 0.36283831 0.35232302 0.39930133 0.34523319 0.50234819  0.48417291 0.45702496 0.47508945 0.39693445 0.45000532 0.44589633  0.47476172 0.42761975 0.50206904 0.41641874
0.00039479 0.36283831 0.35232302 0.39930133 0.34523319 0.50234819  0.48417291 0.45702496 0.47508945 0.39693445 0.45000532 0.44589633  0.47476172 0.42761975 0.50206904 0.41641874
0.00039479 0.36283831 0.35232302 0.39930133 0.34523319 0.50234819  0.48417291 0.45702496 0.47508945 0.39693445 0.45000532 0.44589633  0.47476172 0.42761975 0.50206904 0.41641874
0.00039479 0.36283831 0.35232302 0.39930133 0.34523319 0.50234819  0.48417291 0.45702496 0.47508945 0.39693445 0.45000532 0.44589633  0.47476172 0.42761975 0.50206904 0.41641874
0.00039479 0.36283831 0.35232302 0.39930133 0.34523319 0.50234819  0.48417291 0.45702496 0.47508945 0.39693445 0.45000532 0.44589633  0.47476172 0.42761975 0.50206904 0.41641874
0.00039479 0.36283831 0.35232302 0.39930133 0.34523319 0.50234819  0.48417291 0.45702496 0.47508945 0.39693445 0.45000532 0.44589633  0.47476172 0.42761975 0.50206904 0.41641874
0.00039479 0.36283831 0.35232302 0.39930133 0.34523319 0.50234819  0.48417291 0.45702496 0.47508945 0.39693445 0.45000532 0.44589633  0.47476172 0.42761975 0.50206904 0.41641874
0.00039479 0.36283831 0.35232302 0.39930133 0.34523319 0.50234819  0.48417291 0.45702496 0.47508945 0.39693445 0.45000532 0.44589633  0.47476172 0.42761975 0.50206904 0.41641874
0.00039479 0.36283831 0.35232302 0.39930133 0.34523319 0.50234819  0.48417291 0.45702496 0.47508945 0.39693445 0.45000532 0.44589633  0.47476172 0.42761975 0.50206904 0.41641874
0.00039479 0.36283831 0.35232302 0.39930133 0.34523319 0.50234819  0.48417291 0.45702496 0.47508945 0.39693445 0.45000532 0.44589633  0.47476172 0.42761975 0.50206904 0.41641874
0.00039479 0.36283831 0.35232302 0.39930133 0.34523319 0.50234819  0.48417291 0.45702496 0.47508945 0.39693445 0.45000532 0.44589633  0.47476172 0.42761975 0.50206904 0.41641874
0.00039479 0.36283831 0.35232302 0.39930133 0.34523319 0.50234819  0.48417291 0.45702496 0.47508945 0.39693445 0.45000532 0.44589633  0.47476172 0.42761975 0.50206904 0.41641874
0.00039479 0.36283831 0.35232302 0.39930133 0.34523319 0.50234819  0.48417291 0.45702496 0.47508945 0.39693445 0.45000532 0.44589633  0.47476172 0.42761975 0.50206904 0.41641874
0.00039479 0.36283831 0.35232302 0.39930133 0.34523319 0.50234819  0.48417291 0.45702496 0.47508945 0.39693445 0.45000532 0.44589633  0.47476172 0.42761975 0.50206904 0.41641874
0.00039479 0.36283831 0.35232302 0.39930133 0.34523319 0.50234819  0.48417291 0.45702496 0.47508945 0.39693445 0.45000532 0.44589633  0.47476172 0.42761975 0.50206904 0.41641874
0.00039479 0.36283831 0.35232302 0.39930133 0.34523319 0.50234819  0.48417291 0.45702496 0.47508945 0.39693445 0.45000532 0.44589633  0.47476172 0.42761975 0.50206904 0.41641874
0.00039479 0.36283831 0.35232302 0.39930133 0.34523319 0.50234819  0.48417291 0.45702496 0.47508945 0.39693445 0.45000532 0.44589633  0.47476172 0.42761975 0.50206904 0.41641874
0.00039479 0.36283831 0.35232302 0.39930133 0.34523319 0.50234819  0.48417291 0.45702496 0.47508945 0.39693445 0.45000532 0.44589633  0.47476172 0.42761975 0.50206904 0.41641874
0.00039479 0.36283831 0.35232302 0.39930133 0.34523319 0.50234819  0.48417291 0.45702496 0.47508945 0.39693445 0.45000532 0.44589633  0.47476172 0.42761975 0.50206904 0.41641874
0.00039479 0.36283831 0.35232302 0.39930133 0.34523319 0.50234819  0.48417291 0.45702496 0.47508945 0.39693445 0.45000532 0.44589633  0.47476172 0.42761975 0.50206904 0.41641874
0.00039479 0.36283831 0.35232302 0.39930133 0.34523319 0.50234819  0.48417291 0.45702496 0.47508945 0.39693445 0.45000532 0.44589633  0.47476172 0.42761975 0.50206904 0.41641874
0.00039479 0.36283831 0.35232302 0.39930133 0.34523319 0.50234819  0.48417291 0.45702496 0.47508945 0.39693445 0.45000532 0.44589633  0.47476172 0.42761975 0.50206904 0.41641874
0.00039479 0.36283831 0.35232302 0.39930133 0.34523319 0.50234819  0.48417291 0.45702496 0.47508945 0.39693445 0.45000532 0.44589633  0.47476172 0.42761975 0.50206904 0.41641874
0.00039479 0.36283831 0.35232302 0.39930133 0.34523319 0.50234819  0.48417291 0.45702496 0.47508945 0.39693445 0.45000532 0.44589633  0.47476172 0.42761975 0.50206904 0.41641874
0.00039479 0.36283831 0.35232302 0.39930133 0.34523319 0.50234819  0.48417291 0.45702496 0.47508945 0.39693445 0.45000532 0.44589633  0.47476172 0.42761975 0.50206904 0.41641874
0.00039479 0.36283831 0.35232302 0.39930133 0.34523319 0.50234819  0.48417291 0.45702496 0.47508945 0.39693445 0.45000532 0.44589633  0.47476172 0.42761975 0.50206904 0.41641874
0.00039479 0.36283831 0.35232302 0.39930133 0.34523319 0.50234819  0.48417291 0.45702496 0.47508945 0.39693445 0.45000532 0.44589633  0.47476172 0.42761975 0.50206904 0.41641874
0.00039479 0.36283831 0.35232302 0.39930133 0.34523319 0.50234819  0.48417291 0.45702496 0.47508945 0.39693445 0.45000532 0.44589633  0.47476172 0.42761975 0.50206904 0.41641874
0.00039479 0.36283831 0.35232302 0.39930133 0.34523319 0.50234819  0.48417291 0.45702496 0.47508945 0.39693445 0.45000532 0.44589633  0.47476172 0.42761975 0.50206904 0.41641874
0.00039479 0.36283831 0.35232302 0.39930133 0.34523319 0.50234819  0.48417291 0.45702496 0.47508945 0.39693445 0.45000532 0.44589633  0.47476172 0.42761975 0.50206904 0.41641874
0.00039479 0.36283831 0.35232302 0.39930133 0.34523319 0.50234819  0.48417291 0.45702496 0.47508945 0.39693445 0.45000532 0.44589633  0.47476172 0.42761975 0.50206904 0.41641874
0.00039479 0.36283831 0.35232302 0.39930133 0.34523319 0.50234819  0.48417291 0.45702496 0.47508945 0.39693445 0.45000532 0.44589633  0.47476172 0.42761975 0.50206904 0.41641874
0.00039479 0.36283831 0.35232302 0.39930133 0.34523319 0.50234819  0.48417291 0.45702496 0.47508945 0.39693445 0.45000532 0.44589633  0.47476172 0.42761975 0.50206904 0.41641874
0.00039479 0.36283831 0.35232302 0.39930133 0.34523319 0.50234819  0.48417291 0.45702496 0.47508945 0.39693445 0.45000532 0.44589633  0.47476172 0.42761975 0.50206904 0.41641874
0.00039479 0.36283831 0.35232302 0.39930133 0.34523319 0.50234819  0.48417291 0.45702496 0.47508945 0.39693445 0.45000532 0.44589633  0.47476172 0.42761975 0.50206904 0.41641874
0.00039479 0.36283831 0.35232302 0.39930133 0.34523319 0.50234819  0.48417291 0.45702496 0.47508945 0.39693445 0.45000532 0.44589633  0.47476172 0.42761975 0.50206904 0.41641874
0.00039479 0.36283831 0.35232302 0.39930133 0.34523319 0.50234819  0.48417291 0.45702496 0.47508945 0.39693445 0.45000532 0.44589633  0.47476172 0.42761975 0.50206904 0.41641874
0.00039479 0.36283831 0.35232302 0.39930133 0.34523319 0.50234819  0.48417291 0.45702496 0.47508945 0.39693445 0.45000532 0.44589633  0.47476172 0.42761975 0.50206904 0.41641874
0.00039479 0.36283831 0.35232302 0.39930133 0.34523319 0.50234819  0.48417291 0.45702496 0.47508945 0.39693445 0.45000532 0.44589633  0.47476172 0.42761975 0.50206904 0.41641874
0.00039479 0.36283831 0.35232302 0.39930133 0.34523319 0.50234819  0.48417291 0.45702496 0.47508945 0.39693445 0.45000532 0.44589633  0.47476172 0.42761975 0.50206904 0.41641874
0.00039479 0.36283831 0.35232302 0.39930133 0.34523319 0.50234819  0.48417291 0.45702496 0.47508945 0.39693445 0.45000532 0.44589633  0.47476172 0.42761975 0.50206904 0.41641874
0.00039479 0.36283831 0.35232302 0.39930133 0.34523319 0.50234819  0.48417291 0.45702496 0.47508945 0.39693445 0.45000532 0.44589633  0.47476172 0.42761975 0.50206904 0.41641874
0.00039479 0.36283831 0.35232302 0.39930133 0.34523319 0.50234819  0.48417291 0.45702496 0.47508945 0.39693445 0.45000532 0.44589633  0.47476172 0.42761975 0.50206904 0.41641874
0.00039479 0.36283831 0.35232302 0.39930133 0.34523319 0.50234819  0.48417291 0.45702496 0.47508945 0.39693445 0.45000532 0.44589633  0.47476172 0.42761975 0.50206904 0.41641874
0.00039479 0.36283831 0.35232302 0.39930133 0.34523319 0.50234819  0.48417291 0.45702496 0.47508945 0.39693445 0.45000532 0.44589633  0.47476172 0.42761975 0.50206904 0.41641874
0.00039479 0.36283831 0.35232302 0.39930133 0.34523319 0.50234819  0.48417291 0.45702496 0.47508945 0.39693445 0.45000532 0.44589633  0.47476172 0.42761975 0.50206904 0.41641874
0.00039479 0.36283831 0.35232302 0.39930133 0.34523319 0.50234819  0.48417291 0.45702496 0.47508945 0.39693445 0.45000532 0.44589633  0.47476172 0.42761975 0.50206904 0.41641874
0.00039479 0.36283831 0.35232302 0.39930133 0.34523319 0.50234819  0.48417291 0.45702496 0.47508945 0.39693445 0.45000532 0.44589633  0.47476172 0.42761975 0.50206904 0.41641874
0.00039479 0.36283831 0.35232302 0.39930133 0.34523319 0.50234819  0.48417291 0.45702496 0.47508945 0.39693445 0.45000532 0.44589633  0.47476172 0.42761975 0.50206904 0.41641874
0.00039479 0.36283831 0.35232302 0.39930133 0.34523319 0.50234819  0.48417291 0.45702496 0.47508945 0.39693445 0.45000532 0.44589633  0.47476172 0.42761975 0.50206904 0.41641874
0.00039479 0.36283831 0.35232302 0.39930133 0.34523319 0.50234819  0.48417291 0.45702496 0.47508945 0.39693445 0.45000532 0.44589633  0.47476172 0.42761975 0.50206904 0.41641874
0.00039479 0.36283831 0.35232302 0.39930133 0.34523319 0.50234819  0.48417291 0.45702496 0.47508945 0.39693445 0.45000532 0.44589633  0.47476172 0.42761975 0.50206904 0.41641874
0.00039479 0.36283831 0.35232302 0.39930133 0.34523319 0.50234819  0.48417291 0.45702496 0.47508945 0.39693445 0.45000532 0.44589633  0.47476172 0.42761975 0.50206904 0.41641874
0.00039479 0.36283831 0.35232302 0.39930133 0.34523319 0.50234819  0.48417291 0.45702496 0.47508945 0.39693445 0.45000532 0.44589633  0.47476172 0.42761975 0.50206904 0.41641874
0.00039479 0.36283831 0.35232302 0.39930133 0.34523319 0.50234819  0.48417291 0.45702496 0.47508945 0.39693445 0.45000532 0.44589633  0.47476172 0.42761975 0.50206904 0.41641874
0.00039479 0.36283831 0.35232302 0.39930133 0.34523319 0.50234819  0.48417291 0.45702496 0.47508945 0.39693445 0.45000532 0.44589633  0.47476172 0.42761975 0.50206904 0.41641874
0.00039479 0.36283831 0.35232302 0.39930133 0.34523319 0.50234819  0.48417291 0.45702496 0.47508945 0.39693445 0.45000532 0.44589633  0.47476172 0.42761975 0.50206904 0.41641874
0.20019937 0.61173456 0.24022823 0.57267485 0.35451455 0.52966861  0.28459631 0.44826482 0.66889901 0.50835581 0.42582157 0.50558537  0.39182659 0.54488315 0.88059236 0.49658628
0.40343091 0.8007634  0.15511196 0.5957954  0.3058326  0.66343265  0.28722977 0.45309638 0.70901758 0.45371406 0.550006   0.45055164  0.55642592 0.41144441 0.48545025 0.49774096
0.43806806 0.78100043 0.18322947 0.56220831 0.25324473 0.7451178  0.21593883 0.50867814 0.66822166 0.46195923 0.38972179 0.46711874  0.6444072  0.38203433 0.387558   0.50281926
0.65978342 0.62626779 0.14737991 0.18804659 0.26458943 0.61357004  0.56003964 0.78474859 0.39081261 0.43154374 0.38250368 0.47021844  0.41248313 0.25319255 0.64073763 0.51128825
0.67523534 0.61290278 0.17051998 0.19586766 0.24051593 0.63049618  0.51527021 0.79503703 0.34025396 0.45028408 0.34020075 0.47526855  0.40655964 0.24543123 0.58471424 0.44300899
0.68756008 0.59825688 0.19817355 0.2219719  0.21067951 0.60969969  0.5094515  0.80082565 0.29293185 0.49994856 0.38540262 0.5043054  0.39035787 0.28518129 0.59033978 0.40664916
0.77749369 0.40820815 0.22982786 0.24370792 0.22975313 0.43787648  0.36558721 0.64985576 0.39917901 0.47228797 0.58262629 0.52262145  0.4041488  0.2744541  0.34226276 0.20530286
0.8345754  0.31700636 0.28949018 0.3075729  0.19918382 0.36919096  0.33660108 0.47952406 0.39975743 0.50030411 0.63425618 0.6150582  0.55970962 0.40219721 0.3264085  0.20734734
0.8523037  0.28375339 0.28436015 0.27526367 0.2026439  0.3466595  0.30441602 0.41922201 0.3980799  0.51442411 0.56625449 0.65211076  0.47288611 0.61212253 0.29563414 0.29649011
0.85687708 0.25777663 0.27641372 0.33346995 0.23234557 0.38197357  0.32204889 0.4098329  0.38083837 0.50483744 0.58086682 0.59038503  0.58983112 0.4542442  0.42561747 0.24144046
0.87688938 0.21561946 0.3086472  0.43722685 0.24433454 0.39555725  0.38158154 0.3970175  0.39608784 0.50182109 0.60296787 0.57869193  0.67921748 0.3489403  0.50912055 0.29119779
0.87688938 0.21561946 0.3086472  0.43722685 0.24433454 0.39555725  0.38158154 0.3970175  0.39608784 0.50182109 0.60296787 0.57869193  0.67921748 0.3489403  0.50912055 0.29119779
0.8842244  0.2199825  0.34150049 0.45287887 0.23115577 0.38272629  0.39121516 0.36998302 0.38669926 0.41814145 0.60667422 0.58638314  0.68151326 0.31231508 0.57806299 0.33102075
0.8956993  0.21699886 0.38804864 0.49474159 0.22599211 0.35118969  0.45100854 0.34680438 0.47819462 0.4002418  0.61087949 0.59808673  0.7197209  0.20529738 0.59117039 0.42153703
0.8956993  0.21699886 0.38804864 0.49474159 0.22599211 0.35118969  0.45100854 0.34680438 0.47819462 0.4002418  0.61087949 0.59808673  0.7197209  0.20529738 0.59117039 0.42153703
0.8956993  0.21699886 0.38804864 0.49474159 0.22599211 0.35118969  0.45100854 0.34680438 0.47819462 0.4002418  0.61087949 0.59808673  0.7197209  0.20529738 0.59117039 0.42153703
0.8956993  0.21699886 0.38804864 0.49474159 0.22599211 0.35118969  0.45100854 0.34680438 0.47819462 0.4002418  0.61087949 0.59808673  0.7197209  0.20529738 0.59117039 0.42153703
0.8956993  0.21699886 0.38804864 0.49474159 0.22599211 0.35118969  0.45100854 0.34680438 0.47819462 0.4002418  0.61087949 0.59808673  0.7197209  0.20529738 0.59117039 0.42153703
0.8956993  0.21699886 0.38804864 0.49474159 0.22599211 0.35118969  0.45100854 0.34680438 0.47819462 0.4002418  0.61087949 0.59808673  0.7197209  0.20529738 0.59117039 0.42153703
0.8956993  0.21699886 0.38804864 0.49474159 0.22599211 0.35118969  0.45100854 0.34680438 0.47819462 0.4002418  0.61087949 0.59808673  0.7197209  0.20529738 0.59117039 0.42153703
0.8956993  0.21699886 0.38804864 0.49474159 0.22599211 0.35118969  0.45100854 0.34680438 0.47819462 0.4002418  0.61087949 0.59808673  0.7197209  0.20529738 0.59117039 0.42153703
0.8916231  0.2275247  0.37794198 0.46742509 0.22303188 0.37065393  0.40475424 0.34364159 0.3972089  0.35944072 0.59946864 0.57928093  0.69697999 0.27918888 0.62003112 0.35030639
0.88839153 0.23989063 0.37409623 0.43189819 0.21841289 0.36993461  0.36495715 0.33456788 0.34889002 0.34829113 0.58765259 0.54485084  0.67101289 0.330769   0.63794851 0.30542654
0.88063033 0.26999504 0.38142307 0.38845314 0.19165438 0.33588873  0.37187054 0.34031449 0.39247111 0.35413563 0.58764557 0.60073159  0.65404675 0.35313332 0.58201664 0.28538704
0.87301893 0.29985263 0.3875355  0.34385645 0.16647444 0.30622785  0.37872563 0.34036417 0.44140237 0.35961627 0.5735131  0.65472392  0.64117653 0.37536369 0.54308682 0.2582563 
0.86464385 0.32521214 0.3804342  0.30670835 0.17770301 0.33091123  0.36520912 0.33642696 0.43618782 0.3052027  0.47505014 0.6233322  0.62842359 0.35874645 0.58187616 0.17599208
0.81959225 0.3801382  0.31825259 0.29826387 0.19030548 0.41717332  0.36399399 0.43487275 0.34991327 0.38555431 0.49013559 0.59645945  0.59029574 0.34401949 0.49999791 0.16759862
0.69973713 0.56951927 0.19635793 0.23027644 0.23311331 0.60233291  0.47133531 0.76540169 0.31525781 0.42771183 0.42710082 0.46804751  0.44982451 0.20473418 0.49472945 0.33703422
0.64481386 0.66460666 0.15123029 0.22501041 0.263064   0.65911823  0.57319132 0.68094194 0.37022933 0.41009104 0.37522886 0.45854899  0.57983252 0.33077845 0.52689727 0.45179382
0.56265312 0.75853302 0.11896204 0.35542771 0.30337977 0.66467479  0.61525401 0.44266246 0.39885977 0.45381417 0.39191818 0.47438603  0.54930794 0.37711694 0.45054643 0.47569566
0.5285742  0.78917237 0.10836181 0.41484499 0.3231666  0.63939141  0.63196879 0.3723932  0.39568727 0.46917039 0.45178965 0.46962024  0.44923705 0.35934097 0.43585082 0.45624961
0.40343091 0.8007634  0.15511196 0.5957954  0.3058326  0.66343265  0.28722977 0.45309638 0.70901758 0.45371406 0.550006   0.45055164  0.55642592 0.41144441 0.48545025 0.49774096
0.40343091 0.8007634  0.15511196 0.5957954  0.3058326  0.66343265  0.28722977 0.45309638 0.70901758 0.45371406 0.550006   0.45055164  0.55642592 0.41144441 0.48545025 0.49774096
0.40343091 0.8007634  0.15511196 0.5957954  0.3058326  0.66343265  0.28722977 0.45309638 0.70901758 0.45371406 0.550006   0.45055164  0.55642592 0.41144441 0.48545025 0.49774096
0.38453683 0.7917668  0.15663951 0.61346188 0.32416321 0.60702599  0.28075565 0.4588525  0.68080684 0.45651001 0.50603334 0.46106857  0.53655855 0.42681009 0.53387925 0.48435792
0.38453683 0.7917668  0.15663951 0.61346188 0.32416321 0.60702599  0.28075565 0.4588525  0.68080684 0.45651001 0.50603334 0.46106857  0.53655855 0.42681009 0.53387925 0.48435792
0.3661066  0.79108975 0.15156986 0.63533951 0.34955576 0.54521948  0.28753473 0.4537974  0.67253362 0.45100407 0.5336416  0.45762606  0.47236909 0.44257352 0.57230233 0.44591881
0.38439283 0.80191844 0.13992406 0.62663726 0.35427729 0.53193919  0.34076655 0.42214311 0.59936761 0.46040386 0.50652344 0.46550152  0.38191287 0.40057935 0.53368866 0.42641821
0.42028168 0.80784741 0.11641406 0.58350856 0.36955474 0.5054201  0.47295282 0.36227731 0.46939627 0.48447313 0.46813702 0.48494579  0.27618586 0.35193664 0.50308644 0.42450223
0.45630139 0.80157215 0.0980754  0.51469056 0.38281276 0.49444844  0.60822129 0.33936496 0.39297573 0.47597134 0.50092787 0.47594578  0.27232204 0.36783261 0.50650509 0.40978468
0.43728989 0.78619429 0.10446395 0.52264725 0.39280269 0.45598198  0.59733081 0.35378603 0.3653309  0.48073387 0.43280032 0.49103577  0.30122671 0.37454034 0.53516267 0.43473915
0.48859126 0.76046406 0.08405113 0.45280024 0.40109178 0.46437546  0.65944647 0.27716556 0.40956025 0.47463152 0.44998004 0.49877759  0.33649183 0.48085126 0.62674876 0.41172091
0.54947572 0.62411996 0.05032947 0.43810257 0.48409979 0.4468695  0.66616691 0.15543611 0.5714783  0.40171956 0.28057137 0.58010261  0.38455769 0.60693507 0.65717338 0.27522179
0.56704765 0.55434961 0.03678769 0.59431104 0.57407722 0.57412093  0.76225128 0.24172551 0.57864678 0.33952618 0.16121982 0.58025258  0.3071524  0.72389958 0.69183282 0.23576615
0.58859784 0.48560774 0.02162212 0.64521781 0.62589781 0.59174709  0.73284132 0.20109355 0.58796943 0.29993618 0.16286076 0.52600693  0.29204301 0.69609189 0.64627808 0.19600116
0.58758599 0.48413225 0.0216204  0.64809262 0.62649523 0.5916194  0.73393211 0.19952144 0.58870136 0.30075804 0.16924295 0.50759328  0.32496105 0.67405604 0.67150981 0.13871937
0.60702807 0.48628479 0.02669177 0.62334018 0.60050526 0.6535536  0.72606224 0.20614865 0.59624264 0.30544213 0.13525249 0.52944944  0.35623247 0.68032846 0.60785501 0.23444027
0.62592216 0.4952814  0.02516422 0.6056737  0.58217465 0.70996026  0.73253636 0.20039253 0.62445339 0.30264617 0.17922516 0.51893251  0.37609984 0.66496278 0.55942601 0.2478233 
0.64063348 0.46310184 0.02024941 0.58362185 0.5922348  0.6772614  0.71189887 0.1838786  0.67103913 0.27873592 0.18429614 0.52381998  0.37592144 0.71457366 0.53984445 0.24662499
0.61656345 0.53765418 0.03592001 0.51338795 0.5308857  0.64363283  0.71933928 0.20164288 0.64293731 0.33308028 0.21149323 0.53150905  0.4426424  0.70067164 0.63569228 0.26691433
0.62382861 0.61466788 0.07125474 0.31668172 0.40382075 0.59452487  0.67682139 0.28584338 0.60179613 0.35828552 0.2703276  0.56557812  0.58030455 0.66956349 0.5463314  0.36894461
0.62258121 0.6832463  0.15784805 0.28300434 0.33237752 0.54845514  0.6353274  0.27348936 0.5171345  0.30248122 0.40703673 0.51853944  0.62940031 0.68331924 0.55855597 0.57240161
0.64660166 0.70341284 0.25120196 0.30754262 0.28993777 0.61657573  0.53721117 0.25400831 0.42610975 0.29402528 0.23615258 0.49444443  0.52266557 0.69676917 0.32633593 0.55696872
0.66198936 0.75459418 0.38744695 0.38193371 0.24842388 0.61343828  0.57340972 0.19303174 0.336635   0.14074122 0.25889984 0.51729957  0.55047454 0.61584486 0.45917009 0.59853759
0.64607338 0.81242494 0.47826409 0.4527899  0.29685414 0.67595107  0.4852506  0.21929519 0.22670815 0.14055486 0.33357766 0.55006947  0.51898605 0.51244767 0.37082375 0.51300628
0.63579137 0.82889918 0.52687899 0.49648937 0.26333159 0.68073199  0.42928011 0.24129875 0.31339308 0.1190921  0.33181985 0.5305848  0.45441563 0.49759603 0.3345869  0.58806651
0.63298709 0.87210558 0.66900335 0.57009896 0.25543144 0.68859845  0.3843961  0.33475871 0.34729335 0.10179393 0.48842586 0.45440399  0.45611237 0.44053793 0.33456205 0.45875304
0.63298709 0.87210558 0.66900335 0.57009896 0.25543144 0.68859845  0.3843961  0.33475871 0.34729335 0.10179393 0.48842586 0.45440399  0.45611237 0.44053793 0.33456205 0.45875304
0.63298709 0.87210558 0.66900335 0.57009896 0.25543144 0.68859845  0.3843961  0.33475871 0.34729335 0.10179393 0.48842586 0.45440399  0.45611237 0.44053793 0.33456205 0.45875304
0.63298709 0.87210558 0.66900335 0.57009896 0.25543144 0.68859845  0.3843961  0.33475871 0.34729335 0.10179393 0.48842586 0.45440399  0.45611237 0.44053793 0.33456205 0.45875304
0.63298709 0.87210558 0.66900335 0.57009896 0.25543144 0.68859845  0.3843961  0.33475871 0.34729335 0.10179393 0.48842586 0.45440399  0.45611237 0.44053793 0.33456205 0.45875304
0.65037217 0.85622841 0.67146193 0.52880943 0.24995779 0.69387402  0.39592612 0.40087493 0.35018752 0.07946854 0.49600665 0.44166109  0.52282337 0.456267   0.34327058 0.4767442 
0.65110947 0.85779614 0.67637981 0.5244381  0.26560183 0.69548742  0.39049249 0.40261572 0.34652975 0.07679142 0.51129438 0.47020021  0.51477078 0.43665875 0.35177626 0.50724242
0.65110947 0.85779614 0.67637981 0.5244381  0.26560183 0.69548742  0.39049249 0.40261572 0.34652975 0.07679142 0.51129438 0.47020021  0.51477078 0.43665875 0.35177626 0.50724242
0.65110947 0.85779614 0.67637981 0.5244381  0.26560183 0.69548742  0.39049249 0.40261572 0.34652975 0.07679142 0.51129438 0.47020021  0.51477078 0.43665875 0.35177626 0.50724242
0.65110947 0.85779614 0.67637981 0.5244381  0.26560183 0.69548742  0.39049249 0.40261572 0.34652975 0.07679142 0.51129438 0.47020021  0.51477078 0.43665875 0.35177626 0.50724242
0.66682825 0.83247849 0.68323204 0.4980976  0.2597057  0.68144962  0.3680721  0.47524728 0.34335389 0.09374738 0.49776234 0.47985124  0.45969705 0.41447043 0.3724984  0.51931863
0.68564476 0.8218741  0.72652083 0.48547338 0.2587813  0.66652715  0.33094201 0.51559727 0.32789583 0.12424634 0.44307126 0.42998324  0.31589013 0.37571084 0.39526891 0.47067745
0.68564476 0.8218741  0.72652083 0.48547338 0.2587813  0.66652715  0.33094201 0.51559727 0.32789583 0.12424634 0.44307126 0.42998324  0.31589013 0.37571084 0.39526891 0.47067745
0.78240674 0.7316416  0.76673757 0.32095757 0.37072988 0.57158469  0.42615132 0.65035566 0.21899117 0.19945096 0.482162   0.5491004  0.33020186 0.3331879  0.70151424 0.46864894
0.80612966 0.72824384 0.78430274 0.29617478 0.38748354 0.51803112  0.54568138 0.63241779 0.23208733 0.24148163 0.44611786 0.53790791  0.31087775 0.28878382 0.76051186 0.50065922
0.86450834 0.60292678 0.76398052 0.218881   0.42038096 0.40892101  0.4753882  0.51293746 0.3829338  0.19887512 0.38838202 0.58925493  0.30671731 0.49667597 0.77376712 0.51327159
0.87000893 0.56303316 0.73764557 0.29008297 0.2833806  0.35655029  0.52183961 0.51009191 0.41148299 0.22289695 0.42160031 0.52368021  0.29525121 0.54624192 0.73419315 0.5646519 
0.87000893 0.56303316 0.73764557 0.29008297 0.2833806  0.35655029  0.52183961 0.51009191 0.41148299 0.22289695 0.42160031 0.52368021  0.29525121 0.54624192 0.73419315 0.5646519 
0.88241482 0.52766264 0.73113737 0.29452594 0.29938373 0.33297107  0.48438519 0.49557458 0.43640812 0.19583473 0.48429755 0.49912938  0.27520412 0.48432231 0.64016859 0.53759633
0.8954908  0.49231823 0.72385689 0.29184766 0.3179062  0.30749001  0.44921614 0.44891057 0.47472541 0.17380655 0.5070235  0.48526696  0.26981807 0.44720844 0.5660545  0.50232462
0.90374019 0.433866   0.66819472 0.31767458 0.24618245 0.26328377  0.44996728 0.37033774 0.54042132 0.18990455 0.46257942 0.45604769  0.31203738 0.42414952 0.53056393 0.47307009
0.91967322 0.38187527 0.65558063 0.35551918 0.23085124 0.20944951  0.49990683 0.30101099 0.68904219 0.29640631 0.41842056 0.44221003  0.35481991 0.33545301 0.48289167 0.55422553
0.93073108 0.33998751 0.65782806 0.43735528 0.25576077 0.22571776  0.53708878 0.30388012 0.69786793 0.32340921 0.4670505  0.4277291  0.37581286 0.30896134 0.44211746 0.68117129
0.93382442 0.29604127 0.62419406 0.49428389 0.26367208 0.25170735  0.5410053  0.30699907 0.65275415 0.33111861 0.51430049 0.43320449  0.3956743  0.311389   0.45302726 0.77665975
0.94681872 0.23204292 0.59600508 0.59083316 0.30639455 0.3355684  0.50908479 0.29086458 0.51698529 0.26137006 0.54585423 0.36856401  0.44152959 0.2483471  0.57163692 0.8059084 
0.94681872 0.23204292 0.59600508 0.59083316 0.30639455 0.3355684  0.50908479 0.29086458 0.51698529 0.26137006 0.54585423 0.36856401  0.44152959 0.2483471  0.57163692 0.8059084 
0.95396955 0.201766   0.59044029 0.65900706 0.34378407 0.38696037  0.55362962 0.31960695 0.52702203 0.22857787 0.49802075 0.36632184  0.42834671 0.27607183 0.60224218 0.77193545
0.96061363 0.15466659 0.56605892 0.7498024  0.37111994 0.44537811  0.61341993 0.37122657 0.5296561  0.2359983  0.45605093 0.34687788  0.46059257 0.28086023 0.67681362 0.70674097
0.9558183  0.14185628 0.53406236 0.7536468  0.35473455 0.45163672  0.6024316  0.37573497 0.50519107 0.24730587 0.49146045 0.3954848  0.49161669 0.29468199 0.66230561 0.71436123
0.95183318 0.1297681  0.50651716 0.75827993 0.33453367 0.44711936  0.61020145 0.38541873 0.51400851 0.30248739 0.50121121 0.40259596  0.52807101 0.31097101 0.63498163 0.69785072
0.95183318 0.1297681  0.50651716 0.75827993 0.33453367 0.44711936  0.61020145 0.38541873 0.51400851 0.30248739 0.50121121 0.40259596  0.52807101 0.31097101 0.63498163 0.69785072
0.94460378 0.12332848 0.47180951 0.75001221 0.32950322 0.47156162  0.57121158 0.37868422 0.45722164 0.28950469 0.52128614 0.40557518  0.56382749 0.3794412  0.59725921 0.63876449
0.94460378 0.12332848 0.47180951 0.75001221 0.32950322 0.47156162  0.57121158 0.37868422 0.45722164 0.28950469 0.52128614 0.40557518  0.56382749 0.3794412  0.59725921 0.63876449
0.9288422  0.10815111 0.39303831 0.72400826 0.32858967 0.50406512  0.52059958 0.40909347 0.37061248 0.34165661 0.53814297 0.42648423  0.6096991  0.41892122 0.64718815 0.48716606
0.9193991  0.11388019 0.35772015 0.67783239 0.34577003 0.52767618  0.45623279 0.40268859 0.27929937 0.3229218  0.54405393 0.41975209  0.63187005 0.46128686 0.6800672  0.39430194
0.90152399 0.11282428 0.28489301 0.61531622 0.36561879 0.54922386  0.38884951 0.42805012 0.23149459 0.40703925 0.55996923 0.38399853  0.58977326 0.5028045  0.62700397 0.40881953
0.87690827 0.13808189 0.2215536  0.53165378 0.38798124 0.55630695  0.35069045 0.43051882 0.26794486 0.39132521 0.53213905 0.35485278  0.55053857 0.41045325 0.60122846 0.47077626
0.82783099 0.21244186 0.12389539 0.36494901 0.45818193 0.58508937  0.32716755 0.42784027 0.40964108 0.27576447 0.34277423 0.25940872  0.44240196 0.26605164 0.61383102 0.55496685
0.75931277 0.36505457 0.09195905 0.24825817 0.43569418 0.5259241  0.43704117 0.30770559 0.61237184 0.19148714 0.35510394 0.39200355  0.6194486  0.32947515 0.59937894 0.45512598
0.6884509  0.46131626 0.03785393 0.198082   0.45406209 0.40041692  0.51715873 0.21252029 0.72592899 0.28102287 0.55765561 0.45155334  0.59774738 0.47487422 0.45492825 0.40348892
0.51061708 0.65331382 0.05598856 0.43669587 0.46865872 0.35134341  0.60766461 0.10766256 0.46902802 0.42558083 0.37622343 0.50769992  0.39344818 0.49925241 0.62198958 0.31225144
0.28730142 0.641105   0.15128744 0.50432004 0.48077827 0.16069318  0.65195504 0.47974535 0.16763032 0.39020542 0.25239803 0.4856254  0.51190092 0.37667141 0.42787008 0.45525143
0.16129118 0.56455339 0.23060669 0.54935914 0.42757627 0.26009661  0.45833788 0.51237932 0.31208702 0.39023614 0.23010781 0.48391841  0.6245888  0.33613606 0.31261338 0.52861942
0.05351142 0.43947142 0.31096524 0.46826146 0.37376331 0.40333531  0.449023   0.50224764 0.41356088 0.37686256 0.34766111 0.45195559  0.59560889 0.36517078 0.34313004 0.48165838
0.00039479 0.36283831 0.35232302 0.39930133 0.34523319 0.50234819  0.48417291 0.45702496 0.47508945 0.39693445 0.45000532 0.44589633  0.47476172 0.42761975 0.50206904 0.41641874
0.00039479 0.36283831 0.35232302 0.39930133 0.34523319 0.50234819  0.48417291 0.45702496 0.47508945 0.39693445 0.45000532 0.44589633  0.47476172 0.42761975 0.50206904 0.41641874
0.00039479 0.36283831 0.35232302 0.39930133 0.34523319 0.50234819  0.48417291 0.45702496 0.47508945 0.39693445 0.45000532 0.44589633  0.47476172 0.42761975 0.50206904 0.41641874
0.00039479 0.36283831 0.35232302 0.39930133 0.34523319 0.50234819  0.48417291 0.45702496 0.47508945 0.39693445 0.45000532 0.44589633  0.47476172 0.42761975 0.50206904 0.41641874
0.00039479 0.36283831 0.35232302 0.39930133 0.34523319 0.50234819  0.48417291 0.45702496 0.47508945 0.39693445 0.45000532 0.44589633  0.47476172 0.42761975 0.50206904 0.41641874
0.00039479 0.36283831 0.35232302 0.39930133 0.34523319 0.50234819  0.48417291 0.45702496 0.47508945 0.39693445 0.45000532 0.44589633  0.47476172 0.42761975 0.50206904 0.41641874
0.00039479 0.36283831 0.35232302 0.39930133 0.34523319 0.50234819  0.48417291 0.45702496 0.47508945 0.39693445 0.45000532 0.44589633  0.47476172 0.42761975 0.50206904 0.41641874
0.00039479 0.36283831 0.35232302 0.39930133 0.34523319 0.50234819  0.48417291 0.45702496 0.47508945 0.39693445 0.45000532 0.44589633  0.47476172 0.42761975 0.50206904 0.41641874
0.00039479 0.36283831 0.35232302 0.39930133 0.34523319 0.50234819  0.48417291 0.45702496 0.47508945 0.39693445 0.45000532 0.44589633  0.47476172 0.42761975 0.50206904 0.41641874
0.00039479 0.36283831 0.35232302 0.39930133 0.34523319 0.50234819  0.48417291 0.45702496 0.47508945 0.39693445 0.45000532 0.44589633  0.47476172 0.42761975 0.50206904 0.41641874
0.00039479 0.36283831 0.35232302 0.39930133 0.34523319 0.50234819  0.48417291 0.45702496 0.47508945 0.39693445 0.45000532 0.44589633  0.47476172 0.42761975 0.50206904 0.41641874
0.00039479 0.36283831 0.35232302 0.39930133 0.34523319 0.50234819  0.48417291 0.45702496 0.47508945 0.39693445 0.45000532 0.44589633  0.47476172 0.42761975 0.50206904 0.41641874
0.00039479 0.36283831 0.35232302 0.39930133 0.34523319 0.50234819  0.48417291 0.45702496 0.47508945 0.39693445 0.45000532 0.44589633  0.47476172 0.42761975 0.50206904 0.41641874
0.00039479 0.36283831 0.35232302 0.39930133 0.34523319 0.50234819  0.48417291 0.45702496 0.47508945 0.39693445 0.45000532 0.44589633  0.47476172 0.42761975 0.50206904 0.41641874
0.00039479 0.36283831 0.35232302 0.39930133 0.34523319 0.50234819  0.48417291 0.45702496 0.47508945 0.39693445 0.45000532 0.44589633  0.47476172 0.42761975 0.50206904 0.41641874
0.00039479 0.36283831 0.35232302 0.39930133 0.34523319 0.50234819  0.48417291 0.45702496 0.47508945 0.39693445 0.45000532 0.44589633  0.47476172 0.42761975 0.50206904 0.41641874
0.00039479 0.36283831 0.35232302 0.39930133 0.34523319 0.50234819  0.48417291 0.45702496 0.47508945 0.39693445 0.45000532 0.44589633  0.47476172 0.42761975 0.50206904 0.41641874
0.00039479 0.36283831 0.35232302 0.39930133 0.34523319 0.50234819  0.48417291 0.45702496 0.47508945 0.39693445 0.45000532 0.44589633  0.47476172 0.42761975 0.50206904 0.41641874
0.00039479 0.36283831 0.35232302 0.39930133 0.34523319 0.50234819  0.48417291 0.45702496 0.47508945 0.39693445 0.45000532 0.44589633  0.47476172 0.42761975 0.50206904 0.41641874
0.05446149 0.43848154 0.31504495 0.46044758 0.36324266 0.46488572  0.41865368 0.49146468 0.54481791 0.39800211 0.48519116 0.44388125  0.47312367 0.50851393 0.65488531 0.39463753
0.07211425 0.46582772 0.30103097 0.48750967 0.37442167 0.4336597  0.39359642 0.51070944 0.54872091 0.39594525 0.46325231 0.44711379  0.50823922 0.52201119 0.67069743 0.41178738
0.21634006 0.66382521 0.19953174 0.6490095  0.42452797 0.27723793  0.28637635 0.5838516  0.51399094 0.38721557 0.33826786 0.46579466  0.62211852 0.46879463 0.56848464 0.47614587
0.30913033 0.75632575 0.16390663 0.6783825  0.39083563 0.41144953  0.2428697  0.49539152 0.61453616 0.46926347 0.38352375 0.49442087  0.47008713 0.47740784 0.69235099 0.47744809
0.40343091 0.8007634  0.15511196 0.5957954  0.3058326  0.66343265  0.28722977 0.45309638 0.70901758 0.45371406 0.550006   0.45055164  0.55642592 0.41144441 0.48545025 0.49774096
0.45789777 0.80725503 0.12637657 0.5188382  0.31834734 0.65274002  0.47661889 0.39204994 0.55437871 0.45630152 0.55672243 0.44941854  0.45403741 0.36647995 0.42659029 0.47064801
0.56292912 0.75342011 0.11348532 0.33089691 0.31177009 0.65172994  0.6365103  0.51963066 0.43438934 0.41162416 0.49335497 0.44329609  0.6032369  0.40059028 0.45291868 0.51112216
0.61392737 0.70525158 0.1213932  0.23751204 0.29622314 0.65927076  0.64685717 0.60988884 0.42383282 0.38391055 0.43466685 0.44608585  0.67793819 0.40029594 0.53045078 0.51804505
0.64508072 0.65265402 0.13494245 0.19084885 0.28124137 0.6281543  0.59554035 0.74328506 0.41761212 0.40830666 0.40399976 0.4631499  0.53068227 0.31635145 0.6036428  0.53214929
0.64508072 0.65265402 0.13494245 0.19084885 0.28124137 0.6281543  0.59554035 0.74328506 0.41761212 0.40830666 0.40399976 0.4631499  0.53068227 0.31635145 0.6036428  0.53214929
0.75425381 0.39194165 0.09892216 0.13372911 0.36185869 0.45327963  0.36674736 0.51260329 0.62210065 0.32688726 0.41273005 0.46293386  0.40302233 0.22408338 0.40704369 0.39484805
0.76970573 0.37857664 0.12206224 0.14155017 0.33778519 0.47020576  0.32197794 0.52289173 0.571542   0.3456276  0.37042712 0.46798397  0.39709884 0.21632206 0.35102031 0.32656879
0.78439602 0.34920449 0.11509822 0.12285053 0.34576701 0.4533275  0.31428084 0.45325025 0.60155421 0.35564157 0.3029053  0.49730314  0.41435012 0.29059942 0.41129945 0.33353117
0.78439602 0.34920449 0.11509822 0.12285053 0.34576701 0.4533275  0.31428084 0.45325025 0.60155421 0.35564157 0.3029053  0.49730314  0.41435012 0.29059942 0.41129945 0.33353117
0.78439602 0.34920449 0.11509822 0.12285053 0.34576701 0.4533275  0.31428084 0.45325025 0.60155421 0.35564157 0.3029053  0.49730314  0.41435012 0.29059942 0.41129945 0.33353117
0.79649193 0.34119151 0.14744437 0.15281633 0.32236126 0.44874345  0.30780036 0.43813223 0.55163293 0.36013155 0.32710813 0.51463293  0.47766208 0.31182198 0.41533923 0.25461197
0.79649193 0.34119151 0.14744437 0.15281633 0.32236126 0.44874345  0.30780036 0.43813223 0.55163293 0.36013155 0.32710813 0.51463293  0.47766208 0.31182198 0.41533923 0.25461197
0.83907794 0.31186418 0.27100385 0.24961143 0.22856902 0.37488906  0.32497573 0.40668594 0.42483007 0.40009881 0.45542595 0.60632895  0.53005448 0.37857573 0.5249049  0.15429888
0.88842953 0.33985558 0.47733663 0.29214169 0.43692689 0.44909004  0.27528277 0.33187814 0.3320527  0.30754435 0.41443846 0.38151881  0.47968093 0.51364234 0.46658542 0.23956404
0.88842953 0.33985558 0.47733663 0.29214169 0.43692689 0.44909004  0.27528277 0.33187814 0.3320527  0.30754435 0.41443846 0.38151881  0.47968093 0.51364234 0.46658542 0.23956404
0.91841699 0.39353019 0.65366334 0.28824248 0.55367298 0.43154824  0.29976105 0.27551463 0.35874782 0.19869001 0.37583501 0.33225824  0.48607697 0.42239987 0.59255573 0.20702579
0.9246982  0.39697033 0.68434178 0.29844919 0.5544059  0.40479279  0.34122549 0.27930846 0.42359698 0.22774067 0.35210287 0.30948838  0.47395518 0.36577806 0.61987695 0.22857664
0.92538073 0.44721932 0.75151292 0.23870556 0.60620852 0.3751186  0.34203651 0.29015702 0.47387014 0.24109676 0.39552958 0.42831986  0.41931793 0.36496958 0.56459956 0.28657851
0.92682497 0.45456319 0.76550189 0.22515433 0.65839697 0.39100343  0.3237554  0.29605002 0.45181976 0.23255292 0.43492164 0.50040023  0.40843742 0.33635683 0.57888078 0.34188967
0.9275395  0.45875495 0.77543257 0.21339434 0.701758   0.40095056  0.31123201 0.30054325 0.43761831 0.23794622 0.46558975 0.54813015  0.41769851 0.31639742 0.58930549 0.35895529
0.92083191 0.44777371 0.7340004  0.21435763 0.67566643 0.4117093  0.30246884 0.30025975 0.40861217 0.22283688 0.4475819  0.52353837  0.45308239 0.32394732 0.60038712 0.29319523
0.93570486 0.38395571 0.71514457 0.31587186 0.67935447 0.45135697  0.3054637  0.28381534 0.3397394  0.22745239 0.4537347  0.37101668  0.45581326 0.34663086 0.62303748 0.37823501
0.92730136 0.34698211 0.63892375 0.36720871 0.52017479 0.42337923  0.33440912 0.27444449 0.3444622  0.17072102 0.43930073 0.37206137  0.44510343 0.3351026  0.65559465 0.40609922
0.908643   0.29510723 0.5054014  0.4129677  0.33378726 0.41730119  0.32176388 0.27158462 0.28355493 0.12585028 0.47853756 0.40921765  0.48790976 0.40288246 0.62937917 0.41996097
0.91320371 0.20730475 0.43168788 0.52266493 0.28461658 0.41638801  0.34570484 0.2971602  0.25982578 0.2555162  0.62787631 0.43765324  0.59256384 0.38129643 0.63439623 0.528874  
0.91320371 0.20730475 0.43168788 0.52266493 0.28461658 0.41638801  0.34570484 0.2971602  0.25982578 0.2555162  0.62787631 0.43765324  0.59256384 0.38129643 0.63439623 0.528874  
0.90921859 0.19521657 0.40414269 0.52729806 0.26441569 0.41187066  0.35347469 0.30684396 0.26864322 0.31069772 0.63762707 0.44476441  0.62901816 0.39758545 0.60707226 0.51236348
0.90342495 0.1822044  0.36971525 0.52531402 0.26234229 0.41113492  0.36462915 0.33036871 0.27562455 0.37911572 0.63852146 0.44447868  0.6602924  0.38268442 0.61167718 0.45520076
0.90832632 0.16085445 0.36578222 0.57202652 0.2869643  0.44786674  0.38677653 0.35287028 0.2611498  0.36574084 0.61895039 0.4278996  0.66224352 0.39476914 0.6531806  0.43927355
0.91402027 0.13737701 0.35954636 0.61701541 0.31669014 0.48755252  0.40412609 0.36449026 0.24440307 0.35004392 0.59010461 0.39255922  0.66888371 0.39952586 0.71817936 0.4239418 
0.91402027 0.13737701 0.35954636 0.61701541 0.31669014 0.48755252  0.40412609 0.36449026 0.24440307 0.35004392 0.59010461 0.39255922  0.66888371 0.39952586 0.71817936 0.4239418 
0.91402027 0.13737701 0.35954636 0.61701541 0.31669014 0.48755252  0.40412609 0.36449026 0.24440307 0.35004392 0.59010461 0.39255922  0.66888371 0.39952586 0.71817936 0.4239418 
0.90662156 0.12983481 0.32310487 0.60246918 0.32481404 0.49962488  0.39058702 0.39083168 0.23389343 0.40874466 0.59731019 0.39966144  0.65341698 0.43265206 0.67621123 0.40465616
0.89998599 0.11835121 0.28706059 0.61126119 0.35729283 0.54148731  0.39721455 0.43315504 0.24814533 0.40048157 0.56348055 0.42718177  0.59207104 0.48260877 0.6055609  0.38324298
0.89998599 0.11835121 0.28706059 0.61126119 0.35729283 0.54148731  0.39721455 0.43315504 0.24814533 0.40048157 0.56348055 0.42718177  0.59207104 0.48260877 0.6055609  0.38324298
0.89522062 0.09249822 0.24702268 0.65261119 0.4122432  0.59763131  0.45907554 0.51304732 0.31109689 0.38777768 0.47618268 0.47297042  0.50616016 0.49302846 0.58873121 0.26582725
0.89522062 0.09249822 0.24702268 0.65261119 0.4122432  0.59763131  0.45907554 0.51304732 0.31109689 0.38777768 0.47618268 0.47297042  0.50616016 0.49302846 0.58873121 0.26582725
0.89522062 0.09249822 0.24702268 0.65261119 0.4122432  0.59763131  0.45907554 0.51304732 0.31109689 0.38777768 0.47618268 0.47297042  0.50616016 0.49302846 0.58873121 0.26582725
0.89522062 0.09249822 0.24702268 0.65261119 0.4122432  0.59763131  0.45907554 0.51304732 0.31109689 0.38777768 0.47618268 0.47297042  0.50616016 0.49302846 0.58873121 0.26582725
0.89522062 0.09249822 0.24702268 0.65261119 0.4122432  0.59763131  0.45907554 0.51304732 0.31109689 0.38777768 0.47618268 0.47297042  0.50616016 0.49302846 0.58873121 0.26582725
0.89522062 0.09249822 0.24702268 0.65261119 0.4122432  0.59763131  0.45907554 0.51304732 0.31109689 0.38777768 0.47618268 0.47297042  0.50616016 0.49302846 0.58873121 0.26582725
0.89522062 0.09249822 0.24702268 0.65261119 0.4122432  0.59763131  0.45907554 0.51304732 0.31109689 0.38777768 0.47618268 0.47297042  0.50616016 0.49302846 0.58873121 0.26582725
0.89522062 0.09249822 0.24702268 0.65261119 0.4122432  0.59763131  0.45907554 0.51304732 0.31109689 0.38777768 0.47618268 0.47297042  0.50616016 0.49302846 0.58873121 0.26582725
0.88845436 0.12402905 0.25011601 0.55991849 0.36755615 0.53153035  0.3638927  0.43474924 0.23304532 0.44494004 0.57048043 0.37555598  0.5705146  0.41935514 0.6612081  0.40224861
0.88845436 0.12402905 0.25011601 0.55991849 0.36755615 0.53153035  0.3638927  0.43474924 0.23304532 0.44494004 0.57048043 0.37555598  0.5705146  0.41935514 0.6612081  0.40224861
0.8890988  0.14970174 0.27872927 0.54755534 0.35939618 0.53503221  0.37702514 0.41466953 0.23834244 0.38220503 0.48229543 0.35392181  0.60421478 0.37137844 0.74548605 0.30482237
0.89255254 0.17867176 0.32223943 0.5203322  0.30631676 0.48462248  0.35972094 0.3752745  0.24542561 0.370028   0.52769299 0.40361009  0.63402384 0.41127811 0.65000182 0.33772369
0.8958156  0.25779259 0.41777511 0.43659246 0.27070777 0.41763421  0.32493953 0.29285924 0.28820501 0.21049072 0.52044487 0.46179336  0.57452622 0.40023055 0.61248944 0.40065956
0.9185917  0.3993539  0.66503764 0.27586228 0.61094181 0.46063642  0.26573295 0.2805718  0.30220777 0.14907326 0.45052753 0.45766374  0.47069323 0.37049637 0.64202085 0.26722403
0.91204109 0.43799445 0.69225491 0.209045   0.67543524 0.45010933  0.24431642 0.29376395 0.31759931 0.16783519 0.51692347 0.61356413  0.47574237 0.35613691 0.60039371 0.28202594
0.90756029 0.48176452 0.72654327 0.13953968 0.73666776 0.4360634  0.23798461 0.3024016  0.36492342 0.2129642  0.52584459 0.70115913  0.47679293 0.36849329 0.54225292 0.28016395
0.90743537 0.47853554 0.71939415 0.14794198 0.69764449 0.42237551  0.25205296 0.29946793 0.37870617 0.20679097 0.49291643 0.65259029  0.46508813 0.38603513 0.53801609 0.26228942
0.90537788 0.47085152 0.70239656 0.16250932 0.65455284 0.42276163  0.24869693 0.29675432 0.35846827 0.15724786 0.50644821 0.68734712  0.43923746 0.36651891 0.57186508 0.29243057
0.89981983 0.44772581 0.65755627 0.18588253 0.58663685 0.40721502  0.26860742 0.29197486 0.36917721 0.15852982 0.50025115 0.67220328  0.47572575 0.37073235 0.57190819 0.26489955
0.88139064 0.38028533 0.50498679 0.26285556 0.3263519  0.36034921  0.31462509 0.29548893 0.40141926 0.17543794 0.46322517 0.61726848  0.52516432 0.40680174 0.56449013 0.2423818 
0.87442262 0.35031249 0.44240684 0.30405926 0.1999773  0.33616433  0.34628481 0.30321845 0.42038905 0.18160318 0.46440498 0.61650676  0.56069503 0.35735846 0.60459522 0.24966532
0.88986028 0.29093307 0.43469608 0.39496514 0.24544778 0.38137413  0.33681458 0.29696419 0.33196464 0.19197585 0.51535133 0.5136034  0.5685911  0.36021654 0.62066823 0.35886197
0.90342495 0.1822044  0.36971525 0.52531402 0.26234229 0.41113492  0.36462915 0.33036871 0.27562455 0.37911572 0.63852146 0.44447868  0.6602924  0.38268442 0.61167718 0.45520076
0.90342495 0.1822044  0.36971525 0.52531402 0.26234229 0.41113492  0.36462915 0.33036871 0.27562455 0.37911572 0.63852146 0.44447868  0.6602924  0.38268442 0.61167718 0.45520076
0.90832632 0.16085445 0.36578222 0.57202652 0.2869643  0.44786674  0.38677653 0.35287028 0.2611498  0.36574084 0.61895039 0.4278996  0.66224352 0.39476914 0.6531806  0.43927355
0.89917864 0.15536188 0.32850793 0.55426077 0.31031788 0.4585907  0.38673116 0.38064534 0.27081335 0.39361478 0.60239861 0.4135517  0.62579426 0.35011276 0.68366607 0.42170397
0.89747388 0.12434223 0.28583057 0.58470344 0.34816761 0.51034883  0.39054165 0.41860674 0.24355699 0.4366186  0.5807584  0.38531354  0.61696772 0.38799568 0.7066967  0.38708658
0.89747388 0.12434223 0.28583057 0.58470344 0.34816761 0.51034883  0.39054165 0.41860674 0.24355699 0.4366186  0.5807584  0.38531354  0.61696772 0.38799568 0.7066967  0.38708658
0.89985783 0.11317181 0.28550087 0.61828038 0.36125787 0.53102974  0.42381813 0.4447876  0.26832055 0.42003408 0.55720674 0.42259144  0.6020749  0.40659293 0.68153497 0.35051138
0.89083831 0.11285863 0.2497863  0.59349544 0.3806464  0.55221126  0.39716918 0.4609301  0.25780888 0.42835552 0.54692876 0.41283387  0.55562178 0.43795238 0.63604637 0.3656734 
0.88129584 0.10908962 0.21461027 0.5935818  0.42371367 0.58701222  0.42641424 0.50116079 0.3203853  0.38983095 0.47527922 0.41404059  0.48410655 0.40902415 0.62812638 0.35451073
0.88384044 0.09748986 0.21253247 0.62583707 0.44259518 0.61308166  0.45891732 0.52747815 0.34628952 0.36741009 0.43511445 0.43870564  0.45983779 0.43830145 0.61371315 0.30107582
0.88384044 0.09748986 0.21253247 0.62583707 0.44259518 0.61308166  0.45891732 0.52747815 0.34628952 0.36741009 0.43511445 0.43870564  0.45983779 0.43830145 0.61371315 0.30107582
0.88384044 0.09748986 0.21253247 0.62583707 0.44259518 0.61308166  0.45891732 0.52747815 0.34628952 0.36741009 0.43511445 0.43870564  0.45983779 0.43830145 0.61371315 0.30107582
0.88384044 0.09748986 0.21253247 0.62583707 0.44259518 0.61308166  0.45891732 0.52747815 0.34628952 0.36741009 0.43511445 0.43870564  0.45983779 0.43830145 0.61371315 0.30107582
0.84425953 0.14718507 0.1163619  0.51866799 0.51726401 0.69616908  0.42838366 0.5405564  0.43268521 0.29339684 0.24940189 0.34988266  0.44101481 0.40965747 0.51795488 0.28387613
0.84425953 0.14718507 0.1163619  0.51866799 0.51726401 0.69616908  0.42838366 0.5405564  0.43268521 0.29339684 0.24940189 0.34988266  0.44101481 0.40965747 0.51795488 0.28387613
0.84425953 0.14718507 0.1163619  0.51866799 0.51726401 0.69616908  0.42838366 0.5405564  0.43268521 0.29339684 0.24940189 0.34988266  0.44101481 0.40965747 0.51795488 0.28387613
0.84425953 0.14718507 0.1163619  0.51866799 0.51726401 0.69616908  0.42838366 0.5405564  0.43268521 0.29339684 0.24940189 0.34988266  0.44101481 0.40965747 0.51795488 0.28387613
0.84425953 0.14718507 0.1163619  0.51866799 0.51726401 0.69616908  0.42838366 0.5405564  0.43268521 0.29339684 0.24940189 0.34988266  0.44101481 0.40965747 0.51795488 0.28387613
0.82977967 0.16636847 0.08434546 0.45512524 0.5275795  0.68007221  0.40158766 0.52949355 0.45784292 0.30549138 0.24875073 0.29527498  0.39259567 0.36983767 0.53907684 0.39937052
0.81432775 0.17973349 0.06120539 0.44730418 0.55165301 0.66314608  0.44635708 0.51920511 0.50840157 0.28675104 0.29105366 0.29022487  0.39851917 0.37759899 0.59510022 0.46764979
0.75695405 0.27914533 0.02988687 0.41975356 0.56756291 0.61510796  0.51391119 0.35622015 0.57093748 0.24245935 0.39805681 0.27761398  0.55991745 0.42536526 0.64716753 0.43537057
0.71696342 0.34492711 0.01216797 0.41008039 0.5792299  0.56661073  0.57539028 0.26716291 0.62809938 0.21820507 0.48321349 0.31442585  0.61190629 0.47639827 0.6418789  0.3659653 
0.62682744 0.5181959  0.0293009  0.44443094 0.51365331 0.56533122  0.59722505 0.07832236 0.60636619 0.35736984 0.33384221 0.44295004  0.52954507 0.52034926 0.64142349 0.3421605 
0.56448599 0.58240598 0.04007823 0.43032658 0.5016763  0.41970159  0.59257781 0.07496656 0.54097335 0.40683547 0.35256457 0.47635269  0.45296927 0.49495452 0.70633848 0.32493208
0.53637602 0.64810644 0.05279167 0.45736011 0.47522652 0.46858569  0.63842964 0.1686351  0.46364857 0.43423047 0.37448758 0.46797295  0.43854535 0.45299974 0.74203726 0.35066294
0.42057743 0.64671397 0.076479   0.5235904  0.51063548 0.20534989  0.55168565 0.21925594 0.38177023 0.4167656  0.30398561 0.5041143  0.40622845 0.44577967 0.63128081 0.29962852
0.37448847 0.69061472 0.10047069 0.5331802  0.49358798 0.2020373  0.61279577 0.38135231 0.28282247 0.37881587 0.38795819 0.45643328  0.43946042 0.39767846 0.5128958  0.30854675
0.31900448 0.66815202 0.1230809  0.58347024 0.49629454 0.16163421  0.53377976 0.40052459 0.25711802 0.40005986 0.26043256 0.48727092  0.44888161 0.36365396 0.48378147 0.3725227 
0.28789067 0.69236764 0.14426571 0.59969813 0.47560329 0.16314422  0.50045994 0.50453736 0.28645284 0.40603301 0.26796056 0.49228663  0.49882729 0.42289847 0.51481512 0.44564443
0.21460422 0.60567492 0.19332011 0.55135529 0.45495711 0.20402231  0.50062089 0.51656197 0.29247203 0.39124506 0.236751   0.48841375  0.65217313 0.39750705 0.40043615 0.51265729
0.14160429 0.5430795  0.24158482 0.54594985 0.42908338 0.24954325  0.44008222 0.53331167 0.31845351 0.39134866 0.18336637 0.49181668  0.70826168 0.36447014 0.34115437 0.58200764
0.07057186 0.4363202  0.29688016 0.44476643 0.38823898 0.36908819  0.52491791 0.46269653 0.31979163 0.40788175 0.2630435  0.48417518  0.57287142 0.33420379 0.33510928 0.53324894
0.03585866 0.41212524 0.32497922 0.44119937 0.36258431 0.43456132  0.47408025 0.48300288 0.40965789 0.37891942 0.36959995 0.44872305  0.56049334 0.35167352 0.32731793 0.46450854
0.01779563 0.38669558 0.33863985 0.42004769 0.35385851 0.46460162  0.48109267 0.47190843 0.43452283 0.38595027 0.3992976  0.44733029  0.52908455 0.38078184 0.39373238 0.44873962
0.01779563 0.38669558 0.33863985 0.42004769 0.35385851 0.46460162  0.48109267 0.47190843 0.43452283 0.38595027 0.3992976  0.44733029  0.52908455 0.38078184 0.39373238 0.44873962
0.00039479 0.36283831 0.35232302 0.39930133 0.34523319 0.50234819  0.48417291 0.45702496 0.47508945 0.39693445 0.45000532 0.44589633  0.47476172 0.42761975 0.50206904 0.41641874
0.00039479 0.36283831 0.35232302 0.39930133 0.34523319 0.50234819  0.48417291 0.45702496 0.47508945 0.39693445 0.45000532 0.44589633  0.47476172 0.42761975 0.50206904 0.41641874
0.00039479 0.36283831 0.35232302 0.39930133 0.34523319 0.50234819  0.48417291 0.45702496 0.47508945 0.39693445 0.45000532 0.44589633  0.47476172 0.42761975 0.50206904 0.41641874
0.00039479 0.36283831 0.35232302 0.39930133 0.34523319 0.50234819  0.48417291 0.45702496 0.47508945 0.39693445 0.45000532 0.44589633  0.47476172 0.42761975 0.50206904 0.41641874
0.00039479 0.36283831 0.35232302 0.39930133 0.34523319 0.50234819  0.48417291 0.45702496 0.47508945 0.39693445 0.45000532 0.44589633  0.47476172 0.42761975 0.50206904 0.41641874
0.00039479 0.36283831 0.35232302 0.39930133 0.34523319 0.50234819  0.48417291 0.45702496 0.47508945 0.39693445 0.45000532 0.44589633  0.47476172 0.42761975 0.50206904 0.41641874
0.00039479 0.36283831 0.35232302 0.39930133 0.34523319 0.50234819  0.48417291 0.45702496 0.47508945 0.39693445 0.45000532 0.44589633  0.47476172 0.42761975 0.50206904 0.41641874
0.00039479 0.36283831 0.35232302 0.39930133 0.34523319 0.50234819  0.48417291 0.45702496 0.47508945 0.39693445 0.45000532 0.44589633  0.47476172 0.42761975 0.50206904 0.41641874
0.00039479 0.36283831 0.35232302 0.39930133 0.34523319 0.50234819  0.48417291 0.45702496 0.47508945 0.39693445 0.45000532 0.44589633  0.47476172 0.42761975 0.50206904 0.41641874
0.00039479 0.36283831 0.35232302 0.39930133 0.34523319 0.50234819  0.48417291 0.45702496 0.47508945 0.39693445 0.45000532 0.44589633  0.47476172 0.42761975 0.50206904 0.41641874
0.00039479 0.36283831 0.35232302 0.39930133 0.34523319 0.50234819  0.48417291 0.45702496 0.47508945 0.39693445 0.45000532 0.44589633  0.47476172 0.42761975 0.50206904 0.41641874
0.00039479 0.36283831 0.35232302 0.39930133 0.34523319 0.50234819  0.48417291 0.45702496 0.47508945 0.39693445 0.45000532 0.44589633  0.47476172 0.42761975 0.50206904 0.41641874
0.00039479 0.36283831 0.35232302 0.39930133 0.34523319 0.50234819  0.48417291 0.45702496 0.47508945 0.39693445 0.45000532 0.44589633  0.47476172 0.42761975 0.50206904 0.41641874
0.00039479 0.36283831 0.35232302 0.39930133 0.34523319 0.50234819  0.48417291 0.45702496 0.47508945 0.39693445 0.45000532 0.44589633  0.47476172 0.42761975 0.50206904 0.41641874
0.00039479 0.36283831 0.35232302 0.39930133 0.34523319 0.50234819  0.48417291 0.45702496 0.47508945 0.39693445 0.45000532 0.44589633  0.47476172 0.42761975 0.50206904 0.41641874
0.00039479 0.36283831 0.35232302 0.39930133 0.34523319 0.50234819  0.48417291 0.45702496 0.47508945 0.39693445 0.45000532 0.44589633  0.47476172 0.42761975 0.50206904 0.41641874
0.00039479 0.36283831 0.35232302 0.39930133 0.34523319 0.50234819  0.48417291 0.45702496 0.47508945 0.39693445 0.45000532 0.44589633  0.47476172 0.42761975 0.50206904 0.41641874
0.00039479 0.36283831 0.35232302 0.39930133 0.34523319 0.50234819  0.48417291 0.45702496 0.47508945 0.39693445 0.45000532 0.44589633  0.47476172 0.42761975 0.50206904 0.41641874
