0.00039479 0.36283831 0.35232302 0.39930133 0.34523319 0.50234819  0.48417291 0.45702496 0.47508945 0.39693445 0.45000532 0.44589633  0.47476172 0.42761975 0.50206904 0.41641874
0.00039479 0.36283831 0.35232302 0.39930133 0.34523319 0.50234819  0.48417291 0.45702496 0.47508945 0.39693445 0.45000532 0.44589633  0.47476172 0.42761975 0.50206904 0.41641874
0.00039479 0.36283831 0.35232302 0.39930133 0.34523319 0.50234819  0.48417291 0.45702496 0.47508945 0.39693445 0.45000532 0.44589633  0.47476172 0.42761975 0.50206904 0.41641874
0.00039479 0.36283831 0.35232302 0.39930133 0.34523319 0.50234819  0.48417291 0.45702496 0.47508945 0.39693445 0.45000532 0.44589633  0.47476172 0.42761975 0.50206904 0.41641874
0.00039479 0.36283831 0.35232302 0.39930133 0.34523319 0.50234819  0.48417291 0.45702496 0.47508945 0.39693445 0.45000532 0.44589633  0.47476172 0.42761975 0.50206904 0.41641874
0.00039479 0.36283831 0.35232302 0.39930133 0.34523319 0.50234819  0.48417291 0.45702496 0.47508945 0.39693445 0.45000532 0.44589633  0.47476172 0.42761975 0.50206904 0.41641874
0.00039479 0.36283831 0.35232302 0.39930133 0.34523319 0.50234819  0.48417291 0.45702496 0.47508945 0.39693445 0.45000532 0.44589633  0.47476172 0.42761975 0.50206904 0.41641874
0.00039479 0.36283831 0.35232302 0.39930133 0.34523319 0.50234819  0.48417291 0.45702496 0.47508945 0.39693445 0.45000532 0.44589633  0.47476172 0.42761975 0.50206904 0.41641874
0.00039479 0.36283831 0.35232302 0.39930133 0.34523319 0.50234819  0.48417291 0.45702496 0.47508945 0.39693445 0.45000532 0.44589633  0.47476172 0.42761975 0.50206904 0.41641874
0.00039479 0.36283831 0.35232302 0.39930133 0.34523319 0.50234819  0.48417291 0.45702496 0.47508945 0.39693445 0.45000532 0.44589633  0.47476172 0.42761975 0.50206904 0.41641874
0.00039479 0.36283831 0.35232302 0.39930133 0.34523319 0.50234819  0.48417291 0.45702496 0.47508945 0.39693445 0.45000532 0.44589633  0.47476172 0.42761975 0.50206904 0.41641874
0.00039479 0.36283831 0.35232302 0.39930133 0.34523319 0.50234819  0.48417291 0.45702496 0.47508945 0.39693445 0.45000532 0.44589633  0.47476172 0.42761975 0.50206904 0.41641874
0.00039479 0.36283831 0.35232302 0.39930133 0.34523319 0.50234819  0.48417291 0.45702496 0.47508945 0.39693445 0.45000532 0.44589633  0.47476172 0.42761975 0.50206904 0.41641874
0.00039479 0.36283831 0.35232302 0.39930133 0.34523319 0.50234819  0.48417291 0.45702496 0.47508945 0.39693445 0.45000532 0.44589633  0.47476172 0.42761975 0.50206904 0.41641874
0.00039479 0.36283831 0.35232302 0.39930133 0.34523319 0.50234819  0.48417291 0.45702496 0.47508945 0.39693445 0.45000532 0.44589633  0.47476172 0.42761975 0.50206904 0.41641874
0.00039479 0.36283831 0.35232302 0.39930133 0.34523319 0.50234819  0.48417291 0.45702496 0.47508945 0.39693445 0.45000532 0.44589633  0.47476172 0.42761975 0.50206904 0.41641874
0.00039479 0.36283831 0.35232302 0.39930133 0.34523319 0.50234819  0.48417291 0.45702496 0.47508945 0.39693445 0.45000532 0.44589633  0.47476172 0.42761975 0.50206904 0.41641874
0.00039479 0.36283831 0.35232302 0.39930133 0.34523319 0.50234819  0.48417291 0.45702496 0.47508945 0.39693445 0.45000532 0.44589633  0.47476172 0.42761975 0.50206904 0.41641874
0.00039479 0.36283831 0.35232302 0.39930133 0.34523319 0.50234819  0.48417291 0.45702496 0.47508945 0.39693445 0.45000532 0.44589633  0.47476172 0.42761975 0.50206904 0.41641874
0.00039479 0.36283831 0.35232302 0.39930133 0.34523319 0.50234819  0.48417291 0.45702496 0.47508945 0.39693445 0.45000532 0.44589633  0.47476172 0.42761975 0.50206904 0.41641874
0.00039479 0.36283831 0.35232302 0.39930133 0.34523319 0.50234819  0.48417291 0.45702496 0.47508945 0.39693445 0.45000532 0.44589633  0.47476172 0.42761975 0.50206904 0.41641874
0.00039479 0.36283831 0.35232302 0.39930133 0.34523319 0.50234819  0.48417291 0.45702496 0.47508945 0.39693445 0.45000532 0.44589633  0.47476172 0.42761975 0.50206904 0.41641874
0.00039479 0.36283831 0.35232302 0.39930133 0.34523319 0.50234819  0.48417291 0.45702496 0.47508945 0.39693445 0.45000532 0.44589633  0.47476172 0.42761975 0.50206904 0.41641874
0.00039479 0.36283831 0.35232302 0.39930133 0.34523319 0.50234819  0.48417291 0.45702496 0.47508945 0.39693445 0.45000532 0.44589633  0.47476172 0.42761975 0.50206904 0.41641874
0.00039479 0.36283831 0.35232302 0.39930133 0.34523319 0.50234819  0.48417291 0.45702496 0.47508945 0.39693445 0.45000532 0.44589633  0.47476172 0.42761975 0.50206904 0.41641874
0.00039479 0.36283831 0.35232302 0.39930133 0.34523319 0.50234819  0.48417291 0.45702496 0.47508945 0.39693445 0.45000532 0.44589633  0.47476172 0.42761975 0.50206904 0.41641874
0.00039479 0.36283831 0.35232302 0.39930133 0.34523319 0.50234819  0.48417291 0.45702496 0.47508945 0.39693445 0.45000532 0.44589633  0.47476172 0.42761975 0.50206904 0.41641874
0.00039479 0.36283831 0.35232302 0.39930133 0.34523319 0.50234819  0.48417291 0.45702496 0.47508945 0.39693445 0.45000532 0.44589633  0.47476172 0.42761975 0.50206904 0.41641874
0.00039479 0.36283831 0.35232302 0.39930133 0.34523319 0.50234819  0.48417291 0.45702496 0.47508945 0.39693445 0.45000532 0.44589633  0.47476172 0.42761975 0.50206904 0.41641874
0.00039479 0.36283831 0.35232302 0.39930133 0.34523319 0.50234819  0.48417291 0.45702496 0.47508945 0.39693445 0.45000532 0.44589633  0.47476172 0.42761975 0.50206904 0.41641874
0.00039479 0.36283831 0.35232302 0.39930133 0.34523319 0.50234819  0.48417291 0.45702496 0.47508945 0.39693445 0.45000532 0.44589633  0.47476172 0.42761975 0.50206904 0.41641874
0.00039479 0.36283831 0.35232302 0.39930133 0.34523319 0.50234819  0.48417291 0.45702496 0.47508945 0.39693445 0.45000532 0.44589633  0.47476172 0.42761975 0.50206904 0.41641874
0.00039479 0.36283831 0.35232302 0.39930133 0.34523319 0.50234819  0.48417291 0.45702496 0.47508945 0.39693445 0.45000532 0.44589633  0.47476172 0.42761975 0.50206904 0.41641874
0.00039479 0.36283831 0.35232302 0.39930133 0.34523319 0.50234819  0.48417291 0.45702496 0.47508945 0.39693445 0.45000532 0.44589633  0.47476172 0.42761975 0.50206904 0.41641874
0.00039479 0.36283831 0.35232302 0.39930133 0.34523319 0.50234819  0.48417291 0.45702496 0.47508945 0.39693445 0.45000532 0.44589633  0.47476172 0.42761975 0.50206904 0.41641874
0.00039479 0.36283831 0.35232302 0.39930133 0.34523319 0.50234819  0.48417291 0.45702496 0.47508945 0.39693445 0.45000532 0.44589633  0.47476172 0.42761975 0.50206904 0.41641874
0.00039479 0.36283831 0.35232302 0.39930133 0.34523319 0.50234819  0.48417291 0.45702496 0.47508945 0.39693445 0.45000532 0.44589633  0.47476172 0.42761975 0.50206904 0.41641874
0.00039479 0.36283831 0.35232302 0.39930133 0.34523319 0.50234819  0.48417291 0.45702496 0.47508945 0.39693445 0.45000532 0.44589633  0.47476172 0.42761975 0.50206904 0.41641874
0.00039479 0.36283831 0.35232302 0.39930133 0.34523319 0.50234819  0.48417291 0.45702496 0.47508945 0.39693445 0.45000532 0.44589633  0.47476172 0.42761975 0.50206904 0.41641874
0.00039479 0.36283831 0.35232302 0.39930133 0.34523319 0.50234819  0.48417291 0.45702496 0.47508945 0.39693445 0.45000532 0.44589633  0.47476172 0.42761975 0.50206904 0.41641874
0.00039479 0.36283831 0.35232302 0.39930133 0.34523319 0.50234819  0.48417291 0.45702496 0.47508945 0.39693445 0.45000532 0.44589633  0.47476172 0.42761975 0.50206904 0.41641874
0.00039479 0.36283831 0.35232302 0.39930133 0.34523319 0.50234819  0.48417291 0.45702496 0.47508945 0.39693445 0.45000532 0.44589633  0.47476172 0.42761975 0.50206904 0.41641874
0.00039479 0.36283831 0.35232302 0.39930133 0.34523319 0.50234819  0.48417291 0.45702496 0.47508945 0.39693445 0.45000532 0.44589633  0.47476172 0.42761975 0.50206904 0.41641874
0.00039479 0.36283831 0.35232302 0.39930133 0.34523319 0.50234819  0.48417291 0.45702496 0.47508945 0.39693445 0.45000532 0.44589633  0.47476172 0.42761975 0.50206904 0.41641874
0.00039479 0.36283831 0.35232302 0.39930133 0.34523319 0.50234819  0.48417291 0.45702496 0.47508945 0.39693445 0.45000532 0.44589633  0.47476172 0.42761975 0.50206904 0.41641874
0.00039479 0.36283831 0.35232302 0.39930133 0.34523319 0.50234819  0.48417291 0.45702496 0.47508945 0.39693445 0.45000532 0.44589633  0.47476172 0.42761975 0.50206904 0.41641874
0.00039479 0.36283831 0.35232302 0.39930133 0.34523319 0.50234819  0.48417291 0.45702496 0.47508945 0.39693445 0.45000532 0.44589633  0.47476172 0.42761975 0.50206904 0.41641874
0.00039479 0.36283831 0.35232302 0.39930133 0.34523319 0.50234819  0.48417291 0.45702496 0.47508945 0.39693445 0.45000532 0.44589633  0.47476172 0.42761975 0.50206904 0.41641874
0.00039479 0.36283831 0.35232302 0.39930133 0.34523319 0.50234819  0.48417291 0.45702496 0.47508945 0.39693445 0.45000532 0.44589633  0.47476172 0.42761975 0.50206904 0.41641874
0.00039479 0.36283831 0.35232302 0.39930133 0.34523319 0.50234819  0.48417291 0.45702496 0.47508945 0.39693445 0.45000532 0.44589633  0.47476172 0.42761975 0.50206904 0.41641874
0.00039479 0.36283831 0.35232302 0.39930133 0.34523319 0.50234819  0.48417291 0.45702496 0.47508945 0.39693445 0.45000532 0.44589633  0.47476172 0.42761975 0.50206904 0.41641874
0.00039479 0.36283831 0.35232302 0.39930133 0.34523319 0.50234819  0.48417291 0.45702496 0.47508945 0.39693445 0.45000532 0.44589633  0.47476172 0.42761975 0.50206904 0.41641874
0.00039479 0.36283831 0.35232302 0.39930133 0.34523319 0.50234819  0.48417291 0.45702496 0.47508945 0.39693445 0.45000532 0.44589633  0.47476172 0.42761975 0.50206904 0.41641874
0.00039479 0.36283831 0.35232302 0.39930133 0.34523319 0.50234819  0.48417291 0.45702496 0.47508945 0.39693445 0.45000532 0.44589633  0.47476172 0.42761975 0.50206904 0.41641874
0.00039479 0.36283831 0.35232302 0.39930133 0.34523319 0.50234819  0.48417291 0.45702496 0.47508945 0.39693445 0.45000532 0.44589633  0.47476172 0.42761975 0.50206904 0.41641874
0.00039479 0.36283831 0.35232302 0.39930133 0.34523319 0.50234819  0.48417291 0.45702496 0.47508945 0.39693445 0.45000532 0.44589633  0.47476172 0.42761975 0.50206904 0.41641874
0.00039479 0.36283831 0.35232302 0.39930133 0.34523319 0.50234819  0.48417291 0.45702496 0.47508945 0.39693445 0.45000532 0.44589633  0.47476172 0.42761975 0.50206904 0.41641874
0.07211425 0.46582772 0.30103097 0.48750967 0.37442167 0.4336597  0.39359642 0.51070944 0.54872091 0.39594525 0.46325231 0.44711379  0.50823922 0.52201119 0.67069743 0.41178738
0.07211425 0.46582772 0.30103097 0.48750967 0.37442167 0.4336597  0.39359642 0.51070944 0.54872091 0.39594525 0.46325231 0.44711379  0.50823922 0.52201119 0.67069743 0.41178738
0.12703728 0.540545   0.2630731  0.54404947 0.39250815 0.38912251  0.35093785 0.53638842 0.58113194 0.38410803 0.49624554 0.43818117  0.50274487 0.56447719 0.72958492 0.36006143
0.1807707  0.61922259 0.22198837 0.61483551 0.42069095 0.30530399  0.30005467 0.57934475 0.56963884 0.37161487 0.44390026 0.44184305  0.57613922 0.56943621 0.71000013 0.38576126
0.23476218 0.6886814  0.1873013  0.66667202 0.42877097 0.27141515  0.269237   0.58962159 0.5418727  0.38683453 0.3690882  0.46105598  0.59724024 0.49718258 0.62285176 0.44932239
0.23476218 0.6886814  0.1873013  0.66667202 0.42877097 0.27141515  0.269237   0.58962159 0.5418727  0.38683453 0.3690882  0.46105598  0.59724024 0.49718258 0.62285176 0.44932239
0.23476218 0.6886814  0.1873013  0.66667202 0.42877097 0.27141515  0.269237   0.58962159 0.5418727  0.38683453 0.3690882  0.46105598  0.59724024 0.49718258 0.62285176 0.44932239
0.23476218 0.6886814  0.1873013  0.66667202 0.42877097 0.27141515  0.269237   0.58962159 0.5418727  0.38683453 0.3690882  0.46105598  0.59724024 0.49718258 0.62285176 0.44932239
0.23476218 0.6886814  0.1873013  0.66667202 0.42877097 0.27141515  0.269237   0.58962159 0.5418727  0.38683453 0.3690882  0.46105598  0.59724024 0.49718258 0.62285176 0.44932239
0.23476218 0.6886814  0.1873013  0.66667202 0.42877097 0.27141515  0.269237   0.58962159 0.5418727  0.38683453 0.3690882  0.46105598  0.59724024 0.49718258 0.62285176 0.44932239
0.23476218 0.6886814  0.1873013  0.66667202 0.42877097 0.27141515  0.269237   0.58962159 0.5418727  0.38683453 0.3690882  0.46105598  0.59724024 0.49718258 0.62285176 0.44932239
0.23476218 0.6886814  0.1873013  0.66667202 0.42877097 0.27141515  0.269237   0.58962159 0.5418727  0.38683453 0.3690882  0.46105598  0.59724024 0.49718258 0.62285176 0.44932239
0.25357882 0.70998913 0.17713897 0.67310372 0.42729483 0.28528874  0.2685735  0.58100941 0.56689299 0.38552766 0.42354325 0.45097698  0.54722988 0.50423186 0.63797693 0.41087669
0.27230287 0.73267769 0.16547083 0.68332028 0.43003633 0.28129444  0.27429226 0.57383444 0.55875287 0.38318526 0.44123623 0.44755586  0.5143895  0.4866367  0.6130834  0.38891645
0.27230287 0.73267769 0.16547083 0.68332028 0.43003633 0.28129444  0.27429226 0.57383444 0.55875287 0.38318526 0.44123623 0.44755586  0.5143895  0.4866367  0.6130834  0.38891645
0.32872762 0.77157234 0.15467178 0.65849826 0.38432666 0.43569193  0.27720796 0.51384097 0.64364067 0.4209667  0.53149912 0.44639332  0.46081215 0.45835741 0.59062133 0.41662925
0.34703591 0.78070022 0.15599052 0.65275933 0.36251509 0.50632265  0.2602343  0.47521433 0.67039174 0.46170498 0.49562397 0.46881395  0.46104983 0.45533444 0.61526442 0.46587666
0.38500068 0.80008635 0.1500423  0.61767303 0.33122515 0.60162614  0.29400884 0.44804128 0.70074437 0.44820811 0.57761426 0.44710914  0.49223646 0.42720784 0.52387333 0.45930185
0.40343091 0.8007634  0.15511196 0.5957954  0.3058326  0.66343265  0.28722977 0.45309638 0.70901758 0.45371406 0.550006   0.45055164  0.55642592 0.41144441 0.48545025 0.49774096
0.40343091 0.8007634  0.15511196 0.5957954  0.3058326  0.66343265  0.28722977 0.45309638 0.70901758 0.45371406 0.550006   0.45055164  0.55642592 0.41144441 0.48545025 0.49774096
0.51055529 0.76312694 0.16971333 0.42397908 0.24414932 0.7785103  0.37715498 0.59855349 0.60003524 0.38044997 0.50616955 0.40405942  0.72135047 0.40640058 0.33587118 0.4630008 
0.56730575 0.80083851 0.30509751 0.43310023 0.21809945 0.7651245  0.37728894 0.50779844 0.46327447 0.256941   0.42036833 0.38857757  0.54532217 0.48180225 0.15289376 0.51142691
0.59699336 0.79447074 0.40340628 0.50048912 0.14254238 0.72075972  0.39553637 0.47558076 0.42115479 0.28938378 0.46791237 0.41247419  0.60681844 0.56696631 0.11698993 0.44524342
0.64373344 0.812771   0.57559381 0.50625561 0.1537439  0.67604677  0.40368029 0.47426834 0.42783365 0.15096986 0.42172191 0.36456134  0.57003091 0.4752311  0.2747205  0.45068641
0.6786808  0.80032272 0.69448479 0.56698687 0.12060071 0.59745964  0.4635166  0.4835728  0.43492619 0.27199226 0.4461235  0.34292461  0.53065926 0.45343949 0.38215491 0.35972953
0.69736862 0.78602467 0.73446745 0.55955149 0.12414965 0.58739274  0.42024604 0.51535257 0.39930924 0.24004782 0.41487667 0.34288198  0.3760058  0.37399156 0.44657372 0.355379  
0.69736862 0.78602467 0.73446745 0.55955149 0.12414965 0.58739274  0.42024604 0.51535257 0.39930924 0.24004782 0.41487667 0.34288198  0.3760058  0.37399156 0.44657372 0.355379  
0.69883604 0.79415876 0.75097061 0.54595018 0.17214887 0.60214391  0.40443485 0.52048362 0.37800293 0.23058083 0.44351884 0.38505077  0.3682555  0.36001705 0.45763385 0.37608124
0.71643562 0.78242282 0.74391036 0.50275949 0.18244608 0.58894919  0.46335713 0.5279257  0.36457524 0.21922704 0.46009284 0.37856341  0.41517402 0.39875833 0.51759837 0.37105509
0.71643562 0.78242282 0.74391036 0.50275949 0.18244608 0.58894919  0.46335713 0.5279257  0.36457524 0.21922704 0.46009284 0.37856341  0.41517402 0.39875833 0.51759837 0.37105509
0.73040277 0.74700882 0.73410421 0.49603811 0.12536122 0.55711936  0.4502719  0.5835593  0.38283671 0.23613418 0.4143156  0.34380764  0.33074214 0.35097668 0.5590081  0.35238089
0.73040277 0.74700882 0.73410421 0.49603811 0.12536122 0.55711936  0.4502719  0.5835593  0.38283671 0.23613418 0.4143156  0.34380764  0.33074214 0.35097668 0.5590081  0.35238089
0.76041245 0.71088554 0.68889464 0.43417004 0.12581864 0.50582455  0.55122981 0.5939934  0.33058254 0.30195293 0.36860533 0.3779389  0.39268109 0.37512802 0.61190217 0.39270185
0.72663329 0.6905155  0.55919667 0.47100664 0.05999711 0.54050758  0.54693079 0.5383689  0.2460912  0.28143776 0.48431921 0.50981308  0.5739386  0.47576375 0.53699383 0.42732301
0.72413815 0.68204146 0.46809751 0.40355433 0.09953992 0.55608489  0.59995595 0.52311771 0.19523951 0.26403988 0.45605708 0.53142565  0.64238363 0.42377581 0.56043892 0.4200572 
0.66746572 0.69816413 0.28876003 0.32856572 0.19083956 0.65132546  0.57594159 0.55543127 0.24512362 0.36637513 0.45294582 0.5249743  0.74990718 0.52878509 0.37778267 0.41012642
0.59653885 0.73919554 0.14708242 0.32135748 0.26519274 0.71186311  0.596087   0.52267368 0.32643458 0.44261209 0.3672133  0.45366016  0.63214232 0.38438419 0.34427195 0.423449  
0.58108692 0.75256055 0.12394235 0.31353641 0.28926624 0.69493698  0.64085643 0.51238524 0.37699323 0.42387175 0.40951623 0.44861004  0.63806581 0.39214551 0.40029533 0.49172826
0.5288502  0.78405947 0.10288509 0.39031419 0.33155691 0.62644655  0.65322508 0.4493614  0.43121685 0.42698037 0.55322645 0.43853031  0.50316601 0.38281431 0.43822306 0.49167611
0.51140848 0.79089737 0.11599837 0.42530369 0.31553618 0.65324467  0.57515946 0.4710931  0.48296985 0.41400035 0.56553844 0.42695294  0.51036833 0.37059658 0.40654666 0.48121669
0.45838905 0.80891871 0.12242179 0.51203108 0.33232493 0.61646279  0.4969268  0.44014611 0.55649777 0.39842403 0.65936307 0.40466817  0.41201251 0.39385085 0.4248643  0.38199162
0.45838905 0.80891871 0.12242179 0.51203108 0.33232493 0.61646279  0.4969268  0.44014611 0.55649777 0.39842403 0.65936307 0.40466817  0.41201251 0.39385085 0.4248643  0.38199162
0.45838905 0.80891871 0.12242179 0.51203108 0.33232493 0.61646279  0.4969268  0.44014611 0.55649777 0.39842403 0.65936307 0.40466817  0.41201251 0.39385085 0.4248643  0.38199162
0.47559317 0.80609748 0.10847013 0.48847085 0.34640238 0.5861626  0.57040853 0.39992178 0.47180248 0.4308198  0.58556592 0.43625334  0.37946787 0.37063093 0.4362612  0.42478642
0.47559317 0.80609748 0.10847013 0.48847085 0.34640238 0.5861626  0.57040853 0.39992178 0.47180248 0.4308198  0.58556592 0.43625334  0.37946787 0.37063093 0.4362612  0.42478642
0.51041997 0.78338241 0.09781543 0.41219182 0.35694946 0.56464004  0.66000416 0.44430629 0.42294363 0.42147442 0.58083471 0.43508781  0.43897655 0.39857774 0.47664614 0.45323699
0.5288502  0.78405947 0.10288509 0.39031419 0.33155691 0.62644655  0.65322508 0.4493614  0.43121685 0.42698037 0.55322645 0.43853031  0.50316601 0.38281431 0.43822306 0.49167611
0.59624748 0.71636651 0.1132773  0.26136573 0.31617116 0.62449742  0.67301219 0.59970431 0.4177858  0.41722633 0.49639692 0.44645975  0.59508168 0.41714324 0.53360534 0.51817222
0.59624748 0.71636651 0.1132773  0.26136573 0.31617116 0.62449742  0.67301219 0.59970431 0.4177858  0.41722633 0.49639692 0.44645975  0.59508168 0.41714324 0.53360534 0.51817222
0.67067592 0.56495436 0.09411866 0.15098854 0.34944464 0.49619834  0.58901342 0.53675289 0.59184817 0.35641715 0.44547559 0.49984765  0.57276435 0.60210358 0.60819491 0.5430647 
0.7034594  0.52733697 0.11462023 0.11355507 0.3141388  0.51904418  0.52524718 0.62380473 0.56845859 0.36570015 0.34626392 0.51449692  0.52652183 0.5242436  0.61689806 0.54476166
0.71586528 0.49196645 0.10811203 0.11799805 0.33014193 0.49546496  0.48779276 0.6092874  0.59338372 0.33863793 0.40896116 0.48994609  0.50647474 0.46232399 0.52287349 0.51770608
0.78964392 0.3225641  0.12671302 0.1782818  0.32877552 0.39092151  0.36674806 0.45268763 0.61000529 0.44097929 0.48887307 0.5526816  0.41682478 0.35472805 0.43415903 0.44771482
0.83150944 0.24652122 0.17996232 0.30629283 0.31827944 0.43359759  0.32180885 0.44434606 0.45098854 0.5109118  0.53850723 0.49162432  0.44650316 0.45360916 0.32688236 0.49396121
0.87051064 0.23658483 0.30961759 0.39293805 0.22929568 0.36918261  0.35314569 0.40301458 0.3994984  0.54872789 0.59987621 0.51630725  0.51810235 0.53760447 0.34545466 0.41206821
0.91128625 0.26391491 0.50238479 0.46107815 0.20759083 0.25575691  0.49965673 0.34356038 0.59533633 0.49204896 0.55585731 0.44484451  0.49283892 0.39196516 0.41353002 0.62780002
0.95241554 0.22939224 0.61640667 0.59724635 0.34719624 0.33485744  0.5658647  0.34575693 0.61600234 0.42462586 0.42699386 0.20897114  0.41045324 0.43478591 0.44106165 0.66392278
0.97004572 0.27309594 0.73776819 0.56995749 0.54375405 0.36223647  0.57934827 0.3483989  0.6763827  0.46430503 0.38657827 0.14741583  0.41954179 0.40912687 0.39004024 0.61856119
0.96082764 0.30999983 0.74442395 0.50332743 0.50933185 0.3164844  0.55906641 0.33702311 0.69318032 0.48724481 0.40555896 0.17019836  0.42239873 0.40852317 0.36850186 0.61716291
0.96082764 0.30999983 0.74442395 0.50332743 0.50933185 0.3164844  0.55906641 0.33702311 0.69318032 0.48724481 0.40555896 0.17019836  0.42239873 0.40852317 0.36850186 0.61716291
0.94182239 0.31638625 0.67437444 0.46652046 0.34738128 0.26181779  0.55131428 0.33014107 0.69511169 0.44888661 0.40416766 0.24095529  0.39085625 0.45622226 0.3803758  0.61850729
0.93565803 0.29524596 0.62887819 0.47760445 0.30847804 0.25056888  0.57181563 0.34786694 0.71292513 0.53489029 0.41858265 0.2511069  0.4747959  0.42642197 0.38983851 0.56372817
0.92369124 0.29078678 0.57929366 0.45285445 0.24540213 0.22355973  0.55141245 0.34492174 0.68959572 0.56231327 0.46446369 0.29440608  0.49639012 0.35662925 0.42570372 0.55096107
0.90317802 0.25004555 0.45679585 0.46649585 0.20135632 0.27593406  0.49656461 0.35743998 0.57895937 0.52702245 0.56325404 0.47499796  0.55330305 0.36211594 0.41490859 0.53217839
0.88581137 0.24033815 0.3760106  0.42792971 0.21064007 0.32124565  0.42125908 0.39066591 0.47485923 0.56945711 0.58642204 0.50329496  0.55243368 0.4496232  0.41826448 0.41845704
0.8439388  0.28966095 0.28469196 0.33855612 0.2187664  0.39108572  0.39524913 0.43803788 0.39124741 0.57190409 0.51181829 0.61287672  0.60126552 0.4892053  0.55327176 0.276342  
0.82771213 0.31751216 0.25176006 0.26666453 0.21451608 0.38661586  0.36631304 0.45217497 0.41450807 0.56525424 0.48748533 0.6545803  0.56055873 0.49373779 0.51119768 0.22379572
0.79586096 0.35587629 0.1778224  0.17277651 0.27950238 0.43133363  0.35911879 0.47778661 0.49440743 0.48598311 0.3237513  0.57159401  0.43817147 0.40117098 0.5709292  0.25569926
0.77199013 0.38457501 0.12160642 0.11840755 0.32976388 0.47690671  0.35173526 0.46776758 0.57662908 0.38270379 0.24020806 0.52185397  0.43439721 0.35251902 0.50532402 0.36058675
0.74421145 0.44630565 0.11644943 0.12388809 0.32789335 0.51697203  0.42240502 0.47296806 0.5651113  0.3814949  0.23897818 0.52864785  0.5579824  0.4527918  0.54234328 0.41671949
0.68333211 0.54645496 0.0884592  0.18166017 0.35374829 0.57244348  0.54105226 0.33170642 0.56025786 0.39686048 0.2422377  0.5192456  0.71528824 0.54030584 0.55042011 0.47338314
0.65474227 0.60647309 0.09129137 0.20882929 0.34130763 0.60018845  0.59616066 0.33582867 0.53216358 0.38520346 0.27781381 0.50761894  0.75621461 0.59236291 0.55919484 0.49265888
0.60767606 0.65920188 0.07480033 0.23907581 0.37440424 0.52379441  0.69283633 0.36461821 0.55701828 0.37460493 0.48103675 0.48392667  0.64499663 0.65559472 0.64612161 0.51599154
0.54375498 0.75882854 0.08640224 0.36971339 0.35530959 0.591098  0.69292025 0.32104577 0.4449072  0.44796593 0.49469783 0.47410501  0.50062481 0.48010388 0.54975819 0.47562118
0.51063446 0.78752363 0.0882966  0.41029067 0.37272032 0.54616975  0.70739643 0.38563215 0.40662178 0.43244602 0.58982791 0.44134334  0.41918407 0.42158995 0.52790212 0.43021969
0.43799019 0.79494566 0.0957897  0.52431825 0.40605603 0.42464512  0.61865175 0.38140634 0.37819463 0.43735065 0.55528199 0.45044176  0.25443575 0.37185045 0.47884873 0.35999102
0.43799019 0.79494566 0.0957897  0.52431825 0.40605603 0.42464512  0.61865175 0.38140634 0.37819463 0.43735065 0.55528199 0.45044176  0.25443575 0.37185045 0.47884873 0.35999102
0.43799019 0.79494566 0.0957897  0.52431825 0.40605603 0.42464512  0.61865175 0.38140634 0.37819463 0.43735065 0.55528199 0.45044176  0.25443575 0.37185045 0.47884873 0.35999102
0.43799019 0.79494566 0.0957897  0.52431825 0.40605603 0.42464512  0.61865175 0.38140634 0.37819463 0.43735065 0.55528199 0.45044176  0.25443575 0.37185045 0.47884873 0.35999102
0.43799019 0.79494566 0.0957897  0.52431825 0.40605603 0.42464512  0.61865175 0.38140634 0.37819463 0.43735065 0.55528199 0.45044176  0.25443575 0.37185045 0.47884873 0.35999102
0.42054847 0.80178357 0.10890297 0.55930774 0.3900353  0.45144325  0.54058613 0.40313805 0.42994763 0.42437063 0.56759398 0.43886439  0.26163807 0.35963271 0.44717233 0.3495316 
0.43799019 0.79494566 0.0957897  0.52431825 0.40605603 0.42464512  0.61865175 0.38140634 0.37819463 0.43735065 0.55528199 0.45044176  0.25443575 0.37185045 0.47884873 0.35999102
0.49303488 0.79925958 0.09535686 0.45348135 0.36242311 0.55936447  0.64847414 0.37819007 0.42004947 0.44379981 0.57325392 0.4478307  0.37226555 0.38284866 0.4679376  0.43524584
0.51146511 0.79993663 0.10042651 0.43160372 0.33703057 0.62117098  0.64169506 0.38324518 0.42832268 0.44930576 0.54564566 0.45127321  0.43645501 0.36708524 0.42951453 0.47368495
0.54644978 0.77232352 0.09582484 0.34712351 0.34185412 0.61325183  0.71214736 0.45680348 0.41778916 0.41562658 0.56980044 0.43204295  0.55008453 0.4215556  0.49818758 0.48664996
0.56324047 0.75110964 0.09211211 0.30418254 0.34843496 0.59677457  0.7318537  0.49777815 0.44141285 0.39386804 0.58813656 0.42747788  0.60811379 0.45263783 0.56700873 0.50068664
0.56324047 0.75110964 0.09211211 0.30418254 0.34843496 0.59677457  0.7318537  0.49777815 0.44141285 0.39386804 0.58813656 0.42747788  0.60811379 0.45263783 0.56700873 0.50068664
0.5805287  0.74168416 0.10642507 0.28770622 0.32206729 0.63853522  0.69543258 0.52707274 0.42096165 0.40027037 0.50992896 0.43680873  0.65015541 0.43933157 0.5128832  0.50609601
0.5805287  0.74168416 0.10642507 0.28770622 0.32206729 0.63853522  0.69543258 0.52707274 0.42096165 0.40027037 0.50992896 0.43680873  0.65015541 0.43933157 0.5128832  0.50609601
0.64095165 0.62468257 0.10651563 0.19404343 0.33353551 0.53647964  0.60739331 0.6533989  0.52282848 0.35177001 0.55764638 0.44828633  0.5357031  0.44875756 0.50950046 0.52656147
0.62632376 0.65305346 0.09724087 0.20821572 0.34043081 0.56324434  0.65040671 0.5200832  0.52977078 0.35279063 0.47716548 0.46597923  0.65163009 0.54507928 0.59305124 0.52671864
0.60903553 0.66247894 0.08292792 0.22469204 0.36679848 0.5214837  0.68682783 0.49078861 0.55022197 0.34638831 0.55537307 0.45664838  0.60958847 0.55838555 0.64717677 0.52130927
0.59298577 0.68857403 0.08176435 0.25777545 0.36642242 0.54067267  0.70053343 0.43425969 0.52700607 0.36459097 0.54855857 0.4546075  0.62774535 0.58131736 0.58584247 0.50902916
0.50911686 0.75718187 0.08326514 0.37308863 0.40111273 0.45906178  0.74407643 0.46523347 0.4034944  0.3699492  0.64403919 0.41435763  0.47697565 0.45569516 0.57208018 0.39500896
0.36293116 0.75797532 0.1108132  0.58854315 0.45606611 0.25316339  0.54866645 0.44616157 0.33150734 0.4248718  0.4315472  0.47136296  0.28209928 0.40150984 0.54688633 0.35300482
0.26986133 0.65247975 0.15818448 0.54603476 0.47053105 0.17290396  0.59801473 0.47108513 0.17805536 0.39434293 0.24714008 0.4854438  0.46517196 0.33887751 0.34876358 0.44131529
0.19780672 0.63070012 0.2064759  0.61393639 0.43649137 0.23021548  0.38204407 0.5598576  0.36791984 0.35963605 0.28014552 0.45784328  0.61094167 0.39289764 0.37258293 0.45473208
0.03530472 0.41371177 0.32449245 0.44717499 0.36543573 0.42942868  0.4584486  0.49182641 0.42935187 0.38251683 0.3665383  0.45119726  0.57400726 0.38653202 0.39012683 0.47468522
0.00039479 0.36283831 0.35232302 0.39930133 0.34523319 0.50234819  0.48417291 0.45702496 0.47508945 0.39693445 0.45000532 0.44589633  0.47476172 0.42761975 0.50206904 0.41641874
0.00039479 0.36283831 0.35232302 0.39930133 0.34523319 0.50234819  0.48417291 0.45702496 0.47508945 0.39693445 0.45000532 0.44589633  0.47476172 0.42761975 0.50206904 0.41641874
0.00039479 0.36283831 0.35232302 0.39930133 0.34523319 0.50234819  0.48417291 0.45702496 0.47508945 0.39693445 0.45000532 0.44589633  0.47476172 0.42761975 0.50206904 0.41641874
0.00039479 0.36283831 0.35232302 0.39930133 0.34523319 0.50234819  0.48417291 0.45702496 0.47508945 0.39693445 0.45000532 0.44589633  0.47476172 0.42761975 0.50206904 0.41641874
0.00039479 0.36283831 0.35232302 0.39930133 0.34523319 0.50234819  0.48417291 0.45702496 0.47508945 0.39693445 0.45000532 0.44589633  0.47476172 0.42761975 0.50206904 0.41641874
0.00039479 0.36283831 0.35232302 0.39930133 0.34523319 0.50234819  0.48417291 0.45702496 0.47508945 0.39693445 0.45000532 0.44589633  0.47476172 0.42761975 0.50206904 0.41641874
0.00039479 0.36283831 0.35232302 0.39930133 0.34523319 0.50234819  0.48417291 0.45702496 0.47508945 0.39693445 0.45000532 0.44589633  0.47476172 0.42761975 0.50206904 0.41641874
0.00039479 0.36283831 0.35232302 0.39930133 0.34523319 0.50234819  0.48417291 0.45702496 0.47508945 0.39693445 0.45000532 0.44589633  0.47476172 0.42761975 0.50206904 0.41641874
0.00039479 0.36283831 0.35232302 0.39930133 0.34523319 0.50234819  0.48417291 0.45702496 0.47508945 0.39693445 0.45000532 0.44589633  0.47476172 0.42761975 0.50206904 0.41641874
0.00039479 0.36283831 0.35232302 0.39930133 0.34523319 0.50234819  0.48417291 0.45702496 0.47508945 0.39693445 0.45000532 0.44589633  0.47476172 0.42761975 0.50206904 0.41641874
0.00039479 0.36283831 0.35232302 0.39930133 0.34523319 0.50234819  0.48417291 0.45702496 0.47508945 0.39693445 0.45000532 0.44589633  0.47476172 0.42761975 0.50206904 0.41641874
0.00039479 0.36283831 0.35232302 0.39930133 0.34523319 0.50234819  0.48417291 0.45702496 0.47508945 0.39693445 0.45000532 0.44589633  0.47476172 0.42761975 0.50206904 0.41641874
0.00039479 0.36283831 0.35232302 0.39930133 0.34523319 0.50234819  0.48417291 0.45702496 0.47508945 0.39693445 0.45000532 0.44589633  0.47476172 0.42761975 0.50206904 0.41641874
0.00039479 0.36283831 0.35232302 0.39930133 0.34523319 0.50234819  0.48417291 0.45702496 0.47508945 0.39693445 0.45000532 0.44589633  0.47476172 0.42761975 0.50206904 0.41641874
0.10920857 0.51331129 0.2770514  0.51612072 0.3818067  0.42142366  0.37891245 0.51545378 0.57359321 0.38323548 0.51991957 0.43050273  0.47938898 0.53682918 0.66924538 0.35480603
0.21811178 0.66343116 0.19856449 0.63349695 0.4264891  0.28998182  0.32021884 0.56766392 0.53076967 0.3540995  0.46684635 0.42780541  0.54976511 0.50234145 0.56030821 0.34898544
0.23551263 0.68728843 0.18488133 0.65424332 0.43511442 0.25223525  0.3171386  0.58254739 0.49020305 0.34311532 0.41613863 0.42923937  0.60408793 0.45550354 0.45197155 0.38130632
0.36374736 0.71756438 0.14135048 0.5120134  0.42074897 0.33722678  0.49605746 0.62184606 0.51538723 0.25566229 0.68747015 0.34692689  0.61204761 0.50418974 0.4592735  0.2842136 
0.41707489 0.70981922 0.10953116 0.42513097 0.45178843 0.28395365  0.68627718 0.57590214 0.37704053 0.26668831 0.66461398 0.35989235  0.56130759 0.51315458 0.51230075 0.27014627
0.51331135 0.6084745  0.09546815 0.3148238  0.44121328 0.30880711  0.62793093 0.60973972 0.53113812 0.16233753 0.85879333 0.30443386  0.62413317 0.48978397 0.24770082 0.28450333
0.57467519 0.51385772 0.06996663 0.23114663 0.48211658 0.21043384  0.64185522 0.53237577 0.5469835  0.14913564 0.76988767 0.34643963  0.58785556 0.48558702 0.28473324 0.31384736
0.5932028  0.5340296  0.06262336 0.2410851  0.47284548 0.24433187  0.62113021 0.5166747  0.58464892 0.18237034 0.77548098 0.36282584  0.52322496 0.48927962 0.37233597 0.3293187 
0.63218241 0.45191021 0.07457428 0.24073111 0.47815426 0.22876434  0.56719825 0.64386634 0.53893508 0.22261976 0.78162777 0.33097887  0.37099489 0.43042358 0.42267117 0.42548885
0.65061265 0.45258726 0.07964394 0.21885348 0.45276171 0.29057085  0.56041917 0.64892145 0.54720829 0.22812571 0.7540195  0.33442137  0.43518435 0.41466015 0.3842481  0.46392796
0.65061265 0.45258726 0.07964394 0.21885348 0.45276171 0.29057085  0.56041917 0.64892145 0.54720829 0.22812571 0.7540195  0.33442137  0.43518435 0.41466015 0.3842481  0.46392796
0.65898772 0.42722775 0.08674525 0.25600157 0.44153314 0.26588747  0.57393568 0.65285866 0.55242284 0.28253928 0.85248247 0.3658131  0.44793729 0.43127739 0.34545875 0.54619218
0.6922096  0.4153617  0.09629977 0.25400046 0.40749207 0.31082759  0.52398606 0.65450591 0.55465556 0.35111628 0.80914907 0.39732601  0.28519809 0.36191261 0.43717809 0.56461537
0.72684674 0.39559873 0.12441728 0.22041337 0.35490419 0.39251274  0.45269512 0.71008767 0.51385963 0.35936146 0.64886486 0.41389311  0.37317938 0.33250252 0.33928584 0.56969368
0.72005247 0.42044345 0.12725498 0.19206002 0.33859351 0.38266379  0.4798492  0.72720236 0.58415586 0.32886609 0.60046543 0.49403904  0.37064243 0.29868426 0.33829217 0.4901583 
0.72655836 0.44756146 0.13785242 0.24620324 0.31347361 0.47741688  0.51335542 0.74465395 0.62021832 0.38612078 0.62105529 0.5286476  0.37703725 0.16501252 0.30660256 0.57474472
0.7133013  0.48391499 0.14517932 0.24539689 0.29409    0.50091986  0.54491876 0.78905871 0.57955053 0.41177502 0.59945463 0.53515678  0.38234614 0.19950661 0.38434931 0.61489143
0.72477511 0.47293708 0.17154709 0.25702993 0.26113485 0.47640148  0.51816683 0.78619646 0.50377583 0.4724555  0.65511676 0.54031197  0.37373263 0.25060627 0.41019267 0.57112606
0.6976579  0.54048716 0.1829701  0.2746388  0.23507158 0.53267956  0.57625873 0.81722773 0.43226496 0.52342797 0.58734854 0.55997533  0.39395813 0.26291499 0.5237988  0.59937996
0.72465591 0.51306932 0.23467258 0.31072457 0.19057299 0.52482909  0.54469156 0.83174659 0.34680677 0.59578314 0.58338698 0.58572864  0.40801066 0.26405556 0.52775505 0.46257305
0.70748124 0.55884454 0.23383726 0.28738471 0.17902586 0.56023972  0.53617026 0.80899328 0.26324685 0.60797696 0.52220696 0.55640032  0.42308684 0.31070042 0.61153007 0.42038572
0.72413157 0.53394737 0.23090418 0.26387127 0.19070778 0.54580233  0.52490779 0.74386458 0.28446483 0.60110111 0.45196016 0.62392379  0.38378538 0.39516526 0.6569787  0.52216526
0.74321954 0.495985   0.20674345 0.20570851 0.22935493 0.54179155  0.47532376 0.60855154 0.33419899 0.54367407 0.26590949 0.62189939  0.41407911 0.42379494 0.74514882 0.42103092
0.71934871 0.52468373 0.15052747 0.15133955 0.27961643 0.58736463  0.46794022 0.59853251 0.41642064 0.44039476 0.18236624 0.57215935  0.41030485 0.37514298 0.67954364 0.52591841
0.71934871 0.52468373 0.15052747 0.15133955 0.27961643 0.58736463  0.46794022 0.59853251 0.41642064 0.44039476 0.18236624 0.57215935  0.41030485 0.37514298 0.67954364 0.52591841
0.73406004 0.49250418 0.14561266 0.1292877  0.28967658 0.55466577  0.44730273 0.58201857 0.46300639 0.4164845  0.18743722 0.57704682  0.41012645 0.42475386 0.65996208 0.52472009
0.7469311  0.45780369 0.13592825 0.12845908 0.30801337 0.5409586  0.41461473 0.50526476 0.49427652 0.41118556 0.16539315 0.57902246  0.42427381 0.39488511 0.63046521 0.49336814
0.75092453 0.44216435 0.13412444 0.16449912 0.33523179 0.57234229  0.43566591 0.52890586 0.4984829  0.40042815 0.14711274 0.59307669  0.39937807 0.42451069 0.63202788 0.50719849
0.75166183 0.44373208 0.13904232 0.1601278  0.35087584 0.57395569  0.43023229 0.53064665 0.49482513 0.39775102 0.16240047 0.62161581  0.39132548 0.40490243 0.64053355 0.53769671
0.75166183 0.44373208 0.13904232 0.1601278  0.35087584 0.57395569  0.43023229 0.53064665 0.49482513 0.39775102 0.16240047 0.62161581  0.39132548 0.40490243 0.64053355 0.53769671
0.75810937 0.40854463 0.12081176 0.19784964 0.39809477 0.57806137  0.43674435 0.50486813 0.52309335 0.36614182 0.2473155  0.55798436  0.46273501 0.49982356 0.53416657 0.62357353
0.77118535 0.37320022 0.11353128 0.19517136 0.41661724 0.55258031  0.40157531 0.45820413 0.56141064 0.34411364 0.27004146 0.54412194  0.45734897 0.46270969 0.46005248 0.58830182
0.78351009 0.35855433 0.14118485 0.2212756  0.38678083 0.53178383  0.39575659 0.46399274 0.51408853 0.39377812 0.31524332 0.57315879  0.4411472  0.50245976 0.46567802 0.55194199
0.78351009 0.35855433 0.14118485 0.2212756  0.38678083 0.53178383  0.39575659 0.46399274 0.51408853 0.39377812 0.31524332 0.57315879  0.4411472  0.50245976 0.46567802 0.55194199
0.80603907 0.30264626 0.152024   0.26478255 0.39041943 0.5327485  0.35764073 0.49925169 0.44779588 0.43286851 0.33056113 0.5313163  0.3179739  0.4643893  0.47991604 0.61314686
0.83551908 0.23880666 0.17377015 0.34098854 0.40579643 0.53340471  0.3376941  0.4819235  0.42078165 0.41047696 0.40548083 0.50568987  0.35088936 0.46195343 0.42590828 0.53551097
0.84328028 0.20870225 0.16644332 0.38443359 0.43255495 0.56745059  0.3307807  0.47617689 0.37720057 0.40463246 0.40548784 0.44980912  0.3678555  0.43958911 0.48184015 0.55555047
0.89101636 0.16663446 0.29136702 0.52067857 0.37737171 0.54419591  0.34032637 0.41043007 0.22439635 0.34570305 0.50242265 0.45588887  0.50275874 0.45551435 0.62324637 0.49262691
0.90429281 0.119925   0.2945353  0.60453916 0.39076515 0.55624436  0.37599026 0.43686885 0.21513614 0.38674173 0.58131455 0.47070153  0.5174628  0.48421632 0.62596045 0.55896391
0.90689069 0.10630533 0.29455459 0.64833521 0.40065518 0.57705963  0.42977331 0.46903913 0.26974582 0.35564592 0.53134568 0.51210846  0.48163182 0.54190272 0.55271813 0.48865665
0.90869799 0.09313784 0.28755891 0.6849618  0.40389264 0.60151568  0.46771001 0.4936157  0.29930781 0.33590218 0.47589319 0.50823439  0.46541565 0.59078827 0.52979924 0.40472352
0.91676933 0.09045153 0.31924427 0.71168574 0.38020658 0.57802098  0.49683354 0.47453252 0.31788178 0.34364871 0.48251395 0.4982013  0.53550346 0.57127719 0.56488663 0.35202612
0.91771751 0.09345102 0.32327348 0.70974675 0.38450411 0.58033416  0.49435896 0.4774732  0.30981949 0.32758075 0.48617116 0.51799195  0.51186877 0.55942881 0.57528783 0.38956149
0.92333305 0.06991467 0.32678952 0.7788506  0.40221335 0.60173439  0.56743253 0.51272777 0.38290193 0.32214582 0.47443554 0.58969993  0.52294306 0.52644594 0.53220871 0.39786615
0.93364092 0.05987307 0.36960625 0.8376467  0.38795152 0.56351205  0.66388627 0.52255973 0.53841689 0.35671193 0.46291601 0.59362904  0.52295285 0.43100326 0.48976757 0.4623298 
0.92831891 0.04147609 0.33341881 0.85579722 0.41816863 0.60487986  0.67119441 0.54808774 0.53086875 0.34703769 0.4464045  0.63700783  0.56953272 0.45943594 0.46142608 0.33039892
0.92923492 0.03723609 0.33446207 0.87241765 0.42227506 0.61081354  0.69462022 0.55951986 0.56056491 0.33211882 0.43317589 0.66872338  0.55980555 0.45536863 0.43529208 0.32539197
0.92923492 0.03723609 0.33446207 0.87241765 0.42227506 0.61081354  0.69462022 0.55951986 0.56056491 0.33211882 0.43317589 0.66872338  0.55980555 0.45536863 0.43529208 0.32539197
0.93008585 0.0335681  0.33574787 0.88688886 0.42539379 0.61453544  0.71555344 0.56817071 0.5890175  0.32110282 0.42271563 0.69260503  0.55221729 0.44401904 0.41507426 0.33279751
0.93008585 0.0335681  0.33574787 0.88688886 0.42539379 0.61453544  0.71555344 0.56817071 0.5890175  0.32110282 0.42271563 0.69260503  0.55221729 0.44401904 0.41507426 0.33279751
0.93008585 0.0335681  0.33574787 0.88688886 0.42539379 0.61453544  0.71555344 0.56817071 0.5890175  0.32110282 0.42271563 0.69260503  0.55221729 0.44401904 0.41507426 0.33279751
0.93101042 0.02913825 0.33637099 0.90349925 0.43051823 0.62249783  0.73785715 0.58185088 0.61535207 0.30710969 0.40670996 0.72558839  0.53878648 0.45168112 0.3846461  0.31410572
0.93101042 0.02913825 0.33637099 0.90349925 0.43051823 0.62249783  0.73785715 0.58185088 0.61535207 0.30710969 0.40670996 0.72558839  0.53878648 0.45168112 0.3846461  0.31410572
0.93101042 0.02913825 0.33637099 0.90349925 0.43051823 0.62249783  0.73785715 0.58185088 0.61535207 0.30710969 0.40670996 0.72558839  0.53878648 0.45168112 0.3846461  0.31410572
0.93015949 0.03280624 0.33508519 0.88902804 0.4273995  0.61877594  0.71692393 0.57320002 0.58689949 0.31812569 0.41717022 0.70170674  0.54637474 0.46303071 0.40486392 0.30670019
0.93015949 0.03280624 0.33508519 0.88902804 0.4273995  0.61877594  0.71692393 0.57320002 0.58689949 0.31812569 0.41717022 0.70170674  0.54637474 0.46303071 0.40486392 0.30670019
0.93015949 0.03280624 0.33508519 0.88902804 0.4273995  0.61877594  0.71692393 0.57320002 0.58689949 0.31812569 0.41717022 0.70170674  0.54637474 0.46303071 0.40486392 0.30670019
0.92608329 0.04333208 0.32497854 0.86171154 0.42443927 0.63824018  0.67066962 0.57003723 0.50591378 0.2773246  0.40575938 0.68290093  0.52363384 0.53692221 0.43372465 0.23546955
0.91693561 0.03783951 0.28770424 0.84394579 0.44779284 0.64896413  0.67062425 0.59781229 0.51557733 0.30519855 0.38920759 0.66855304  0.48718458 0.49226583 0.46421012 0.21789997
0.90777403 0.03812396 0.25044678 0.81447515 0.46988987 0.67352669  0.6360256  0.61520812 0.49316679 0.31677641 0.3712907  0.64762669  0.42983497 0.54930253 0.41981533 0.20954709
0.89266509 0.05772349 0.21050086 0.74176626 0.49632785 0.68897169  0.5812378  0.61787937 0.4607354  0.29156091 0.31495828 0.55911511  0.34786216 0.57450583 0.46873418 0.18071158
0.85308418 0.1074187  0.11433029 0.63459719 0.57099668 0.77205911  0.55070413 0.63095762 0.54713109 0.21754766 0.12924571 0.47029213  0.32903918 0.54586185 0.3729759  0.16351189
0.85215961 0.11184854 0.11370717 0.6179868  0.56587225 0.76409671  0.52840043 0.61727745 0.52079651 0.23154079 0.14525138 0.43730877  0.34246999 0.53819977 0.40340406 0.18220367
0.83286685 0.14318346 0.09022573 0.55340378 0.56919182 0.71478347  0.51269812 0.56368575 0.51980813 0.24648025 0.23009368 0.36188255  0.38310938 0.50439583 0.51898267 0.30569935
0.72197571 0.30395283 0.00830012 0.55331525 0.63764736 0.67235845  0.63124951 0.27036006 0.52770571 0.26234623 0.45765541 0.21325011  0.62503849 0.56217141 0.67774653 0.5074334 
0.65281868 0.36771129 0.00383414 0.5288055  0.64639574 0.49344535  0.64380023 0.24201455 0.56305274 0.2076028  0.46268917 0.30050204  0.50462085 0.51331332 0.70908931 0.2519815 
0.52765853 0.55875792 0.04164244 0.43526437 0.54087701 0.28954649  0.62400037 0.15340948 0.48519005 0.32075726 0.41027705 0.42948768  0.49727165 0.50418338 0.62707088 0.23640044
0.24064915 0.52362885 0.17350706 0.52229572 0.48788325 0.19952853  0.51705657 0.3033191  0.25855771 0.41030207 0.14847278 0.51126565  0.55060336 0.26580934 0.33749303 0.43945259
0.1062998  0.44031098 0.27212109 0.40107468 0.40898124 0.32900978  0.65621535 0.40931053 0.19487262 0.43026155 0.22361334 0.503628  0.47521288 0.30442735 0.32817201 0.52420776
0.05306277 0.40930401 0.31102756 0.41763914 0.37666176 0.40426113  0.54756198 0.44277854 0.32496259 0.41131519 0.2958028  0.48030821  0.52794871 0.3284536  0.33871483 0.50730334
0.00039479 0.36283831 0.35232302 0.39930133 0.34523319 0.50234819  0.48417291 0.45702496 0.47508945 0.39693445 0.45000532 0.44589633  0.47476172 0.42761975 0.50206904 0.41641874
0.00039479 0.36283831 0.35232302 0.39930133 0.34523319 0.50234819  0.48417291 0.45702496 0.47508945 0.39693445 0.45000532 0.44589633  0.47476172 0.42761975 0.50206904 0.41641874
0.00039479 0.36283831 0.35232302 0.39930133 0.34523319 0.50234819  0.48417291 0.45702496 0.47508945 0.39693445 0.45000532 0.44589633  0.47476172 0.42761975 0.50206904 0.41641874
0.00039479 0.36283831 0.35232302 0.39930133 0.34523319 0.50234819  0.48417291 0.45702496 0.47508945 0.39693445 0.45000532 0.44589633  0.47476172 0.42761975 0.50206904 0.41641874
0.00039479 0.36283831 0.35232302 0.39930133 0.34523319 0.50234819  0.48417291 0.45702496 0.47508945 0.39693445 0.45000532 0.44589633  0.47476172 0.42761975 0.50206904 0.41641874
0.00039479 0.36283831 0.35232302 0.39930133 0.34523319 0.50234819  0.48417291 0.45702496 0.47508945 0.39693445 0.45000532 0.44589633  0.47476172 0.42761975 0.50206904 0.41641874
0.00039479 0.36283831 0.35232302 0.39930133 0.34523319 0.50234819  0.48417291 0.45702496 0.47508945 0.39693445 0.45000532 0.44589633  0.47476172 0.42761975 0.50206904 0.41641874
0.00039479 0.36283831 0.35232302 0.39930133 0.34523319 0.50234819  0.48417291 0.45702496 0.47508945 0.39693445 0.45000532 0.44589633  0.47476172 0.42761975 0.50206904 0.41641874
0.00039479 0.36283831 0.35232302 0.39930133 0.34523319 0.50234819  0.48417291 0.45702496 0.47508945 0.39693445 0.45000532 0.44589633  0.47476172 0.42761975 0.50206904 0.41641874
0.00039479 0.36283831 0.35232302 0.39930133 0.34523319 0.50234819  0.48417291 0.45702496 0.47508945 0.39693445 0.45000532 0.44589633  0.47476172 0.42761975 0.50206904 0.41641874
0.00039479 0.36283831 0.35232302 0.39930133 0.34523319 0.50234819  0.48417291 0.45702496 0.47508945 0.39693445 0.45000532 0.44589633  0.47476172 0.42761975 0.50206904 0.41641874
0.00039479 0.36283831 0.35232302 0.39930133 0.34523319 0.50234819  0.48417291 0.45702496 0.47508945 0.39693445 0.45000532 0.44589633  0.47476172 0.42761975 0.50206904 0.41641874
0.00039479 0.36283831 0.35232302 0.39930133 0.34523319 0.50234819  0.48417291 0.45702496 0.47508945 0.39693445 0.45000532 0.44589633  0.47476172 0.42761975 0.50206904 0.41641874
0.00039479 0.36283831 0.35232302 0.39930133 0.34523319 0.50234819  0.48417291 0.45702496 0.47508945 0.39693445 0.45000532 0.44589633  0.47476172 0.42761975 0.50206904 0.41641874
0.00039479 0.36283831 0.35232302 0.39930133 0.34523319 0.50234819  0.48417291 0.45702496 0.47508945 0.39693445 0.45000532 0.44589633  0.47476172 0.42761975 0.50206904 0.41641874
0.00039479 0.36283831 0.35232302 0.39930133 0.34523319 0.50234819  0.48417291 0.45702496 0.47508945 0.39693445 0.45000532 0.44589633  0.47476172 0.42761975 0.50206904 0.41641874
0.00039479 0.36283831 0.35232302 0.39930133 0.34523319 0.50234819  0.48417291 0.45702496 0.47508945 0.39693445 0.45000532 0.44589633  0.47476172 0.42761975 0.50206904 0.41641874
0.00039479 0.36283831 0.35232302 0.39930133 0.34523319 0.50234819  0.48417291 0.45702496 0.47508945 0.39693445 0.45000532 0.44589633  0.47476172 0.42761975 0.50206904 0.41641874
0.00039479 0.36283831 0.35232302 0.39930133 0.34523319 0.50234819  0.48417291 0.45702496 0.47508945 0.39693445 0.45000532 0.44589633  0.47476172 0.42761975 0.50206904 0.41641874
0.00039479 0.36283831 0.35232302 0.39930133 0.34523319 0.50234819  0.48417291 0.45702496 0.47508945 0.39693445 0.45000532 0.44589633  0.47476172 0.42761975 0.50206904 0.41641874
0.00039479 0.36283831 0.35232302 0.39930133 0.34523319 0.50234819  0.48417291 0.45702496 0.47508945 0.39693445 0.45000532 0.44589633  0.47476172 0.42761975 0.50206904 0.41641874
0.00039479 0.36283831 0.35232302 0.39930133 0.34523319 0.50234819  0.48417291 0.45702496 0.47508945 0.39693445 0.45000532 0.44589633  0.47476172 0.42761975 0.50206904 0.41641874
0.00039479 0.36283831 0.35232302 0.39930133 0.34523319 0.50234819  0.48417291 0.45702496 0.47508945 0.39693445 0.45000532 0.44589633  0.47476172 0.42761975 0.50206904 0.41641874
0.00039479 0.36283831 0.35232302 0.39930133 0.34523319 0.50234819  0.48417291 0.45702496 0.47508945 0.39693445 0.45000532 0.44589633  0.47476172 0.42761975 0.50206904 0.41641874
0.00039479 0.36283831 0.35232302 0.39930133 0.34523319 0.50234819  0.48417291 0.45702496 0.47508945 0.39693445 0.45000532 0.44589633  0.47476172 0.42761975 0.50206904 0.41641874
0.00039479 0.36283831 0.35232302 0.39930133 0.34523319 0.50234819  0.48417291 0.45702496 0.47508945 0.39693445 0.45000532 0.44589633  0.47476172 0.42761975 0.50206904 0.41641874
0.00039479 0.36283831 0.35232302 0.39930133 0.34523319 0.50234819  0.48417291 0.45702496 0.47508945 0.39693445 0.45000532 0.44589633  0.47476172 0.42761975 0.50206904 0.41641874
0.00039479 0.36283831 0.35232302 0.39930133 0.34523319 0.50234819  0.48417291 0.45702496 0.47508945 0.39693445 0.45000532 0.44589633  0.47476172 0.42761975 0.50206904 0.41641874
0.00039479 0.36283831 0.35232302 0.39930133 0.34523319 0.50234819  0.48417291 0.45702496 0.47508945 0.39693445 0.45000532 0.44589633  0.47476172 0.42761975 0.50206904 0.41641874
0.00039479 0.36283831 0.35232302 0.39930133 0.34523319 0.50234819  0.48417291 0.45702496 0.47508945 0.39693445 0.45000532 0.44589633  0.47476172 0.42761975 0.50206904 0.41641874
0.00039479 0.36283831 0.35232302 0.39930133 0.34523319 0.50234819  0.48417291 0.45702496 0.47508945 0.39693445 0.45000532 0.44589633  0.47476172 0.42761975 0.50206904 0.41641874
0.00039479 0.36283831 0.35232302 0.39930133 0.34523319 0.50234819  0.48417291 0.45702496 0.47508945 0.39693445 0.45000532 0.44589633  0.47476172 0.42761975 0.50206904 0.41641874
0.00039479 0.36283831 0.35232302 0.39930133 0.34523319 0.50234819  0.48417291 0.45702496 0.47508945 0.39693445 0.45000532 0.44589633  0.47476172 0.42761975 0.50206904 0.41641874
0.00039479 0.36283831 0.35232302 0.39930133 0.34523319 0.50234819  0.48417291 0.45702496 0.47508945 0.39693445 0.45000532 0.44589633  0.47476172 0.42761975 0.50206904 0.41641874
