0.00039479 0.36283831 0.35232302 0.39930133 0.34523319 0.50234819  0.48417291 0.45702496 0.47508945 0.39693445 0.45000532 0.44589633  0.47476172 0.42761975 0.50206904 0.41641874
0.00039479 0.36283831 0.35232302 0.39930133 0.34523319 0.50234819  0.48417291 0.45702496 0.47508945 0.39693445 0.45000532 0.44589633  0.47476172 0.42761975 0.50206904 0.41641874
0.00039479 0.36283831 0.35232302 0.39930133 0.34523319 0.50234819  0.48417291 0.45702496 0.47508945 0.39693445 0.45000532 0.44589633  0.47476172 0.42761975 0.50206904 0.41641874
0.00039479 0.36283831 0.35232302 0.39930133 0.34523319 0.50234819  0.48417291 0.45702496 0.47508945 0.39693445 0.45000532 0.44589633  0.47476172 0.42761975 0.50206904 0.41641874
0.00039479 0.36283831 0.35232302 0.39930133 0.34523319 0.50234819  0.48417291 0.45702496 0.47508945 0.39693445 0.45000532 0.44589633  0.47476172 0.42761975 0.50206904 0.41641874
0.00039479 0.36283831 0.35232302 0.39930133 0.34523319 0.50234819  0.48417291 0.45702496 0.47508945 0.39693445 0.45000532 0.44589633  0.47476172 0.42761975 0.50206904 0.41641874
0.00039479 0.36283831 0.35232302 0.39930133 0.34523319 0.50234819  0.48417291 0.45702496 0.47508945 0.39693445 0.45000532 0.44589633  0.47476172 0.42761975 0.50206904 0.41641874
0.00039479 0.36283831 0.35232302 0.39930133 0.34523319 0.50234819  0.48417291 0.45702496 0.47508945 0.39693445 0.45000532 0.44589633  0.47476172 0.42761975 0.50206904 0.41641874
0.00039479 0.36283831 0.35232302 0.39930133 0.34523319 0.50234819  0.48417291 0.45702496 0.47508945 0.39693445 0.45000532 0.44589633  0.47476172 0.42761975 0.50206904 0.41641874
0.00039479 0.36283831 0.35232302 0.39930133 0.34523319 0.50234819  0.48417291 0.45702496 0.47508945 0.39693445 0.45000532 0.44589633  0.47476172 0.42761975 0.50206904 0.41641874
0.00039479 0.36283831 0.35232302 0.39930133 0.34523319 0.50234819  0.48417291 0.45702496 0.47508945 0.39693445 0.45000532 0.44589633  0.47476172 0.42761975 0.50206904 0.41641874
0.00039479 0.36283831 0.35232302 0.39930133 0.34523319 0.50234819  0.48417291 0.45702496 0.47508945 0.39693445 0.45000532 0.44589633  0.47476172 0.42761975 0.50206904 0.41641874
0.00039479 0.36283831 0.35232302 0.39930133 0.34523319 0.50234819  0.48417291 0.45702496 0.47508945 0.39693445 0.45000532 0.44589633  0.47476172 0.42761975 0.50206904 0.41641874
0.00039479 0.36283831 0.35232302 0.39930133 0.34523319 0.50234819  0.48417291 0.45702496 0.47508945 0.39693445 0.45000532 0.44589633  0.47476172 0.42761975 0.50206904 0.41641874
0.00039479 0.36283831 0.35232302 0.39930133 0.34523319 0.50234819  0.48417291 0.45702496 0.47508945 0.39693445 0.45000532 0.44589633  0.47476172 0.42761975 0.50206904 0.41641874
0.00039479 0.36283831 0.35232302 0.39930133 0.34523319 0.50234819  0.48417291 0.45702496 0.47508945 0.39693445 0.45000532 0.44589633  0.47476172 0.42761975 0.50206904 0.41641874
0.00039479 0.36283831 0.35232302 0.39930133 0.34523319 0.50234819  0.48417291 0.45702496 0.47508945 0.39693445 0.45000532 0.44589633  0.47476172 0.42761975 0.50206904 0.41641874
0.00039479 0.36283831 0.35232302 0.39930133 0.34523319 0.50234819  0.48417291 0.45702496 0.47508945 0.39693445 0.45000532 0.44589633  0.47476172 0.42761975 0.50206904 0.41641874
0.00039479 0.36283831 0.35232302 0.39930133 0.34523319 0.50234819  0.48417291 0.45702496 0.47508945 0.39693445 0.45000532 0.44589633  0.47476172 0.42761975 0.50206904 0.41641874
0.00039479 0.36283831 0.35232302 0.39930133 0.34523319 0.50234819  0.48417291 0.45702496 0.47508945 0.39693445 0.45000532 0.44589633  0.47476172 0.42761975 0.50206904 0.41641874
0.00039479 0.36283831 0.35232302 0.39930133 0.34523319 0.50234819  0.48417291 0.45702496 0.47508945 0.39693445 0.45000532 0.44589633  0.47476172 0.42761975 0.50206904 0.41641874
0.00039479 0.36283831 0.35232302 0.39930133 0.34523319 0.50234819  0.48417291 0.45702496 0.47508945 0.39693445 0.45000532 0.44589633  0.47476172 0.42761975 0.50206904 0.41641874
0.00039479 0.36283831 0.35232302 0.39930133 0.34523319 0.50234819  0.48417291 0.45702496 0.47508945 0.39693445 0.45000532 0.44589633  0.47476172 0.42761975 0.50206904 0.41641874
0.00039479 0.36283831 0.35232302 0.39930133 0.34523319 0.50234819  0.48417291 0.45702496 0.47508945 0.39693445 0.45000532 0.44589633  0.47476172 0.42761975 0.50206904 0.41641874
0.00039479 0.36283831 0.35232302 0.39930133 0.34523319 0.50234819  0.48417291 0.45702496 0.47508945 0.39693445 0.45000532 0.44589633  0.47476172 0.42761975 0.50206904 0.41641874
0.00039479 0.36283831 0.35232302 0.39930133 0.34523319 0.50234819  0.48417291 0.45702496 0.47508945 0.39693445 0.45000532 0.44589633  0.47476172 0.42761975 0.50206904 0.41641874
0.00039479 0.36283831 0.35232302 0.39930133 0.34523319 0.50234819  0.48417291 0.45702496 0.47508945 0.39693445 0.45000532 0.44589633  0.47476172 0.42761975 0.50206904 0.41641874
0.00039479 0.36283831 0.35232302 0.39930133 0.34523319 0.50234819  0.48417291 0.45702496 0.47508945 0.39693445 0.45000532 0.44589633  0.47476172 0.42761975 0.50206904 0.41641874
0.00039479 0.36283831 0.35232302 0.39930133 0.34523319 0.50234819  0.48417291 0.45702496 0.47508945 0.39693445 0.45000532 0.44589633  0.47476172 0.42761975 0.50206904 0.41641874
0.00039479 0.36283831 0.35232302 0.39930133 0.34523319 0.50234819  0.48417291 0.45702496 0.47508945 0.39693445 0.45000532 0.44589633  0.47476172 0.42761975 0.50206904 0.41641874
0.00039479 0.36283831 0.35232302 0.39930133 0.34523319 0.50234819  0.48417291 0.45702496 0.47508945 0.39693445 0.45000532 0.44589633  0.47476172 0.42761975 0.50206904 0.41641874
0.00039479 0.36283831 0.35232302 0.39930133 0.34523319 0.50234819  0.48417291 0.45702496 0.47508945 0.39693445 0.45000532 0.44589633  0.47476172 0.42761975 0.50206904 0.41641874
0.00039479 0.36283831 0.35232302 0.39930133 0.34523319 0.50234819  0.48417291 0.45702496 0.47508945 0.39693445 0.45000532 0.44589633  0.47476172 0.42761975 0.50206904 0.41641874
0.00039479 0.36283831 0.35232302 0.39930133 0.34523319 0.50234819  0.48417291 0.45702496 0.47508945 0.39693445 0.45000532 0.44589633  0.47476172 0.42761975 0.50206904 0.41641874
0.00039479 0.36283831 0.35232302 0.39930133 0.34523319 0.50234819  0.48417291 0.45702496 0.47508945 0.39693445 0.45000532 0.44589633  0.47476172 0.42761975 0.50206904 0.41641874
0.00039479 0.36283831 0.35232302 0.39930133 0.34523319 0.50234819  0.48417291 0.45702496 0.47508945 0.39693445 0.45000532 0.44589633  0.47476172 0.42761975 0.50206904 0.41641874
0.00039479 0.36283831 0.35232302 0.39930133 0.34523319 0.50234819  0.48417291 0.45702496 0.47508945 0.39693445 0.45000532 0.44589633  0.47476172 0.42761975 0.50206904 0.41641874
0.00039479 0.36283831 0.35232302 0.39930133 0.34523319 0.50234819  0.48417291 0.45702496 0.47508945 0.39693445 0.45000532 0.44589633  0.47476172 0.42761975 0.50206904 0.41641874
0.00039479 0.36283831 0.35232302 0.39930133 0.34523319 0.50234819  0.48417291 0.45702496 0.47508945 0.39693445 0.45000532 0.44589633  0.47476172 0.42761975 0.50206904 0.41641874
0.00039479 0.36283831 0.35232302 0.39930133 0.34523319 0.50234819  0.48417291 0.45702496 0.47508945 0.39693445 0.45000532 0.44589633  0.47476172 0.42761975 0.50206904 0.41641874
0.00039479 0.36283831 0.35232302 0.39930133 0.34523319 0.50234819  0.48417291 0.45702496 0.47508945 0.39693445 0.45000532 0.44589633  0.47476172 0.42761975 0.50206904 0.41641874
0.00039479 0.36283831 0.35232302 0.39930133 0.34523319 0.50234819  0.48417291 0.45702496 0.47508945 0.39693445 0.45000532 0.44589633  0.47476172 0.42761975 0.50206904 0.41641874
0.00039479 0.36283831 0.35232302 0.39930133 0.34523319 0.50234819  0.48417291 0.45702496 0.47508945 0.39693445 0.45000532 0.44589633  0.47476172 0.42761975 0.50206904 0.41641874
0.00039479 0.36283831 0.35232302 0.39930133 0.34523319 0.50234819  0.48417291 0.45702496 0.47508945 0.39693445 0.45000532 0.44589633  0.47476172 0.42761975 0.50206904 0.41641874
0.00039479 0.36283831 0.35232302 0.39930133 0.34523319 0.50234819  0.48417291 0.45702496 0.47508945 0.39693445 0.45000532 0.44589633  0.47476172 0.42761975 0.50206904 0.41641874
0.00039479 0.36283831 0.35232302 0.39930133 0.34523319 0.50234819  0.48417291 0.45702496 0.47508945 0.39693445 0.45000532 0.44589633  0.47476172 0.42761975 0.50206904 0.41641874
0.00039479 0.36283831 0.35232302 0.39930133 0.34523319 0.50234819  0.48417291 0.45702496 0.47508945 0.39693445 0.45000532 0.44589633  0.47476172 0.42761975 0.50206904 0.41641874
0.00039479 0.36283831 0.35232302 0.39930133 0.34523319 0.50234819  0.48417291 0.45702496 0.47508945 0.39693445 0.45000532 0.44589633  0.47476172 0.42761975 0.50206904 0.41641874
0.00039479 0.36283831 0.35232302 0.39930133 0.34523319 0.50234819  0.48417291 0.45702496 0.47508945 0.39693445 0.45000532 0.44589633  0.47476172 0.42761975 0.50206904 0.41641874
0.00039479 0.36283831 0.35232302 0.39930133 0.34523319 0.50234819  0.48417291 0.45702496 0.47508945 0.39693445 0.45000532 0.44589633  0.47476172 0.42761975 0.50206904 0.41641874
0.00039479 0.36283831 0.35232302 0.39930133 0.34523319 0.50234819  0.48417291 0.45702496 0.47508945 0.39693445 0.45000532 0.44589633  0.47476172 0.42761975 0.50206904 0.41641874
0.00039479 0.36283831 0.35232302 0.39930133 0.34523319 0.50234819  0.48417291 0.45702496 0.47508945 0.39693445 0.45000532 0.44589633  0.47476172 0.42761975 0.50206904 0.41641874
0.00039479 0.36283831 0.35232302 0.39930133 0.34523319 0.50234819  0.48417291 0.45702496 0.47508945 0.39693445 0.45000532 0.44589633  0.47476172 0.42761975 0.50206904 0.41641874
0.00039479 0.36283831 0.35232302 0.39930133 0.34523319 0.50234819  0.48417291 0.45702496 0.47508945 0.39693445 0.45000532 0.44589633  0.47476172 0.42761975 0.50206904 0.41641874
0.00039479 0.36283831 0.35232302 0.39930133 0.34523319 0.50234819  0.48417291 0.45702496 0.47508945 0.39693445 0.45000532 0.44589633  0.47476172 0.42761975 0.50206904 0.41641874
0.00039479 0.36283831 0.35232302 0.39930133 0.34523319 0.50234819  0.48417291 0.45702496 0.47508945 0.39693445 0.45000532 0.44589633  0.47476172 0.42761975 0.50206904 0.41641874
0.00039479 0.36283831 0.35232302 0.39930133 0.34523319 0.50234819  0.48417291 0.45702496 0.47508945 0.39693445 0.45000532 0.44589633  0.47476172 0.42761975 0.50206904 0.41641874
0.00039479 0.36283831 0.35232302 0.39930133 0.34523319 0.50234819  0.48417291 0.45702496 0.47508945 0.39693445 0.45000532 0.44589633  0.47476172 0.42761975 0.50206904 0.41641874
0.0177474  0.38984345 0.33852207 0.42635267 0.35697043 0.47086435  0.45750391 0.47765391 0.48169648 0.39463854 0.42895995 0.44917931  0.51265071 0.44991576 0.53083289 0.43501917
0.0177474  0.38984345 0.33852207 0.42635267 0.35697043 0.47086435  0.45750391 0.47765391 0.48169648 0.39463854 0.42895995 0.44917931  0.51265071 0.44991576 0.53083289 0.43501917
0.03525649 0.41685964 0.32437467 0.45347996 0.36854765 0.43569141  0.43485985 0.4975719  0.47652552 0.39120509 0.39620065 0.45304628  0.55757342 0.45566594 0.52722734 0.46096477
0.10790948 0.52006986 0.27295207 0.53758714 0.39565131 0.37686759  0.35640982 0.53644634 0.54757535 0.39453639 0.43258952 0.45227625  0.52979935 0.5365488  0.69603209 0.43060237
0.10790948 0.52006986 0.27295207 0.53758714 0.39565131 0.37686759  0.35640982 0.53644634 0.54757535 0.39453639 0.43258952 0.45227625  0.52979935 0.5365488  0.69603209 0.43060237
0.10790948 0.52006986 0.27295207 0.53758714 0.39565131 0.37686759  0.35640982 0.53644634 0.54757535 0.39453639 0.43258952 0.45227625  0.52979935 0.5365488  0.69603209 0.43060237
0.18030818 0.61720154 0.22179191 0.60957221 0.42033748 0.29782863  0.32665123 0.56838673 0.51001873 0.37102786 0.39753537 0.44516086  0.58649119 0.47447318 0.53897092 0.44067311
0.21694108 0.66576105 0.1962974  0.64320343 0.43219594 0.26212493  0.31826298 0.57737853 0.4871758  0.36069177 0.38763927 0.44272881  0.59506596 0.44452978 0.47298174 0.43129466
0.23522731 0.67658974 0.1846516  0.63450118 0.43691746 0.24884464  0.3714948  0.54572423 0.41400979 0.37009156 0.36052111 0.45060427  0.50460974 0.4025356  0.43436807 0.41179406
0.27111616 0.68251872 0.1611416  0.59137249 0.45219491 0.22232555  0.50368108 0.48585844 0.28403845 0.39416083 0.32213469 0.47004854  0.39888272 0.3538929  0.40376585 0.40987808
0.27120526 0.64867568 0.16182928 0.52933164 0.45647839 0.22701126  0.60841569 0.44349779 0.22567841 0.40943676 0.33086806 0.47834292  0.35379141 0.34381463 0.4066784  0.40173707
0.27120526 0.64867568 0.16182928 0.52933164 0.45647839 0.22701126  0.60841569 0.44349779 0.22567841 0.40943676 0.33086806 0.47834292  0.35379141 0.34381463 0.4066784  0.40173707
0.34311819 0.68783157 0.12366928 0.49458576 0.48078242 0.18457045  0.69135504 0.47572251 0.19586484 0.3670357  0.38277627 0.45023034  0.44035078 0.41578687 0.46910463 0.36480527
0.35780848 0.65845942 0.11670526 0.47588612 0.48876424 0.16769219  0.68365794 0.40608102 0.22587704 0.37704966 0.31525445 0.47954951  0.45760206 0.49006424 0.52938378 0.37176765
0.35780848 0.65845942 0.11670526 0.47588612 0.48876424 0.16769219  0.68365794 0.40608102 0.22587704 0.37704966 0.31525445 0.47954951  0.45760206 0.49006424 0.52938378 0.37176765
0.32084775 0.63457272 0.13400406 0.49449266 0.48649466 0.16545444  0.63297188 0.40192733 0.24886996 0.40580102 0.25887486 0.50445771  0.4558502  0.47912928 0.55568591 0.42227372
0.2852325  0.58235019 0.15987223 0.44830282 0.4705644  0.20177712  0.6817622  0.37431026 0.21137852 0.40126171 0.26041595 0.49924446  0.44302904 0.42939271 0.45341295 0.4115345 
0.2514786  0.6291557  0.17025788 0.5308128  0.46549877 0.18649268  0.60453152 0.46575079 0.17638075 0.40161249 0.23586335 0.48977464  0.4667586  0.3316208  0.34680797 0.4666444 
0.23336041 0.60261866 0.18391191 0.50715748 0.45668758 0.21161836  0.62353395 0.45117613 0.17352609 0.40579911 0.24496719 0.48963774  0.44578803 0.32479946 0.3442432  0.46621775
0.14237646 0.49000469 0.246652   0.43834259 0.42345999 0.29353164  0.63526511 0.42276451 0.19333953 0.42562324 0.22026095 0.50348986  0.48026149 0.30912821 0.33204233 0.52084795
0.12409023 0.479176   0.25829779 0.44704484 0.41873846 0.30681192  0.58203329 0.4544188  0.26650554 0.41622345 0.24737911 0.49561441  0.57071771 0.35112238 0.370656   0.54034855
0.05306277 0.40930401 0.31102756 0.41763914 0.37666176 0.40426113  0.54756198 0.44277854 0.32496259 0.41131519 0.2958028  0.48030821  0.52794871 0.3284536  0.33871483 0.50730334
0.05306277 0.40930401 0.31102756 0.41763914 0.37666176 0.40426113  0.54756198 0.44277854 0.32496259 0.41131519 0.2958028  0.48030821  0.52794871 0.3284536  0.33871483 0.50730334
0.01779563 0.38669558 0.33863985 0.42004769 0.35385851 0.46460162  0.48109267 0.47190843 0.43452283 0.38595027 0.3992976  0.44733029  0.52908455 0.38078184 0.39373238 0.44873962
0.01779563 0.38669558 0.33863985 0.42004769 0.35385851 0.46460162  0.48109267 0.47190843 0.43452283 0.38595027 0.3992976  0.44733029  0.52908455 0.38078184 0.39373238 0.44873962
0.00039479 0.36283831 0.35232302 0.39930133 0.34523319 0.50234819  0.48417291 0.45702496 0.47508945 0.39693445 0.45000532 0.44589633  0.47476172 0.42761975 0.50206904 0.41641874
0.00039479 0.36283831 0.35232302 0.39930133 0.34523319 0.50234819  0.48417291 0.45702496 0.47508945 0.39693445 0.45000532 0.44589633  0.47476172 0.42761975 0.50206904 0.41641874
0.00039479 0.36283831 0.35232302 0.39930133 0.34523319 0.50234819  0.48417291 0.45702496 0.47508945 0.39693445 0.45000532 0.44589633  0.47476172 0.42761975 0.50206904 0.41641874
0.00039479 0.36283831 0.35232302 0.39930133 0.34523319 0.50234819  0.48417291 0.45702496 0.47508945 0.39693445 0.45000532 0.44589633  0.47476172 0.42761975 0.50206904 0.41641874
0.00039479 0.36283831 0.35232302 0.39930133 0.34523319 0.50234819  0.48417291 0.45702496 0.47508945 0.39693445 0.45000532 0.44589633  0.47476172 0.42761975 0.50206904 0.41641874
0.00039479 0.36283831 0.35232302 0.39930133 0.34523319 0.50234819  0.48417291 0.45702496 0.47508945 0.39693445 0.45000532 0.44589633  0.47476172 0.42761975 0.50206904 0.41641874
0.00039479 0.36283831 0.35232302 0.39930133 0.34523319 0.50234819  0.48417291 0.45702496 0.47508945 0.39693445 0.45000532 0.44589633  0.47476172 0.42761975 0.50206904 0.41641874
0.00039479 0.36283831 0.35232302 0.39930133 0.34523319 0.50234819  0.48417291 0.45702496 0.47508945 0.39693445 0.45000532 0.44589633  0.47476172 0.42761975 0.50206904 0.41641874
0.00039479 0.36283831 0.35232302 0.39930133 0.34523319 0.50234819  0.48417291 0.45702496 0.47508945 0.39693445 0.45000532 0.44589633  0.47476172 0.42761975 0.50206904 0.41641874
0.00039479 0.36283831 0.35232302 0.39930133 0.34523319 0.50234819  0.48417291 0.45702496 0.47508945 0.39693445 0.45000532 0.44589633  0.47476172 0.42761975 0.50206904 0.41641874
0.00039479 0.36283831 0.35232302 0.39930133 0.34523319 0.50234819  0.48417291 0.45702496 0.47508945 0.39693445 0.45000532 0.44589633  0.47476172 0.42761975 0.50206904 0.41641874
0.00039479 0.36283831 0.35232302 0.39930133 0.34523319 0.50234819  0.48417291 0.45702496 0.47508945 0.39693445 0.45000532 0.44589633  0.47476172 0.42761975 0.50206904 0.41641874
0.00039479 0.36283831 0.35232302 0.39930133 0.34523319 0.50234819  0.48417291 0.45702496 0.47508945 0.39693445 0.45000532 0.44589633  0.47476172 0.42761975 0.50206904 0.41641874
0.00039479 0.36283831 0.35232302 0.39930133 0.34523319 0.50234819  0.48417291 0.45702496 0.47508945 0.39693445 0.45000532 0.44589633  0.47476172 0.42761975 0.50206904 0.41641874
0.01779563 0.38669558 0.33863985 0.42004769 0.35385851 0.46460162  0.48109267 0.47190843 0.43452283 0.38595027 0.3992976  0.44733029  0.52908455 0.38078184 0.39373238 0.44873962
0.27230287 0.73267769 0.16547083 0.68332028 0.43003633 0.28129444  0.27429226 0.57383444 0.55875287 0.38318526 0.44123623 0.44755586  0.5143895  0.4866367  0.6130834  0.38891645
0.40220479 0.79726513 0.13609064 0.5941128  0.34530261 0.57132595  0.36749057 0.40781695 0.61604907 0.48060388 0.50381711 0.4786943  0.45969182 0.40398792 0.53527023 0.50209665
0.47504771 0.81068316 0.10684289 0.50897495 0.34185231 0.59683515  0.55071348 0.33984459 0.45412722 0.50016313 0.47218942 0.48944874  0.35304037 0.33302527 0.44791077 0.4867838 
0.49264729 0.79894721 0.09978263 0.46578427 0.35214951 0.58364043  0.60963576 0.34728667 0.44069953 0.48880934 0.48876341 0.48296137  0.39995889 0.37176655 0.50787529 0.48175765
0.49264729 0.79894721 0.09978263 0.46578427 0.35214951 0.58364043  0.60963576 0.34728667 0.44069953 0.48880934 0.48876341 0.48296137  0.39995889 0.37176655 0.50787529 0.48175765
0.47421706 0.79827016 0.09471298 0.4876619  0.37754206 0.52183392  0.61641484 0.34223156 0.43242632 0.4833034  0.51637168 0.47951887  0.33576943 0.38752998 0.54629836 0.44331854
0.41811768 0.77365046 0.09548239 0.53262255 0.43744655 0.33921727  0.61389706 0.39578519 0.36122372 0.45027462 0.48278046 0.4750487  0.27814839 0.42227917 0.61549999 0.3667588 
0.32510302 0.72128973 0.12736409 0.59006814 0.46753218 0.20082335  0.53843948 0.46919482 0.27884222 0.43094121 0.3089646  0.49653195  0.36101431 0.40116828 0.56041874 0.41640499
0.21531276 0.62571127 0.19308654 0.5829302  0.44906733 0.20174376  0.47838391 0.50668831 0.24720266 0.39007045 0.19322101 0.49074601  0.57043493 0.32369462 0.30471918 0.50239014
0.08892937 0.49235855 0.28299146 0.51880341 0.39445748 0.33645297  0.41227192 0.53833239 0.39368712 0.36543542 0.28731273 0.45681163  0.68194675 0.35857271 0.29842885 0.52018578
0.00039479 0.36283831 0.35232302 0.39930133 0.34523319 0.50234819  0.48417291 0.45702496 0.47508945 0.39693445 0.45000532 0.44589633  0.47476172 0.42761975 0.50206904 0.41641874
0.00039479 0.36283831 0.35232302 0.39930133 0.34523319 0.50234819  0.48417291 0.45702496 0.47508945 0.39693445 0.45000532 0.44589633  0.47476172 0.42761975 0.50206904 0.41641874
0.00039479 0.36283831 0.35232302 0.39930133 0.34523319 0.50234819  0.48417291 0.45702496 0.47508945 0.39693445 0.45000532 0.44589633  0.47476172 0.42761975 0.50206904 0.41641874
0.00039479 0.36283831 0.35232302 0.39930133 0.34523319 0.50234819  0.48417291 0.45702496 0.47508945 0.39693445 0.45000532 0.44589633  0.47476172 0.42761975 0.50206904 0.41641874
0.00039479 0.36283831 0.35232302 0.39930133 0.34523319 0.50234819  0.48417291 0.45702496 0.47508945 0.39693445 0.45000532 0.44589633  0.47476172 0.42761975 0.50206904 0.41641874
0.00039479 0.36283831 0.35232302 0.39930133 0.34523319 0.50234819  0.48417291 0.45702496 0.47508945 0.39693445 0.45000532 0.44589633  0.47476172 0.42761975 0.50206904 0.41641874
0.00039479 0.36283831 0.35232302 0.39930133 0.34523319 0.50234819  0.48417291 0.45702496 0.47508945 0.39693445 0.45000532 0.44589633  0.47476172 0.42761975 0.50206904 0.41641874
0.00039479 0.36283831 0.35232302 0.39930133 0.34523319 0.50234819  0.48417291 0.45702496 0.47508945 0.39693445 0.45000532 0.44589633  0.47476172 0.42761975 0.50206904 0.41641874
0.00039479 0.36283831 0.35232302 0.39930133 0.34523319 0.50234819  0.48417291 0.45702496 0.47508945 0.39693445 0.45000532 0.44589633  0.47476172 0.42761975 0.50206904 0.41641874
0.00039479 0.36283831 0.35232302 0.39930133 0.34523319 0.50234819  0.48417291 0.45702496 0.47508945 0.39693445 0.45000532 0.44589633  0.47476172 0.42761975 0.50206904 0.41641874
0.00039479 0.36283831 0.35232302 0.39930133 0.34523319 0.50234819  0.48417291 0.45702496 0.47508945 0.39693445 0.45000532 0.44589633  0.47476172 0.42761975 0.50206904 0.41641874
0.00039479 0.36283831 0.35232302 0.39930133 0.34523319 0.50234819  0.48417291 0.45702496 0.47508945 0.39693445 0.45000532 0.44589633  0.47476172 0.42761975 0.50206904 0.41641874
0.00039479 0.36283831 0.35232302 0.39930133 0.34523319 0.50234819  0.48417291 0.45702496 0.47508945 0.39693445 0.45000532 0.44589633  0.47476172 0.42761975 0.50206904 0.41641874
0.00039479 0.36283831 0.35232302 0.39930133 0.34523319 0.50234819  0.48417291 0.45702496 0.47508945 0.39693445 0.45000532 0.44589633  0.47476172 0.42761975 0.50206904 0.41641874
0.00039479 0.36283831 0.35232302 0.39930133 0.34523319 0.50234819  0.48417291 0.45702496 0.47508945 0.39693445 0.45000532 0.44589633  0.47476172 0.42761975 0.50206904 0.41641874
0.00039479 0.36283831 0.35232302 0.39930133 0.34523319 0.50234819  0.48417291 0.45702496 0.47508945 0.39693445 0.45000532 0.44589633  0.47476172 0.42761975 0.50206904 0.41641874
0.00039479 0.36283831 0.35232302 0.39930133 0.34523319 0.50234819  0.48417291 0.45702496 0.47508945 0.39693445 0.45000532 0.44589633  0.47476172 0.42761975 0.50206904 0.41641874
0.00039479 0.36283831 0.35232302 0.39930133 0.34523319 0.50234819  0.48417291 0.45702496 0.47508945 0.39693445 0.45000532 0.44589633  0.47476172 0.42761975 0.50206904 0.41641874
0.00039479 0.36283831 0.35232302 0.39930133 0.34523319 0.50234819  0.48417291 0.45702496 0.47508945 0.39693445 0.45000532 0.44589633  0.47476172 0.42761975 0.50206904 0.41641874
0.03616952 0.41469964 0.32629163 0.4440152  0.36121344 0.46504157  0.44036456 0.48342389 0.50957824 0.3942575  0.45978029 0.44444063  0.48777243 0.47830371 0.58520001 0.40819568
0.14503312 0.56611794 0.24979305 0.56349209 0.40087256 0.36931454  0.34213629 0.54224333 0.57680292 0.37873601 0.49516336 0.43317553  0.51136818 0.55413645 0.69075624 0.36792408
0.23551263 0.68728843 0.18488133 0.65424332 0.43511442 0.25223525  0.3171386  0.58254739 0.49020305 0.34311532 0.41613863 0.42923937  0.60408793 0.45550354 0.45197155 0.38130632
0.32911727 0.75008744 0.14625419 0.5984971  0.41622716 0.34519466  0.44257239 0.53629015 0.49290055 0.3067964  0.64078064 0.36909012  0.47394221 0.44272577 0.38059085 0.2580988 
0.41707489 0.70981922 0.10953116 0.42513097 0.45178843 0.28395365  0.68627718 0.57590214 0.37704053 0.26668831 0.66461398 0.35989235  0.56130759 0.51315458 0.51230075 0.27014627
0.48619414 0.67602458 0.10689116 0.33243267 0.41515001 0.36508519  0.68602284 0.64077099 0.45962725 0.21331001 0.7910251  0.32409722  0.64435866 0.5020927  0.36130695 0.31275722
0.48619414 0.67602458 0.10689116 0.33243267 0.41515001 0.36508519  0.68602284 0.64077099 0.45962725 0.21331001 0.7910251  0.32409722  0.64435866 0.5020927  0.36130695 0.31275722
0.58506641 0.58600131 0.11441555 0.21869506 0.37594079 0.37778543  0.57285885 0.80353623 0.56914683 0.23433385 0.75022854 0.36791833  0.47832632 0.43275645 0.52543137 0.3918537 
0.60358558 0.60052149 0.11153262 0.21949621 0.35855166 0.43730981  0.55840994 0.76371995 0.59817906 0.27967378 0.72839122 0.3923627  0.43378626 0.42655056 0.58005587 0.43113793
0.66489747 0.57032021 0.16542244 0.23656788 0.24621156 0.58305691  0.46879863 0.84258974 0.51596349 0.43021813 0.60412777 0.46492324  0.41673742 0.29796496 0.52469375 0.54806514
0.60753801 0.64766287 0.1815051  0.28978701 0.22419404 0.68386308  0.34957001 0.83926255 0.5406886  0.39752174 0.45203884 0.43354327  0.40531157 0.22545345 0.53769981 0.46306019
0.59014949 0.68160683 0.20719432 0.37363245 0.19316364 0.73645544  0.29879985 0.75204739 0.44329037 0.45622328 0.38458528 0.44111758  0.3595157  0.2095417  0.35152097 0.36846414
0.59191903 0.7060655  0.18654565 0.37039491 0.21632673 0.72323391  0.40117799 0.6510584  0.36163991 0.4811789  0.32792318 0.46528972  0.41915324 0.24807794 0.310448   0.4092309 
0.57721633 0.73245173 0.17410819 0.37319716 0.23297868 0.73781816  0.4366787  0.60959487 0.38843942 0.45794182 0.34941926 0.45822118  0.53735238 0.31123684 0.27335317 0.43009193
0.6247829  0.66896178 0.16072791 0.29918533 0.24789559 0.67706311  0.4781508  0.57898634 0.36365378 0.48837596 0.25245039 0.50653074  0.45521917 0.33597579 0.41777859 0.44954177
0.57893926 0.75093148 0.15414268 0.36454816 0.25489554 0.72505783  0.53716471 0.5152316  0.33986227 0.45396588 0.3506393  0.46014752  0.5852238  0.34564291 0.28430743 0.42847515
0.54371478 0.77811783 0.15287508 0.44938042 0.26242822 0.7112729  0.49185596 0.40453415 0.33810512 0.50566684 0.31470513 0.49048857  0.43843666 0.2995321  0.26573738 0.39840587
0.52826285 0.79148284 0.12973501 0.44155936 0.28650172 0.69434677  0.53662539 0.39424571 0.38866377 0.4869265  0.35700807 0.48543846  0.44436016 0.30729342 0.32176077 0.46668513
0.49362571 0.81124581 0.1016175  0.47514645 0.3390896  0.61266162  0.60791633 0.33866394 0.42945969 0.47868133 0.51729227 0.46887136  0.35637887 0.33670351 0.41965302 0.46160683
0.49362571 0.81124581 0.1016175  0.47514645 0.3390896  0.61266162  0.60791633 0.33866394 0.42945969 0.47868133 0.51729227 0.46887136  0.35637887 0.33670351 0.41965302 0.46160683
0.476184   0.81808372 0.11473078 0.51013595 0.32306887 0.63945974  0.52985071 0.36039565 0.48121269 0.46570131 0.52960427 0.45729399  0.36358119 0.32448577 0.38797662 0.45114741
0.43917576 0.81684401 0.11488651 0.56584208 0.35122413 0.56182676  0.47942694 0.35652119 0.49760701 0.48167717 0.51210968 0.47442886  0.29605323 0.33657096 0.45465744 0.43788527
0.45760599 0.81752107 0.11995617 0.54396445 0.32583158 0.62363327  0.47264786 0.36157629 0.50588022 0.48718311 0.48450142 0.47787137  0.36024269 0.32080754 0.41623437 0.47632438
0.45760599 0.81752107 0.11995617 0.54396445 0.32583158 0.62363327  0.47264786 0.36157629 0.50588022 0.48718311 0.48450142 0.47787137  0.36024269 0.32080754 0.41623437 0.47632438
0.45760599 0.81752107 0.11995617 0.54396445 0.32583158 0.62363327  0.47264786 0.36157629 0.50588022 0.48718311 0.48450142 0.47787137  0.36024269 0.32080754 0.41623437 0.47632438
0.47305791 0.80415605 0.14309624 0.55178551 0.30175808 0.6405594  0.42787843 0.37186474 0.45532158 0.50592345 0.44219848 0.48292148  0.3543192  0.31304621 0.36021098 0.40804512
0.48235039 0.80213236 0.20812675 0.57600072 0.23810684 0.70006015  0.31957226 0.41060119 0.51000859 0.44749659 0.45047081 0.47292046  0.46925275 0.3648187  0.27456189 0.38248883
0.55920203 0.80813854 0.30427334 0.53078893 0.19760148 0.70972377  0.41171293 0.34980074 0.33589674 0.37634986 0.33950407 0.47087403  0.47678768 0.38760478 0.18654707 0.40696463
0.60806079 0.8103646  0.49028637 0.6343601  0.12483559 0.63014354  0.46216354 0.26203981 0.2684413  0.26880831 0.42102819 0.5331481  0.55981638 0.39621211 0.34115725 0.38540359
0.65020889 0.80456147 0.62469771 0.65464466 0.0886608  0.56383559  0.45477277 0.30100117 0.27312039 0.3452494  0.35840245 0.43601208  0.32064553 0.39259531 0.36909966 0.3407666 
0.66362947 0.83570744 0.71239597 0.64716402 0.15165592 0.55734541  0.47083941 0.29179921 0.31603264 0.30718858 0.31867738 0.39515718  0.25174776 0.32684916 0.41867843 0.35602832
0.67906404 0.80842754 0.71909298 0.62684132 0.14257029 0.54026675  0.44194299 0.35256387 0.3129878  0.31462874 0.30154233 0.4025702  0.15956559 0.265093   0.47114829 0.35805635
0.7103034  0.76915302 0.69281538 0.54664219 0.11483672 0.54953433  0.49502159 0.47294508 0.3235624  0.3181093  0.34722725 0.37934031  0.34280705 0.32749283 0.46239437 0.37161512
0.71177082 0.77728711 0.70931854 0.53304088 0.16283595 0.56428549  0.4792104  0.47807613 0.30225609 0.30864231 0.37586943 0.4215091  0.33505675 0.31351831 0.4734545  0.39231735
0.73085366 0.7790712  0.71476388 0.47998109 0.2410935  0.54998967  0.54558128 0.45843408 0.2448143  0.34716707 0.37777953 0.44922407  0.34737188 0.32915997 0.49352983 0.38538665
0.78721258 0.73869419 0.76429143 0.35622704 0.3134607  0.5100126  0.56148917 0.59100718 0.25478481 0.3128602  0.36801066 0.43235127  0.28682143 0.31415995 0.63942699 0.42862154
0.80933209 0.7340521  0.8011724  0.28908349 0.3762562  0.48230567  0.58842959 0.6407765  0.3132276  0.34460116 0.36414925 0.37708963  0.31600789 0.36311988 0.69052922 0.44016563
0.81404252 0.75815511 0.85472056 0.23514514 0.56343024 0.51594988  0.55719064 0.65391264 0.30611829 0.4389012  0.4231563  0.44953477  0.39211597 0.34883584 0.661757   0.41728103
0.81475704 0.76234686 0.86465125 0.22338516 0.60679127 0.52589701  0.54466724 0.65840586 0.29191684 0.4442945  0.4538244  0.49726469  0.40137707 0.32887643 0.6721817  0.43434665
0.82210075 0.7632325  0.90544666 0.22304907 0.70770883 0.51486968  0.58231763 0.67670029 0.38783673 0.55655656 0.5136658  0.58264045  0.44709025 0.20810163 0.62498315 0.5601462 
0.88047943 0.63791545 0.88512444 0.14575529 0.74060626 0.40575957  0.51202446 0.55721996 0.5386832  0.51395005 0.45592996 0.63398747  0.4429298  0.41599378 0.63823841 0.57275857
0.88055091 0.63897345 0.88581792 0.14416336 0.74640847 0.40872579  0.50816422 0.55978512 0.53477674 0.51321947 0.46471253 0.65394705  0.43522465 0.40682637 0.64351975 0.59758757
0.88892599 0.61361394 0.89291922 0.18131145 0.73517991 0.38404242  0.52168073 0.56372233 0.53999129 0.56763304 0.5631755  0.68533878  0.44797759 0.42344361 0.6047304  0.67985178
0.92683693 0.50993319 0.86750408 0.18641672 0.78919676 0.32969102  0.42367253 0.41816968 0.61917493 0.52089599 0.60565996 0.6540507  0.44578115 0.29058841 0.44755722 0.58911354
0.93976187 0.47345427 0.85527098 0.18999556 0.78767499 0.30735276  0.40085741 0.33789959 0.66172566 0.51617561 0.55773114 0.60900878  0.46826815 0.28086313 0.40959547 0.5146553 
0.93770437 0.46577026 0.83827339 0.2045629  0.74458333 0.30773888  0.39750139 0.33518598 0.64148776 0.46663249 0.57126291 0.64376561  0.44241748 0.26134691 0.44344446 0.54479645
0.9384242  0.44208129 0.81296334 0.26722387 0.64639245 0.29399092  0.44947012 0.3285737  0.67661556 0.399492   0.53089388 0.61484416  0.43048348 0.24195923 0.45199326 0.55758745
0.94295903 0.33963246 0.70704021 0.44459143 0.41716075 0.30642098  0.47800006 0.2875521  0.59064918 0.28830009 0.49218226 0.392007  0.41996967 0.29065079 0.4860092  0.58449331
0.94882106 0.24157886 0.61781986 0.57707709 0.34909571 0.34217984  0.50064141 0.28638033 0.51661017 0.27251411 0.53741374 0.34330939  0.45234042 0.25962596 0.56726476 0.74795886
0.95451501 0.21810142 0.611584   0.62206598 0.37882156 0.38186561  0.51799098 0.29800031 0.49986344 0.25681719 0.50856797 0.30796901  0.45898062 0.26438268 0.63226352 0.73262711
0.95820856 0.15846658 0.56135863 0.72855638 0.35915873 0.43135873  0.58869925 0.3511635  0.51093493 0.26916154 0.47138143 0.29398902  0.50405034 0.26974058 0.70080591 0.68784682
0.94833169 0.13368737 0.49957634 0.73648608 0.34307794 0.44061637  0.58095694 0.37089455 0.5071476  0.34887806 0.50850547 0.34110077  0.57784294 0.26651917 0.68994523 0.64813123
0.93774273 0.10786488 0.43315234 0.73834645 0.32461915 0.44613924  0.58112307 0.3989277  0.48966389 0.42860363 0.54480938 0.38942196  0.64014129 0.26543989 0.68004214 0.59858877
0.93407581 0.08962827 0.39960212 0.75995276 0.3653     0.49653907  0.58905645 0.42791388 0.47257389 0.39859755 0.52237163 0.44178496  0.66401058 0.28550271 0.68059057 0.49716959
0.93407581 0.08962827 0.39960212 0.75995276 0.3653     0.49653907  0.58905645 0.42791388 0.47257389 0.39859755 0.52237163 0.44178496  0.66401058 0.28550271 0.68059057 0.49716959
0.93347315 0.05945759 0.36857922 0.83336849 0.3980363  0.57503222  0.63746702 0.49322316 0.48665554 0.31771011 0.47298308 0.57040242  0.61622361 0.40948857 0.56081218 0.37399108
0.93347315 0.05945759 0.36857922 0.83336849 0.3980363  0.57503222  0.63746702 0.49322316 0.48665554 0.31771011 0.47298308 0.57040242  0.61622361 0.40948857 0.56081218 0.37399108
0.93347315 0.05945759 0.36857922 0.83336849 0.3980363  0.57503222  0.63746702 0.49322316 0.48665554 0.31771011 0.47298308 0.57040242  0.61622361 0.40948857 0.56081218 0.37399108
0.93347315 0.05945759 0.36857922 0.83336849 0.3980363  0.57503222  0.63746702 0.49322316 0.48665554 0.31771011 0.47298308 0.57040242  0.61622361 0.40948857 0.56081218 0.37399108
0.92830242 0.07215733 0.35529164 0.80615458 0.40361009 0.61381484  0.59644686 0.51227988 0.40760529 0.2370352  0.41155192 0.57841819  0.53037174 0.56817325 0.54359466 0.21235176
0.92830242 0.07215733 0.35529164 0.80615458 0.40361009 0.61381484  0.59644686 0.51227988 0.40760529 0.2370352  0.41155192 0.57841819  0.53037174 0.56817325 0.54359466 0.21235176
0.91434264 0.05660972 0.28549723 0.78789108 0.43172766 0.64803289  0.58875027 0.57834124 0.42428152 0.36775313 0.39418361 0.59837595  0.49198557 0.65953461 0.4076439  0.1247213 
0.91434264 0.05660972 0.28549723 0.78789108 0.43172766 0.64803289  0.58875027 0.57834124 0.42428152 0.36775313 0.39418361 0.59837595  0.49198557 0.65953461 0.4076439  0.1247213 
0.91434264 0.05660972 0.28549723 0.78789108 0.43172766 0.64803289  0.58875027 0.57834124 0.42428152 0.36775313 0.39418361 0.59837595  0.49198557 0.65953461 0.4076439  0.1247213 
0.90572979 0.048682   0.24785235 0.77767331 0.4597661  0.66517078  0.59841134 0.61434053 0.44544302 0.3872867  0.36259813 0.59544624  0.43834187 0.6344986  0.42029839 0.09047803
0.89671026 0.04836882 0.21213779 0.75288837 0.47915464 0.6863523  0.5717624  0.63048303 0.43493135 0.39560813 0.35232016 0.58568868  0.39188875 0.66585806 0.37480979 0.10564005
0.85308418 0.1074187  0.11433029 0.63459719 0.57099668 0.77205911  0.55070413 0.63095762 0.54713109 0.21754766 0.12924571 0.47029213  0.32903918 0.54586185 0.3729759  0.16351189
0.85308418 0.1074187  0.11433029 0.63459719 0.57099668 0.77205911  0.55070413 0.63095762 0.54713109 0.21754766 0.12924571 0.47029213  0.32903918 0.54586185 0.3729759  0.16351189
0.85215961 0.11184854 0.11370717 0.6179868  0.56587225 0.76409671  0.52840043 0.61727745 0.52079651 0.23154079 0.14525138 0.43730877  0.34246999 0.53819977 0.40340406 0.18220367
0.76348766 0.25004497 0.02620414 0.49618076 0.60850933 0.67219076  0.583702   0.41578139 0.6242314  0.20261308 0.31954498 0.3277269  0.49691033 0.51156696 0.58550674 0.34943882
0.76348766 0.25004497 0.02620414 0.49618076 0.60850933 0.67219076  0.583702   0.41578139 0.6242314  0.20261308 0.31954498 0.3277269  0.49691033 0.51156696 0.58550674 0.34943882
0.71070744 0.31594254 0.00442943 0.53610854 0.62975861 0.61540401  0.59105885 0.22412803 0.59954572 0.2454749  0.46262471 0.26980227  0.52225837 0.52628914 0.62603718 0.4046838 
0.56507178 0.5822747  0.03723194 0.41839903 0.50515726 0.40547753  0.61602559 0.10783708 0.54243302 0.36330123 0.43241239 0.44341512  0.47259897 0.48261181 0.63326639 0.28906771
0.56507178 0.5822747  0.03723194 0.41839903 0.50515726 0.40547753  0.61602559 0.10783708 0.54243302 0.36330123 0.43241239 0.44341512  0.47259897 0.48261181 0.63326639 0.28906771
0.42212181 0.62620405 0.08971936 0.47498382 0.47913592 0.29241299  0.59137197 0.18945613 0.39140398 0.41414796 0.35052469 0.49339777  0.40585544 0.40712312 0.55710124 0.29495739
0.33709258 0.65587248 0.12507853 0.53859291 0.48035003 0.22410343  0.55116906 0.38813489 0.31286189 0.42206499 0.27286539 0.49977807  0.52290084 0.39135661 0.57300536 0.43399805
0.16103574 0.52805849 0.23394413 0.48141603 0.42740552 0.28864219  0.55500693 0.46535707 0.29636052 0.41602818 0.27726666 0.49316341  0.54128979 0.37702091 0.43316898 0.50570767
0.07071553 0.43665019 0.29701358 0.44470122 0.38784077 0.37303512  0.52250472 0.4620233  0.32886559 0.40925832 0.27386396 0.48354075  0.56306425 0.34195086 0.35452694 0.52445318
0.03585866 0.41212524 0.32497922 0.44119937 0.36258431 0.43456132  0.47408025 0.48300288 0.40965789 0.37891942 0.36959995 0.44872305  0.56049334 0.35167352 0.32731793 0.46450854
0.00039479 0.36283831 0.35232302 0.39930133 0.34523319 0.50234819  0.48417291 0.45702496 0.47508945 0.39693445 0.45000532 0.44589633  0.47476172 0.42761975 0.50206904 0.41641874
0.00039479 0.36283831 0.35232302 0.39930133 0.34523319 0.50234819  0.48417291 0.45702496 0.47508945 0.39693445 0.45000532 0.44589633  0.47476172 0.42761975 0.50206904 0.41641874
0.00039479 0.36283831 0.35232302 0.39930133 0.34523319 0.50234819  0.48417291 0.45702496 0.47508945 0.39693445 0.45000532 0.44589633  0.47476172 0.42761975 0.50206904 0.41641874
0.00039479 0.36283831 0.35232302 0.39930133 0.34523319 0.50234819  0.48417291 0.45702496 0.47508945 0.39693445 0.45000532 0.44589633  0.47476172 0.42761975 0.50206904 0.41641874
0.00039479 0.36283831 0.35232302 0.39930133 0.34523319 0.50234819  0.48417291 0.45702496 0.47508945 0.39693445 0.45000532 0.44589633  0.47476172 0.42761975 0.50206904 0.41641874
0.00039479 0.36283831 0.35232302 0.39930133 0.34523319 0.50234819  0.48417291 0.45702496 0.47508945 0.39693445 0.45000532 0.44589633  0.47476172 0.42761975 0.50206904 0.41641874
0.00039479 0.36283831 0.35232302 0.39930133 0.34523319 0.50234819  0.48417291 0.45702496 0.47508945 0.39693445 0.45000532 0.44589633  0.47476172 0.42761975 0.50206904 0.41641874
0.00039479 0.36283831 0.35232302 0.39930133 0.34523319 0.50234819  0.48417291 0.45702496 0.47508945 0.39693445 0.45000532 0.44589633  0.47476172 0.42761975 0.50206904 0.41641874
0.00039479 0.36283831 0.35232302 0.39930133 0.34523319 0.50234819  0.48417291 0.45702496 0.47508945 0.39693445 0.45000532 0.44589633  0.47476172 0.42761975 0.50206904 0.41641874
0.00039479 0.36283831 0.35232302 0.39930133 0.34523319 0.50234819  0.48417291 0.45702496 0.47508945 0.39693445 0.45000532 0.44589633  0.47476172 0.42761975 0.50206904 0.41641874
0.00039479 0.36283831 0.35232302 0.39930133 0.34523319 0.50234819  0.48417291 0.45702496 0.47508945 0.39693445 0.45000532 0.44589633  0.47476172 0.42761975 0.50206904 0.41641874
0.00039479 0.36283831 0.35232302 0.39930133 0.34523319 0.50234819  0.48417291 0.45702496 0.47508945 0.39693445 0.45000532 0.44589633  0.47476172 0.42761975 0.50206904 0.41641874
0.00039479 0.36283831 0.35232302 0.39930133 0.34523319 0.50234819  0.48417291 0.45702496 0.47508945 0.39693445 0.45000532 0.44589633  0.47476172 0.42761975 0.50206904 0.41641874
0.00039479 0.36283831 0.35232302 0.39930133 0.34523319 0.50234819  0.48417291 0.45702496 0.47508945 0.39693445 0.45000532 0.44589633  0.47476172 0.42761975 0.50206904 0.41641874
0.00039479 0.36283831 0.35232302 0.39930133 0.34523319 0.50234819  0.48417291 0.45702496 0.47508945 0.39693445 0.45000532 0.44589633  0.47476172 0.42761975 0.50206904 0.41641874
0.00039479 0.36283831 0.35232302 0.39930133 0.34523319 0.50234819  0.48417291 0.45702496 0.47508945 0.39693445 0.45000532 0.44589633  0.47476172 0.42761975 0.50206904 0.41641874
0.00039479 0.36283831 0.35232302 0.39930133 0.34523319 0.50234819  0.48417291 0.45702496 0.47508945 0.39693445 0.45000532 0.44589633  0.47476172 0.42761975 0.50206904 0.41641874
