#!MLF!#
"/tmp/ext/data/picklist_141.rec"
0 14000 sil -2096.293701
14000 28000 a -2239.311035
28000 40000 e -1994.799805
40000 52000 i -2538.304443
52000 3064000 m -839544.437500
3064000 3076000 a -85.373627
3076000 3090000 e -114.371429
3090000 3102000 i -62.561275
3102000 4654000 m -525424.125000
4654000 4666000 a -84.181541
4666000 4680000 e -116.932953
4680000 4692000 i -63.820286
4692000 7968000 m -723506.187500
7968000 7980000 a -138.266403
7980000 7992000 e -180.938019
7992000 8004000 i -99.946495
8004000 8200000 m -39627.609375
8200000 8214000 sil -15003.361328
.
