#!MLF!#
"/tmp/ext/data/picklist_233.rec"
0 58000 sil -143.784180
58000 70000 a -246.904251
70000 1566000 e -1070186.500000
1566000 1594000 i -271.162598
1594000 1962000 m -8974.084961
1962000 1978000 a -135.925690
1978000 2754000 e -1604132.250000
2754000 2908000 i -552.552490
2908000 3144000 m -20868.207031
3144000 3158000 a -881.467896
3158000 3348000 e -116168.640625
3348000 3360000 i -2159.135742
3360000 3964000 m -55880.812500
3964000 3976000 a -105.211372
3976000 6582000 e -1953251.000000
6582000 6652000 i -205.477264
6652000 7768000 m -165079.484375
7768000 8070000 sil 298.226379
.
