#!MLF!#
"/tmp/ext/data/picklist_224.rec"
0 213000 sil -206.5755695
213000 336000 a -114.9857555
336000 464000 e -95.73612
464000 506000 i -55.0985295
506000 553000 m -40.9799595
553000 575000 a -110.399914
575000 606000 e -30.025878
606000 630000 i -31.146356500000003
630000 642000 m -39.715601
642000 654000 a -185.369728
654000 689000 e -75.2525555
689000 701000 i -32.029630499999996
701000 739000 m -55.176322
739000 930000 a -192.04467
930000 965000 e -26.2529405
965000 1037000 i -130.9276085
1037000 1049000 m -161.5131795
1049000 1090000 sil -277.204193
.