#!MLF!#
"/tmp/ext/data/picklist_13.rec"
0 12000 sil -115.929482
12000 882000 a -969.271851
882000 1516000 e -131.753174
1516000 1872000 i -503.371582
1872000 2538000 m 361.766388
2538000 2742000 a -181.972946
2742000 3652000 e -374.838470
3652000 3784000 i -107.018410
3784000 4434000 m 201.440186
4434000 4648000 a -268.121368
4648000 5244000 e -147.255737
5244000 5558000 i -343.351501
5558000 6146000 m 124.559074
6146000 6354000 a -156.919373
6354000 6930000 e -166.691467
6930000 7308000 i -335.986267
7308000 7900000 m 103.536629
7900000 8238000 a -269.243134
8238000 8796000 e -82.420677
8796000 9120000 i -361.023682
9120000 9764000 m 85.136642
9764000 9936000 a -159.618042
9936000 10662000 e -143.943710
10662000 10970000 i -263.256104
10970000 11576000 m 352.725525
11576000 11634000 a -105.767075
11634000 12572000 e -348.123047
12572000 12846000 i -290.827362
12846000 13568000 m 444.133606
13568000 13610000 sil -47.325802
.
