#!MLF!#
"/tmp/ext/data/picklist_208.rec"
0 66666 sil -61.84720266666667
66666 333333 a -214.859436
333333 393333 e -50.82420166666666
393333 540666 i -131.06479766666666
540666 673333 m -120.15229799999999
673333 899333 a -194.60785933333332
899333 1038666 e -93.43283833333334
1038666 1182666 i -132.63255866666668
1182666 1262000 m -20.884369666666668
1262000 1437333 a -179.543767
1437333 1553333 e -103.191147
1553333 1694666 i -132.59158466666668
1694666 1811333 m -97.90259933333333
1811333 2004666 a -173.28393566666668
2004666 2072666 e -75.53011333333333
2072666 2323333 i -206.94070933333333
2323333 2414666 m -101.54319133333333
2414666 2700000 sil -301.378062
.