#!MLF!#
"/tmp/ext/data/picklist_143.rec"
0 38000 sil -195.59514366666667
38000 322000 a -283.3728283333333
322000 428666 e -82.55888366666667
428666 537333 i -133.44888166666667
537333 585333 m -79.83468133333334
585333 757333 a -152.40958166666667
757333 903333 e -96.44830333333333
903333 975333 i -66.23774966666667
975333 1026666 m -20.010628
1026666 1178000 a -140.005114
1178000 1246000 e -42.17297733333333
1246000 1344666 i -90.94345700000001
1344666 1460000 m -66.646001
1460000 1564666 a -134.06452933333333
1564666 1712000 e -109.35368333333334
1712000 1812000 i -135.508944
1812000 1884666 m -103.97117100000001
1884666 1956000 sil -77.25020366666666
.