#!MLF!#
"/tmp/ext/data/picklist_211.rec"
0 260000 sil -315.718597
260000 556000 a -294.71228
556000 722000 e -123.468239
722000 844000 i -92.11673
844000 998000 m -129.709274
998000 1200000 a -193.678772
1200000 1354000 e -135.255981
1354000 1470000 i -96.03009
1470000 1688000 m -130.1427
1688000 1816000 a -132.256912
1816000 2072000 e -192.149765
2072000 2084000 i -27.744207
2084000 2184000 m 9.170401
2184000 2416000 a -226.459885
2416000 2462000 e -47.453064
2462000 2764000 i -256.224548
2764000 2948000 m 86.220924
2948000 2960000 sil -40.138863
.