0.01127263 0.27312044 0.56699535 0.39141017 0.23694552 0.39737547  0.44866587 0.45075845 0.41690237 0.39722444 0.48009993 0.47894387  0.47222712 0.42524697 0.45818264 0.47346974
0.00050111 0.27711162 0.58204588 0.3335578  0.34033719 0.36287842  0.51475587 0.44998219 0.44411745 0.38098864 0.50246853 0.45809662  0.4426108  0.41452704 0.4705883  0.46760634
0.         0.28516253 0.58283399 0.32367871 0.37323926 0.36269704  0.51719234 0.41107804 0.43551331 0.47204634 0.50167857 0.54771807  0.54003457 0.47396526 0.38406494 0.50433029
0.         0.28516253 0.58283399 0.32367871 0.37323926 0.36269704  0.51719234 0.41107804 0.43551331 0.47204634 0.50167857 0.54771807  0.54003457 0.47396526 0.38406494 0.50433029
0.         0.28516253 0.58283399 0.32367871 0.37323926 0.36269704  0.51719234 0.41107804 0.43551331 0.47204634 0.50167857 0.54771807  0.54003457 0.47396526 0.38406494 0.50433029
0.         0.28516253 0.58283399 0.32367871 0.37323926 0.36269704  0.51719234 0.41107804 0.43551331 0.47204634 0.50167857 0.54771807  0.54003457 0.47396526 0.38406494 0.50433029
0.         0.28516253 0.58283399 0.32367871 0.37323926 0.36269704  0.51719234 0.41107804 0.43551331 0.47204634 0.50167857 0.54771807  0.54003457 0.47396526 0.38406494 0.50433029
0.         0.28516253 0.58283399 0.32367871 0.37323926 0.36269704  0.51719234 0.41107804 0.43551331 0.47204634 0.50167857 0.54771807  0.54003457 0.47396526 0.38406494 0.50433029
0.         0.28516253 0.58283399 0.32367871 0.37323926 0.36269704  0.51719234 0.41107804 0.43551331 0.47204634 0.50167857 0.54771807  0.54003457 0.47396526 0.38406494 0.50433029
0.         0.28516253 0.58283399 0.32367871 0.37323926 0.36269704  0.51719234 0.41107804 0.43551331 0.47204634 0.50167857 0.54771807  0.54003457 0.47396526 0.38406494 0.50433029
0.00050111 0.27711162 0.58204588 0.3335578  0.34033719 0.36287842  0.51475587 0.44998219 0.44411745 0.38098864 0.50246853 0.45809662  0.4426108  0.41452704 0.4705883  0.46760634
0.00050111 0.27711162 0.58204588 0.3335578  0.34033719 0.36287842  0.51475587 0.44998219 0.44411745 0.38098864 0.50246853 0.45809662  0.4426108  0.41452704 0.4705883  0.46760634
0.00050111 0.27711162 0.58204588 0.3335578  0.34033719 0.36287842  0.51475587 0.44998219 0.44411745 0.38098864 0.50246853 0.45809662  0.4426108  0.41452704 0.4705883  0.46760634
0.02238699 0.26933158 0.55141352 0.44716364 0.13200308 0.43368392  0.38515266 0.45456251 0.39203695 0.41291259 0.4534861  0.49973982  0.50090471 0.43447086 0.45183801 0.48654995
0.02238699 0.26933158 0.55141352 0.44716364 0.13200308 0.43368392  0.38515266 0.45456251 0.39203695 0.41291259 0.4534861  0.49973982  0.50090471 0.43447086 0.45183801 0.48654995
0.02238699 0.26933158 0.55141352 0.44716364 0.13200308 0.43368392  0.38515266 0.45456251 0.39203695 0.41291259 0.4534861  0.49973982  0.50090471 0.43447086 0.45183801 0.48654995
0.02238699 0.26933158 0.55141352 0.44716364 0.13200308 0.43368392  0.38515266 0.45456251 0.39203695 0.41291259 0.4534861  0.49973982  0.50090471 0.43447086 0.45183801 0.48654995
0.02238699 0.26933158 0.55141352 0.44716364 0.13200308 0.43368392  0.38515266 0.45456251 0.39203695 0.41291259 0.4534861  0.49973982  0.50090471 0.43447086 0.45183801 0.48654995
0.02238699 0.26933158 0.55141352 0.44716364 0.13200308 0.43368392  0.38515266 0.45456251 0.39203695 0.41291259 0.4534861  0.49973982  0.50090471 0.43447086 0.45183801 0.48654995
0.02238699 0.26933158 0.55141352 0.44716364 0.13200308 0.43368392  0.38515266 0.45456251 0.39203695 0.41291259 0.4534861  0.49973982  0.50090471 0.43447086 0.45183801 0.48654995
0.02238699 0.26933158 0.55141352 0.44716364 0.13200308 0.43368392  0.38515266 0.45456251 0.39203695 0.41291259 0.4534861  0.49973982  0.50090471 0.43447086 0.45183801 0.48654995
0.02238699 0.26933158 0.55141352 0.44716364 0.13200308 0.43368392  0.38515266 0.45456251 0.39203695 0.41291259 0.4534861  0.49973982  0.50090471 0.43447086 0.45183801 0.48654995
0.02238699 0.26933158 0.55141352 0.44716364 0.13200308 0.43368392  0.38515266 0.45456251 0.39203695 0.41291259 0.4534861  0.49973982  0.50090471 0.43447086 0.45183801 0.48654995
0.02238699 0.26933158 0.55141352 0.44716364 0.13200308 0.43368392  0.38515266 0.45456251 0.39203695 0.41291259 0.4534861  0.49973982  0.50090471 0.43447086 0.45183801 0.48654995
0.02238699 0.26933158 0.55141352 0.44716364 0.13200308 0.43368392  0.38515266 0.45456251 0.39203695 0.41291259 0.4534861  0.49973982  0.50090471 0.43447086 0.45183801 0.48654995
0.02238699 0.26933158 0.55141352 0.44716364 0.13200308 0.43368392  0.38515266 0.45456251 0.39203695 0.41291259 0.4534861  0.49973982  0.50090471 0.43447086 0.45183801 0.48654995
0.02238699 0.26933158 0.55141352 0.44716364 0.13200308 0.43368392  0.38515266 0.45456251 0.39203695 0.41291259 0.4534861  0.49973982  0.50090471 0.43447086 0.45183801 0.48654995
0.02238699 0.26933158 0.55141352 0.44716364 0.13200308 0.43368392  0.38515266 0.45456251 0.39203695 0.41291259 0.4534861  0.49973982  0.50090471 0.43447086 0.45183801 0.48654995
0.02238699 0.26933158 0.55141352 0.44716364 0.13200308 0.43368392  0.38515266 0.45456251 0.39203695 0.41291259 0.4534861  0.49973982  0.50090471 0.43447086 0.45183801 0.48654995
0.02238699 0.26933158 0.55141352 0.44716364 0.13200308 0.43368392  0.38515266 0.45456251 0.39203695 0.41291259 0.4534861  0.49973982  0.50090471 0.43447086 0.45183801 0.48654995
0.02238699 0.26933158 0.55141352 0.44716364 0.13200308 0.43368392  0.38515266 0.45456251 0.39203695 0.41291259 0.4534861  0.49973982  0.50090471 0.43447086 0.45183801 0.48654995
0.02238699 0.26933158 0.55141352 0.44716364 0.13200308 0.43368392  0.38515266 0.45456251 0.39203695 0.41291259 0.4534861  0.49973982  0.50090471 0.43447086 0.45183801 0.48654995
0.02238699 0.26933158 0.55141352 0.44716364 0.13200308 0.43368392  0.38515266 0.45456251 0.39203695 0.41291259 0.4534861  0.49973982  0.50090471 0.43447086 0.45183801 0.48654995
0.02238699 0.26933158 0.55141352 0.44716364 0.13200308 0.43368392  0.38515266 0.45456251 0.39203695 0.41291259 0.4534861  0.49973982  0.50090471 0.43447086 0.45183801 0.48654995
0.02238699 0.26933158 0.55141352 0.44716364 0.13200308 0.43368392  0.38515266 0.45456251 0.39203695 0.41291259 0.4534861  0.49973982  0.50090471 0.43447086 0.45183801 0.48654995
0.02238699 0.26933158 0.55141352 0.44716364 0.13200308 0.43368392  0.38515266 0.45456251 0.39203695 0.41291259 0.4534861  0.49973982  0.50090471 0.43447086 0.45183801 0.48654995
0.02238699 0.26933158 0.55141352 0.44716364 0.13200308 0.43368392  0.38515266 0.45456251 0.39203695 0.41291259 0.4534861  0.49973982  0.50090471 0.43447086 0.45183801 0.48654995
0.02238699 0.26933158 0.55141352 0.44716364 0.13200308 0.43368392  0.38515266 0.45456251 0.39203695 0.41291259 0.4534861  0.49973982  0.50090471 0.43447086 0.45183801 0.48654995
0.02238699 0.26933158 0.55141352 0.44716364 0.13200308 0.43368392  0.38515266 0.45456251 0.39203695 0.41291259 0.4534861  0.49973982  0.50090471 0.43447086 0.45183801 0.48654995
0.02238699 0.26933158 0.55141352 0.44716364 0.13200308 0.43368392  0.38515266 0.45456251 0.39203695 0.41291259 0.4534861  0.49973982  0.50090471 0.43447086 0.45183801 0.48654995
0.02238699 0.26933158 0.55141352 0.44716364 0.13200308 0.43368392  0.38515266 0.45456251 0.39203695 0.41291259 0.4534861  0.49973982  0.50090471 0.43447086 0.45183801 0.48654995
0.02238699 0.26933158 0.55141352 0.44716364 0.13200308 0.43368392  0.38515266 0.45456251 0.39203695 0.41291259 0.4534861  0.49973982  0.50090471 0.43447086 0.45183801 0.48654995
0.02238699 0.26933158 0.55141352 0.44716364 0.13200308 0.43368392  0.38515266 0.45456251 0.39203695 0.41291259 0.4534861  0.49973982  0.50090471 0.43447086 0.45183801 0.48654995
0.02238699 0.26933158 0.55141352 0.44716364 0.13200308 0.43368392  0.38515266 0.45456251 0.39203695 0.41291259 0.4534861  0.49973982  0.50090471 0.43447086 0.45183801 0.48654995
0.14691208 0.21815621 0.34197888 0.5864259  0.20180737 0.32713283  0.45439634 0.39080182 0.34947939 0.4397141  0.59348952 0.43338957  0.4093701  0.53755299 0.39726888 0.39565592
0.23743803 0.18174713 0.19199644 0.6706806  0.26803392 0.25045749  0.49184332 0.36735078 0.2801005  0.42004334 0.60043288 0.380515  0.43673259 0.56230272 0.38837872 0.39207937
0.29416233 0.16679954 0.1265974  0.65248979 0.29122379 0.2665652  0.53159525 0.38867979 0.36823164 0.40365169 0.50115602 0.44065725  0.53616066 0.42031243 0.46488965 0.54101964
0.35067961 0.16300859 0.10022633 0.57177683 0.26848731 0.34664623  0.60049422 0.42015541 0.52054273 0.40488593 0.37619304 0.48182967  0.67685312 0.36969021 0.47920809 0.55348789
0.40629035 0.16464315 0.09729458 0.46941361 0.24405913 0.42593282  0.64628279 0.45142153 0.59760233 0.40076838 0.29973069 0.47439296  0.72458308 0.40888357 0.43412    0.49968575
0.51052945 0.12611515 0.13795471 0.30481469 0.29165703 0.43664538  0.36834019 0.54796914 0.51329301 0.45388307 0.31667625 0.56907763  0.42459756 0.37628962 0.49562754 0.39928308
0.52691516 0.11827884 0.15742362 0.281934   0.29748759 0.43412409  0.308361   0.54749835 0.53070448 0.47571084 0.35612731 0.54985773  0.39086033 0.37109982 0.45647408 0.42336074
0.54399399 0.11779252 0.17517867 0.25114412 0.28723431 0.44728034  0.29344306 0.54097491 0.51925702 0.49509412 0.39652683 0.52078287  0.38118193 0.41430028 0.42405617 0.39678013
0.57796147 0.12253123 0.20789219 0.19031715 0.25491219 0.47064439  0.32333226 0.52744455 0.48106488 0.52867134 0.43466572 0.4448942  0.36745918 0.53058271 0.38966948 0.33436317
0.59331639 0.11722831 0.23479047 0.17579827 0.25105307 0.46521007  0.29418606 0.50788991 0.49462703 0.55430589 0.46779308 0.39988542  0.3748327  0.55566833 0.35511512 0.38344771
0.59331639 0.11722831 0.23479047 0.17579827 0.25105307 0.46521007  0.29418606 0.50788991 0.49462703 0.55430589 0.46779308 0.39988542  0.3748327  0.55566833 0.35511512 0.38344771
0.62176894 0.12019064 0.28508992 0.16626636 0.2267817  0.45190236  0.33369864 0.48199532 0.4605606  0.52498593 0.51131059 0.36706036  0.44468276 0.56533617 0.41849351 0.31653365
0.64601114 0.10428624 0.34191154 0.18987341 0.2451278  0.45457771  0.29028799 0.48764992 0.48569107 0.38241564 0.66372975 0.43250294  0.69208617 0.54914454 0.44763728 0.15804566
0.66452302 0.07935098 0.39431343 0.23282312 0.2810037  0.5076557  0.2795592  0.43734202 0.49611991 0.21866636 0.65689434 0.49659333  0.6419681  0.61690119 0.33788627 0.32664669
0.67472228 0.0693362  0.42510129 0.25352389 0.28880001 0.51970784  0.28760196 0.40304063 0.50962834 0.15879177 0.6212026  0.50576285  0.60671423 0.66283443 0.32563322 0.42815256
0.67472228 0.0693362  0.42510129 0.25352389 0.28880001 0.51970784  0.28760196 0.40304063 0.50962834 0.15879177 0.6212026  0.50576285  0.60671423 0.66283443 0.32563322 0.42815256
0.67472228 0.0693362  0.42510129 0.25352389 0.28880001 0.51970784  0.28760196 0.40304063 0.50962834 0.15879177 0.6212026  0.50576285  0.60671423 0.66283443 0.32563322 0.42815256
0.67472228 0.0693362  0.42510129 0.25352389 0.28880001 0.51970784  0.28760196 0.40304063 0.50962834 0.15879177 0.6212026  0.50576285  0.60671423 0.66283443 0.32563322 0.42815256
0.64626973 0.06637387 0.37480184 0.2630558  0.31307138 0.53301555  0.24808938 0.42893523 0.54369478 0.18811173 0.5776851  0.53858791  0.53686418 0.65316659 0.26225483 0.49506662
0.63607047 0.07638866 0.34401398 0.24235503 0.30527506 0.52096341  0.24004663 0.46323661 0.53018634 0.24798633 0.61337683 0.52941839  0.57211804 0.60723335 0.27450788 0.39356075
0.62606984 0.08852213 0.31547985 0.22163328 0.2910899  0.49923374  0.24283375 0.49219969 0.51578606 0.32772934 0.62736051 0.50470059  0.59804485 0.55997897 0.31489743 0.28615222
0.53718579 0.10716849 0.20341914 0.29445069 0.31507078 0.42418694  0.22752812 0.54930402 0.48885591 0.41604432 0.51290474 0.59187378  0.44950066 0.37021363 0.43631783 0.3208932 
0.49113928 0.11143077 0.1493332  0.34466606 0.33187221 0.38632671  0.23323009 0.54997141 0.50090256 0.4670398  0.39641779 0.61160235  0.33782014 0.28428891 0.47909156 0.52586788
0.43517736 0.11175129 0.16057009 0.43965391 0.36047917 0.30339107  0.17107831 0.52130562 0.3858862  0.4612768  0.49141056 0.60827024  0.24223982 0.26285454 0.50761473 0.566131  
0.36297013 0.12815804 0.16115299 0.5353606  0.35595584 0.25427819  0.23521704 0.49149727 0.28523603 0.43075459 0.48176828 0.57051718  0.28133129 0.32574616 0.55044459 0.50474483
0.34394766 0.13074309 0.1727613  0.56004078 0.36023214 0.22940685  0.21970747 0.47784053 0.23404428 0.43369667 0.52481964 0.54053932  0.23719155 0.36347416 0.53695858 0.48003817
0.2522191  0.16166708 0.28115769 0.5390478  0.34986985 0.22722225  0.19279579 0.49164869 0.0653204  0.37612162 0.37161728 0.40463886  0.47050235 0.46951641 0.47570315 0.46347278
0.19951887 0.18813668 0.30036894 0.56743909 0.30729663 0.2517494  0.30948002 0.46340462 0.07221926 0.34310561 0.33947562 0.34443387  0.61000168 0.53217412 0.41662647 0.44048774
0.19951887 0.18813668 0.30036894 0.56743909 0.30729663 0.2517494  0.30948002 0.46340462 0.07221926 0.34310561 0.33947562 0.34443387  0.61000168 0.53217412 0.41662647 0.44048774
0.14625688 0.21527912 0.33915922 0.57877525 0.25404513 0.28435772  0.39705421 0.43103454 0.10669944 0.35691865 0.38367202 0.31940748  0.63886759 0.60493022 0.35904411 0.37961298
0.09323387 0.23845118 0.43826271 0.4999553  0.22218514 0.34195351  0.36366385 0.47063792 0.13885449 0.34095279 0.29643914 0.36274848  0.69789036 0.53562062 0.38641914 0.44353505
0.07506739 0.24565336 0.46436124 0.49596544 0.19535648 0.36169285  0.37313357 0.45903519 0.20815524 0.36607104 0.3641368  0.38903628  0.62395235 0.5278231  0.39614808 0.43060607
0.03976731 0.26138878 0.5282016  0.4507713  0.15989462 0.40943989  0.3646431  0.47077634 0.29521539 0.38487965 0.37041869 0.45850843  0.59092167 0.4629279  0.42932014 0.47985227
0.03976731 0.26138878 0.5282016  0.4507713  0.15989462 0.40943989  0.3646431  0.47077634 0.29521539 0.38487965 0.37041869 0.45850843  0.59092167 0.4629279  0.42932014 0.47985227
0.02238699 0.26933158 0.55141352 0.44716364 0.13200308 0.43368392  0.38515266 0.45456251 0.39203695 0.41291259 0.4534861  0.49973982  0.50090471 0.43447086 0.45183801 0.48654995
0.02238699 0.26933158 0.55141352 0.44716364 0.13200308 0.43368392  0.38515266 0.45456251 0.39203695 0.41291259 0.4534861  0.49973982  0.50090471 0.43447086 0.45183801 0.48654995
0.02238699 0.26933158 0.55141352 0.44716364 0.13200308 0.43368392  0.38515266 0.45456251 0.39203695 0.41291259 0.4534861  0.49973982  0.50090471 0.43447086 0.45183801 0.48654995
0.02238699 0.26933158 0.55141352 0.44716364 0.13200308 0.43368392  0.38515266 0.45456251 0.39203695 0.41291259 0.4534861  0.49973982  0.50090471 0.43447086 0.45183801 0.48654995
0.02238699 0.26933158 0.55141352 0.44716364 0.13200308 0.43368392  0.38515266 0.45456251 0.39203695 0.41291259 0.4534861  0.49973982  0.50090471 0.43447086 0.45183801 0.48654995
0.01127263 0.27312044 0.56699535 0.39141017 0.23694552 0.39737547  0.44866587 0.45075845 0.41690237 0.39722444 0.48009993 0.47894387  0.47222712 0.42524697 0.45818264 0.47346974
0.01127263 0.27312044 0.56699535 0.39141017 0.23694552 0.39737547  0.44866587 0.45075845 0.41690237 0.39722444 0.48009993 0.47894387  0.47222712 0.42524697 0.45818264 0.47346974
0.00050111 0.27711162 0.58204588 0.3335578  0.34033719 0.36287842  0.51475587 0.44998219 0.44411745 0.38098864 0.50246853 0.45809662  0.4426108  0.41452704 0.4705883  0.46760634
0.00050111 0.27711162 0.58204588 0.3335578  0.34033719 0.36287842  0.51475587 0.44998219 0.44411745 0.38098864 0.50246853 0.45809662  0.4426108  0.41452704 0.4705883  0.46760634
0.00050111 0.27711162 0.58204588 0.3335578  0.34033719 0.36287842  0.51475587 0.44998219 0.44411745 0.38098864 0.50246853 0.45809662  0.4426108  0.41452704 0.4705883  0.46760634
0.00050111 0.27711162 0.58204588 0.3335578  0.34033719 0.36287842  0.51475587 0.44998219 0.44411745 0.38098864 0.50246853 0.45809662  0.4426108  0.41452704 0.4705883  0.46760634
0.00050111 0.27711162 0.58204588 0.3335578  0.34033719 0.36287842  0.51475587 0.44998219 0.44411745 0.38098864 0.50246853 0.45809662  0.4426108  0.41452704 0.4705883  0.46760634
0.00050111 0.27711162 0.58204588 0.3335578  0.34033719 0.36287842  0.51475587 0.44998219 0.44411745 0.38098864 0.50246853 0.45809662  0.4426108  0.41452704 0.4705883  0.46760634
0.00050111 0.27711162 0.58204588 0.3335578  0.34033719 0.36287842  0.51475587 0.44998219 0.44411745 0.38098864 0.50246853 0.45809662  0.4426108  0.41452704 0.4705883  0.46760634
0.00050111 0.27711162 0.58204588 0.3335578  0.34033719 0.36287842  0.51475587 0.44998219 0.44411745 0.38098864 0.50246853 0.45809662  0.4426108  0.41452704 0.4705883  0.46760634
0.00050111 0.27711162 0.58204588 0.3335578  0.34033719 0.36287842  0.51475587 0.44998219 0.44411745 0.38098864 0.50246853 0.45809662  0.4426108  0.41452704 0.4705883  0.46760634
0.00050111 0.27711162 0.58204588 0.3335578  0.34033719 0.36287842  0.51475587 0.44998219 0.44411745 0.38098864 0.50246853 0.45809662  0.4426108  0.41452704 0.4705883  0.46760634
0.00050111 0.27711162 0.58204588 0.3335578  0.34033719 0.36287842  0.51475587 0.44998219 0.44411745 0.38098864 0.50246853 0.45809662  0.4426108  0.41452704 0.4705883  0.46760634
0.00050111 0.27711162 0.58204588 0.3335578  0.34033719 0.36287842  0.51475587 0.44998219 0.44411745 0.38098864 0.50246853 0.45809662  0.4426108  0.41452704 0.4705883  0.46760634
0.00050111 0.27711162 0.58204588 0.3335578  0.34033719 0.36287842  0.51475587 0.44998219 0.44411745 0.38098864 0.50246853 0.45809662  0.4426108  0.41452704 0.4705883  0.46760634
0.00050111 0.27711162 0.58204588 0.3335578  0.34033719 0.36287842  0.51475587 0.44998219 0.44411745 0.38098864 0.50246853 0.45809662  0.4426108  0.41452704 0.4705883  0.46760634
0.00050111 0.27711162 0.58204588 0.3335578  0.34033719 0.36287842  0.51475587 0.44998219 0.44411745 0.38098864 0.50246853 0.45809662  0.4426108  0.41452704 0.4705883  0.46760634
