0.36317702 0.1651346  0.17107329 0.39463232 0.62679732 0.20754436  0.37639211 0.40928205 0.31578125 0.5586673  0.53818747 0.72636429  0.3638194  0.40323642 0.50282947 0.57486233
0.34477075 0.17454147 0.19323646 0.3945621  0.63952625 0.20335586  0.34086172 0.38772553 0.24555674 0.60323615 0.55556337 0.76182383  0.3695312  0.46217532 0.44871851 0.54214912
0.29134839 0.17287043 0.20119609 0.41644129 0.5217809  0.23837314  0.54681843 0.47734678 0.34529794 0.34512276 0.34737079 0.47670133  0.53917354 0.31117294 0.57173984 0.55008038
0.27303833 0.17895274 0.20117374 0.44898816 0.51090748 0.23067991  0.59523185 0.4516885  0.35706652 0.33806831 0.35420527 0.42446605  0.60771877 0.34594316 0.54496156 0.55564535
0.25427244 0.17997107 0.21237599 0.47113004 0.51875062 0.2053818  0.56201023 0.44576578 0.29544164 0.33642746 0.397652   0.42152562  0.54677039 0.36306622 0.53823803 0.54848529
0.23525311 0.18523957 0.23470591 0.47612709 0.51432484 0.19771185  0.54849981 0.43838102 0.2542849  0.34133255 0.42492471 0.3924665  0.52092858 0.42287853 0.50510007 0.49387912
0.1981007  0.19581622 0.28566858 0.46099312 0.51763757 0.18887031  0.49536773 0.45466401 0.14068933 0.31790277 0.39085722 0.3557022  0.531417   0.47974484 0.47443764 0.44454407
0.16115299 0.20910034 0.30871761 0.49853786 0.48130493 0.19283058  0.55963184 0.40962166 0.19284528 0.33269371 0.46210576 0.28426574  0.56904607 0.55381862 0.40578982 0.40561155
0.124371   0.22305915 0.36979158 0.46516941 0.46237924 0.21355222  0.52665742 0.42645421 0.15877994 0.3249947  0.43265446 0.27776428  0.58057368 0.5849864  0.37779439 0.36066937
0.124371   0.22305915 0.36979158 0.46516941 0.46237924 0.21355222  0.52665742 0.42645421 0.15877994 0.3249947  0.43265446 0.27776428  0.58057368 0.5849864  0.37779439 0.36066937
0.10629339 0.23060803 0.40203349 0.44430423 0.44580799 0.23346719  0.51185722 0.43625891 0.17249952 0.32735313 0.41960835 0.30010868  0.57795374 0.56759326 0.38708561 0.37115523
0.10629339 0.23060803 0.40203349 0.44430423 0.44580799 0.23346719  0.51185722 0.43625891 0.17249952 0.32735313 0.41960835 0.30010868  0.57795374 0.56759326 0.38708561 0.37115523
0.07027164 0.24548951 0.45894329 0.42205159 0.39822592 0.27669645  0.5161597  0.42791639 0.28679473 0.36560994 0.50008386 0.3642851  0.47770837 0.5322839  0.41372243 0.37856189
0.05290165 0.25327588 0.49193039 0.39155577 0.39647052 0.29233933  0.51074183 0.4436158  0.28715804 0.34986305 0.45002233 0.36134967  0.53416827 0.51112438 0.41809871 0.41310001
0.05290165 0.25327588 0.49193039 0.39155577 0.39647052 0.29233933  0.51074183 0.4436158  0.28715804 0.34986305 0.45002233 0.36134967  0.53416827 0.51112438 0.41809871 0.41310001
0.05290165 0.25327588 0.49193039 0.39155577 0.39647052 0.29233933  0.51074183 0.4436158  0.28715804 0.34986305 0.45002233 0.36134967  0.53416827 0.51112438 0.41809871 0.41310001
0.05290165 0.25327588 0.49193039 0.39155577 0.39647052 0.29233933  0.51074183 0.4436158  0.28715804 0.34986305 0.45002233 0.36134967  0.53416827 0.51112438 0.41809871 0.41310001
0.05290165 0.25327588 0.49193039 0.39155577 0.39647052 0.29233933  0.51074183 0.4436158  0.28715804 0.34986305 0.45002233 0.36134967  0.53416827 0.51112438 0.41809871 0.41310001
0.03545685 0.261332   0.52495947 0.36462441 0.38176206 0.31659645  0.50741861 0.45209673 0.32922373 0.35553309 0.44352637 0.3929332  0.52744495 0.47374101 0.43436289 0.44201058
0.05290165 0.25327588 0.49193039 0.39155577 0.39647052 0.29233933  0.51074183 0.4436158  0.28715804 0.34986305 0.45002233 0.36134967  0.53416827 0.51112438 0.41809871 0.41310001
0.05290165 0.25327588 0.49193039 0.39155577 0.39647052 0.29233933  0.51074183 0.4436158  0.28715804 0.34986305 0.45002233 0.36134967  0.53416827 0.51112438 0.41809871 0.41310001
0.05290165 0.25327588 0.49193039 0.39155577 0.39647052 0.29233933  0.51074183 0.4436158  0.28715804 0.34986305 0.45002233 0.36134967  0.53416827 0.51112438 0.41809871 0.41310001
0.05290165 0.25327588 0.49193039 0.39155577 0.39647052 0.29233933  0.51074183 0.4436158  0.28715804 0.34986305 0.45002233 0.36134967  0.53416827 0.51112438 0.41809871 0.41310001
0.05290165 0.25327588 0.49193039 0.39155577 0.39647052 0.29233933  0.51074183 0.4436158  0.28715804 0.34986305 0.45002233 0.36134967  0.53416827 0.51112438 0.41809871 0.41310001
0.05290165 0.25327588 0.49193039 0.39155577 0.39647052 0.29233933  0.51074183 0.4436158  0.28715804 0.34986305 0.45002233 0.36134967  0.53416827 0.51112438 0.41809871 0.41310001
0.05290165 0.25327588 0.49193039 0.39155577 0.39647052 0.29233933  0.51074183 0.4436158  0.28715804 0.34986305 0.45002233 0.36134967  0.53416827 0.51112438 0.41809871 0.41310001
0.05290165 0.25327588 0.49193039 0.39155577 0.39647052 0.29233933  0.51074183 0.4436158  0.28715804 0.34986305 0.45002233 0.36134967  0.53416827 0.51112438 0.41809871 0.41310001
0.03545685 0.261332   0.52495947 0.36462441 0.38176206 0.31659645  0.50741861 0.45209673 0.32922373 0.35553309 0.44352637 0.3929332  0.52744495 0.47374101 0.43436289 0.44201058
0.03545685 0.261332   0.52495947 0.36462441 0.38176206 0.31659645  0.50741861 0.45209673 0.32922373 0.35553309 0.44352637 0.3929332  0.52744495 0.47374101 0.43436289 0.44201058
0.03545685 0.261332   0.52495947 0.36462441 0.38176206 0.31659645  0.50741861 0.45209673 0.32922373 0.35553309 0.44352637 0.3929332  0.52744495 0.47374101 0.43436289 0.44201058
0.05734272 0.25355197 0.49432712 0.47823025 0.17342796 0.38740195  0.3778154  0.45667706 0.27714323 0.38745704 0.39454393 0.4345764  0.58573886 0.49368483 0.41561261 0.46095419
0.03976731 0.26138878 0.5282016  0.4507713  0.15989462 0.40943989  0.3646431  0.47077634 0.29521539 0.38487965 0.37041869 0.45850843  0.59092167 0.4629279  0.42932014 0.47985227
0.02238699 0.26933158 0.55141352 0.44716364 0.13200308 0.43368392  0.38515266 0.45456251 0.39203695 0.41291259 0.4534861  0.49973982  0.50090471 0.43447086 0.45183801 0.48654995
0.02238699 0.26933158 0.55141352 0.44716364 0.13200308 0.43368392  0.38515266 0.45456251 0.39203695 0.41291259 0.4534861  0.49973982  0.50090471 0.43447086 0.45183801 0.48654995
0.02238699 0.26933158 0.55141352 0.44716364 0.13200308 0.43368392  0.38515266 0.45456251 0.39203695 0.41291259 0.4534861  0.49973982  0.50090471 0.43447086 0.45183801 0.48654995
0.02238699 0.26933158 0.55141352 0.44716364 0.13200308 0.43368392  0.38515266 0.45456251 0.39203695 0.41291259 0.4534861  0.49973982  0.50090471 0.43447086 0.45183801 0.48654995
0.02238699 0.26933158 0.55141352 0.44716364 0.13200308 0.43368392  0.38515266 0.45456251 0.39203695 0.41291259 0.4534861  0.49973982  0.50090471 0.43447086 0.45183801 0.48654995
0.02238699 0.26933158 0.55141352 0.44716364 0.13200308 0.43368392  0.38515266 0.45456251 0.39203695 0.41291259 0.4534861  0.49973982  0.50090471 0.43447086 0.45183801 0.48654995
0.02238699 0.26933158 0.55141352 0.44716364 0.13200308 0.43368392  0.38515266 0.45456251 0.39203695 0.41291259 0.4534861  0.49973982  0.50090471 0.43447086 0.45183801 0.48654995
0.02238699 0.26933158 0.55141352 0.44716364 0.13200308 0.43368392  0.38515266 0.45456251 0.39203695 0.41291259 0.4534861  0.49973982  0.50090471 0.43447086 0.45183801 0.48654995
0.02238699 0.26933158 0.55141352 0.44716364 0.13200308 0.43368392  0.38515266 0.45456251 0.39203695 0.41291259 0.4534861  0.49973982  0.50090471 0.43447086 0.45183801 0.48654995
0.02238699 0.26933158 0.55141352 0.44716364 0.13200308 0.43368392  0.38515266 0.45456251 0.39203695 0.41291259 0.4534861  0.49973982  0.50090471 0.43447086 0.45183801 0.48654995
0.02238699 0.26933158 0.55141352 0.44716364 0.13200308 0.43368392  0.38515266 0.45456251 0.39203695 0.41291259 0.4534861  0.49973982  0.50090471 0.43447086 0.45183801 0.48654995
0.02238699 0.26933158 0.55141352 0.44716364 0.13200308 0.43368392  0.38515266 0.45456251 0.39203695 0.41291259 0.4534861  0.49973982  0.50090471 0.43447086 0.45183801 0.48654995
0.02238699 0.26933158 0.55141352 0.44716364 0.13200308 0.43368392  0.38515266 0.45456251 0.39203695 0.41291259 0.4534861  0.49973982  0.50090471 0.43447086 0.45183801 0.48654995
0.02238699 0.26933158 0.55141352 0.44716364 0.13200308 0.43368392  0.38515266 0.45456251 0.39203695 0.41291259 0.4534861  0.49973982  0.50090471 0.43447086 0.45183801 0.48654995
0.02238699 0.26933158 0.55141352 0.44716364 0.13200308 0.43368392  0.38515266 0.45456251 0.39203695 0.41291259 0.4534861  0.49973982  0.50090471 0.43447086 0.45183801 0.48654995
0.02238699 0.26933158 0.55141352 0.44716364 0.13200308 0.43368392  0.38515266 0.45456251 0.39203695 0.41291259 0.4534861  0.49973982  0.50090471 0.43447086 0.45183801 0.48654995
0.02238699 0.26933158 0.55141352 0.44716364 0.13200308 0.43368392  0.38515266 0.45456251 0.39203695 0.41291259 0.4534861  0.49973982  0.50090471 0.43447086 0.45183801 0.48654995
0.02238699 0.26933158 0.55141352 0.44716364 0.13200308 0.43368392  0.38515266 0.45456251 0.39203695 0.41291259 0.4534861  0.49973982  0.50090471 0.43447086 0.45183801 0.48654995
0.02238699 0.26933158 0.55141352 0.44716364 0.13200308 0.43368392  0.38515266 0.45456251 0.39203695 0.41291259 0.4534861  0.49973982  0.50090471 0.43447086 0.45183801 0.48654995
0.02238699 0.26933158 0.55141352 0.44716364 0.13200308 0.43368392  0.38515266 0.45456251 0.39203695 0.41291259 0.4534861  0.49973982  0.50090471 0.43447086 0.45183801 0.48654995
0.02238699 0.26933158 0.55141352 0.44716364 0.13200308 0.43368392  0.38515266 0.45456251 0.39203695 0.41291259 0.4534861  0.49973982  0.50090471 0.43447086 0.45183801 0.48654995
0.02238699 0.26933158 0.55141352 0.44716364 0.13200308 0.43368392  0.38515266 0.45456251 0.39203695 0.41291259 0.4534861  0.49973982  0.50090471 0.43447086 0.45183801 0.48654995
0.02238699 0.26933158 0.55141352 0.44716364 0.13200308 0.43368392  0.38515266 0.45456251 0.39203695 0.41291259 0.4534861  0.49973982  0.50090471 0.43447086 0.45183801 0.48654995
0.02238699 0.26933158 0.55141352 0.44716364 0.13200308 0.43368392  0.38515266 0.45456251 0.39203695 0.41291259 0.4534861  0.49973982  0.50090471 0.43447086 0.45183801 0.48654995
0.02238699 0.26933158 0.55141352 0.44716364 0.13200308 0.43368392  0.38515266 0.45456251 0.39203695 0.41291259 0.4534861  0.49973982  0.50090471 0.43447086 0.45183801 0.48654995
0.02238699 0.26933158 0.55141352 0.44716364 0.13200308 0.43368392  0.38515266 0.45456251 0.39203695 0.41291259 0.4534861  0.49973982  0.50090471 0.43447086 0.45183801 0.48654995
0.02238699 0.26933158 0.55141352 0.44716364 0.13200308 0.43368392  0.38515266 0.45456251 0.39203695 0.41291259 0.4534861  0.49973982  0.50090471 0.43447086 0.45183801 0.48654995
0.02238699 0.26933158 0.55141352 0.44716364 0.13200308 0.43368392  0.38515266 0.45456251 0.39203695 0.41291259 0.4534861  0.49973982  0.50090471 0.43447086 0.45183801 0.48654995
0.02238699 0.26933158 0.55141352 0.44716364 0.13200308 0.43368392  0.38515266 0.45456251 0.39203695 0.41291259 0.4534861  0.49973982  0.50090471 0.43447086 0.45183801 0.48654995
0.02238699 0.26933158 0.55141352 0.44716364 0.13200308 0.43368392  0.38515266 0.45456251 0.39203695 0.41291259 0.4534861  0.49973982  0.50090471 0.43447086 0.45183801 0.48654995
0.05762258 0.25370948 0.49739033 0.46903408 0.18064803 0.38594998  0.36981035 0.46751612 0.25022094 0.37174109 0.35764084 0.42061981  0.61722903 0.49043973 0.41241226 0.45951664
0.05762258 0.25370948 0.49739033 0.46903408 0.18064803 0.38594998  0.36981035 0.46751612 0.25022094 0.37174109 0.35764084 0.42061981  0.61722903 0.49043973 0.41241226 0.45951664
0.05762258 0.25370948 0.49739033 0.46903408 0.18064803 0.38594998  0.36981035 0.46751612 0.25022094 0.37174109 0.35764084 0.42061981  0.61722903 0.49043973 0.41241226 0.45951664
0.05762258 0.25370948 0.49739033 0.46903408 0.18064803 0.38594998  0.36981035 0.46751612 0.25022094 0.37174109 0.35764084 0.42061981  0.61722903 0.49043973 0.41241226 0.45951664
0.05762258 0.25370948 0.49739033 0.46903408 0.18064803 0.38594998  0.36981035 0.46751612 0.25022094 0.37174109 0.35764084 0.42061981  0.61722903 0.49043973 0.41241226 0.45951664
0.07349497 0.23927137 0.50931942 0.45355735 0.20370451 0.36650934  0.28033344 0.48642711 0.22665478 0.37936842 0.36441712 0.4239862  0.56020721 0.48081961 0.43088991 0.45250144
0.09086495 0.231485   0.47633232 0.48405317 0.20545992 0.35086646  0.28575131 0.4707277  0.22629147 0.39511531 0.41447865 0.42692163  0.50374731 0.50197914 0.42651363 0.41796332
0.10830976 0.22342888 0.44330324 0.51098453 0.22016837 0.32660934  0.28907453 0.46224677 0.18422577 0.38944527 0.42097461 0.39533809  0.51047063 0.5393625  0.41024945 0.38905275
0.10830976 0.22342888 0.44330324 0.51098453 0.22016837 0.32660934  0.28907453 0.46224677 0.18422577 0.38944527 0.42097461 0.39533809  0.51047063 0.5393625  0.41024945 0.38905275
0.10830976 0.22342888 0.44330324 0.51098453 0.22016837 0.32660934  0.28907453 0.46224677 0.18422577 0.38944527 0.42097461 0.39533809  0.51047063 0.5393625  0.41024945 0.38905275
0.10830976 0.22342888 0.44330324 0.51098453 0.22016837 0.32660934  0.28907453 0.46224677 0.18422577 0.38944527 0.42097461 0.39533809  0.51047063 0.5393625  0.41024945 0.38905275
0.10830976 0.22342888 0.44330324 0.51098453 0.22016837 0.32660934  0.28907453 0.46224677 0.18422577 0.38944527 0.42097461 0.39533809  0.51047063 0.5393625  0.41024945 0.38905275
0.10830976 0.22342888 0.44330324 0.51098453 0.22016837 0.32660934  0.28907453 0.46224677 0.18422577 0.38944527 0.42097461 0.39533809  0.51047063 0.5393625  0.41024945 0.38905275
0.10830976 0.22342888 0.44330324 0.51098453 0.22016837 0.32660934  0.28907453 0.46224677 0.18422577 0.38944527 0.42097461 0.39533809  0.51047063 0.5393625  0.41024945 0.38905275
0.10830976 0.22342888 0.44330324 0.51098453 0.22016837 0.32660934  0.28907453 0.46224677 0.18422577 0.38944527 0.42097461 0.39533809  0.51047063 0.5393625  0.41024945 0.38905275
0.10830976 0.22342888 0.44330324 0.51098453 0.22016837 0.32660934  0.28907453 0.46224677 0.18422577 0.38944527 0.42097461 0.39533809  0.51047063 0.5393625  0.41024945 0.38905275
0.07499257 0.2459231  0.46440323 0.49952989 0.18240344 0.37030709  0.37522822 0.45181672 0.24985763 0.38748799 0.40770237 0.42355524  0.56076913 0.51159926 0.40803598 0.42497852
0.07499257 0.2459231  0.46440323 0.49952989 0.18240344 0.37030709  0.37522822 0.45181672 0.24985763 0.38748799 0.40770237 0.42355524  0.56076913 0.51159926 0.40803598 0.42497852
0.04685106 0.25770065 0.51244086 0.41118172 0.2840397  0.35145292  0.43590035 0.46673986 0.27743602 0.35550528 0.38000944 0.39977256  0.58761271 0.47971981 0.42481792 0.45365324
0.0357367  0.26148951 0.52802268 0.35542824 0.38898213 0.31514448  0.49941356 0.4629358  0.30230144 0.33981714 0.40662327 0.37897661  0.55893512 0.47049592 0.43116254 0.44057303
0.0357367  0.26148951 0.52802268 0.35542824 0.38898213 0.31514448  0.49941356 0.4629358  0.30230144 0.33981714 0.40662327 0.37897661  0.55893512 0.47049592 0.43116254 0.44057303
0.0357367  0.26148951 0.52802268 0.35542824 0.38898213 0.31514448  0.49941356 0.4629358  0.30230144 0.33981714 0.40662327 0.37897661  0.55893512 0.47049592 0.43116254 0.44057303
0.0357367  0.26148951 0.52802268 0.35542824 0.38898213 0.31514448  0.49941356 0.4629358  0.30230144 0.33981714 0.40662327 0.37897661  0.55893512 0.47049592 0.43116254 0.44057303
0.0357367  0.26148951 0.52802268 0.35542824 0.38898213 0.31514448  0.49941356 0.4629358  0.30230144 0.33981714 0.40662327 0.37897661  0.55893512 0.47049592 0.43116254 0.44057303
0.0357367  0.26148951 0.52802268 0.35542824 0.38898213 0.31514448  0.49941356 0.4629358  0.30230144 0.33981714 0.40662327 0.37897661  0.55893512 0.47049592 0.43116254 0.44057303
0.01835638 0.26943231 0.55123461 0.35182058 0.36109059 0.33938851  0.51992312 0.44672197 0.399123   0.36785008 0.48969068 0.420208  0.46891816 0.44203887 0.45368042 0.44727071
0.00050111 0.27711162 0.58204588 0.3335578  0.34033719 0.36287842  0.51475587 0.44998219 0.44411745 0.38098864 0.50246853 0.45809662  0.4426108  0.41452704 0.4705883  0.46760634
0.00050111 0.27711162 0.58204588 0.3335578  0.34033719 0.36287842  0.51475587 0.44998219 0.44411745 0.38098864 0.50246853 0.45809662  0.4426108  0.41452704 0.4705883  0.46760634
0.00050111 0.27711162 0.58204588 0.3335578  0.34033719 0.36287842  0.51475587 0.44998219 0.44411745 0.38098864 0.50246853 0.45809662  0.4426108  0.41452704 0.4705883  0.46760634
0.00050111 0.27711162 0.58204588 0.3335578  0.34033719 0.36287842  0.51475587 0.44998219 0.44411745 0.38098864 0.50246853 0.45809662  0.4426108  0.41452704 0.4705883  0.46760634
0.00050111 0.27711162 0.58204588 0.3335578  0.34033719 0.36287842  0.51475587 0.44998219 0.44411745 0.38098864 0.50246853 0.45809662  0.4426108  0.41452704 0.4705883  0.46760634
0.00050111 0.27711162 0.58204588 0.3335578  0.34033719 0.36287842  0.51475587 0.44998219 0.44411745 0.38098864 0.50246853 0.45809662  0.4426108  0.41452704 0.4705883  0.46760634
0.00050111 0.27711162 0.58204588 0.3335578  0.34033719 0.36287842  0.51475587 0.44998219 0.44411745 0.38098864 0.50246853 0.45809662  0.4426108  0.41452704 0.4705883  0.46760634
0.00050111 0.27711162 0.58204588 0.3335578  0.34033719 0.36287842  0.51475587 0.44998219 0.44411745 0.38098864 0.50246853 0.45809662  0.4426108  0.41452704 0.4705883  0.46760634
0.00050111 0.27711162 0.58204588 0.3335578  0.34033719 0.36287842  0.51475587 0.44998219 0.44411745 0.38098864 0.50246853 0.45809662  0.4426108  0.41452704 0.4705883  0.46760634
0.00050111 0.27711162 0.58204588 0.3335578  0.34033719 0.36287842  0.51475587 0.44998219 0.44411745 0.38098864 0.50246853 0.45809662  0.4426108  0.41452704 0.4705883  0.46760634
0.00050111 0.27711162 0.58204588 0.3335578  0.34033719 0.36287842  0.51475587 0.44998219 0.44411745 0.38098864 0.50246853 0.45809662  0.4426108  0.41452704 0.4705883  0.46760634
0.00050111 0.27711162 0.58204588 0.3335578  0.34033719 0.36287842  0.51475587 0.44998219 0.44411745 0.38098864 0.50246853 0.45809662  0.4426108  0.41452704 0.4705883  0.46760634
