0.00050111 0.27711162 0.58204588 0.3335578  0.34033719 0.36287842  0.51475587 0.44998219 0.44411745 0.38098864 0.50246853 0.45809662  0.4426108  0.41452704 0.4705883  0.46760634
0.00050111 0.27711162 0.58204588 0.3335578  0.34033719 0.36287842  0.51475587 0.44998219 0.44411745 0.38098864 0.50246853 0.45809662  0.4426108  0.41452704 0.4705883  0.46760634
0.00050111 0.27711162 0.58204588 0.3335578  0.34033719 0.36287842  0.51475587 0.44998219 0.44411745 0.38098864 0.50246853 0.45809662  0.4426108  0.41452704 0.4705883  0.46760634
0.00050111 0.27711162 0.58204588 0.3335578  0.34033719 0.36287842  0.51475587 0.44998219 0.44411745 0.38098864 0.50246853 0.45809662  0.4426108  0.41452704 0.4705883  0.46760634
0.00050111 0.27711162 0.58204588 0.3335578  0.34033719 0.36287842  0.51475587 0.44998219 0.44411745 0.38098864 0.50246853 0.45809662  0.4426108  0.41452704 0.4705883  0.46760634
0.00050111 0.27711162 0.58204588 0.3335578  0.34033719 0.36287842  0.51475587 0.44998219 0.44411745 0.38098864 0.50246853 0.45809662  0.4426108  0.41452704 0.4705883  0.46760634
0.00050111 0.27711162 0.58204588 0.3335578  0.34033719 0.36287842  0.51475587 0.44998219 0.44411745 0.38098864 0.50246853 0.45809662  0.4426108  0.41452704 0.4705883  0.46760634
0.00050111 0.27711162 0.58204588 0.3335578  0.34033719 0.36287842  0.51475587 0.44998219 0.44411745 0.38098864 0.50246853 0.45809662  0.4426108  0.41452704 0.4705883  0.46760634
0.00050111 0.27711162 0.58204588 0.3335578  0.34033719 0.36287842  0.51475587 0.44998219 0.44411745 0.38098864 0.50246853 0.45809662  0.4426108  0.41452704 0.4705883  0.46760634
0.00050111 0.27711162 0.58204588 0.3335578  0.34033719 0.36287842  0.51475587 0.44998219 0.44411745 0.38098864 0.50246853 0.45809662  0.4426108  0.41452704 0.4705883  0.46760634
0.00050111 0.27711162 0.58204588 0.3335578  0.34033719 0.36287842  0.51475587 0.44998219 0.44411745 0.38098864 0.50246853 0.45809662  0.4426108  0.41452704 0.4705883  0.46760634
0.00050111 0.27711162 0.58204588 0.3335578  0.34033719 0.36287842  0.51475587 0.44998219 0.44411745 0.38098864 0.50246853 0.45809662  0.4426108  0.41452704 0.4705883  0.46760634
0.00050111 0.27711162 0.58204588 0.3335578  0.34033719 0.36287842  0.51475587 0.44998219 0.44411745 0.38098864 0.50246853 0.45809662  0.4426108  0.41452704 0.4705883  0.46760634
0.00050111 0.27711162 0.58204588 0.3335578  0.34033719 0.36287842  0.51475587 0.44998219 0.44411745 0.38098864 0.50246853 0.45809662  0.4426108  0.41452704 0.4705883  0.46760634
0.00050111 0.27711162 0.58204588 0.3335578  0.34033719 0.36287842  0.51475587 0.44998219 0.44411745 0.38098864 0.50246853 0.45809662  0.4426108  0.41452704 0.4705883  0.46760634
0.00050111 0.27711162 0.58204588 0.3335578  0.34033719 0.36287842  0.51475587 0.44998219 0.44411745 0.38098864 0.50246853 0.45809662  0.4426108  0.41452704 0.4705883  0.46760634
0.00050111 0.27711162 0.58204588 0.3335578  0.34033719 0.36287842  0.51475587 0.44998219 0.44411745 0.38098864 0.50246853 0.45809662  0.4426108  0.41452704 0.4705883  0.46760634
0.00050111 0.27711162 0.58204588 0.3335578  0.34033719 0.36287842  0.51475587 0.44998219 0.44411745 0.38098864 0.50246853 0.45809662  0.4426108  0.41452704 0.4705883  0.46760634
0.00050111 0.27711162 0.58204588 0.3335578  0.34033719 0.36287842  0.51475587 0.44998219 0.44411745 0.38098864 0.50246853 0.45809662  0.4426108  0.41452704 0.4705883  0.46760634
0.02238699 0.26933158 0.55141352 0.44716364 0.13200308 0.43368392  0.38515266 0.45456251 0.39203695 0.41291259 0.4534861  0.49973982  0.50090471 0.43447086 0.45183801 0.48654995
0.16776414 0.23140636 0.36067076 0.50958414 0.12487074 0.44514005  0.5815484  0.38174741 0.67068866 0.49122134 0.58234149 0.51488941  0.47103802 0.43376335 0.46937215 0.46368049
0.25883571 0.19910859 0.22492326 0.56733975 0.1663398  0.40513935  0.64081857 0.35984192 0.7030871  0.49297864 0.62393219 0.5047398  0.45040709 0.43225844 0.47101435 0.45252399
0.29571031 0.18616079 0.17178207 0.58060548 0.19151898 0.38931939  0.65949624 0.36396646 0.69924939 0.474935   0.58388162 0.4959103  0.50255626 0.39995796 0.48724443 0.48679453
0.31387679 0.17895862 0.14568353 0.58459534 0.21834764 0.36958005  0.65002651 0.3755692  0.62994864 0.44981675 0.51618397 0.46962251  0.57649427 0.40775548 0.47751549 0.49972351
0.31387679 0.17895862 0.14568353 0.58459534 0.21834764 0.36958005  0.65002651 0.3755692  0.62994864 0.44981675 0.51618397 0.46962251  0.57649427 0.40775548 0.47751549 0.49972351
0.33125712 0.17101581 0.12247161 0.588203   0.24623918 0.34533601  0.62951695 0.39178304 0.53312707 0.42178381 0.43311657 0.42839112  0.66651123 0.43621253 0.45499762 0.49302583
0.31309064 0.17821798 0.14857015 0.58421314 0.21941052 0.36507536  0.63898668 0.3801803  0.60242783 0.44690206 0.50081422 0.45467891  0.59257322 0.428415   0.46472656 0.48009685
0.27748822 0.18375922 0.17349045 0.60940785 0.20595776 0.36166189  0.61728001 0.36350731 0.66001269 0.47402059 0.61856767 0.52118558  0.44743985 0.37317314 0.49571325 0.52041623
0.25846575 0.18634427 0.18509876 0.63408803 0.21023406 0.33679055  0.60177045 0.34985057 0.60882094 0.47696267 0.66161903 0.49120772  0.40330011 0.41090113 0.48222725 0.49570957
0.25846575 0.18634427 0.18509876 0.63408803 0.21023406 0.33679055  0.60177045 0.34985057 0.60882094 0.47696267 0.66161903 0.49120772  0.40330011 0.41090113 0.48222725 0.49570957
0.25846575 0.18634427 0.18509876 0.63408803 0.21023406 0.33679055  0.60177045 0.34985057 0.60882094 0.47696267 0.66161903 0.49120772  0.40330011 0.41090113 0.48222725 0.49570957
0.23969986 0.1873626  0.19630101 0.65622991 0.2180772  0.31149244  0.56854883 0.34392785 0.54719606 0.47532182 0.70506576 0.48826729  0.34235172 0.42802419 0.47550373 0.48854951
0.23969986 0.1873626  0.19630101 0.65622991 0.2180772  0.31149244  0.56854883 0.34392785 0.54719606 0.47532182 0.70506576 0.48826729  0.34235172 0.42802419 0.47550373 0.48854951
0.23969986 0.1873626  0.19630101 0.65622991 0.2180772  0.31149244  0.56854883 0.34392785 0.54719606 0.47532182 0.70506576 0.48826729  0.34235172 0.42802419 0.47550373 0.48854951
0.25708019 0.1794198  0.17308909 0.65983756 0.24596874 0.28724841  0.54803927 0.36014168 0.4503745  0.44728888 0.62199836 0.4470359  0.43236868 0.45648123 0.45298585 0.48185183
0.27524667 0.17221762 0.14699056 0.66382742 0.2727974  0.26750906  0.53856954 0.37174442 0.38107375 0.42217063 0.5543007  0.42074811  0.50630669 0.46427876 0.44325691 0.49478081
0.33050444 0.1528512  0.12396387 0.59373581 0.32000346 0.27124203  0.42589201 0.44244504 0.31714921 0.41443415 0.47621768 0.54441985  0.40013239 0.35543476 0.53868302 0.52814835
0.34637683 0.13841309 0.13589296 0.57825909 0.34305995 0.25180139  0.3364151  0.46135603 0.29358305 0.42206148 0.48299396 0.54778624  0.34311058 0.34581463 0.55716067 0.52113315
0.44659125 0.10352883 0.18710217 0.4541581  0.37387686 0.30795517  0.14737961 0.53009389 0.39472178 0.38314141 0.57310242 0.65408587  0.36567496 0.24555271 0.51140757 0.45662237
0.57202818 0.06104662 0.29895226 0.40730992 0.4092082  0.55668295  0.19919842 0.54571412 0.55939109 0.25783092 0.62267235 0.59449372  0.68278785 0.36601958 0.38976023 0.66181855
0.6159823  0.01681228 0.44271644 0.60505692 0.55653061 0.8605701  0.28916103 0.65171537 0.45578321 0.35663341 0.75079462 0.42814773  0.77655563 0.27053893 0.40064534 0.88040619
0.65769092 0.01251231 0.49943133 0.58801998 0.5620162  0.9596136  0.34193808 0.67007641 0.39328369 0.44061343 0.76941508 0.3431611  0.69602704 0.34130249 0.34830821 0.81124106
0.67178449 0.0039654  0.54829748 0.64364432 0.585458   0.98790604  0.37886714 0.6548001  0.39837425 0.40419175 0.68684553 0.36819744  0.59518319 0.37471748 0.33192674 0.76925032
0.68569118 0.00195259 0.57945195 0.64185755 0.57699008 0.96814725  0.37664689 0.62308383 0.39952108 0.43040608 0.68698347 0.32919366  0.58998542 0.3816996  0.33340917 0.84420735
 0.68365195 -0.00000002  0.58235672  0.66086483  0.58229247  0.97050053   0.38825518  0.63821868  0.40254683  0.38945753  0.69527404  0.36323548   0.66417821  0.34857915  0.39609292  0.74999726
0.68681247 0.01724981 0.54198833 0.57657519 0.54392317 0.96198483  0.37369055 0.6732351  0.40593398 0.43627807 0.78960795 0.296547  0.80093914 0.40681314 0.40787001 0.67094547
0.6672626  0.04003059 0.47343677 0.487493   0.48737256 0.84531179  0.30962906 0.66759079 0.45369416 0.43043521 0.83018665 0.31839336  0.9075112  0.43667873 0.46137931 0.58360317
0.6861852  0.0650993  0.47702723 0.3966802  0.40843018 0.75802889  0.34701449 0.63311619 0.38597924 0.48907044 0.84981676 0.27922917  0.85700897 0.47304239 0.4881806  0.39547389
0.69347641 0.1518294  0.4417939  0.33606653 0.31193268 0.62107404  0.44645769 0.59071997 0.32676026 0.3869093  0.75386966 0.39476614  0.78811213 0.46214502 0.72065495 0.06814961
0.75806175 0.37430421 0.44486045 0.32721677 0.26107056 0.5768198  0.55465988 0.64361085 0.12849972 0.17443949 0.86706575 0.55181584  0.64019064 0.4263231  0.78152571 0.17888184
0.72312704 0.4097369  0.34695124 0.2441177  0.20910832 0.50284349  0.5645055  0.56145517 0.10141449 0.09903832 0.82243163 0.65889788  0.61404724 0.52722953 0.83515438 0.27129022
0.6946029  0.47766026 0.30452992 0.26035279 0.17418934 0.52658759  0.71478615 0.45170811 0.09481942 0.08905349 0.77092053 0.74370866  0.735136   0.58530401 0.88953953 0.23878603
0.68886379 0.52044731 0.26302493 0.24908771 0.19203992 0.56769689  0.67605355 0.42870369 0.08661491 0.0993575  0.75524238 0.72851758  0.66881961 0.55844653 0.8011423  0.23371487
0.68886379 0.52044731 0.26302493 0.24908771 0.19203992 0.56769689  0.67605355 0.42870369 0.08661491 0.0993575  0.75524238 0.72851758  0.66881961 0.55844653 0.8011423  0.23371487
0.68886379 0.52044731 0.26302493 0.24908771 0.19203992 0.56769689  0.67605355 0.42870369 0.08661491 0.0993575  0.75524238 0.72851758  0.66881961 0.55844653 0.8011423  0.23371487
0.6760174  0.5271085  0.23007388 0.23887541 0.19203984 0.57496811  0.68360708 0.44321576 0.07329526 0.13979359 0.7126909  0.73364589  0.56563584 0.55635441 0.75831421 0.25057774
0.6760174  0.5271085  0.23007388 0.23887541 0.19203984 0.57496811  0.68360708 0.44321576 0.07329526 0.13979359 0.7126909  0.73364589  0.56563584 0.55635441 0.75831421 0.25057774
0.68379828 0.51052291 0.26189442 0.24294152 0.17385068 0.52924415  0.7222631  0.45175007 0.03847454 0.20392063 0.71175314 0.78319702  0.58354889 0.5067063  0.79160017 0.23468706
0.66988906 0.48828686 0.23751962 0.23291999 0.17735479 0.55126432  0.71295163 0.48280161 0.07732719 0.14422381 0.71994053 0.75379893  0.56295721 0.60935021 0.78254525 0.27490196
0.66490114 0.46272734 0.24184538 0.23052256 0.17589381 0.54716895  0.71279469 0.47483849 0.0859081  0.17758274 0.70557811 0.75742719  0.58946322 0.60797757 0.77448964 0.23692089
0.65876719 0.42433666 0.24979351 0.23098498 0.15219465 0.51829521  0.7308468  0.5285517  0.12614017 0.14297577 0.69988128 0.68381668  0.56351675 0.58700119 0.70838965 0.25940253
0.64457994 0.35495582 0.26114563 0.23057998 0.1502141  0.49966961  0.72011059 0.52808654 0.18603529 0.19097263 0.66300662 0.62569059  0.56358888 0.59609059 0.69272631 0.24177151
0.62729327 0.23479321 0.30130958 0.24363097 0.15821726 0.48361575  0.65071817 0.47739131 0.32993385 0.24261689 0.63838146 0.50002204  0.77884993 0.5675343  0.65246018 0.15411254
0.62275435 0.20887607 0.30948424 0.24486211 0.15687924 0.46409816  0.64446098 0.48306703 0.35498072 0.28285528 0.62530579 0.49145577  0.79693008 0.5654582  0.61038518 0.15561585
0.61626087 0.18172089 0.31328237 0.24471782 0.16327544 0.46889203  0.62727073 0.45310642 0.36874552 0.31871513 0.59688296 0.47199887  0.79266859 0.54712825 0.61237979 0.11195369
0.61100029 0.15532126 0.32006589 0.24668852 0.16460076 0.45608476  0.61524388 0.44528016 0.39668954 0.35504254 0.57629747 0.44816201  0.80700416 0.52697939 0.56437436 0.09258823
0.57997078 0.13764102 0.28176144 0.28282392 0.21109525 0.47115997  0.52638758 0.47002661 0.49647889 0.33230688 0.56895159 0.50144194  0.88111851 0.50810192 0.52011288 0.12978935
0.53591859 0.13722287 0.20855992 0.30816358 0.243931   0.48758599  0.48805104 0.50231289 0.52389894 0.33131787 0.51844654 0.55666774  0.77558837 0.48279916 0.46051947 0.19547079
0.48832254 0.1428901  0.15259451 0.36303524 0.26438183 0.45909334  0.4939299  0.50698269 0.52007254 0.36724938 0.4221063  0.58638741  0.65853525 0.39803192 0.47634228 0.29123347
0.40513241 0.1464032  0.10496619 0.47665876 0.29546467 0.36967247  0.46260567 0.48723088 0.46895661 0.42394909 0.36900054 0.60569022  0.49815239 0.30724243 0.53484848 0.52198557
0.2945752  0.16894175 0.19055084 0.53884647 0.29858724 0.30969573  0.40647746 0.47272574 0.29562642 0.39098273 0.3519284  0.52547281  0.55080484 0.35447814 0.53811931 0.54033176
0.14621132 0.21496197 0.36874526 0.53170296 0.25538014 0.30125629  0.32496419 0.46894621 0.08110518 0.36300509 0.35252206 0.39327921  0.5687646  0.55742962 0.41535041 0.38279254
0.03983179 0.26127546 0.51838444 0.474095   0.14671153 0.4094268  0.38847588 0.44608157 0.34997126 0.40724254 0.45998205 0.46815628  0.50762803 0.47185423 0.43557384 0.45763938
0.02238699 0.26933158 0.55141352 0.44716364 0.13200308 0.43368392  0.38515266 0.45456251 0.39203695 0.41291259 0.4534861  0.49973982  0.50090471 0.43447086 0.45183801 0.48654995
0.02238699 0.26933158 0.55141352 0.44716364 0.13200308 0.43368392  0.38515266 0.45456251 0.39203695 0.41291259 0.4534861  0.49973982  0.50090471 0.43447086 0.45183801 0.48654995
0.02238699 0.26933158 0.55141352 0.44716364 0.13200308 0.43368392  0.38515266 0.45456251 0.39203695 0.41291259 0.4534861  0.49973982  0.50090471 0.43447086 0.45183801 0.48654995
0.01161546 0.27332276 0.56646405 0.38931128 0.23539476 0.39918686  0.45124266 0.45378625 0.41925203 0.39667678 0.47585469 0.47889256  0.47128839 0.42375093 0.46424367 0.48068655
0.00050111 0.27711162 0.58204588 0.3335578  0.34033719 0.36287842  0.51475587 0.44998219 0.44411745 0.38098864 0.50246853 0.45809662  0.4426108  0.41452704 0.4705883  0.46760634
0.00050111 0.27711162 0.58204588 0.3335578  0.34033719 0.36287842  0.51475587 0.44998219 0.44411745 0.38098864 0.50246853 0.45809662  0.4426108  0.41452704 0.4705883  0.46760634
0.00050111 0.27711162 0.58204588 0.3335578  0.34033719 0.36287842  0.51475587 0.44998219 0.44411745 0.38098864 0.50246853 0.45809662  0.4426108  0.41452704 0.4705883  0.46760634
0.00050111 0.27711162 0.58204588 0.3335578  0.34033719 0.36287842  0.51475587 0.44998219 0.44411745 0.38098864 0.50246853 0.45809662  0.4426108  0.41452704 0.4705883  0.46760634
0.00050111 0.27711162 0.58204588 0.3335578  0.34033719 0.36287842  0.51475587 0.44998219 0.44411745 0.38098864 0.50246853 0.45809662  0.4426108  0.41452704 0.4705883  0.46760634
0.00050111 0.27711162 0.58204588 0.3335578  0.34033719 0.36287842  0.51475587 0.44998219 0.44411745 0.38098864 0.50246853 0.45809662  0.4426108  0.41452704 0.4705883  0.46760634
0.00050111 0.27711162 0.58204588 0.3335578  0.34033719 0.36287842  0.51475587 0.44998219 0.44411745 0.38098864 0.50246853 0.45809662  0.4426108  0.41452704 0.4705883  0.46760634
0.00050111 0.27711162 0.58204588 0.3335578  0.34033719 0.36287842  0.51475587 0.44998219 0.44411745 0.38098864 0.50246853 0.45809662  0.4426108  0.41452704 0.4705883  0.46760634
0.00050111 0.27711162 0.58204588 0.3335578  0.34033719 0.36287842  0.51475587 0.44998219 0.44411745 0.38098864 0.50246853 0.45809662  0.4426108  0.41452704 0.4705883  0.46760634
0.00050111 0.27711162 0.58204588 0.3335578  0.34033719 0.36287842  0.51475587 0.44998219 0.44411745 0.38098864 0.50246853 0.45809662  0.4426108  0.41452704 0.4705883  0.46760634
0.00050111 0.27711162 0.58204588 0.3335578  0.34033719 0.36287842  0.51475587 0.44998219 0.44411745 0.38098864 0.50246853 0.45809662  0.4426108  0.41452704 0.4705883  0.46760634
0.00050111 0.27711162 0.58204588 0.3335578  0.34033719 0.36287842  0.51475587 0.44998219 0.44411745 0.38098864 0.50246853 0.45809662  0.4426108  0.41452704 0.4705883  0.46760634
0.00050111 0.27711162 0.58204588 0.3335578  0.34033719 0.36287842  0.51475587 0.44998219 0.44411745 0.38098864 0.50246853 0.45809662  0.4426108  0.41452704 0.4705883  0.46760634
0.00050111 0.27711162 0.58204588 0.3335578  0.34033719 0.36287842  0.51475587 0.44998219 0.44411745 0.38098864 0.50246853 0.45809662  0.4426108  0.41452704 0.4705883  0.46760634
0.00050111 0.27711162 0.58204588 0.3335578  0.34033719 0.36287842  0.51475587 0.44998219 0.44411745 0.38098864 0.50246853 0.45809662  0.4426108  0.41452704 0.4705883  0.46760634
0.00050111 0.27711162 0.58204588 0.3335578  0.34033719 0.36287842  0.51475587 0.44998219 0.44411745 0.38098864 0.50246853 0.45809662  0.4426108  0.41452704 0.4705883  0.46760634
0.00050111 0.27711162 0.58204588 0.3335578  0.34033719 0.36287842  0.51475587 0.44998219 0.44411745 0.38098864 0.50246853 0.45809662  0.4426108  0.41452704 0.4705883  0.46760634
0.00050111 0.27711162 0.58204588 0.3335578  0.34033719 0.36287842  0.51475587 0.44998219 0.44411745 0.38098864 0.50246853 0.45809662  0.4426108  0.41452704 0.4705883  0.46760634
0.00050111 0.27711162 0.58204588 0.3335578  0.34033719 0.36287842  0.51475587 0.44998219 0.44411745 0.38098864 0.50246853 0.45809662  0.4426108  0.41452704 0.4705883  0.46760634
0.00050111 0.27711162 0.58204588 0.3335578  0.34033719 0.36287842  0.51475587 0.44998219 0.44411745 0.38098864 0.50246853 0.45809662  0.4426108  0.41452704 0.4705883  0.46760634
0.00050111 0.27711162 0.58204588 0.3335578  0.34033719 0.36287842  0.51475587 0.44998219 0.44411745 0.38098864 0.50246853 0.45809662  0.4426108  0.41452704 0.4705883  0.46760634
0.00050111 0.27711162 0.58204588 0.3335578  0.34033719 0.36287842  0.51475587 0.44998219 0.44411745 0.38098864 0.50246853 0.45809662  0.4426108  0.41452704 0.4705883  0.46760634
0.00050111 0.27711162 0.58204588 0.3335578  0.34033719 0.36287842  0.51475587 0.44998219 0.44411745 0.38098864 0.50246853 0.45809662  0.4426108  0.41452704 0.4705883  0.46760634
