0.00050111 0.27711162 0.58204588 0.3335578  0.34033719 0.36287842  0.51475587 0.44998219 0.44411745 0.38098864 0.50246853 0.45809662  0.4426108  0.41452704 0.4705883  0.46760634
0.00050111 0.27711162 0.58204588 0.3335578  0.34033719 0.36287842  0.51475587 0.44998219 0.44411745 0.38098864 0.50246853 0.45809662  0.4426108  0.41452704 0.4705883  0.46760634
0.00050111 0.27711162 0.58204588 0.3335578  0.34033719 0.36287842  0.51475587 0.44998219 0.44411745 0.38098864 0.50246853 0.45809662  0.4426108  0.41452704 0.4705883  0.46760634
0.00050111 0.27711162 0.58204588 0.3335578  0.34033719 0.36287842  0.51475587 0.44998219 0.44411745 0.38098864 0.50246853 0.45809662  0.4426108  0.41452704 0.4705883  0.46760634
0.00050111 0.27711162 0.58204588 0.3335578  0.34033719 0.36287842  0.51475587 0.44998219 0.44411745 0.38098864 0.50246853 0.45809662  0.4426108  0.41452704 0.4705883  0.46760634
0.00050111 0.27711162 0.58204588 0.3335578  0.34033719 0.36287842  0.51475587 0.44998219 0.44411745 0.38098864 0.50246853 0.45809662  0.4426108  0.41452704 0.4705883  0.46760634
0.00050111 0.27711162 0.58204588 0.3335578  0.34033719 0.36287842  0.51475587 0.44998219 0.44411745 0.38098864 0.50246853 0.45809662  0.4426108  0.41452704 0.4705883  0.46760634
0.00050111 0.27711162 0.58204588 0.3335578  0.34033719 0.36287842  0.51475587 0.44998219 0.44411745 0.38098864 0.50246853 0.45809662  0.4426108  0.41452704 0.4705883  0.46760634
0.00050111 0.27711162 0.58204588 0.3335578  0.34033719 0.36287842  0.51475587 0.44998219 0.44411745 0.38098864 0.50246853 0.45809662  0.4426108  0.41452704 0.4705883  0.46760634
0.00050111 0.27711162 0.58204588 0.3335578  0.34033719 0.36287842  0.51475587 0.44998219 0.44411745 0.38098864 0.50246853 0.45809662  0.4426108  0.41452704 0.4705883  0.46760634
0.01161546 0.27332276 0.56646405 0.38931128 0.23539476 0.39918686  0.45124266 0.45378625 0.41925203 0.39667678 0.47585469 0.47889256  0.47128839 0.42375093 0.46424367 0.48068655
0.01161546 0.27332276 0.56646405 0.38931128 0.23539476 0.39918686  0.45124266 0.45378625 0.41925203 0.39667678 0.47585469 0.47889256  0.47128839 0.42375093 0.46424367 0.48068655
0.02238699 0.26933158 0.55141352 0.44716364 0.13200308 0.43368392  0.38515266 0.45456251 0.39203695 0.41291259 0.4534861  0.49973982  0.50090471 0.43447086 0.45183801 0.48654995
0.03975697 0.26154521 0.51842642 0.47765946 0.13375849 0.41804104  0.39057053 0.43886311 0.39167364 0.42865949 0.50354763 0.50267525  0.44444481 0.45563039 0.44746173 0.45201183
0.05812008 0.25522956 0.49013971 0.49464956 0.13010806 0.41750096  0.4104868  0.42557124 0.44545271 0.44505688 0.55647459 0.52826555  0.3902241  0.43697572 0.45638393 0.45325161
0.09354821 0.24073737 0.42785051 0.54396668 0.140833   0.38908146  0.43894826 0.39733128 0.45387978 0.46276583 0.63442513 0.51364817  0.33297661 0.48093781 0.43629712 0.40874332
0.1474844  0.21940655 0.33468629 0.60847692 0.16422045 0.35006957  0.49297814 0.35607541 0.50300877 0.49161295 0.74875769 0.50651634  0.24554839 0.50031282 0.42935265 0.39501844
0.18497768 0.20685179 0.28203015 0.61895807 0.18041484 0.3455157  0.51536557 0.35998389 0.5460936  0.48378644 0.72365697 0.53732633  0.26969213 0.42133086 0.47996259 0.47127574
0.25846575 0.18634427 0.18509876 0.63408803 0.21023406 0.33679055  0.60177045 0.34985057 0.60882094 0.47696267 0.66161903 0.49120772  0.40330011 0.41090113 0.48222725 0.49570957
0.25846575 0.18634427 0.18509876 0.63408803 0.21023406 0.33679055  0.60177045 0.34985057 0.60882094 0.47696267 0.66161903 0.49120772  0.40330011 0.41090113 0.48222725 0.49570957
0.27748822 0.18375922 0.17349045 0.60940785 0.20595776 0.36166189  0.61728001 0.36350731 0.66001269 0.47402059 0.61856767 0.52118558  0.44743985 0.37317314 0.49571325 0.52041623
0.27748822 0.18375922 0.17349045 0.60940785 0.20595776 0.36166189  0.61728001 0.36350731 0.66001269 0.47402059 0.61856767 0.52118558  0.44743985 0.37317314 0.49571325 0.52041623
0.27748822 0.18375922 0.17349045 0.60940785 0.20595776 0.36166189  0.61728001 0.36350731 0.66001269 0.47402059 0.61856767 0.52118558  0.44743985 0.37317314 0.49571325 0.52041623
0.31443924 0.18597322 0.16822157 0.54671458 0.18090194 0.41923097  0.67966403 0.37586262 0.73874385 0.47747047 0.54541674 0.50416443  0.53816059 0.4041868  0.48135335 0.46739606
0.31443924 0.18597322 0.16822157 0.54671458 0.18090194 0.41923097  0.67966403 0.37586262 0.73874385 0.47747047 0.54541674 0.50416443  0.53816059 0.4041868  0.48135335 0.46739606
0.33260572 0.17877105 0.14212303 0.55070444 0.20773061 0.39949163  0.6701943  0.38746536 0.66944309 0.45235222 0.47771908 0.47787664  0.6120986  0.41198432 0.47162441 0.48032504
0.34998604 0.17082824 0.11891111 0.5543121  0.23562214 0.3752476  0.64968474 0.40367919 0.57262153 0.42431928 0.39465168 0.43664525  0.70211556 0.44044137 0.44910653 0.47362736
0.33176395 0.16842667 0.1206195  0.58311447 0.25006092 0.34759009  0.60746851 0.40322003 0.53338483 0.42340487 0.42933772 0.46192053  0.64699914 0.41365654 0.45757535 0.50724906
0.31303502 0.16861424 0.12417999 0.61700537 0.26067796 0.31767851  0.58730073 0.39132388 0.49389037 0.4208694  0.46780261 0.4536664  0.61139482 0.4094277  0.46346644 0.52664753
0.33195068 0.16319616 0.10378683 0.60566773 0.27910435 0.31673465  0.58032643 0.40825925 0.48104827 0.40235045 0.41465793 0.47357554  0.64124879 0.36546137 0.48509917 0.57288636
0.33195068 0.16319616 0.10378683 0.60566773 0.27910435 0.31673465  0.58032643 0.40825925 0.48104827 0.40235045 0.41465793 0.47357554  0.64124879 0.36546137 0.48509917 0.57288636
0.31292821 0.16578121 0.11539514 0.63034791 0.28338065 0.29186331  0.56481687 0.39460251 0.42985652 0.40529254 0.4577093  0.44359768  0.59710905 0.40318937 0.47161317 0.5481797 
0.33096027 0.15791518 0.11273927 0.6041408  0.3012869  0.2888469  0.50752705 0.42270949 0.39054267 0.40902054 0.43960544 0.495125  0.52962601 0.37308192 0.51862825 0.54087339
0.36514272 0.13739476 0.12469071 0.55611721 0.33521681 0.2770995  0.36963672 0.46727875 0.35520793 0.42370232 0.43954724 0.55072667  0.40405896 0.32869158 0.56388419 0.52829321
0.37415085 0.11825962 0.17661743 0.57268885 0.37396754 0.24335257  0.22922458 0.48363767 0.30269637 0.36259366 0.58765204 0.59752894  0.40435897 0.30796068 0.56249166 0.41862481
0.48031223 0.09356869 0.2292693  0.44315955 0.38673024 0.37137556  0.141066   0.56143663 0.41456515 0.33859009 0.658214   0.64735664  0.51273712 0.27406565 0.49910194 0.38965576
0.54798313 0.07859296 0.26591317 0.42289545 0.41804863 0.5895817  0.24063504 0.61858133 0.45912146 0.37223492 0.69414339 0.51220372  0.71402813 0.34040404 0.48776211 0.58203096
0.56598218 0.05711912 0.32393629 0.50561883 0.48407601 0.71620838  0.2618888  0.64780247 0.4381392  0.33658019 0.72759801 0.49384233  0.70239298 0.34510243 0.40417506 0.68016398
0.59418349 0.04515502 0.38378563 0.50131225 0.48021696 0.70350285  0.22518908 0.61373575 0.46502099 0.32177865 0.80327685 0.44370525  0.81295026 0.37228017 0.41244878 0.71238565
0.5959074  0.04997162 0.3746424  0.48504125 0.47382281 0.72209341  0.23941733 0.62676695 0.44001138 0.31552737 0.81054901 0.45963917  0.79589835 0.39039502 0.41458524 0.63672049
0.59949498 0.07040433 0.32398773 0.38487391 0.40401832 0.62993406  0.24738509 0.61289465 0.50749841 0.32677125 0.7131095  0.51779711  0.80546154 0.3990664  0.43856952 0.3997918 
0.58990754 0.08500497 0.29642089 0.35156593 0.37026836 0.57068077  0.25355034 0.61639547 0.52155746 0.38381114 0.68006556 0.50764498  0.80192885 0.38746394 0.48918301 0.28562168
0.62586254 0.20042953 0.28009771 0.29755824 0.31673734 0.61576842  0.38304045 0.58983107 0.37527584 0.25441952 0.71590009 0.56677518  0.76667644 0.54951608 0.61503536 0.16624992
0.66540221 0.29824207 0.27930318 0.22093417 0.24298099 0.58273207  0.46923415 0.51697946 0.22593469 0.15057046 0.73123033 0.5635195  0.6129462  0.58255593 0.77526207 0.17308766
0.63420306 0.34625501 0.24019125 0.23422001 0.1949412  0.58821089  0.63728241 0.44645093 0.22699791 0.11471294 0.68936229 0.62717394  0.70339505 0.66009507 0.82584141 0.16925526
0.62135667 0.35291619 0.20724019 0.22400771 0.19494112 0.59548211  0.64483594 0.46096301 0.21367827 0.15514903 0.6468108  0.63230224  0.60021128 0.65800295 0.78301332 0.18611813
0.62719972 0.37763204 0.20427373 0.22359561 0.19266799 0.59690514  0.65577949 0.48047002 0.18943583 0.1265527  0.67284394 0.65338962  0.57094586 0.67603329 0.80677133 0.22767787
0.6168933  0.400972   0.17198575 0.21334992 0.20462169 0.60958844  0.66727232 0.45191848 0.14970294 0.23936248 0.60338354 0.70579014  0.4855385  0.72303155 0.82199255 0.26674865
0.60547942 0.40919446 0.14545366 0.19884572 0.191224   0.60502434  0.69097103 0.44313022 0.14086735 0.31749787 0.52169168 0.6599745  0.36210336 0.74033338 0.81819971 0.37625728
0.60547942 0.40919446 0.14545366 0.19884572 0.191224   0.60502434  0.69097103 0.44313022 0.14086735 0.31749787 0.52169168 0.6599745  0.36210336 0.74033338 0.81819971 0.37625728
0.60547942 0.40919446 0.14545366 0.19884572 0.191224   0.60502434  0.69097103 0.44313022 0.14086735 0.31749787 0.52169168 0.6599745  0.36210336 0.74033338 0.81819971 0.37625728
0.61243781 0.43359912 0.14801701 0.20284815 0.18323534 0.58229912  0.70525999 0.48440904 0.13796278 0.30349562 0.54598859 0.68101686  0.38205745 0.74730205 0.75625505 0.42387941
0.61951371 0.45762049 0.15030386 0.2060639  0.17513633 0.5620057  0.71784331 0.51995283 0.13117828 0.28817974 0.57076038 0.69343337  0.38308788 0.7376781  0.69279345 0.47696323
0.61951371 0.45762049 0.15030386 0.2060639  0.17513633 0.5620057  0.71784331 0.51995283 0.13117828 0.28817974 0.57076038 0.69343337  0.38308788 0.7376781  0.69279345 0.47696323
0.62450163 0.48318001 0.14597811 0.20846132 0.17659731 0.56610107  0.71800026 0.52791594 0.12259737 0.25482081 0.58512281 0.68980512  0.35658188 0.73905074 0.70084906 0.5149443 
0.62450163 0.48318001 0.14597811 0.20846132 0.17659731 0.56610107  0.71800026 0.52791594 0.12259737 0.25482081 0.58512281 0.68980512  0.35658188 0.73905074 0.70084906 0.5149443 
0.62450163 0.48318001 0.14597811 0.20846132 0.17659731 0.56610107  0.71800026 0.52791594 0.12259737 0.25482081 0.58512281 0.68980512  0.35658188 0.73905074 0.70084906 0.5149443 
0.62450163 0.48318001 0.14597811 0.20846132 0.17659731 0.56610107  0.71800026 0.52791594 0.12259737 0.25482081 0.58512281 0.68980512  0.35658188 0.73905074 0.70084906 0.5149443 
0.61003343 0.41755782 0.14973896 0.20320431 0.16622288 0.57393638  0.71177346 0.5103592  0.15752086 0.25380711 0.54519658 0.60036357  0.32457289 0.68260097 0.71416596 0.43924968
0.60295753 0.39353645 0.14745211 0.19998855 0.17432189 0.59422979  0.69919014 0.47481541 0.16430536 0.26912299 0.52042478 0.58794705  0.32354245 0.69222492 0.77762756 0.38616586
0.56733296 0.36007133 0.11191819 0.2410675  0.20797677 0.58020342  0.65356591 0.51646715 0.26328457 0.26229253 0.47111678 0.65375435  0.38834778 0.64674746 0.73534572 0.40428849
0.5640047  0.3393742  0.11826151 0.24499663 0.20182819 0.55926223  0.65588199 0.54137606 0.3000647  0.26458135 0.46277306 0.61793065  0.39029208 0.64765279 0.68812652 0.42206551
0.4977754  0.1871357  0.1366273  0.32681612 0.22538738 0.46130002  0.57672157 0.49463816 0.43590686 0.42017349 0.36196594 0.53671189  0.48743084 0.44305833 0.54110517 0.37005638
0.4233545  0.14880477 0.10325781 0.44785639 0.28102589 0.39732998  0.5048219  0.48769004 0.50819331 0.4248635  0.3343145  0.58041495  0.55326881 0.33402725 0.52637966 0.48836387
0.36759923 0.15706747 0.11983809 0.52944902 0.27501885 0.35001284  0.52381371 0.44554828 0.48204465 0.43256626 0.40817823 0.53215372  0.53048296 0.37133486 0.52879099 0.48015454
0.27673658 0.18731589 0.20999463 0.5566928  0.21768504 0.36559403  0.56155862 0.39817572 0.55825102 0.45822609 0.53737455 0.50049361  0.45490429 0.40099979 0.52459615 0.47037929
0.11161424 0.23205038 0.39290994 0.56451807 0.17011846 0.35898208  0.43585933 0.39951474 0.38724294 0.43904281 0.58926778 0.47450085  0.39006654 0.48594637 0.4438842  0.4270941 
0.03983179 0.26127546 0.51838444 0.474095   0.14671153 0.4094268  0.38847588 0.44608157 0.34997126 0.40724254 0.45998205 0.46815628  0.50762803 0.47185423 0.43557384 0.45763938
0.02238699 0.26933158 0.55141352 0.44716364 0.13200308 0.43368392  0.38515266 0.45456251 0.39203695 0.41291259 0.4534861  0.49973982  0.50090471 0.43447086 0.45183801 0.48654995
0.02238699 0.26933158 0.55141352 0.44716364 0.13200308 0.43368392  0.38515266 0.45456251 0.39203695 0.41291259 0.4534861  0.49973982  0.50090471 0.43447086 0.45183801 0.48654995
0.02238699 0.26933158 0.55141352 0.44716364 0.13200308 0.43368392  0.38515266 0.45456251 0.39203695 0.41291259 0.4534861  0.49973982  0.50090471 0.43447086 0.45183801 0.48654995
0.02238699 0.26933158 0.55141352 0.44716364 0.13200308 0.43368392  0.38515266 0.45456251 0.39203695 0.41291259 0.4534861  0.49973982  0.50090471 0.43447086 0.45183801 0.48654995
0.01161546 0.27332276 0.56646405 0.38931128 0.23539476 0.39918686  0.45124266 0.45378625 0.41925203 0.39667678 0.47585469 0.47889256  0.47128839 0.42375093 0.46424367 0.48068655
0.00050111 0.27711162 0.58204588 0.3335578  0.34033719 0.36287842  0.51475587 0.44998219 0.44411745 0.38098864 0.50246853 0.45809662  0.4426108  0.41452704 0.4705883  0.46760634
0.00050111 0.27711162 0.58204588 0.3335578  0.34033719 0.36287842  0.51475587 0.44998219 0.44411745 0.38098864 0.50246853 0.45809662  0.4426108  0.41452704 0.4705883  0.46760634
0.00050111 0.27711162 0.58204588 0.3335578  0.34033719 0.36287842  0.51475587 0.44998219 0.44411745 0.38098864 0.50246853 0.45809662  0.4426108  0.41452704 0.4705883  0.46760634
0.00050111 0.27711162 0.58204588 0.3335578  0.34033719 0.36287842  0.51475587 0.44998219 0.44411745 0.38098864 0.50246853 0.45809662  0.4426108  0.41452704 0.4705883  0.46760634
0.00050111 0.27711162 0.58204588 0.3335578  0.34033719 0.36287842  0.51475587 0.44998219 0.44411745 0.38098864 0.50246853 0.45809662  0.4426108  0.41452704 0.4705883  0.46760634
0.00050111 0.27711162 0.58204588 0.3335578  0.34033719 0.36287842  0.51475587 0.44998219 0.44411745 0.38098864 0.50246853 0.45809662  0.4426108  0.41452704 0.4705883  0.46760634
0.00050111 0.27711162 0.58204588 0.3335578  0.34033719 0.36287842  0.51475587 0.44998219 0.44411745 0.38098864 0.50246853 0.45809662  0.4426108  0.41452704 0.4705883  0.46760634
0.00050111 0.27711162 0.58204588 0.3335578  0.34033719 0.36287842  0.51475587 0.44998219 0.44411745 0.38098864 0.50246853 0.45809662  0.4426108  0.41452704 0.4705883  0.46760634
0.00050111 0.27711162 0.58204588 0.3335578  0.34033719 0.36287842  0.51475587 0.44998219 0.44411745 0.38098864 0.50246853 0.45809662  0.4426108  0.41452704 0.4705883  0.46760634
0.00050111 0.27711162 0.58204588 0.3335578  0.34033719 0.36287842  0.51475587 0.44998219 0.44411745 0.38098864 0.50246853 0.45809662  0.4426108  0.41452704 0.4705883  0.46760634
0.00050111 0.27711162 0.58204588 0.3335578  0.34033719 0.36287842  0.51475587 0.44998219 0.44411745 0.38098864 0.50246853 0.45809662  0.4426108  0.41452704 0.4705883  0.46760634
0.00050111 0.27711162 0.58204588 0.3335578  0.34033719 0.36287842  0.51475587 0.44998219 0.44411745 0.38098864 0.50246853 0.45809662  0.4426108  0.41452704 0.4705883  0.46760634
0.00050111 0.27711162 0.58204588 0.3335578  0.34033719 0.36287842  0.51475587 0.44998219 0.44411745 0.38098864 0.50246853 0.45809662  0.4426108  0.41452704 0.4705883  0.46760634
0.00050111 0.27711162 0.58204588 0.3335578  0.34033719 0.36287842  0.51475587 0.44998219 0.44411745 0.38098864 0.50246853 0.45809662  0.4426108  0.41452704 0.4705883  0.46760634
0.00050111 0.27711162 0.58204588 0.3335578  0.34033719 0.36287842  0.51475587 0.44998219 0.44411745 0.38098864 0.50246853 0.45809662  0.4426108  0.41452704 0.4705883  0.46760634
0.00050111 0.27711162 0.58204588 0.3335578  0.34033719 0.36287842  0.51475587 0.44998219 0.44411745 0.38098864 0.50246853 0.45809662  0.4426108  0.41452704 0.4705883  0.46760634
0.00050111 0.27711162 0.58204588 0.3335578  0.34033719 0.36287842  0.51475587 0.44998219 0.44411745 0.38098864 0.50246853 0.45809662  0.4426108  0.41452704 0.4705883  0.46760634
0.00050111 0.27711162 0.58204588 0.3335578  0.34033719 0.36287842  0.51475587 0.44998219 0.44411745 0.38098864 0.50246853 0.45809662  0.4426108  0.41452704 0.4705883  0.46760634
0.00050111 0.27711162 0.58204588 0.3335578  0.34033719 0.36287842  0.51475587 0.44998219 0.44411745 0.38098864 0.50246853 0.45809662  0.4426108  0.41452704 0.4705883  0.46760634
0.00050111 0.27711162 0.58204588 0.3335578  0.34033719 0.36287842  0.51475587 0.44998219 0.44411745 0.38098864 0.50246853 0.45809662  0.4426108  0.41452704 0.4705883  0.46760634
0.00050111 0.27711162 0.58204588 0.3335578  0.34033719 0.36287842  0.51475587 0.44998219 0.44411745 0.38098864 0.50246853 0.45809662  0.4426108  0.41452704 0.4705883  0.46760634
0.00050111 0.27711162 0.58204588 0.3335578  0.34033719 0.36287842  0.51475587 0.44998219 0.44411745 0.38098864 0.50246853 0.45809662  0.4426108  0.41452704 0.4705883  0.46760634
0.00050111 0.27711162 0.58204588 0.3335578  0.34033719 0.36287842  0.51475587 0.44998219 0.44411745 0.38098864 0.50246853 0.45809662  0.4426108  0.41452704 0.4705883  0.46760634
0.00050111 0.27711162 0.58204588 0.3335578  0.34033719 0.36287842  0.51475587 0.44998219 0.44411745 0.38098864 0.50246853 0.45809662  0.4426108  0.41452704 0.4705883  0.46760634
0.00050111 0.27711162 0.58204588 0.3335578  0.34033719 0.36287842  0.51475587 0.44998219 0.44411745 0.38098864 0.50246853 0.45809662  0.4426108  0.41452704 0.4705883  0.46760634
0.00050111 0.27711162 0.58204588 0.3335578  0.34033719 0.36287842  0.51475587 0.44998219 0.44411745 0.38098864 0.50246853 0.45809662  0.4426108  0.41452704 0.4705883  0.46760634
0.00050111 0.27711162 0.58204588 0.3335578  0.34033719 0.36287842  0.51475587 0.44998219 0.44411745 0.38098864 0.50246853 0.45809662  0.4426108  0.41452704 0.4705883  0.46760634
